,0
0,0.0006454710072830023
1,0.00345246149560234
2,0.0002972400206948701
3,0.00013120846101802842
4,0.00013245214311298603
5,0.00033579416563855614
6,0.00031092052373940385
7,0.00010011640864408804
8,3.7932303896207266e-05
9,0.00010633481911887611
10,0.0003301975962112469
11,5.65875353205715e-05
12,6.591515103275361e-05
13,0.0007350161181199507
14,0.0009072660882715804
15,0.0015651739165041588
16,0.00020582938671548533
17,0.00010073824969156684
18,0.0006286812990010745
19,0.00013991423568273173
20,0.00030470211326461574
21,7.524276674493573e-05
22,4.788176065586819e-05
23,0.000507422294742707
24,1.9277072471843036e-05
25,0.00017287181119910852
26,0.0001299647789230708
27,3.9175985991164885e-05
28,0.00017287181119910852
29,0.00022324093604489194
30,0.0002443835316591714
31,4.5394396465952956e-05
32,4.601623751343177e-05
33,9.01669518844271e-05
34,0.0007014367015560951
35,7.026803836510527e-05
36,0.0003892724957217336
37,2.362995980419469e-05
38,1.9277072471843036e-05
39,0.0005882616309149521
40,0.001095683925657659
41,0.00019090520157599396
42,2.6117323994109923e-05
43,4.1663350181080114e-05
44,4.104150913360131e-05
45,0.00015856946710709596
46,8.457038245711784e-05
47,4.0419668086122496e-05
48,9.576352131173638e-05
49,0.001221917658295857
50,9.949456759660922e-05
51,0.00016603155967684165
52,0.0006429836430930871
53,0.00015856946710709596
54,0.001810801130258288
55,0.0010515332112866638
56,0.0004222300712381104
57,0.00013929239463525292
58,0.0005422453934015202
59,0.0002705008556532813
60,6.591515103275361e-05
61,5.1612806940741034e-05
62,0.00019028336052851513
63,0.0002120477971902734
64,2.2386277709237075e-05
65,0.0011597335535479764
66,0.0009626099414971942
67,4.8503601703347e-05
68,0.0002680134914633661
69,0.00015856946710709596
70,2.114259561427946e-05
71,8.457038245711784e-05
72,4.8503601703347e-05
73,1.554602618697019e-05
74,0.0019961097624069724
75,0.00014551080511004098
76,0.0012816143988538225
77,0.0007033022246985314
78,0.001067079237473634
79,0.0011684393282126795
80,0.0046849504517053366
81,0.002373567278226609
82,0.002344340748995105
83,0.0007076551120308831
84,0.0013562353245512794
85,0.000672210172324591
86,0.0014240159987264696
87,0.001965639551080511
88,0.0004377760974250806
89,0.0009097534524614956
90,0.000908509770366538
91,0.0008388635730489115
92,0.0008388635730489115
93,0.0010055169737732319
94,0.0004209863891431528
95,0.00334301747124607
96,0.000436532415330123
97,0.0008059059975325348
98,0.0012293797508656028
99,0.0012169429299160265
100,0.0009694501930194612
101,0.0016416603653440522
102,0.0012921856966609624
103,0.0008680901022804154
104,0.0004607842161817965
105,0.000711386158315756
106,0.0005919926771998249
107,0.0006062950212918375
108,0.0005714719226330243
109,0.0008102588848648863
110,0.002094982488956103
111,0.0008382417320014328
112,0.0008382417320014328
113,0.0004626497393242329
114,0.0004191208660007164
115,0.001221917658295857
116,0.0007940910176304374
117,0.00033828152982847136
118,0.00014862001034743504
119,6.653699208023242e-05
120,0.00047570840132128787
121,0.0001623005133919688
122,0.00032335734468897997
123,0.0010496676881442274
124,0.00045891869303936006
125,0.00014675448720499862
126,0.00041165877343097066
127,9.825088550165161e-05
128,0.00015546026186970193
129,0.0016043499024953238
130,0.000177846539578939
131,0.0007791668324909459
132,0.0012952949018983563
133,0.0005235901619771561
134,0.007206515899231902
135,9.638536235921519e-05
136,0.00010073824969156684
137,0.00035258387392048395
138,0.00197123612050782
139,0.00038367592629442434
140,2.6117323994109923e-05
141,0.0004477255541847415
142,0.00026366060413101445
143,0.007686577187885541
144,0.0001057129780713973
145,0.0030296095833167508
146,5.596569427309269e-05
147,8.95451108369483e-05
148,0.0007884944482031281
149,0.0004893889043658216
150,0.001600618856210451
151,0.0004949854737931309
152,0.0005503293270187448
153,9.389799816929995e-05
154,9.451983921677876e-05
155,0.0002984837027898277
156,0.0003743483105822422
157,0.0012909420145660047
158,0.0013437985036017033
159,0.0002033420225255701
160,0.00032024813945158594
161,0.000953904166832491
162,8.0839336172245e-06
163,0.00015981314920205357
164,0.0014395620249134397
165,0.000310298682691925
166,0.0010042732916782744
167,0.0002984837027898277
168,0.001306488040752975
169,0.00020520754566800652
170,0.00033890337087595017
171,0.0013929239463525292
172,0.0007990657460102678
173,1.6167867234449e-05
174,0.00034574362239821703
175,0.0003326849604011621
176,0.0007188482508855016
177,0.0002120477971902734
178,0.0011908256059219168
179,4.1663350181080114e-05
180,4.5394396465952956e-05
181,4.352887332351654e-06
182,0.00047570840132128787
183,5.596569427309269e-05
184,0.0004502129183746567
185,0.00019650177100330322
186,0.0006249502527162017
187,1.2436820949576152e-05
188,2.7361006089067538e-05
189,0.0013201685437975086
190,0.0002350559159469893
191,0.0004079277271460978
192,0.0018798254865284355
193,0.00036688621801249653
194,0.0003301975962112469
195,0.00041725534285827996
196,0.00018282126795876946
197,0.0013885710590201775
198,0.0002705008556532813
199,0.001063348191188761
200,0.000358802284395272
201,3.109205237394038e-05
202,0.0009551478489274486
203,0.0005621443069208421
204,0.00014177975882516815
205,0.0010608608269988458
206,0.00039486906514904285
207,0.0007337724360249931
208,0.0006902435627014764
209,8.89232697894695e-05
210,0.001587560194213396
211,0.001958177458510765
212,0.0004956073148406097
213,0.0009060224061766228
214,8.270485931468142e-05
215,0.0004135242965734071
216,0.00013556134835038006
217,0.0002014764993831337
218,0.0002686353325108449
219,9.825088550165161e-05
220,0.00019836729414573963
221,0.001393545787400008
222,0.00020769490985792175
223,0.00012125900425836749
224,0.0002580640347037052
225,5.596569427309269e-05
226,0.00023132486966211645
227,0.0011006586540374895
228,6.342778684283838e-05
229,0.000113175070641143
230,7.586460779241453e-05
231,0.001541543956699964
232,0.0035519560631989493
233,0.0019936223982170574
234,0.00020582938671548533
235,0.00036191148963266603
236,8.332670036216023e-05
237,5.596569427309269e-05
238,0.0008009312691527043
239,5.596569427309269e-05
240,0.0020091684244040275
241,0.0005391361881641263
242,0.001377377920165559
243,0.00032273550364150116
244,0.0012045061089664504
245,0.00037994488000955146
246,0.00020458570462052772
247,0.0001797120627213754
248,0.00014115791777768934
249,5.65875353205715e-05
250,7.213356150754168e-05
251,0.0010745413300433796
252,0.0001933925657659092
253,0.00010820034226131253
254,0.0006765630596569427
255,0.00031962629840410713
256,5.596569427309269e-05
257,0.002890317188681498
258,0.0015060990169936722
259,0.0002524674652763959
260,0.0004663807856091057
261,0.00026179508098857804
262,7.586460779241453e-05
263,5.7209376368050306e-05
264,0.00033765968878099256
265,5.7209376368050306e-05
266,0.0005627661479683209
267,0.00024624905480160784
268,0.00106397003223624
269,0.0009812651729215584
270,0.00047384287817885145
271,0.00014737632825247743
272,7.710828988737214e-05
273,7.586460779241453e-05
274,0.00012436820949576153
275,0.00030345843116965813
276,0.0003333068014486409
277,7.586460779241453e-05
278,0.00012374636844828272
279,0.0002754755840331118
280,5.596569427309269e-05
281,0.0002275938233772436
282,8.332670036216023e-05
283,0.000194014406813388
284,0.0001057129780713973
285,7.337724360249931e-05
286,5.596569427309269e-05
287,5.596569427309269e-05
288,6.156226370040196e-05
289,5.596569427309269e-05
290,0.00014675448720499862
291,0.00024251800851673498
292,0.0005832869025351215
293,0.0001952580889083456
294,0.0001790902216738966
295,0.0018997244000477575
296,9.451983921677876e-05
297,0.00020769490985792175
298,6.840251522266884e-05
299,0.0014445367532932702
300,6.591515103275361e-05
301,0.00015981314920205357
302,0.0024202053567875196
303,0.0004794394476061607
304,0.0007978220639153102
305,5.596569427309269e-05
306,0.00010073824969156684
307,0.0004035748398137462
308,5.9696740557965536e-05
309,0.00029164345126756077
310,0.0013873273769252198
311,0.0003158952521192343
312,7.710828988737214e-05
313,5.7209376368050306e-05
314,5.596569427309269e-05
315,0.00038429776734190315
316,5.9696740557965536e-05
317,0.0001225026863533251
318,0.00016167867234448998
319,9.887272654913041e-05
320,5.9696740557965536e-05
321,5.65875353205715e-05
322,5.845305846300792e-05
323,6.404962789031718e-05
324,0.0005142625462649739
325,0.0006784285827993792
326,0.00036875174115493295
327,0.000504313089505313
328,0.0009818870139690374
329,0.00010695666016635492
330,9.451983921677876e-05
331,5.596569427309269e-05
332,0.00013307398416046484
333,0.0006230847295737653
334,0.00014177975882516815
335,0.0011970440163967047
336,0.0007493184622119633
337,0.0003731046284872846
338,0.00022510645918732836
339,0.0016441477295339674
340,0.0008948292673220042
341,6.529330998527481e-05
342,0.0007070332709834043
343,0.001277261511521471
344,0.0002680134914633661
345,8.208301826720262e-05
346,0.00018157758586381182
347,0.00016727524177179926
348,0.00028791240498268793
349,6.840251522266884e-05
350,0.0005428672344489991
351,0.00015546026186970193
352,7.399908464997812e-05
353,8.767958769451188e-05
354,5.845305846300792e-05
355,0.00029102161022008196
356,0.0008015531102001831
357,0.00027982847136546346
358,0.00016789708281927807
359,0.0002680134914633661
360,0.00044399450789986867
361,0.00017349365224658735
362,0.0001548384208222231
363,0.00011068770645122776
364,0.00023132486966211645
365,7.088987941258407e-05
366,0.0004334232100927289
367,0.00013867055358777412
368,7.524276674493573e-05
369,0.0007219574561228957
370,0.0023810293707963543
371,0.0005752029689178971
372,0.0005783121741552911
373,2.9848370278982768e-05
374,0.0005416235523540415
375,2.7982847136546344e-05
376,2.4873641899152305e-05
377,1.1193138854618537e-05
378,0.0001877959963385999
379,7.399908464997812e-05
380,7.026803836510527e-05
381,0.0006504457356628328
382,1.1814979902097345e-05
383,0.0015253760894655152
384,0.0004614060572292753
385,7.213356150754168e-05
386,0.00013680503044533767
387,0.0001859304731961635
388,4.5394396465952956e-05
389,0.00010136009073904565
390,6.218410474788077e-05
391,2.42518008516735e-05
392,7.462092569745692e-06
393,5.2234647988219846e-05
394,0.00012623373263819795
395,5.596569427309269e-06
396,4.8503601703347e-05
397,4.2907032276037726e-05
398,3.731046284872846e-05
399,6.964619731762646e-05
400,0.00080839336172245
401,0.0001790902216738966
402,8.0839336172245e-06
403,0.00014613264615751979
404,1.1814979902097345e-05
405,4.601623751343177e-05
406,5.4722012178135076e-05
407,1.1193138854618537e-05
408,0.00011504059378357942
409,4.788176065586819e-05
410,0.0008556532813308393
411,4.974728379830461e-06
412,0.00015981314920205357
413,3.0470211326461574e-05
414,0.0008102588848648863
415,9.01669518844271e-05
416,9.949456759660923e-06
417,0.00024624905480160784
418,1.3058661997054962e-05
419,2.2386277709237075e-05
420,2.0520754566800654e-05
421,0.00028915608707764554
422,0.0009203247502686353
423,0.00032273550364150116
424,5.4100171130656263e-05
425,7.835197198232977e-05
426,4.228519122855892e-05
427,0.0003712391053448482
428,4.352887332351654e-06
429,0.0015347037051776974
430,4.2907032276037726e-05
431,0.00011690611692601583
432,0.0001050911370239185
433,0.0002450053727066502
434,1.2436820949576152e-05
435,0.00024003064432681975
436,4.8503601703347e-05
437,0.00011566243483105822
438,5.9696740557965536e-05
439,0.00010136009073904565
440,0.00046700262665658453
441,4.9125442750825804e-05
442,0.0013630755760735463
443,9.949456759660923e-06
444,8.457038245711784e-05
445,6.094042265292315e-05
446,0.0002984837027898277
447,0.0003762138337246786
448,0.00027485374298563296
449,0.0008587624865682334
450,0.00016043499024953237
451,0.0005714719226330243
452,0.000194014406813388
453,2.42518008516735e-05
454,0.00016789708281927807
455,0.00026490428622597207
456,0.0008351325267640387
457,3.420125761133442e-05
458,5.285648903569865e-05
459,0.0003905161778166912
460,0.004571775381064194
461,0.0002039638635730489
462,1.7411549329406615e-05
463,6.280594579535957e-05
464,0.0008251830700043778
465,0.00019277072471843038
466,0.00012063716321088868
467,0.0003643988538225813
468,0.00046824630875154214
469,0.0006293031400485534
470,0.0010403400724320452
471,7.524276674493573e-05
472,0.00036812990010745415
473,0.0001548384208222231
474,0.001296538583993314
475,8.14611772197238e-05
476,0.0006492020535678752
477,6.280594579535957e-05
478,0.0003028365901221793
479,2.176443666175827e-05
480,0.00018406495005372707
481,0.0012237831814382934
482,0.00044275082580491105
483,0.0006460928483304812
484,0.00038429776734190315
485,0.00013742687149281648
486,0.00020893859195287938
487,0.0005385143471166474
488,0.0010484240060492696
489,0.0059646993274167235
490,0.00026552612727345087
491,0.00036875174115493295
492,0.00040170931667130977
493,0.0007375034823098659
494,0.0013046225176105385
495,9.451983921677876e-05
496,0.00013120846101802842
497,0.0005410017113065626
498,9.265431607434234e-05
499,0.00011752795797349465
500,0.00012001532216340988
501,0.00014488896406256217
502,0.0004066840450511402
503,2.2386277709237075e-05
504,0.0001865523142436423
505,0.0017249870657062125
506,4.2907032276037726e-05
507,0.002481767620487921
508,0.00022883750547220122
509,0.0005291867314044653
510,0.00014675448720499862
511,0.0005708500815855454
512,0.0009420891869303936
513,5.534385322561388e-05
514,0.00026552612727345087
515,0.0003575586023003144
516,0.0001057129780713973
517,0.0006958401321287858
518,0.00027361006089067535
519,0.0007418563696422175
520,4.5394396465952956e-05
521,3.109205237394038e-06
522,0.00048317049389103354
523,3.5444939706292037e-05
524,9.389799816929995e-05
525,0.000310298682691925
526,0.0009296523659808175
527,0.0025856150754168822
528,7.399908464997812e-05
529,4.228519122855892e-05
530,0.00117341405659251
531,4.477255541847415e-05
532,3.2335734468898e-05
533,1.803339037688542e-05
534,0.00010260377283400326
535,0.00026552612727345087
536,0.0009557696899749273
537,0.00030594579535957335
538,4.477255541847415e-05
539,0.00012063716321088868
540,0.0013052443586580172
541,3.731046284872846e-06
542,0.0002686353325108449
543,7.462092569745692e-06
544,1.2436820949576152e-05
545,8.705774664703308e-06
546,0.00026490428622597207
547,0.0001952580889083456
548,0.00012312452740080392
549,0.0004321795279977713
550,0.000727554025550205
551,0.0008258049110518565
552,0.00041041509133601305
553,4.601623751343177e-05
554,0.0004296921638078561
555,0.0003563149202053568
556,0.00016167867234448998
557,6.8402515222668845e-06
558,0.00022261909499741314
559,0.00015359473872726548
560,0.000501203884267919
561,0.00012623373263819795
562,0.0006572859871850997
563,0.00017660285748398138
564,0.002611732399410992
565,0.0001137969116886218
566,0.0014594609384327615
567,5.596569427309269e-06
568,0.0001218808453058463
569,0.0008338888446690811
570,0.0003295757551637681
571,0.0006566641461376209
572,0.00042720479961794086
573,1.3680503044533769e-05
574,1.554602618697019e-05
575,0.000404196680861225
576,7.462092569745692e-06
577,1.1814979902097345e-05
578,0.00036875174115493295
579,1.7411549329406615e-05
580,4.352887332351654e-06
581,0.0007785449914434672
582,0.0008127462490548016
583,0.0010844907868030405
584,0.0004614060572292753
585,0.00012125900425836749
586,1.6167867234449e-05
587,0.00042596111752298324
588,0.00029413081545747604
589,8.705774664703308e-06
590,0.0001137969116886218
591,0.0002854250407927727
592,0.000113175070641143
593,0.00031900445735662833
594,0.00023940880327934095
595,0.00011504059378357942
596,0.00013493950730290126
597,0.00016914076491423568
598,0.0006280594579535958
599,0.0007909818123930433
600,2.42518008516735e-05
601,0.00020023281728817608
602,1.6167867234449e-05
603,8.0839336172245e-06
604,0.00027174453774823893
605,1.6789708281927806e-05
606,6.4671468937796e-05
607,1.057129780713973e-05
608,6.529330998527481e-05
609,0.00024065248537429856
610,0.0001803339037688542
611,8.767958769451188e-05
612,0.000177846539578939
613,2.176443666175827e-05
614,0.00012001532216340988
615,0.00016789708281927807
616,5.596569427309269e-06
617,0.00018157758586381182
618,3.606678075377084e-05
619,0.0002574421936562264
620,2.42518008516735e-05
621,0.00033765968878099256
622,7.026803836510527e-05
623,6.218410474788077e-05
624,0.0011497840967883153
625,7.337724360249931e-05
626,4.352887332351654e-06
627,2.176443666175827e-05
628,0.0027280166752895294
629,0.00013120846101802842
630,0.00020085465833565488
631,2.114259561427946e-05
632,5.2234647988219846e-05
633,3.295757551637681e-05
634,0.0001884178373860787
635,0.00023319039280455286
636,0.000210182274047837
637,0.00014488896406256217
638,2.176443666175827e-05
639,0.00039673458829147927
640,1.9277072471843036e-05
641,5.65875353205715e-05
642,0.00048690154017590637
643,0.002395953555935846
644,0.000407305886098619
645,8.457038245711784e-05
646,0.0017666504158872925
647,0.0003314412783062045
648,0.0007169827277430653
649,5.596569427309269e-06
650,0.00015546026186970193
651,0.00023256855175707406
652,0.0002872905639352091
653,0.0022062920364548095
654,0.0001946362478608668
655,0.0014488896406256219
656,7.524276674493573e-05
657,3.109205237394038e-06
658,0.0008059059975325348
659,0.00010757850121383372
660,9.949456759660923e-06
661,0.000517371751502368
662,4.2907032276037726e-05
663,2.922652923150396e-05
664,7.151172046006288e-05
665,1.9277072471843036e-05
666,0.002446944521829108
667,0.00023692143908942573
668,0.00021329147928523102
669,0.0002512237831814383
670,0.00011006586540374896
671,0.00015794762605961715
672,1.6167867234449e-05
673,7.462092569745692e-06
674,0.0008774177179925976
675,1.057129780713973e-05
676,0.0004147679786683647
677,0.0006255720937636805
678,0.0001865523142436423
679,0.0007281758665976838
680,3.109205237394038e-06
681,0.00013618318939785887
682,9.389799816929995e-05
683,3.979782703864369e-05
684,0.00015794762605961715
685,9.327615712182115e-05
686,0.0002667698093684085
687,0.0003637770127751025
688,1.057129780713973e-05
689,0.00025682035260874754
690,0.00010322561388148207
691,4.104150913360131e-05
692,2.5495482946631114e-05
693,0.00039113801886417
694,0.0005845305846300791
695,0.00110563338241732
696,4.352887332351654e-06
697,0.0007847634019182552
698,8.457038245711784e-05
699,8.332670036216023e-05
700,8.0839336172245e-06
701,0.00023816512118438334
702,3.731046284872846e-06
703,0.00033828152982847136
704,0.0014078481314920206
705,0.0003270883909738528
706,0.0004464818720897839
707,5.036912484578342e-05
708,0.00013680503044533767
709,0.00010446929597643969
710,7.462092569745692e-06
711,0.00029475265650495485
712,2.114259561427946e-05
713,5.099096589326223e-05
714,0.00019650177100330322
715,2.176443666175827e-05
716,0.00044088530266247464
717,2.5495482946631114e-05
718,0.0007387471644048235
719,8.89232697894695e-05
720,0.0014495114816731006
721,0.0001057129780713973
722,3.109205237394038e-06
723,0.0005341614597842958
724,3.6688621801249655e-05
725,0.0001716281291041509
726,0.00048565785808094876
727,1.3680503044533769e-05
728,4.477255541847415e-05
729,0.00024624905480160784
730,0.0011236667727942055
731,8.95451108369483e-05
732,0.000843838301428742
733,0.0006647480797548454
734,0.0001225026863533251
735,3.109205237394038e-06
736,4.352887332351654e-06
737,0.0006516894177577904
738,0.001095683925657659
739,0.0013506387551239702
740,0.0010042732916782744
741,0.00038118856210450907
742,8.021749512476619e-05
743,7.462092569745692e-05
744,1.3058661997054962e-05
745,2.5495482946631114e-05
746,3.109205237394038e-06
747,5.4722012178135076e-05
748,0.00036875174115493295
749,3.357941656385561e-05
750,4.974728379830461e-06
751,0.0002580640347037052
752,9.514168026425757e-05
753,0.000843838301428742
754,1.6789708281927806e-05
755,3.6688621801249655e-05
756,6.4671468937796e-05
757,0.00021577884347514625
758,0.00035071835077804753
759,0.0003003492259322641
760,2.922652923150396e-05
761,1.9898913519321845e-05
762,0.0006672354439447606
763,7.026803836510527e-05
764,0.00021577884347514625
765,0.00014488896406256217
766,0.0002680134914633661
767,6.902435627014766e-05
768,0.0036116528037569147
769,5.1612806940741034e-05
770,1.4302344092012576e-05
771,4.9125442750825804e-05
772,0.00011068770645122776
773,0.00022821566442472242
774,0.0022062920364548095
775,7.835197198232977e-05
776,0.0003482309865881323
777,4.5394396465952956e-05
778,8.394854140963903e-05
779,0.00014053607673021053
780,0.0004551876467544872
781,0.0014787380109046045
782,3.2335734468898e-05
783,0.0013972768336848807
784,1.9277072471843036e-05
785,3.855414494368607e-05
786,0.0004489692362796991
787,0.000698327496318701
788,0.00010882218330879135
789,6.8402515222668845e-06
790,0.00030532395431209455
791,2.0520754566800654e-05
792,0.00011006586540374896
793,0.00026179508098857804
794,2.3008118756715884e-05
795,8.705774664703308e-06
796,1.865523142436423e-05
797,0.00012436820949576153
798,4.104150913360131e-05
799,6.8402515222668845e-06
800,0.00035507123811039917
801,4.5394396465952956e-05
802,9.078879293190591e-05
803,0.0005926145182473037
804,1.9898913519321845e-05
805,4.601623751343177e-05
806,8.705774664703308e-06
807,0.0004303140048553349
808,0.0001871741552911211
809,3.7932303896207266e-05
810,7.275540255502049e-05
811,0.0003277102320213316
812,1.6167867234449e-05
813,8.643590559955426e-05
814,0.00012747741473315556
815,7.897381302980858e-05
816,0.00010322561388148207
817,0.00019961097624069727
818,0.0004999602021729613
819,0.0008687119433278943
820,0.00047259919608389384
821,0.0006921090858439129
822,8.021749512476619e-05
823,7.462092569745692e-05
824,0.00018903967843355752
825,0.000762998965256497
826,7.648644883989334e-05
827,2.7361006089067538e-05
828,0.00016789708281927807
829,5.2234647988219846e-05
830,1.6789708281927806e-05
831,0.0015172921558482906
832,0.00042471743542802563
833,1.9898913519321845e-05
834,7.773013093485096e-05
835,0.0006740756954670275
836,1.6167867234449e-05
837,0.001261093644287022
838,0.00022945934651968003
839,5.9696740557965536e-05
840,0.00013369582520794364
841,0.00015546026186970193
842,0.0012287579098181239
843,0.00015172921558482907
844,0.0008233175468619413
845,0.0011727922155450312
846,6.653699208023242e-05
847,0.00041165877343097066
848,1.1814979902097345e-05
849,4.974728379830461e-06
850,1.057129780713973e-05
851,0.00019277072471843038
852,0.00015856946710709596
853,1.6789708281927806e-05
854,0.0005795558562502487
855,0.0001225026863533251
856,7.959565407728738e-05
857,0.00010695666016635492
858,5.845305846300792e-05
859,1.9898913519321845e-05
860,0.0011914474469693955
861,0.0010552642575715366
862,0.0006125134317666256
863,8.705774664703308e-06
864,5.347833008317746e-05
865,9.327615712182115e-06
866,0.00011628427587853703
867,0.00010322561388148207
868,2.3008118756715884e-05
869,9.327615712182115e-06
870,2.6117323994109923e-05
871,0.0003413907350658654
872,8.0839336172245e-06
873,0.0013276306363672542
874,0.00015172921558482907
875,0.001930194611374219
876,5.845305846300792e-05
877,0.00014177975882516815
878,6.591515103275361e-05
879,0.00010446929597643969
880,0.00020769490985792175
881,0.0002039638635730489
882,0.00012685557368567675
883,6.404962789031718e-05
884,0.0025949426911290644
885,0.00013120846101802842
886,0.0007741921041111155
887,1.3058661997054962e-05
888,0.0004309358459028137
889,0.0001542165797747443
890,0.00010136009073904565
891,9.949456759660922e-05
892,3.0470211326461574e-05
893,0.000177846539578939
894,0.00019961097624069727
895,0.00020893859195287938
896,5.4722012178135076e-05
897,0.00037870119791459384
898,0.0012306234329605603
899,0.0002182662076650615
900,0.00018468679110120588
901,0.00010882218330879135
902,9.265431607434234e-05
903,6.218410474788077e-05
904,0.0004483473952322203
905,0.00014488896406256217
906,2.9848370278982768e-05
907,0.0001137969116886218
908,1.1193138854618537e-05
909,6.156226370040196e-05
910,7.213356150754168e-05
911,3.9175985991164885e-05
912,0.0005714719226330243
913,0.00030408027221713694
914,0.00039362538305408524
915,0.00015359473872726548
916,4.9125442750825804e-05
917,7.586460779241453e-05
918,5.783121741552911e-05
919,0.0009588788952123214
920,9.327615712182115e-06
921,0.00041103693238349185
922,4.352887332351654e-06
923,0.00023256855175707406
924,0.00012499005054324034
925,1.865523142436423e-05
926,0.0002188880487125403
927,1.057129780713973e-05
928,0.00016665340072432046
929,0.000113175070641143
930,2.7361006089067538e-05
931,4.352887332351654e-06
932,5.534385322561388e-05
933,7.462092569745692e-06
934,0.0008935855852270466
935,0.0004707336729414574
936,0.0004166335018108011
937,0.0022877532136745334
938,0.000704545906793489
939,0.0008935855852270466
940,0.0004197427070481952
941,0.0006889998806065188
942,0.0017473733434154495
943,0.0017797090778843476
944,0.00041725534285827996
945,0.000840729096191348
946,0.0009700720340669399
947,0.0007132516814581924
948,0.0005329177776893382
949,0.0005341614597842958
950,0.00041787718390575877
951,0.0004153898197158435
952,0.0004160116607633223
953,0.0004153898197158435
954,0.0009526604847375333
955,0.0004153898197158435
956,0.0005155062283599315
957,0.0004321795279977713
958,0.0004153898197158435
959,0.0007773013093485096
960,0.00048379233493851234
961,0.0004377760974250806
962,0.0004153898197158435
963,0.000976912285589207
964,0.00044461634894734747
965,0.00045891869303936006
966,0.0004153898197158435
967,0.00039424722410156404
968,3.9175985991164885e-05
969,6.218410474788076e-06
970,0.00019152704262347277
971,5.596569427309269e-06
972,0.001277261511521471
973,9.949456759660922e-05
974,2.5495482946631114e-05
975,7.213356150754168e-05
976,0.00048565785808094876
977,0.0009091316114140168
978,3.109205237394038e-06
979,0.0009396018227404784
980,9.265431607434234e-05
981,4.352887332351654e-05
982,0.00018219942691129066
983,0.0004240955943805468
984,0.0006243284116687229
985,0.00021391332033270983
986,0.0003737264695347634
987,0.000494363632745652
988,4.1663350181080114e-05
989,0.00013120846101802842
990,0.00015608210291718073
991,4.974728379830461e-06
992,3.731046284872846e-06
993,0.00048627969912842757
994,4.8503601703347e-05
995,0.00010011640864408804
996,7.275540255502049e-05
997,0.0002499801010864807
998,4.8503601703347e-05
999,0.00023816512118438334
1000,4.601623751343177e-05
1001,3.109205237394038e-06
1002,3.109205237394038e-06
1003,8.89232697894695e-05
1004,6.218410474788076e-06
1005,0.0002667698093684085
1006,3.5444939706292037e-05
1007,2.7361006089067538e-05
1008,2.4873641899152305e-05
1009,0.00048379233493851234
1010,3.7932303896207266e-05
1011,7.462092569745692e-06
1012,4.352887332351654e-06
1013,2.5495482946631114e-05
1014,4.1663350181080114e-05
1015,0.0005540603733036176
1016,0.00013618318939785887
1017,7.462092569745692e-06
1018,2.42518008516735e-05
1019,0.00010260377283400326
1020,3.606678075377084e-05
1021,6.218410474788076e-06
1022,3.731046284872846e-06
1023,6.8402515222668845e-06
1024,0.00018219942691129066
1025,0.00036315517172762365
1026,6.778067417519003e-05
1027,5.9696740557965536e-05
1028,1.865523142436423e-05
1029,1.6167867234449e-05
1030,1.865523142436423e-05
1031,6.8402515222668845e-06
1032,8.705774664703308e-06
1033,6.156226370040196e-05
1034,0.00025682035260874754
1035,0.00018282126795876946
1036,7.897381302980858e-05
1037,1.1814979902097345e-05
1038,0.00010757850121383372
1039,0.0004539439646595296
1040,1.057129780713973e-05
1041,4.352887332351654e-06
1042,0.00010695666016635492
1043,4.228519122855892e-05
1044,0.00039984379352887335
1045,0.00014426712301508337
1046,2.176443666175827e-05
1047,0.0003488528276356111
1048,3.357941656385561e-05
1049,4.4150714370995344e-05
1050,8.705774664703308e-06
1051,0.0005957237234846978
1052,6.031858160544434e-05
1053,1.1193138854618537e-05
1054,0.00019898913519321844
1055,1.1814979902097345e-05
1056,1.6167867234449e-05
1057,3.482309865881323e-05
1058,6.342778684283838e-05
1059,0.00018344310900624827
1060,0.00030532395431209455
1061,0.0007598897600191029
1062,1.803339037688542e-05
1063,3.109205237394038e-05
1064,8.083933617224499e-05
1065,0.00023443407489951047
1066,3.109205237394038e-05
1067,0.00017598101643650257
1068,3.109205237394038e-05
1069,3.420125761133442e-05
1070,0.00013120846101802842
1071,5.907489951048673e-05
1072,0.0013568571655987584
1073,0.0003183826163091495
1074,1.3058661997054962e-05
1075,0.000672210172324591
1076,0.0002984837027898277
1077,0.0011765232618299042
1078,1.7411549329406615e-05
1079,4.974728379830461e-06
1080,4.228519122855892e-05
1081,8.0839336172245e-06
1082,1.865523142436423e-05
1083,4.352887332351654e-06
1084,0.0005217246388347196
1085,0.00013431766625542245
1086,0.0008046623154375771
1087,0.00014737632825247743
1088,2.114259561427946e-05
1089,0.00010073824969156684
1090,1.3680503044533769e-05
1091,0.00010136009073904565
1092,0.00011068770645122776
1093,0.00011690611692601583
1094,2.4873641899152305e-05
1095,4.974728379830461e-06
1096,1.2436820949576152e-05
1097,0.00012561189159071914
1098,0.0002195098897600191
1099,7.399908464997812e-05
1100,0.00010820034226131253
1101,0.0002680134914633661
1102,0.00020582938671548533
1103,0.00017598101643650257
1104,1.2436820949576152e-05
1105,0.0003158952521192343
1106,0.0007033022246985314
1107,0.00044088530266247464
1108,0.00017598101643650257
1109,0.0004900107454133005
1110,0.0005117751820750587
1111,4.9125442750825804e-05
1112,0.0002188880487125403
1113,4.104150913360131e-05
1114,0.00015172921558482907
1115,3.109205237394038e-06
1116,8.457038245711784e-05
1117,0.00012436820949576153
1118,8.0839336172245e-06
1119,9.949456759660923e-06
1120,9.141063397938473e-05
1121,3.357941656385561e-05
1122,2.114259561427946e-05
1123,4.0419668086122496e-05
1124,0.00015856946710709596
1125,9.949456759660923e-06
1126,0.0004999602021729613
1127,6.840251522266884e-05
1128,0.0008699556254228519
1129,0.00029288713336251843
1130,7.151172046006288e-05
1131,9.949456759660923e-06
1132,0.00010695666016635492
1133,0.000310298682691925
1134,2.8604688184025153e-05
1135,3.482309865881323e-05
1136,3.855414494368607e-05
1137,0.0004471037131372627
1138,0.00013680503044533767
1139,0.00010260377283400326
1140,1.057129780713973e-05
1141,3.979782703864369e-05
1142,0.000746831098022048
1143,4.4150714370995344e-05
1144,7.835197198232977e-05
1145,4.228519122855892e-05
1146,0.00037061726429736937
1147,9.203247502686354e-05
1148,2.3008118756715884e-05
1149,0.0002506019421339595
1150,2.8604688184025153e-05
1151,0.0004800612886536395
1152,3.2335734468898e-05
1153,0.0005123970231225375
1154,0.00010073824969156684
1155,1.057129780713973e-05
1156,0.00014613264615751979
1157,8.95451108369483e-05
1158,0.00024935826003900187
1159,1.6167867234449e-05
1160,0.0001952580889083456
1161,0.0003743483105822422
1162,0.0002095604330003582
1163,3.357941656385561e-05
1164,4.5394396465952956e-05
1165,0.00025682035260874754
1166,0.00038429776734190315
1167,0.00012063716321088868
1168,0.00014675448720499862
1169,5.596569427309269e-05
1170,0.00010384745492896087
1171,0.0006485802125203964
1172,3.109205237394038e-05
1173,9.265431607434234e-05
1174,2.7361006089067538e-05
1175,0.00013556134835038006
1176,3.109205237394038e-06
1177,8.705774664703308e-06
1178,5.347833008317746e-05
1179,2.3008118756715884e-05
1180,0.00013929239463525292
1181,2.0520754566800654e-05
1182,6.8402515222668845e-06
1183,2.5495482946631114e-05
1184,3.979782703864369e-05
1185,2.362995980419469e-05
1186,9.949456759660923e-06
1187,4.352887332351654e-06
1188,7.213356150754168e-05
1189,0.00023319039280455286
1190,4.352887332351654e-06
1191,0.0005975892466271341
1192,7.151172046006288e-05
1193,1.554602618697019e-05
1194,0.0006927309268913918
1195,1.4924185139491384e-05
1196,3.109205237394038e-06
1197,8.0839336172245e-06
1198,1.1814979902097345e-05
1199,2.6117323994109923e-05
1200,2.42518008516735e-05
1201,9.949456759660923e-06
1202,0.0005895053130099097
1203,5.845305846300792e-05
1204,0.0007605116010665818
1205,9.265431607434234e-05
1206,1.6167867234449e-05
1207,0.00012063716321088868
1208,6.094042265292315e-05
1209,0.00014240159987264695
1210,6.218410474788076e-06
1211,0.00012001532216340988
1212,0.0003500965097305687
1213,0.00015297289767978668
1214,2.8604688184025153e-05
1215,0.000113175070641143
1216,0.0001716281291041509
1217,2.3008118756715884e-05
1218,7.213356150754168e-05
1219,8.95451108369483e-05
1220,0.00015981314920205357
1221,0.00028977792812512435
1222,3.109205237394038e-05
1223,5.4722012178135076e-05
1224,1.057129780713973e-05
1225,5.4100171130656263e-05
1226,0.00023070302861463764
1227,0.0003737264695347634
1228,7.462092569745692e-06
1229,1.2436820949576152e-05
1230,4.788176065586819e-05
1231,1.3680503044533769e-05
1232,9.7007203406694e-05
1233,8.89232697894695e-05
1234,4.228519122855892e-05
1235,2.2386277709237075e-05
1236,0.00027485374298563296
1237,5.7209376368050306e-05
1238,0.00016851892386675687
1239,0.00023629959804194692
1240,0.0002680134914633661
1241,1.1193138854618537e-05
1242,0.0004216082301906316
1243,0.0001218808453058463
1244,3.731046284872846e-06
1245,4.788176065586819e-05
1246,6.840251522266884e-05
1247,2.176443666175827e-05
1248,1.7411549329406615e-05
1249,2.362995980419469e-05
1250,1.3680503044533769e-05
1251,1.3058661997054962e-05
1252,6.218410474788076e-06
1253,5.099096589326223e-05
1254,0.0002854250407927727
1255,3.7932303896207266e-05
1256,2.6117323994109923e-05
1257,2.7361006089067538e-05
1258,0.0013692939865483345
1259,4.4150714370995344e-05
1260,0.0001050911370239185
1261,0.0005490856449237872
1262,0.00015981314920205357
1263,3.979782703864369e-05
1264,0.0008855016516098221
1265,7.648644883989334e-05
1266,6.840251522266884e-05
1267,0.00016478787758188404
1268,3.171389342141919e-05
1269,0.00018468679110120588
1270,2.114259561427946e-05
1271,3.109205237394038e-05
1272,1.9277072471843036e-05
1273,0.00014488896406256217
1274,7.462092569745692e-06
1275,0.000129342937875592
1276,9.203247502686354e-05
1277,0.0008861234926573009
1278,2.4873641899152305e-05
1279,0.00031216420583436147
1280,0.0001542165797747443
1281,6.404962789031718e-05
1282,8.394854140963903e-05
1283,0.0005329177776893382
1284,7.710828988737214e-05
1285,4.974728379830461e-05
1286,0.0008568969634257969
1287,0.0004701118318939786
1288,3.731046284872846e-06
1289,1.9277072471843036e-05
1290,9.638536235921519e-05
1291,0.0005198591156922832
1292,4.974728379830461e-06
1293,0.00011752795797349465
1294,6.964619731762646e-05
1295,4.352887332351654e-06
1296,7.648644883989334e-05
1297,0.0003563149202053568
1298,0.0001946362478608668
1299,5.1612806940741034e-05
1300,0.00040108747562383096
1301,0.00015359473872726548
1302,7.337724360249931e-05
1303,0.0005739592868229395
1304,0.0001697626059617145
1305,3.855414494368607e-05
1306,9.949456759660923e-06
1307,9.949456759660923e-06
1308,0.00013618318939785887
1309,0.0002443835316591714
1310,0.0005378925060691687
1311,0.0001635441954869264
1312,1.4302344092012576e-05
1313,6.8402515222668845e-06
1314,0.00015919130815457476
1315,0.0009427110279778725
1316,0.0003743483105822422
1317,0.0002860468818402515
1318,6.031858160544434e-05
1319,6.218410474788076e-06
1320,0.0004135242965734071
1321,2.7361006089067538e-05
1322,0.00018903967843355752
1323,0.00013431766625542245
1324,0.0004383979384725594
1325,5.285648903569865e-05
1326,7.897381302980858e-05
1327,0.00020769490985792175
1328,0.0002499801010864807
1329,0.00011193138854618537
1330,0.0004545658057070084
1331,0.0007480747801170057
1332,0.00078227603772834
1333,6.591515103275361e-05
1334,0.00019774545309826083
1335,0.0011174483623194174
1336,0.00013058661997054962
1337,8.332670036216023e-05
1338,1.865523142436423e-05
1339,1.9277072471843036e-05
1340,0.000358802284395272
1341,4.5394396465952956e-05
1342,0.0002823158355553787
1343,0.00017660285748398138
1344,0.00010446929597643969
1345,4.352887332351654e-05
1346,5.347833008317746e-05
1347,2.362995980419469e-05
1348,8.083933617224499e-05
1349,1.865523142436423e-05
1350,8.0839336172245e-06
1351,0.00011441875273610061
1352,0.0004887670633183428
1353,0.00033579416563855614
1354,0.00020645122776296413
1355,2.8604688184025153e-05
1356,2.3008118756715884e-05
1357,4.974728379830461e-06
1358,0.00034574362239821703
1359,0.00019898913519321844
1360,0.00027796294822302704
1361,2.114259561427946e-05
1362,0.00026179508098857804
1363,0.00013058661997054962
1364,0.0003401470529709078
1365,6.8402515222668845e-06
1366,1.1193138854618537e-05
1367,8.021749512476619e-05
1368,4.974728379830461e-06
1369,6.778067417519003e-05
1370,0.00016416603653440523
1371,9.141063397938473e-05
1372,8.519222350459665e-05
1373,9.327615712182115e-06
1374,1.865523142436423e-05
1375,0.0001623005133919688
1376,6.8402515222668845e-06
1377,1.7411549329406615e-05
1378,4.5394396465952956e-05
1379,9.451983921677876e-05
1380,0.00037061726429736937
1381,5.596569427309269e-06
1382,0.00013742687149281648
1383,6.218410474788077e-05
1384,1.4302344092012576e-05
1385,0.00030781131850200977
1386,9.203247502686354e-05
1387,3.109205237394038e-06
1388,0.00015732578501213834
1389,0.0006647480797548454
1390,6.218410474788076e-06
1391,0.00030718947745453097
1392,1.4924185139491384e-05
1393,3.731046284872846e-06
1394,0.00039673458829147927
1395,0.00011255322959366418
1396,2.6117323994109923e-05
1397,6.4671468937796e-05
1398,0.0003438780992557806
1399,4.477255541847415e-05
1400,2.6117323994109923e-05
1401,1.2436820949576152e-05
1402,0.00010011640864408804
1403,0.00011566243483105822
1404,6.591515103275361e-05
1405,1.3680503044533769e-05
1406,1.2436820949576152e-05
1407,4.352887332351654e-06
1408,8.270485931468142e-05
1409,3.109205237394038e-06
1410,1.1193138854618537e-05
1411,0.00020707306881044294
1412,1.803339037688542e-05
1413,0.00016167867234448998
1414,0.00024251800851673498
1415,0.0004458600310423051
1416,2.673916504158873e-05
1417,1.6167867234449e-05
1418,5.4722012178135076e-05
1419,4.725991960838938e-05
1420,0.00027982847136546346
1421,7.462092569745692e-06
1422,1.057129780713973e-05
1423,0.00017535917538902377
1424,4.974728379830461e-06
1425,6.8402515222668845e-06
1426,7.897381302980858e-05
1427,4.104150913360131e-05
1428,3.2335734468898e-05
1429,0.0005590351016834481
1430,1.803339037688542e-05
1431,0.000439641620567517
1432,0.00010073824969156684
1433,1.3680503044533769e-05
1434,5.534385322561388e-05
1435,1.1193138854618537e-05
1436,0.0002680134914633661
1437,4.352887332351654e-06
1438,0.00026428244517849326
1439,7.462092569745692e-06
1440,1.9898913519321845e-05
1441,0.0001635441954869264
1442,7.462092569745692e-06
1443,1.1193138854618537e-05
1444,8.0839336172245e-06
1445,1.057129780713973e-05
1446,5.596569427309269e-06
1447,6.4671468937796e-05
1448,5.596569427309269e-06
1449,1.803339037688542e-05
1450,7.275540255502049e-05
1451,0.00014177975882516815
1452,9.327615712182115e-06
1453,0.0002754755840331118
1454,0.00042533927647550444
1455,8.705774664703308e-06
1456,0.0002835595176503363
1457,2.362995980419469e-05
1458,0.0001859304731961635
1459,0.00022386277709237075
1460,7.524276674493573e-05
1461,0.0009439547100728301
1462,3.109205237394038e-06
1463,0.00013556134835038006
1464,1.803339037688542e-05
1465,3.731046284872846e-06
1466,0.00010757850121383372
1467,8.705774664703308e-06
1468,8.270485931468142e-05
1469,5.65875353205715e-05
1470,3.0470211326461574e-05
1471,1.554602618697019e-05
1472,0.00014613264615751979
1473,0.00012623373263819795
1474,7.710828988737214e-05
1475,0.000113175070641143
1476,5.65875353205715e-05
1477,4.352887332351654e-06
1478,1.1193138854618537e-05
1479,0.0002027201814780913
1480,7.399908464997812e-05
1481,7.213356150754168e-05
1482,0.00016914076491423568
1483,4.601623751343177e-05
1484,0.00039300354200660643
1485,0.0002978618617423489
1486,0.0002039638635730489
1487,0.00014799816929995623
1488,0.00010384745492896087
1489,0.0001380487125402953
1490,0.000617488160146456
1491,9.949456759660923e-06
1492,1.6789708281927806e-05
1493,9.203247502686354e-05
1494,4.4150714370995344e-05
1495,0.000452700282564572
1496,0.0005503293270187448
1497,8.0839336172245e-06
1498,1.6167867234449e-05
1499,3.357941656385561e-05
1500,8.830142874199069e-05
1501,0.0007138735225056712
1502,0.00020769490985792175
1503,4.352887332351654e-06
1504,0.00011193138854618537
1505,3.0470211326461574e-05
1506,0.00015670394396465954
1507,2.8604688184025153e-05
1508,0.000374970151629721
1509,1.3680503044533769e-05
1510,1.1814979902097345e-05
1511,0.00010695666016635492
1512,5.907489951048673e-05
1513,0.0001803339037688542
1514,0.00037807935686711504
1515,5.596569427309269e-06
1516,0.00027174453774823893
1517,4.601623751343177e-05
1518,6.404962789031718e-05
1519,0.00044275082580491105
1520,0.000113175070641143
1521,1.4302344092012576e-05
1522,8.0839336172245e-06
1523,6.280594579535957e-05
1524,0.00011690611692601583
1525,8.394854140963903e-05
1526,3.482309865881323e-05
1527,0.0005521948501611812
1528,0.0006230847295737653
1529,5.596569427309269e-06
1530,5.596569427309269e-06
1531,4.352887332351654e-06
1532,1.9277072471843036e-05
1533,0.0005186154335973256
1534,3.7932303896207266e-05
1535,1.9898913519321845e-05
1536,8.457038245711784e-05
1537,0.00014986369244239265
1538,8.705774664703308e-05
1539,6.218410474788076e-06
1540,1.1814979902097345e-05
1541,2.5495482946631114e-05
1542,5.9696740557965536e-05
1543,7.462092569745692e-06
1544,5.7209376368050306e-05
1545,0.00017473733434154496
1546,0.00016167867234448998
1547,0.0005117751820750587
1548,3.109205237394038e-06
1549,0.00020769490985792175
1550,0.00017660285748398138
1551,0.00012312452740080392
1552,0.0003768356747721574
1553,6.653699208023242e-05
1554,4.477255541847415e-05
1555,0.0007866289250606917
1556,4.601623751343177e-05
1557,6.404962789031718e-05
1558,0.0003134078879293191
1559,0.00014364528196760456
1560,9.949456759660922e-05
1561,2.5495482946631114e-05
1562,0.00017660285748398138
1563,1.9277072471843036e-05
1564,6.8402515222668845e-06
1565,1.803339037688542e-05
1566,1.1814979902097345e-05
1567,2.673916504158873e-05
1568,1.803339037688542e-05
1569,3.731046284872846e-06
1570,4.2907032276037726e-05
1571,0.000113175070641143
1572,3.731046284872846e-05
1573,2.922652923150396e-05
1574,3.855414494368607e-05
1575,9.949456759660923e-06
1576,0.0001629223544394476
1577,4.974728379830461e-06
1578,2.6117323994109923e-05
1579,4.104150913360131e-05
1580,5.596569427309269e-06
1581,5.907489951048673e-05
1582,5.099096589326223e-05
1583,7.213356150754168e-05
1584,1.6789708281927806e-05
1585,0.000177846539578939
1586,5.036912484578342e-05
1587,0.00012436820949576153
1588,0.00015856946710709596
1589,0.0001380487125402953
1590,4.352887332351654e-06
1591,1.865523142436423e-05
1592,0.0005546822143510965
1593,0.0005341614597842958
1594,1.1814979902097345e-05
1595,8.021749512476619e-05
1596,6.342778684283838e-05
1597,2.3008118756715884e-05
1598,0.0002543329884188323
1599,0.0005776903331078123
1600,9.327615712182115e-06
1601,0.00014613264615751979
1602,0.00014551080511004098
1603,0.00011814979902097346
1604,4.788176065586819e-05
1605,0.00017287181119910852
1606,1.7411549329406615e-05
1607,0.0005410017113065626
1608,2.4873641899152306e-06
1609,0.0001218808453058463
1610,5.596569427309269e-06
1611,1.7411549329406615e-05
1612,6.404962789031718e-05
1613,4.9125442750825804e-05
1614,5.036912484578342e-05
1615,0.00011193138854618537
1616,0.00015297289767978668
1617,0.00029537449755243366
1618,8.021749512476619e-05
1619,2.4873641899152305e-05
1620,6.591515103275361e-05
1621,4.352887332351654e-06
1622,0.0001137969116886218
1623,0.00014302344092012576
1624,6.280594579535957e-05
1625,0.00019961097624069727
1626,4.5394396465952956e-05
1627,4.4150714370995344e-05
1628,4.352887332351654e-06
1629,1.4302344092012576e-05
1630,3.109205237394038e-06
1631,0.00012623373263819795
1632,6.4671468937796e-05
1633,0.00010384745492896087
1634,5.845305846300792e-05
1635,0.00013867055358777412
1636,0.00039922195248139454
1637,6.218410474788077e-05
1638,0.00011068770645122776
1639,0.00012747741473315556
1640,0.00018095574481633302
1641,7.151172046006288e-05
1642,0.00027671926612806943
1643,8.705774664703308e-05
1644,0.00014426712301508337
1645,0.00013493950730290126
1646,0.0005907489951048673
1647,0.00022324093604489194
1648,9.389799816929995e-05
1649,1.6167867234449e-05
1650,3.420125761133442e-05
1651,0.00014737632825247743
1652,1.057129780713973e-05
1653,1.057129780713973e-05
1654,0.0001287210968281132
1655,1.4924185139491384e-05
1656,0.00019836729414573963
1657,0.00012561189159071914
1658,4.974728379830461e-06
1659,0.0003743483105822422
1660,9.514168026425757e-05
1661,2.114259561427946e-05
1662,5.596569427309269e-05
1663,4.974728379830461e-06
1664,2.8604688184025153e-05
1665,0.0003301975962112469
1666,0.0006423618020456084
1667,0.00013556134835038006
1668,0.00023256855175707406
1669,0.00016540971862936285
1670,8.705774664703308e-06
1671,1.6789708281927806e-05
1672,0.00011752795797349465
1673,0.0002275938233772436
1674,0.00022572830023480717
1675,0.00016043499024953237
1676,1.1193138854618537e-05
1677,2.362995980419469e-05
1678,9.76290444541728e-05
1679,3.109205237394038e-06
1680,0.0002437616906116926
1681,0.000814611772197238
1682,4.352887332351654e-06
1683,0.00011068770645122776
1684,1.057129780713973e-05
1685,8.643590559955426e-05
1686,0.00022137541290245553
1687,4.4150714370995344e-05
1688,7.462092569745692e-06
1689,6.218410474788076e-06
1690,3.731046284872846e-05
1691,6.8402515222668845e-06
1692,3.5444939706292037e-05
1693,6.156226370040196e-05
1694,0.000821452023719505
1695,9.949456759660923e-06
1696,3.295757551637681e-05
1697,0.000113175070641143
1698,0.00014053607673021053
1699,0.00012001532216340988
1700,0.0001884178373860787
1701,4.352887332351654e-06
1702,4.974728379830461e-06
1703,0.0003650206948700601
1704,0.0003892724957217336
1705,1.7411549329406615e-05
1706,0.0002108041150953158
1707,0.0004153898197158435
1708,5.596569427309269e-05
1709,6.964619731762646e-05
1710,2.4873641899152305e-05
1711,2.7982847136546344e-05
1712,0.0002518456242289171
1713,8.332670036216023e-05
1714,0.0001287210968281132
1715,0.00017349365224658735
1716,0.0005515730091137024
1717,0.00031278604688184027
1718,9.638536235921519e-05
1719,0.00015297289767978668
1720,3.855414494368607e-05
1721,0.00021515700242766744
1722,0.00014986369244239265
1723,0.0002039638635730489
1724,0.0002350559159469893
1725,0.00045145660046961433
1726,7.524276674493573e-05
1727,0.0001635441954869264
1728,0.0002108041150953158
1729,0.0004533221236120508
1730,1.2436820949576152e-05
1731,0.00019961097624069727
1732,0.0004303140048553349
1733,0.0003581804433477932
1734,9.141063397938473e-05
1735,4.2907032276037726e-05
1736,3.109205237394038e-06
1737,2.3008118756715884e-05
1738,7.151172046006288e-05
1739,0.00015670394396465954
1740,0.00032149182154654355
1741,9.141063397938473e-05
1742,0.00039922195248139454
1743,5.1612806940741034e-05
1744,7.710828988737214e-05
1745,3.2335734468898e-05
1746,6.8402515222668845e-06
1747,5.65875353205715e-05
1748,9.327615712182115e-06
1749,2.4873641899152306e-06
1750,9.949456759660923e-06
1751,5.285648903569865e-05
1752,0.0006753193775619851
1753,1.057129780713973e-05
1754,5.099096589326223e-05
1755,1.865523142436423e-05
1756,1.9898913519321845e-05
1757,0.0008270485931468141
1758,0.00016105683129701118
1759,2.673916504158873e-05
1760,2.7361006089067538e-05
1761,0.00022137541290245553
1762,3.420125761133442e-05
1763,0.00022324093604489194
1764,0.0001933925657659092
1765,0.00013929239463525292
1766,0.00012436820949576153
1767,0.00013556134835038006
1768,0.00045145660046961433
1769,0.0001884178373860787
1770,1.1814979902097345e-05
1771,0.0011118517928921082
1772,0.0001697626059617145
1773,0.00037061726429736937
1774,0.0004781957655112031
1775,7.959565407728738e-05
1776,2.922652923150396e-05
1777,0.0001635441954869264
1778,0.0003438780992557806
1779,0.0001784683806264178
1780,0.00019090520157599396
1781,5.1612806940741034e-05
1782,8.830142874199069e-05
1783,9.327615712182115e-06
1784,0.00027796294822302704
1785,1.4302344092012576e-05
1786,0.00029102161022008196
1787,4.725991960838938e-05
1788,0.00010882218330879135
1789,0.00030532395431209455
1790,0.0004303140048553349
1791,1.6789708281927806e-05
1792,0.0002823158355553787
1793,1.1814979902097345e-05
1794,0.00010446929597643969
1795,0.00027423190193815415
1796,0.00022510645918732836
1797,1.9898913519321845e-05
1798,8.270485931468142e-05
1799,0.000494363632745652
1800,0.0002860468818402515
1801,0.00015235105663230787
1802,6.031858160544434e-05
1803,0.0001225026863533251
1804,1.4924185139491384e-05
1805,6.4671468937796e-05
1806,0.00013245214311298603
1807,0.0004228519122855892
1808,1.6167867234449e-05
1809,8.270485931468142e-05
1810,3.109205237394038e-05
1811,8.705774664703308e-05
1812,5.783121741552911e-05
1813,0.0002108041150953158
1814,0.00011441875273610061
1815,5.7209376368050306e-05
1816,1.9277072471843036e-05
1817,0.00048565785808094876
1818,6.902435627014766e-05
1819,3.5444939706292037e-05
1820,0.00010384745492896087
1821,2.176443666175827e-05
1822,3.979782703864369e-05
1823,1.803339037688542e-05
1824,8.705774664703308e-06
1825,4.352887332351654e-06
1826,4.352887332351654e-06
1827,4.0419668086122496e-05
1828,4.1663350181080114e-05
1829,0.00010322561388148207
1830,9.949456759660923e-06
1831,0.00036128964858518723
1832,0.00015981314920205357
1833,4.974728379830461e-06
1834,0.00011255322959366418
1835,0.0002711226967007601
1836,1.4302344092012576e-05
1837,9.949456759660923e-06
1838,1.057129780713973e-05
1839,1.6167867234449e-05
1840,1.803339037688542e-05
1841,2.3008118756715884e-05
1842,0.0001287210968281132
1843,2.0520754566800654e-05
1844,6.902435627014766e-05
1845,0.00012436820949576153
1846,0.00024624905480160784
1847,0.0001380487125402953
1848,5.534385322561388e-05
1849,8.705774664703308e-05
1850,1.1814979902097345e-05
1851,4.601623751343177e-05
1852,0.00016416603653440523
1853,4.352887332351654e-05
1854,8.208301826720262e-05
1855,8.705774664703308e-06
1856,5.285648903569865e-05
1857,1.6167867234449e-05
1858,0.0002991055438373065
1859,9.949456759660923e-06
1860,0.00014426712301508337
1861,9.327615712182115e-06
1862,1.1814979902097345e-05
1863,2.114259561427946e-05
1864,0.00010944402435627015
1865,8.705774664703308e-06
1866,7.275540255502049e-05
1867,3.606678075377084e-05
1868,1.057129780713973e-05
1869,8.643590559955426e-05
1870,0.0002039638635730489
1871,5.347833008317746e-05
1872,4.1663350181080114e-05
1873,9.949456759660923e-06
1874,0.00022883750547220122
1875,0.0001623005133919688
1876,0.0001790902216738966
1877,1.1814979902097345e-05
1878,0.00015359473872726548
1879,0.00016540971862936285
1880,0.0001225026863533251
1881,0.00020893859195287938
1882,0.00022013173080749792
1883,9.327615712182115e-06
1884,4.974728379830461e-06
1885,1.4924185139491384e-05
1886,3.420125761133442e-05
1887,7.586460779241453e-05
1888,0.00020893859195287938
1889,0.00010446929597643969
1890,4.974728379830461e-05
1891,0.00020023281728817608
1892,0.00016665340072432046
1893,0.000326466549926374
1894,9.949456759660923e-06
1895,6.218410474788076e-06
1896,0.0008102588848648863
1897,5.596569427309269e-06
1898,4.104150913360131e-05
1899,0.00046016237513431767
1900,6.840251522266884e-05
1901,0.0002555766705137899
1902,0.00016478787758188404
1903,0.00016043499024953237
1904,0.0002033420225255701
1905,6.031858160544434e-05
1906,9.327615712182115e-06
1907,0.0001299647789230708
1908,3.109205237394038e-06
1909,0.000113175070641143
1910,0.00023381223385203167
1911,6.964619731762646e-05
1912,3.9175985991164885e-05
1913,2.176443666175827e-05
1914,0.00015608210291718073
1915,9.327615712182115e-06
1916,0.00016603155967684165
1917,0.0002991055438373065
1918,0.00024873641899152306
1919,4.104150913360131e-05
1920,5.4100171130656263e-05
1921,0.00027298821984319654
1922,0.0007163608866955864
1923,2.5495482946631114e-05
1924,3.855414494368607e-05
1925,8.021749512476619e-05
1926,3.731046284872846e-06
1927,0.0001784683806264178
1928,4.352887332351654e-06
1929,0.00010384745492896087
1930,8.270485931468142e-05
1931,0.00024811457794404426
1932,2.7982847136546344e-05
1933,8.394854140963903e-05
1934,0.0003345504835435985
1935,2.176443666175827e-05
1936,0.000177846539578939
1937,0.000113175070641143
1938,5.347833008317746e-05
1939,0.00045580948780196603
1940,2.6117323994109923e-05
1941,0.0005211027977872409
1942,0.00016167867234448998
1943,0.000652933099852748
1944,7.462092569745692e-06
1945,1.4924185139491384e-05
1946,0.0001057129780713973
1947,3.357941656385561e-05
1948,4.477255541847415e-05
1949,0.00022945934651968003
1950,0.0007766794683010307
1951,0.00019028336052851513
1952,3.109205237394038e-06
1953,0.00016043499024953237
1954,0.0003003492259322641
1955,0.0004135242965734071
1956,4.974728379830461e-06
1957,0.00013369582520794364
1958,0.0001871741552911211
1959,0.00015856946710709596
1960,0.00025619851156126873
1961,0.00010136009073904565
1962,0.00012312452740080392
1963,0.00015235105663230787
1964,2.8604688184025153e-05
1965,8.14611772197238e-05
1966,2.5495482946631114e-05
1967,5.2234647988219846e-05
1968,0.000404196680861225
1969,1.9277072471843036e-05
1970,4.9125442750825804e-05
1971,2.7361006089067538e-05
1972,0.00038056672105703026
1973,1.057129780713973e-05
1974,4.104150913360131e-05
1975,3.7932303896207266e-05
1976,4.0419668086122496e-05
1977,9.825088550165161e-05
1978,0.00014240159987264695
1979,3.295757551637681e-05
1980,0.00029039976917260316
1981,3.9175985991164885e-05
1982,5.347833008317746e-05
1983,2.5495482946631114e-05
1984,0.0004290703227603773
1985,5.596569427309269e-06
1986,8.208301826720262e-05
1987,2.7982847136546344e-05
1988,0.00022199725394993433
1989,0.00036999542324989056
1990,4.974728379830461e-06
1991,4.4150714370995344e-05
1992,0.00033890337087595017
1993,8.0839336172245e-06
1994,1.1193138854618537e-05
1995,4.8503601703347e-05
1996,8.95451108369483e-05
1997,9.327615712182115e-06
1998,9.141063397938473e-05
1999,0.00015732578501213834
2000,4.974728379830461e-06
2001,0.000129342937875592
2002,7.959565407728738e-05
2003,0.00010882218330879135
2004,2.42518008516735e-05
2005,0.00011504059378357942
2006,1.4924185139491384e-05
2007,0.0002673916504158873
2008,8.14611772197238e-05
2009,3.731046284872846e-05
2010,4.974728379830461e-06
2011,8.705774664703308e-06
2012,0.00010384745492896087
2013,1.7411549329406615e-05
2014,4.352887332351654e-06
2015,2.114259561427946e-05
2016,4.104150913360131e-05
2017,5.1612806940741034e-05
2018,3.606678075377084e-05
2019,1.057129780713973e-05
2020,0.0001137969116886218
2021,0.0001050911370239185
2022,0.00020582938671548533
2023,2.114259561427946e-05
2024,0.00026179508098857804
2025,8.0839336172245e-06
2026,0.0004794394476061607
2027,8.0839336172245e-06
2028,4.725991960838938e-05
2029,1.7411549329406615e-05
2030,0.0003003492259322641
2031,0.0002841813586978151
2032,2.176443666175827e-05
2033,0.0001958799299558244
2034,2.922652923150396e-05
2035,0.00012063716321088868
2036,5.65875353205715e-05
2037,5.596569427309269e-06
2038,0.00013058661997054962
2039,0.0004303140048553349
2040,7.399908464997812e-05
2041,0.00042658295857046205
2042,0.0002269719823297648
2043,0.00039424722410156404
2044,6.094042265292315e-05
2045,4.5394396465952956e-05
2046,4.2907032276037726e-05
2047,6.653699208023242e-05
2048,0.00011504059378357942
2049,4.0419668086122496e-05
2050,3.0470211326461574e-05
2051,9.203247502686354e-05
2052,8.0839336172245e-06
2053,0.0007673518525888487
2054,8.830142874199069e-05
2055,0.0002356777569944681
2056,9.265431607434234e-05
2057,3.979782703864369e-05
2058,1.7411549329406615e-05
2059,2.114259561427946e-05
2060,4.8503601703347e-05
2061,0.0003401470529709078
2062,3.979782703864369e-05
2063,0.00010882218330879135
2064,0.00013618318939785887
2065,6.218410474788076e-06
2066,3.357941656385561e-05
2067,8.519222350459665e-05
2068,8.643590559955426e-05
2069,7.462092569745692e-06
2070,1.9277072471843036e-05
2071,6.342778684283838e-05
2072,0.00011441875273610061
2073,4.352887332351654e-06
2074,1.2436820949576152e-05
2075,2.4873641899152305e-05
2076,4.974728379830461e-06
2077,0.00011690611692601583
2078,6.218410474788076e-06
2079,0.0004495910773271779
2080,0.00014613264615751979
2081,9.327615712182115e-06
2082,0.00013618318939785887
2083,2.4873641899152306e-06
2084,4.788176065586819e-05
2085,5.783121741552911e-05
2086,0.00012747741473315556
2087,5.65875353205715e-05
2088,0.00028853424603016674
2089,9.327615712182115e-05
2090,3.482309865881323e-05
2091,3.109205237394038e-05
2092,1.2436820949576152e-05
2093,8.519222350459665e-05
2094,2.4873641899152305e-05
2095,9.576352131173638e-05
2096,2.114259561427946e-05
2097,8.519222350459665e-05
2098,0.0005198591156922832
2099,3.420125761133442e-05
2100,6.094042265292315e-05
2101,0.00015981314920205357
2102,6.218410474788077e-05
2103,4.352887332351654e-06
2104,0.00011939348111593107
2105,3.420125761133442e-05
2106,0.00031216420583436147
2107,3.109205237394038e-05
2108,2.0520754566800654e-05
2109,2.362995980419469e-05
2110,0.0001722499701516297
2111,9.887272654913041e-05
2112,4.5394396465952956e-05
2113,0.00010322561388148207
2114,0.00045954053408683886
2115,0.0003246010267839376
2116,6.529330998527481e-05
2117,8.830142874199069e-05
2118,0.00011504059378357942
2119,6.404962789031718e-05
2120,1.4924185139491384e-05
2121,7.648644883989334e-05
2122,3.171389342141919e-05
2123,3.5444939706292037e-05
2124,2.6117323994109923e-05
2125,1.803339037688542e-05
2126,1.554602618697019e-05
2127,1.4302344092012576e-05
2128,3.979782703864369e-05
2129,3.5444939706292037e-05
2130,0.000129342937875592
2131,0.00018219942691129066
2132,0.00013991423568273173
2133,3.5444939706292037e-05
2134,0.00045891869303936006
2135,0.0008158554542921956
2136,5.596569427309269e-06
2137,0.00014426712301508337
2138,0.00016540971862936285
2139,4.477255541847415e-05
2140,5.9696740557965536e-05
2141,7.462092569745692e-06
2142,3.731046284872846e-06
2143,0.0002605513988936204
2144,6.404962789031718e-05
2145,8.0839336172245e-06
2146,1.3058661997054962e-05
2147,0.00022261909499741314
2148,1.7411549329406615e-05
2149,9.949456759660922e-05
2150,0.00027858478927050585
2151,0.0005329177776893382
2152,9.825088550165161e-05
2153,0.00010322561388148207
2154,2.0520754566800654e-05
2155,5.9696740557965536e-05
2156,0.00014053607673021053
2157,0.0003333068014486409
2158,0.0001380487125402953
2159,6.653699208023242e-05
2160,0.00016416603653440523
2161,4.601623751343177e-05
2162,1.6167867234449e-05
2163,0.00011566243483105822
2164,8.394854140963903e-05
2165,4.104150913360131e-05
2166,8.705774664703308e-05
2167,0.00031092052373940385
2168,3.109205237394038e-06
2169,0.00018530863214868468
2170,0.00022261909499741314
2171,5.285648903569865e-05
2172,0.00010757850121383372
2173,0.0001287210968281132
2174,2.2386277709237075e-05
2175,0.00023194671070959525
2176,2.7361006089067538e-05
2177,0.00014302344092012576
2178,5.2234647988219846e-05
2179,2.7361006089067538e-05
2180,9.514168026425757e-05
2181,0.00019028336052851513
2182,1.3680503044533769e-05
2183,1.3058661997054962e-05
2184,0.0002823158355553787
2185,3.606678075377084e-05
2186,1.3058661997054962e-05
2187,0.00020458570462052772
2188,2.176443666175827e-05
2189,1.3680503044533769e-05
2190,0.00015172921558482907
2191,0.00022945934651968003
2192,8.643590559955426e-05
2193,2.2386277709237075e-05
2194,6.094042265292315e-05
2195,8.0839336172245e-06
2196,8.767958769451188e-05
2197,0.00010446929597643969
2198,7.462092569745692e-05
2199,1.3058661997054962e-05
2200,1.3058661997054962e-05
2201,0.00017411549329406615
2202,2.362995980419469e-05
2203,1.865523142436423e-05
2204,0.0001137969116886218
2205,1.4302344092012576e-05
2206,9.949456759660923e-06
2207,1.3680503044533769e-05
2208,0.00028107215346042107
2209,3.109205237394038e-06
2210,0.0002176443666175827
2211,0.00013369582520794364
2212,2.6117323994109923e-05
2213,2.7361006089067538e-05
2214,8.705774664703308e-06
2215,5.596569427309269e-06
2216,0.00020707306881044294
2217,7.897381302980858e-05
2218,6.342778684283838e-05
2219,7.026803836510527e-05
2220,1.6167867234449e-05
2221,5.65875353205715e-05
2222,5.036912484578342e-05
2223,3.9175985991164885e-05
2224,3.295757551637681e-05
2225,0.0001050911370239185
2226,2.176443666175827e-05
2227,6.031858160544434e-05
2228,6.404962789031718e-05
2229,2.0520754566800654e-05
2230,0.00021329147928523102
2231,0.00012561189159071914
2232,4.4150714370995344e-05
2233,4.104150913360131e-05
2234,1.057129780713973e-05
2235,0.0007008148605086162
2236,3.6688621801249655e-05
2237,3.731046284872846e-05
2238,0.00012125900425836749
2239,8.643590559955426e-05
2240,0.00027174453774823893
2241,7.213356150754168e-05
2242,0.00029226529231503957
2243,0.00028791240498268793
2244,2.4873641899152305e-05
2245,7.897381302980858e-05
2246,0.00036688621801249653
2247,0.00033765968878099256
2248,0.00022137541290245553
2249,0.00014551080511004098
2250,6.591515103275361e-05
2251,4.352887332351654e-06
2252,9.949456759660923e-06
2253,0.00014115791777768934
2254,7.462092569745692e-06
2255,6.8402515222668845e-06
2256,1.1193138854618537e-05
2257,0.00013991423568273173
2258,8.581406455207545e-05
2259,0.0001057129780713973
2260,6.8402515222668845e-06
2261,4.1663350181080114e-05
2262,7.648644883989334e-05
2263,6.778067417519003e-05
2264,0.0001716281291041509
2265,3.855414494368607e-05
2266,6.094042265292315e-05
2267,6.156226370040196e-05
2268,1.1814979902097345e-05
2269,3.171389342141919e-05
2270,6.218410474788077e-05
2271,8.0839336172245e-06
2272,1.2436820949576152e-05
2273,6.964619731762646e-05
2274,0.0007250666613602897
2275,8.208301826720262e-05
2276,6.218410474788076e-06
2277,8.705774664703308e-06
2278,0.0001946362478608668
2279,0.0002027201814780913
2280,0.00027423190193815415
2281,0.0002195098897600191
2282,0.0005099096589326222
2283,3.6688621801249655e-05
2284,4.228519122855892e-05
2285,0.00038056672105703026
2286,0.00012001532216340988
2287,9.327615712182115e-06
2288,2.3008118756715884e-05
2289,7.648644883989334e-05
2290,1.865523142436423e-05
2291,0.000498094679030525
2292,1.554602618697019e-05
2293,0.00014862001034743504
2294,9.949456759660923e-06
2295,0.0002356777569944681
2296,8.705774664703308e-06
2297,9.638536235921519e-05
2298,1.7411549329406615e-05
2299,1.6789708281927806e-05
2300,7.213356150754168e-05
2301,0.00010944402435627015
2302,2.4873641899152305e-05
2303,2.114259561427946e-05
2304,5.285648903569865e-05
2305,0.0001218808453058463
2306,0.00012312452740080392
2307,7.897381302980858e-05
2308,0.00019214888367095158
2309,6.591515103275361e-05
2310,4.1663350181080114e-05
2311,4.4150714370995344e-05
2312,2.3008118756715884e-05
2313,6.218410474788076e-06
2314,1.2436820949576152e-05
2315,0.0001797120627213754
2316,4.2907032276037726e-05
2317,7.399908464997812e-05
2318,0.00037807935686711504
2319,0.0001623005133919688
2320,7.026803836510527e-05
2321,9.825088550165161e-05
2322,0.0003152734110717555
2323,1.4924185139491384e-05
2324,6.840251522266884e-05
2325,0.00042720479961794086
2326,7.399908464997812e-05
2327,2.9848370278982768e-05
2328,4.2907032276037726e-05
2329,1.4924185139491384e-05
2330,0.0001877959963385999
2331,4.601623751343177e-05
2332,9.451983921677876e-05
2333,9.327615712182115e-05
2334,0.0006230847295737653
2335,0.00013556134835038006
2336,1.4302344092012576e-05
2337,6.778067417519003e-05
2338,1.3680503044533769e-05
2339,0.00017287181119910852
2340,1.4924185139491384e-05
2341,5.4100171130656263e-05
2342,6.653699208023242e-05
2343,4.0419668086122496e-05
2344,0.00013680503044533767
2345,4.974728379830461e-06
2346,1.6167867234449e-05
2347,5.347833008317746e-05
2348,1.803339037688542e-05
2349,0.00023692143908942573
2350,0.0001716281291041509
2351,0.0002580640347037052
2352,0.00011939348111593107
2353,0.00010260377283400326
2354,3.731046284872846e-06
2355,7.648644883989334e-05
2356,0.0005186154335973256
2357,0.00010136009073904565
2358,3.0470211326461574e-05
2359,9.887272654913041e-05
2360,0.0002275938233772436
2361,3.5444939706292037e-05
2362,8.705774664703308e-05
2363,7.337724360249931e-05
2364,8.705774664703308e-05
2365,2.176443666175827e-05
2366,5.099096589326223e-05
2367,2.2386277709237075e-05
2368,0.00013120846101802842
2369,0.0003177607752616707
2370,2.4873641899152306e-06
2371,1.803339037688542e-05
2372,8.0839336172245e-06
2373,9.451983921677876e-05
2374,0.00011504059378357942
2375,3.979782703864369e-05
2376,0.00015608210291718073
2377,8.0839336172245e-06
2378,0.00010384745492896087
2379,2.8604688184025153e-05
2380,9.389799816929995e-05
2381,1.803339037688542e-05
2382,5.783121741552911e-05
2383,3.606678075377084e-05
2384,4.352887332351654e-06
2385,0.00011255322959366418
2386,0.000342634417160823
2387,4.352887332351654e-06
2388,6.715883312771122e-05
2389,4.974728379830461e-06
2390,0.00012436820949576153
2391,0.00020645122776296413
2392,8.767958769451188e-05
2393,3.855414494368607e-05
2394,5.596569427309269e-06
2395,0.00011068770645122776
2396,3.295757551637681e-05
2397,0.0005615224658733633
2398,0.00012499005054324034
2399,3.109205237394038e-06
2400,1.865523142436423e-05
2401,0.000795334699725395
2402,0.0001790902216738966
2403,3.0470211326461574e-05
2404,1.865523142436423e-06
2405,0.00017473733434154496
2406,4.974728379830461e-06
2407,6.218410474788076e-06
2408,0.000980021490826601
2409,9.949456759660923e-06
2410,8.705774664703308e-05
2411,1.1814979902097345e-05
2412,7.648644883989334e-05
2413,0.00029537449755243366
2414,9.949456759660923e-06
2415,0.0001703844470091933
2416,6.218410474788076e-06
2417,5.9696740557965536e-05
2418,3.420125761133442e-05
2419,4.974728379830461e-06
2420,3.357941656385561e-05
2421,1.3680503044533769e-05
2422,5.099096589326223e-05
2423,5.1612806940741034e-05
2424,0.00019277072471843038
2425,1.6167867234449e-05
2426,1.9898913519321845e-05
2427,5.596569427309269e-06
2428,1.6167867234449e-05
2429,4.2907032276037726e-05
2430,0.00026366060413101445
2431,7.462092569745692e-06
2432,5.65875353205715e-05
2433,0.0001380487125402953
2434,5.596569427309269e-05
2435,5.1612806940741034e-05
2436,9.327615712182115e-05
2437,1.865523142436423e-05
2438,0.00013058661997054962
2439,3.6688621801249655e-05
2440,2.2386277709237075e-05
2441,2.673916504158873e-05
2442,3.109205237394038e-06
2443,5.534385322561388e-05
2444,4.352887332351654e-06
2445,3.109205237394038e-06
2446,1.2436820949576152e-05
2447,8.830142874199069e-05
2448,4.352887332351654e-06
2449,0.00011255322959366418
2450,1.7411549329406615e-05
2451,0.00011068770645122776
2452,5.347833008317746e-05
2453,3.109205237394038e-06
2454,1.6167867234449e-05
2455,0.0003917598599116488
2456,0.00014115791777768934
2457,4.601623751343177e-05
2458,0.00015110737453735026
2459,0.0002605513988936204
2460,0.00013991423568273173
2461,0.00011939348111593107
2462,0.00012312452740080392
2463,0.00026303876308353565
2464,8.95451108369483e-05
2465,5.4722012178135076e-05
2466,2.2386277709237075e-05
2467,2.4873641899152306e-06
2468,3.420125761133442e-05
2469,1.7411549329406615e-05
2470,2.673916504158873e-05
2471,5.285648903569865e-05
2472,0.0005298085724519441
2473,1.057129780713973e-05
2474,1.6167867234449e-05
2475,0.00016478787758188404
2476,0.00044399450789986867
2477,8.0839336172245e-06
2478,5.2234647988219846e-05
2479,8.705774664703308e-06
2480,6.840251522266884e-05
2481,8.021749512476619e-05
2482,4.104150913360131e-05
2483,6.4671468937796e-05
2484,5.7209376368050306e-05
2485,0.00014240159987264695
2486,3.5444939706292037e-05
2487,7.462092569745692e-06
2488,0.00014177975882516815
2489,1.6167867234449e-05
2490,0.00013058661997054962
2491,1.3680503044533769e-05
2492,8.394854140963903e-05
2493,6.840251522266884e-05
2494,2.0520754566800654e-05
2495,5.099096589326223e-05
2496,8.14611772197238e-05
2497,3.109205237394038e-05
2498,0.00028915608707764554
2499,0.00017411549329406615
2500,0.00015546026186970193
2501,6.902435627014766e-05
2502,0.00012001532216340988
2503,8.332670036216023e-05
2504,9.949456759660923e-06
2505,3.2335734468898e-05
2506,8.705774664703308e-06
2507,1.6789708281927806e-05
2508,0.00010198193178652446
2509,1.7411549329406615e-05
2510,6.218410474788076e-06
2511,3.9175985991164885e-05
2512,0.00010944402435627015
2513,0.00014862001034743504
2514,0.00011877164006845227
2515,5.9696740557965536e-05
2516,0.0001803339037688542
2517,8.270485931468142e-05
2518,1.803339037688542e-05
2519,0.00014862001034743504
2520,0.00020520754566800652
2521,6.218410474788076e-06
2522,0.00028107215346042107
2523,3.109205237394038e-05
2524,1.1193138854618537e-05
2525,0.000129342937875592
2526,0.000194014406813388
2527,6.591515103275361e-05
2528,2.7982847136546344e-05
2529,0.00015919130815457476
2530,1.865523142436423e-05
2531,4.477255541847415e-05
2532,0.00021577884347514625
2533,3.109205237394038e-06
2534,0.00020893859195287938
2535,0.00035320571496796275
2536,0.000129342937875592
2537,0.00021577884347514625
2538,6.156226370040196e-05
2539,8.14611772197238e-05
2540,5.285648903569865e-05
2541,4.725991960838938e-05
2542,3.357941656385561e-05
2543,5.845305846300792e-05
2544,0.00010260377283400326
2545,0.00029164345126756077
2546,6.218410474788077e-05
2547,2.176443666175827e-05
2548,2.2386277709237075e-05
2549,1.554602618697019e-05
2550,4.477255541847415e-05
2551,0.0001218808453058463
2552,1.7411549329406615e-05
2553,1.4924185139491384e-05
2554,0.00018966151948103632
2555,3.295757551637681e-05
2556,3.2335734468898e-05
2557,0.00014551080511004098
2558,1.1193138854618537e-05
2559,0.0004775739244637243
2560,2.9848370278982768e-05
2561,3.0470211326461574e-05
2562,0.000177846539578939
2563,2.9848370278982768e-05
2564,0.00016665340072432046
2565,3.109205237394038e-06
2566,5.845305846300792e-05
2567,6.218410474788076e-06
2568,0.00012063716321088868
2569,7.773013093485096e-05
2570,0.00011566243483105822
2571,1.4302344092012576e-05
2572,8.705774664703308e-06
2573,3.731046284872846e-06
2574,3.731046284872846e-06
2575,9.327615712182115e-06
2576,0.0002711226967007601
2577,4.352887332351654e-05
2578,1.554602618697019e-05
2579,0.00014986369244239265
2580,4.8503601703347e-05
2581,5.783121741552911e-05
2582,0.0001299647789230708
2583,0.00019961097624069727
2584,0.00012561189159071914
2585,1.865523142436423e-05
2586,0.0003301975962112469
2587,9.7007203406694e-05
2588,0.00011130954749870657
2589,5.534385322561388e-05
2590,4.974728379830461e-06
2591,0.0002033420225255701
2592,0.00010384745492896087
2593,5.534385322561388e-05
2594,0.0002872905639352091
2595,5.036912484578342e-05
2596,8.0839336172245e-06
2597,5.036912484578342e-05
2598,7.648644883989334e-05
2599,9.327615712182115e-06
2600,4.974728379830461e-05
2601,2.7982847136546344e-05
2602,0.00020769490985792175
2603,1.865523142436423e-06
2604,0.00012125900425836749
2605,7.897381302980858e-05
2606,2.9848370278982768e-05
2607,5.9696740557965536e-05
2608,6.218410474788076e-06
2609,6.715883312771122e-05
2610,2.176443666175827e-05
2611,1.7411549329406615e-05
2612,0.00021577884347514625
2613,1.6789708281927806e-05
2614,6.715883312771122e-05
2615,2.0520754566800654e-05
2616,3.731046284872846e-06
2617,6.902435627014766e-05
2618,1.3058661997054962e-05
2619,8.705774664703308e-06
2620,0.00013991423568273173
2621,8.95451108369483e-05
2622,3.6688621801249655e-05
2623,4.974728379830461e-06
2624,2.7361006089067538e-05
2625,7.462092569745692e-06
2626,1.865523142436423e-05
2627,3.731046284872846e-06
2628,2.6117323994109923e-05
2629,4.352887332351654e-05
2630,3.109205237394038e-06
2631,4.352887332351654e-06
2632,8.0839336172245e-06
2633,0.00011255322959366418
2634,8.083933617224499e-05
2635,2.8604688184025153e-05
2636,1.1814979902097345e-05
2637,3.731046284872846e-06
2638,0.0001716281291041509
2639,1.2436820949576152e-05
2640,4.228519122855892e-05
2641,5.1612806940741034e-05
2642,0.0001877959963385999
2643,3.731046284872846e-06
2644,3.109205237394038e-06
2645,3.482309865881323e-05
2646,2.5495482946631114e-05
2647,2.9848370278982768e-05
2648,4.352887332351654e-06
2649,4.477255541847415e-05
2650,0.0006666136028972818
2651,0.00022199725394993433
2652,0.0001137969116886218
2653,0.00035258387392048395
2654,0.00013680503044533767
2655,0.0001859304731961635
2656,9.451983921677876e-05
2657,8.705774664703308e-06
2658,6.218410474788076e-06
2659,8.705774664703308e-05
2660,0.00022883750547220122
2661,7.213356150754168e-05
2662,3.109205237394038e-06
2663,0.00038243224419946673
2664,0.00026179508098857804
2665,0.00023443407489951047
2666,1.1814979902097345e-05
2667,3.731046284872846e-06
2668,0.0005621443069208421
2669,0.00022883750547220122
2670,0.00014613264615751979
2671,5.285648903569865e-05
2672,3.109205237394038e-06
2673,3.482309865881323e-05
2674,3.109205237394038e-05
2675,4.6638078560910574e-05
2676,8.519222350459665e-05
2677,0.00013493950730290126
2678,0.00019214888367095158
2679,5.596569427309269e-06
2680,0.0002537111473713535
2681,4.1663350181080114e-05
2682,0.00013120846101802842
2683,3.109205237394038e-06
2684,2.114259561427946e-05
2685,0.0003146515700242767
2686,3.979782703864369e-05
2687,3.482309865881323e-05
2688,4.6638078560910574e-05
2689,4.228519122855892e-05
2690,1.6167867234449e-05
2691,0.00032149182154654355
2692,0.00010136009073904565
2693,3.295757551637681e-05
2694,0.00013058661997054962
2695,9.389799816929995e-05
2696,7.586460779241453e-05
2697,7.026803836510527e-05
2698,0.00013245214311298603
2699,8.0839336172245e-06
2700,6.4671468937796e-05
2701,9.825088550165161e-05
2702,0.00026117323994109923
2703,0.00023132486966211645
2704,3.855414494368607e-05
2705,0.0002530893063238747
2706,8.14611772197238e-05
2707,7.897381302980858e-05
2708,3.855414494368607e-05
2709,1.4924185139491384e-05
2710,7.213356150754168e-05
2711,2.362995980419469e-05
2712,7.710828988737214e-05
2713,2.362995980419469e-05
2714,7.462092569745692e-06
2715,9.638536235921519e-05
2716,3.295757551637681e-05
2717,0.0001722499701516297
2718,0.00014986369244239265
2719,0.00021453516138018864
2720,0.00014613264615751979
2721,6.280594579535957e-05
2722,0.00010446929597643969
2723,2.7982847136546344e-05
2724,1.4924185139491384e-05
2725,8.705774664703308e-05
2726,1.3680503044533769e-05
2727,0.00015297289767978668
2728,7.399908464997812e-05
2729,0.00020458570462052772
2730,2.4873641899152306e-06
2731,1.057129780713973e-05
2732,0.0002711226967007601
2733,4.8503601703347e-05
2734,0.00017598101643650257
2735,3.731046284872846e-06
2736,0.00012623373263819795
2737,0.00019152704262347277
2738,7.088987941258407e-05
2739,0.00021702252557010386
2740,0.0005018257253153978
2741,2.362995980419469e-05
2742,0.0002027201814780913
2743,3.9175985991164885e-05
2744,4.352887332351654e-05
2745,1.1193138854618537e-05
2746,8.95451108369483e-05
2747,3.606678075377084e-05
2748,5.347833008317746e-05
2749,6.778067417519003e-05
2750,0.0005689845584431091
2751,0.00020893859195287938
2752,3.171389342141919e-05
2753,7.462092569745692e-05
2754,8.0839336172245e-06
2755,0.00023381223385203167
2756,1.4924185139491384e-05
2757,2.7361006089067538e-05
2758,8.705774664703308e-06
2759,2.5495482946631114e-05
2760,3.7932303896207266e-05
2761,5.534385322561388e-05
2762,4.0419668086122496e-05
2763,0.00012063716321088868
2764,3.0470211326461574e-05
2765,4.352887332351654e-05
2766,3.731046284872846e-06
2767,0.00013867055358777412
2768,0.00030345843116965813
2769,9.514168026425757e-05
2770,4.6638078560910574e-05
2771,4.788176065586819e-05
2772,3.731046284872846e-06
2773,0.00015670394396465954
2774,1.9898913519321845e-05
2775,3.0470211326461574e-05
2776,0.00017722469853146018
2777,8.705774664703308e-06
2778,8.705774664703308e-06
2779,4.352887332351654e-05
2780,0.000498094679030525
2781,1.4302344092012576e-05
2782,1.554602618697019e-05
2783,0.0002269719823297648
2784,7.151172046006288e-05
2785,8.705774664703308e-06
2786,4.2907032276037726e-05
2787,2.9848370278982768e-05
2788,2.8604688184025153e-05
2789,3.979782703864369e-05
2790,6.280594579535957e-05
2791,0.00017598101643650257
2792,8.519222350459665e-05
2793,1.2436820949576152e-05
2794,4.352887332351654e-06
2795,4.974728379830461e-05
2796,7.524276674493573e-05
2797,0.00022510645918732836
2798,4.228519122855892e-05
2799,0.0001548384208222231
2800,6.156226370040196e-05
2801,5.783121741552911e-05
2802,0.0005845305846300791
2803,9.265431607434234e-05
2804,8.270485931468142e-05
2805,2.9848370278982768e-05
2806,3.482309865881323e-05
2807,1.3058661997054962e-05
2808,3.420125761133442e-05
2809,8.767958769451188e-05
2810,0.00019836729414573963
2811,7.462092569745692e-06
2812,1.6167867234449e-05
2813,0.0001218808453058463
2814,0.00011255322959366418
2815,0.000371860946392327
2816,3.731046284872846e-06
2817,3.731046284872846e-06
2818,0.00016105683129701118
2819,2.114259561427946e-05
2820,8.643590559955426e-05
2821,3.0470211326461574e-05
2822,2.42518008516735e-05
2823,0.0008046623154375771
2824,9.01669518844271e-05
2825,7.026803836510527e-05
2826,9.389799816929995e-05
2827,2.5495482946631114e-05
2828,4.8503601703347e-05
2829,4.9125442750825804e-05
2830,0.00014053607673021053
2831,6.840251522266884e-05
2832,8.581406455207545e-05
2833,2.0520754566800654e-05
2834,8.457038245711784e-05
2835,2.922652923150396e-05
2836,2.176443666175827e-05
2837,7.648644883989334e-05
2838,8.705774664703308e-06
2839,5.285648903569865e-05
2840,8.208301826720262e-05
2841,1.4302344092012576e-05
2842,0.00024065248537429856
2843,5.285648903569865e-05
2844,0.00026179508098857804
2845,3.855414494368607e-05
2846,1.057129780713973e-05
2847,9.265431607434234e-05
2848,0.00017411549329406615
2849,9.949456759660923e-06
2850,5.347833008317746e-05
2851,0.00020582938671548533
2852,6.529330998527481e-05
2853,7.959565407728738e-05
2854,2.922652923150396e-05
2855,2.176443666175827e-05
2856,7.462092569745692e-06
2857,7.462092569745692e-06
2858,1.057129780713973e-05
2859,4.352887332351654e-06
2860,2.4873641899152306e-06
2861,8.270485931468142e-05
2862,5.2234647988219846e-05
2863,0.00013369582520794364
2864,2.673916504158873e-05
2865,9.203247502686354e-05
2866,9.01669518844271e-05
2867,7.337724360249931e-05
2868,5.7209376368050306e-05
2869,7.835197198232977e-05
2870,0.0001380487125402953
2871,0.00019090520157599396
2872,2.6117323994109923e-05
2873,2.7982847136546344e-05
2874,6.218410474788076e-06
2875,7.399908464997812e-05
2876,4.9125442750825804e-05
2877,8.643590559955426e-05
2878,0.00026179508098857804
2879,0.00029102161022008196
2880,0.00023194671070959525
2881,3.109205237394038e-06
2882,8.0839336172245e-06
2883,6.840251522266884e-05
2884,9.327615712182115e-06
2885,6.280594579535957e-05
2886,7.524276674493573e-05
2887,7.462092569745692e-06
2888,1.1193138854618537e-05
2889,1.554602618697019e-05
2890,8.705774664703308e-06
2891,7.959565407728738e-05
2892,1.1814979902097345e-05
2893,0.0001629223544394476
2894,3.0470211326461574e-05
2895,0.00012561189159071914
2896,4.5394396465952956e-05
2897,0.00011814979902097346
2898,8.581406455207545e-05
2899,1.3058661997054962e-05
2900,0.00017660285748398138
2901,0.00011877164006845227
2902,5.347833008317746e-05
2903,2.6117323994109923e-05
2904,0.00029661817964739127
2905,0.00031092052373940385
2906,1.803339037688542e-05
2907,0.0002027201814780913
2908,2.4873641899152306e-06
2909,0.00023381223385203167
2910,2.4873641899152306e-06
2911,0.0006765630596569427
2912,1.2436820949576152e-05
2913,0.0003096768416444462
2914,6.218410474788076e-06
2915,1.554602618697019e-05
2916,0.0003326849604011621
2917,1.057129780713973e-05
2918,0.00011441875273610061
2919,3.109205237394038e-06
2920,4.352887332351654e-06
2921,2.176443666175827e-05
2922,4.788176065586819e-05
2923,2.362995980419469e-05
2924,0.00024251800851673498
2925,2.4873641899152306e-06
2926,1.1193138854618537e-05
2927,2.3008118756715884e-05
2928,3.109205237394038e-05
2929,0.00020023281728817608
2930,3.109205237394038e-06
2931,3.482309865881323e-05
2932,0.00010633481911887611
2933,3.606678075377084e-05
2934,1.9898913519321845e-05
2935,3.731046284872846e-06
2936,8.0839336172245e-06
2937,3.6688621801249655e-05
2938,0.0002195098897600191
2939,4.352887332351654e-06
2940,0.0001218808453058463
2941,6.8402515222668845e-06
2942,1.865523142436423e-05
2943,0.00014551080511004098
2944,6.280594579535957e-05
2945,1.1814979902097345e-05
2946,7.462092569745692e-06
2947,0.0005298085724519441
2948,3.109205237394038e-06
2949,0.00013680503044533767
2950,2.2386277709237075e-05
2951,9.327615712182115e-06
2952,5.845305846300792e-05
2953,6.031858160544434e-05
2954,0.0001542165797747443
2955,0.00017349365224658735
2956,0.00017473733434154496
2957,2.362995980419469e-05
2958,0.0008027967922951407
2959,0.00020707306881044294
2960,7.710828988737214e-05
2961,3.9175985991164885e-05
2962,3.295757551637681e-05
2963,0.0002673916504158873
2964,4.352887332351654e-06
2965,1.4302344092012576e-05
2966,0.00018095574481633302
2967,1.7411549329406615e-05
2968,3.2335734468898e-05
2969,8.0839336172245e-06
2970,0.00011877164006845227
2971,3.357941656385561e-05
2972,4.974728379830461e-06
2973,8.95451108369483e-05
2974,8.705774664703308e-06
2975,8.083933617224499e-05
2976,5.596569427309269e-06
2977,2.4873641899152305e-05
2978,4.974728379830461e-06
2979,3.979782703864369e-05
2980,3.731046284872846e-06
2981,2.114259561427946e-05
2982,8.021749512476619e-05
2983,3.731046284872846e-06
2984,3.606678075377084e-05
2985,0.00020769490985792175
2986,8.89232697894695e-05
2987,0.00017722469853146018
2988,0.00023194671070959525
2989,7.026803836510527e-05
2990,2.5495482946631114e-05
2991,0.00024127432642177737
2992,3.420125761133442e-05
2993,5.036912484578342e-05
2994,7.835197198232977e-05
2995,3.109205237394038e-06
2996,4.1663350181080114e-05
2997,1.7411549329406615e-05
2998,1.3680503044533769e-05
2999,6.840251522266884e-05
3000,4.228519122855892e-05
3001,2.3008118756715884e-05
3002,0.00013058661997054962
3003,3.109205237394038e-05
3004,0.00011690611692601583
3005,7.959565407728738e-05
3006,0.00039673458829147927
3007,4.477255541847415e-05
3008,0.0002114259561427946
3009,1.057129780713973e-05
3010,0.00021702252557010386
3011,1.057129780713973e-05
3012,3.2335734468898e-05
3013,2.6117323994109923e-05
3014,0.00015048553348987145
3015,0.00032273550364150116
3016,2.176443666175827e-05
3017,9.949456759660923e-06
3018,0.00013307398416046484
3019,3.109205237394038e-06
3020,2.8604688184025153e-05
3021,3.109205237394038e-06
3022,6.218410474788076e-06
3023,0.00014240159987264695
3024,6.8402515222668845e-06
3025,0.00037807935686711504
3026,8.0839336172245e-06
3027,0.00013618318939785887
3028,2.5495482946631114e-05
3029,3.606678075377084e-05
3030,0.00016043499024953237
3031,4.974728379830461e-06
3032,4.352887332351654e-06
3033,3.731046284872846e-06
3034,3.109205237394038e-06
3035,4.788176065586819e-05
3036,4.2907032276037726e-05
3037,0.0001884178373860787
3038,2.7361006089067538e-05
3039,8.643590559955426e-05
3040,9.949456759660923e-06
3041,1.865523142436423e-05
3042,3.482309865881323e-05
3043,3.482309865881323e-05
3044,0.00017287181119910852
3045,2.922652923150396e-05
3046,3.109205237394038e-06
3047,2.42518008516735e-05
3048,1.3680503044533769e-05
3049,4.1663350181080114e-05
3050,7.337724360249931e-05
3051,7.835197198232977e-05
3052,8.270485931468142e-05
3053,0.0004962291558880885
3054,3.109205237394038e-06
3055,2.922652923150396e-05
3056,2.922652923150396e-05
3057,1.9898913519321845e-05
3058,4.974728379830461e-06
3059,6.653699208023242e-05
3060,1.6789708281927806e-05
3061,6.280594579535957e-05
3062,0.00015732578501213834
3063,2.673916504158873e-05
3064,0.00010073824969156684
3065,8.394854140963903e-05
3066,0.0001703844470091933
3067,4.974728379830461e-06
3068,7.026803836510527e-05
3069,0.0004701118318939786
3070,1.554602618697019e-05
3071,1.3058661997054962e-05
3072,0.00010260377283400326
3073,0.00013493950730290126
3074,1.3058661997054962e-05
3075,4.352887332351654e-05
3076,9.451983921677876e-05
3077,3.2335734468898e-05
3078,2.0520754566800654e-05
3079,0.00011628427587853703
3080,7.835197198232977e-05
3081,1.1814979902097345e-05
3082,0.00010820034226131253
3083,2.42518008516735e-05
3084,9.141063397938473e-05
3085,6.280594579535957e-05
3086,1.554602618697019e-05
3087,1.803339037688542e-05
3088,0.00010322561388148207
3089,4.352887332351654e-06
3090,4.8503601703347e-05
3091,4.228519122855892e-05
3092,4.228519122855892e-05
3093,3.109205237394038e-06
3094,2.114259561427946e-05
3095,6.8402515222668845e-06
3096,0.00013680503044533767
3097,0.00013245214311298603
3098,7.710828988737214e-05
3099,4.352887332351654e-05
3100,6.8402515222668845e-06
3101,2.362995980419469e-05
3102,2.7361006089067538e-05
3103,0.00015856946710709596
3104,4.0419668086122496e-05
3105,1.057129780713973e-05
3106,3.6688621801249655e-05
3107,8.394854140963903e-05
3108,0.00017473733434154496
3109,9.76290444541728e-05
3110,8.705774664703308e-06
3111,0.00014986369244239265
3112,1.6167867234449e-05
3113,2.7982847136546344e-05
3114,4.352887332351654e-06
3115,3.606678075377084e-05
3116,0.00012747741473315556
3117,8.705774664703308e-06
3118,1.7411549329406615e-05
3119,4.352887332351654e-06
3120,0.00024003064432681975
3121,7.524276674493573e-05
3122,9.825088550165161e-05
3123,0.00014613264615751979
3124,8.643590559955426e-05
3125,1.865523142436423e-05
3126,3.979782703864369e-05
3127,1.1193138854618537e-05
3128,2.673916504158873e-05
3129,3.109205237394038e-06
3130,0.00027298821984319654
3131,4.352887332351654e-06
3132,5.596569427309269e-06
3133,1.6167867234449e-05
3134,3.2335734468898e-05
3135,0.00037807935686711504
3136,1.3058661997054962e-05
3137,0.0003401470529709078
3138,1.865523142436423e-05
3139,4.974728379830461e-06
3140,0.00029661817964739127
3141,5.1612806940741034e-05
3142,3.295757551637681e-05
3143,9.949456759660923e-06
3144,4.974728379830461e-06
3145,0.0001050911370239185
3146,4.352887332351654e-06
3147,3.6688621801249655e-05
3148,5.7209376368050306e-05
3149,0.00029599633859991246
3150,2.362995980419469e-05
3151,3.731046284872846e-05
3152,4.352887332351654e-06
3153,1.865523142436423e-05
3154,7.462092569745692e-06
3155,8.0839336172245e-06
3156,9.638536235921519e-05
3157,1.3058661997054962e-05
3158,0.00024562721375412903
3159,0.0002543329884188323
3160,0.00027485374298563296
3161,0.0003022147490747005
3162,0.00024562721375412903
3163,0.0004328013690452501
3164,2.4873641899152305e-05
3165,3.731046284872846e-05
3166,9.949456759660923e-06
3167,3.9175985991164885e-05
3168,0.00012809925578063437
3169,0.0001797120627213754
3170,6.342778684283838e-05
3171,8.0839336172245e-06
3172,2.176443666175827e-05
3173,8.705774664703308e-05
3174,0.0003152734110717555
3175,1.1814979902097345e-05
3176,5.347833008317746e-05
3177,9.389799816929995e-05
3178,3.855414494368607e-05
3179,3.295757551637681e-05
3180,0.00035196203287300514
3181,9.76290444541728e-05
3182,2.9848370278982768e-05
3183,1.803339037688542e-05
3184,0.00023194671070959525
3185,0.0002667698093684085
3186,1.6167867234449e-05
3187,1.1193138854618537e-05
3188,6.404962789031718e-05
3189,1.057129780713973e-05
3190,4.1663350181080114e-05
3191,0.00014737632825247743
3192,1.1193138854618537e-05
3193,0.00010446929597643969
3194,0.00020520754566800652
3195,1.9277072471843036e-05
3196,1.1193138854618537e-05
3197,3.731046284872846e-06
3198,0.00014426712301508337
3199,0.00011441875273610061
3200,3.109205237394038e-06
3201,2.0520754566800654e-05
3202,2.3008118756715884e-05
3203,4.974728379830461e-06
3204,4.1663350181080114e-05
3205,3.606678075377084e-05
3206,7.462092569745692e-06
3207,8.394854140963903e-05
3208,1.7411549329406615e-05
3209,4.4150714370995344e-05
3210,4.352887332351654e-06
3211,2.922652923150396e-05
3212,0.00014737632825247743
3213,9.949456759660923e-06
3214,3.109205237394038e-06
3215,1.3058661997054962e-05
3216,0.00031154236478688266
3217,5.65875353205715e-05
3218,6.8402515222668845e-06
3219,9.327615712182115e-06
3220,2.7361006089067538e-05
3221,0.00015110737453735026
3222,3.7932303896207266e-05
3223,0.00027423190193815415
3224,5.783121741552911e-05
3225,9.389799816929995e-05
3226,4.0419668086122496e-05
3227,4.352887332351654e-06
3228,0.0002437616906116926
3229,8.0839336172245e-06
3230,8.89232697894695e-05
3231,3.7932303896207266e-05
3232,3.979782703864369e-05
3233,8.643590559955426e-05
3234,0.0002680134914633661
3235,0.00015919130815457476
3236,8.705774664703308e-06
3237,5.907489951048673e-05
3238,0.00015110737453735026
3239,9.265431607434234e-05
3240,5.9696740557965536e-05
3241,9.327615712182115e-06
3242,0.00016105683129701118
3243,2.0520754566800654e-05
3244,5.7209376368050306e-05
3245,0.00014799816929995623
3246,0.0002020983404306125
3247,7.275540255502049e-05
3248,3.731046284872846e-06
3249,4.8503601703347e-05
3250,6.8402515222668845e-06
3251,3.9175985991164885e-05
3252,2.362995980419469e-05
3253,4.352887332351654e-06
3254,4.8503601703347e-05
3255,5.4100171130656263e-05
3256,9.141063397938473e-05
3257,7.648644883989334e-05
3258,2.176443666175827e-05
3259,8.0839336172245e-06
3260,4.974728379830461e-06
3261,0.00022510645918732836
3262,1.1814979902097345e-05
3263,1.057129780713973e-05
3264,7.462092569745692e-06
3265,2.673916504158873e-05
3266,7.462092569745692e-06
3267,3.109205237394038e-06
3268,4.352887332351654e-06
3269,2.9848370278982768e-05
3270,1.554602618697019e-05
3271,1.1814979902097345e-05
3272,4.352887332351654e-06
3273,3.171389342141919e-05
3274,0.0001790902216738966
3275,0.00016416603653440523
3276,4.6638078560910574e-05
3277,4.228519122855892e-05
3278,4.974728379830461e-06
3279,5.4100171130656263e-05
3280,9.949456759660923e-06
3281,9.825088550165161e-05
3282,0.00022821566442472242
3283,6.591515103275361e-05
3284,5.65875353205715e-05
3285,4.974728379830461e-06
3286,5.099096589326223e-05
3287,4.974728379830461e-06
3288,0.00011628427587853703
3289,1.3680503044533769e-05
3290,0.00011814979902097346
3291,1.2436820949576152e-05
3292,9.949456759660923e-06
3293,2.6117323994109923e-05
3294,9.949456759660923e-06
3295,1.057129780713973e-05
3296,8.705774664703308e-05
3297,8.89232697894695e-05
3298,4.352887332351654e-06
3299,9.141063397938473e-05
3300,1.1193138854618537e-05
3301,3.855414494368607e-05
3302,7.586460779241453e-05
3303,3.109205237394038e-06
3304,0.0001380487125402953
3305,6.342778684283838e-05
3306,1.9898913519321845e-05
3307,5.845305846300792e-05
3308,0.0001287210968281132
3309,1.7411549329406615e-05
3310,3.109205237394038e-06
3311,7.026803836510527e-05
3312,2.7361006089067538e-05
3313,0.00015732578501213834
3314,3.6688621801249655e-05
3315,3.2335734468898e-05
3316,2.6117323994109923e-05
3317,3.9175985991164885e-05
3318,9.949456759660923e-06
3319,5.2234647988219846e-05
3320,0.0001635441954869264
3321,7.337724360249931e-05
3322,1.4302344092012576e-05
3323,4.601623751343177e-05
3324,5.783121741552911e-05
3325,0.00011939348111593107
3326,2.5495482946631114e-05
3327,6.280594579535957e-05
3328,8.767958769451188e-05
3329,5.2234647988219846e-05
3330,2.42518008516735e-05
3331,9.327615712182115e-05
3332,1.2436820949576152e-05
3333,2.9848370278982768e-05
3334,0.00027236637879571773
3335,3.109205237394038e-06
3336,1.803339037688542e-05
3337,2.7361006089067538e-05
3338,3.5444939706292037e-05
3339,1.2436820949576152e-05
3340,1.6789708281927806e-05
3341,3.0470211326461574e-05
3342,0.00023692143908942573
3343,2.922652923150396e-05
3344,0.00016416603653440523
3345,0.00015732578501213834
3346,2.0520754566800654e-05
3347,4.974728379830461e-06
3348,3.109205237394038e-06
3349,0.0002275938233772436
3350,4.352887332351654e-06
3351,2.922652923150396e-05
3352,1.6167867234449e-05
3353,6.653699208023242e-05
3354,2.4873641899152306e-06
3355,1.9277072471843036e-05
3356,5.783121741552911e-05
3357,0.0002593077167986628
3358,0.0002027201814780913
3359,8.0839336172245e-06
3360,4.352887332351654e-06
3361,5.65875353205715e-05
3362,3.109205237394038e-06
3363,1.803339037688542e-05
3364,2.176443666175827e-05
3365,2.114259561427946e-05
3366,2.922652923150396e-05
3367,8.0839336172245e-06
3368,2.176443666175827e-05
3369,8.519222350459665e-05
3370,4.6638078560910574e-05
3371,0.00010322561388148207
3372,6.404962789031718e-05
3373,1.3058661997054962e-05
3374,1.803339037688542e-05
3375,3.295757551637681e-05
3376,1.865523142436423e-05
3377,2.0520754566800654e-05
3378,1.865523142436423e-05
3379,3.109205237394038e-06
3380,5.596569427309269e-06
3381,1.7411549329406615e-05
3382,8.0839336172245e-06
3383,0.00024811457794404426
3384,6.218410474788076e-06
3385,3.7932303896207266e-05
3386,2.2386277709237075e-05
3387,1.6789708281927806e-05
3388,2.176443666175827e-05
3389,8.0839336172245e-06
3390,0.00012561189159071914
3391,3.109205237394038e-06
3392,5.285648903569865e-05
3393,3.0470211326461574e-05
3394,5.4100171130656263e-05
3395,2.0520754566800654e-05
3396,0.00019214888367095158
3397,0.000194014406813388
3398,2.7982847136546344e-05
3399,7.773013093485096e-05
3400,2.176443666175827e-05
3401,5.2234647988219846e-05
3402,1.4924185139491384e-05
3403,5.1612806940741034e-05
3404,6.529330998527481e-05
3405,5.596569427309269e-06
3406,5.534385322561388e-05
3407,1.6789708281927806e-05
3408,1.3058661997054962e-05
3409,2.0520754566800654e-05
3410,3.2335734468898e-05
3411,0.00015981314920205357
3412,0.00016043499024953237
3413,0.00015732578501213834
3414,0.00015981314920205357
3415,0.00015732578501213834
3416,0.00015856946710709596
3417,0.00015670394396465954
3418,9.327615712182115e-06
3419,1.4924185139491384e-05
3420,0.00011877164006845227
3421,6.218410474788076e-06
3422,1.057129780713973e-05
3423,9.576352131173638e-05
3424,8.519222350459665e-05
3425,7.710828988737214e-05
3426,4.2907032276037726e-05
3427,9.576352131173638e-05
3428,6.840251522266884e-05
3429,1.2436820949576152e-05
3430,9.327615712182115e-05
3431,3.7932303896207266e-05
3432,6.8402515222668845e-06
3433,9.825088550165161e-05
3434,4.8503601703347e-05
3435,5.285648903569865e-05
3436,6.8402515222668845e-06
3437,4.9125442750825804e-05
3438,1.3680503044533769e-05
3439,7.462092569745692e-06
3440,6.964619731762646e-05
3441,4.9125442750825804e-05
3442,0.0005167499104548892
3443,6.218410474788076e-06
3444,1.803339037688542e-05
3445,8.519222350459665e-05
3446,3.5444939706292037e-05
3447,9.949456759660923e-06
3448,9.327615712182115e-06
3449,0.00029164345126756077
3450,0.00013991423568273173
3451,4.352887332351654e-06
3452,0.00015110737453735026
3453,1.3680503044533769e-05
3454,2.3008118756715884e-05
3455,1.1814979902097345e-05
3456,5.2234647988219846e-05
3457,2.9848370278982768e-05
3458,1.9898913519321845e-05
3459,8.457038245711784e-05
3460,6.529330998527481e-05
3461,0.0002599295578461416
3462,5.596569427309269e-06
3463,2.7361006089067538e-05
3464,0.00016914076491423568
3465,3.0470211326461574e-05
3466,7.151172046006288e-05
3467,4.352887332351654e-06
3468,4.9125442750825804e-05
3469,7.026803836510527e-05
3470,0.00020458570462052772
3471,1.4924185139491384e-05
3472,6.715883312771122e-05
3473,9.141063397938473e-05
3474,0.0001716281291041509
3475,2.8604688184025153e-05
3476,6.156226370040196e-05
3477,4.352887332351654e-06
3478,5.534385322561388e-05
3479,2.4873641899152305e-05
3480,5.347833008317746e-05
3481,9.638536235921519e-05
3482,0.0003022147490747005
3483,3.7932303896207266e-05
3484,3.2335734468898e-05
3485,2.4873641899152306e-06
3486,5.7209376368050306e-05
3487,0.00024935826003900187
3488,1.6167867234449e-05
3489,0.0002039638635730489
3490,7.773013093485096e-05
3491,6.8402515222668845e-06
3492,4.352887332351654e-06
3493,1.057129780713973e-05
3494,8.705774664703308e-06
3495,0.00010944402435627015
3496,4.352887332351654e-06
3497,3.109205237394038e-06
3498,0.00044461634894734747
3499,3.109205237394038e-05
3500,7.773013093485096e-05
3501,4.228519122855892e-05
3502,6.218410474788077e-05
3503,9.576352131173638e-05
3504,2.673916504158873e-05
3505,1.057129780713973e-05
3506,6.280594579535957e-05
3507,6.715883312771122e-05
3508,1.2436820949576152e-05
3509,3.109205237394038e-06
3510,3.109205237394038e-05
3511,6.156226370040196e-05
3512,0.00019712361205078202
3513,0.00022324093604489194
3514,2.7361006089067538e-05
3515,0.00026179508098857804
3516,0.0002866687228877303
3517,2.176443666175827e-05
3518,4.1663350181080114e-05
3519,5.596569427309269e-06
3520,9.389799816929995e-05
3521,0.00022324093604489194
3522,6.8402515222668845e-06
3523,3.357941656385561e-05
3524,2.0520754566800654e-05
3525,0.00011193138854618537
3526,0.00015110737453735026
3527,7.462092569745692e-05
3528,1.3680503044533769e-05
3529,2.362995980419469e-05
3530,4.9125442750825804e-05
3531,1.6167867234449e-05
3532,0.00014302344092012576
3533,0.0002835595176503363
3534,9.949456759660923e-06
3535,2.4873641899152305e-05
3536,1.865523142436423e-05
3537,2.42518008516735e-05
3538,0.00022448461813984956
3539,1.4302344092012576e-05
3540,3.731046284872846e-06
3541,8.705774664703308e-06
3542,1.057129780713973e-05
3543,7.959565407728738e-05
3544,1.3680503044533769e-05
3545,0.00019028336052851513
3546,6.778067417519003e-05
3547,0.00013680503044533767
3548,4.228519122855892e-05
3549,0.00013493950730290126
3550,1.6167867234449e-05
3551,7.399908464997812e-05
3552,3.731046284872846e-06
3553,6.031858160544434e-05
3554,4.352887332351654e-06
3555,0.00012436820949576153
3556,4.601623751343177e-05
3557,2.7361006089067538e-05
3558,1.057129780713973e-05
3559,0.00013867055358777412
3560,0.00023070302861463764
3561,0.00023256855175707406
3562,1.1193138854618537e-05
3563,1.865523142436423e-05
3564,3.420125761133442e-05
3565,6.218410474788076e-06
3566,0.00010322561388148207
3567,0.0001703844470091933
3568,8.270485931468142e-05
3569,2.8604688184025153e-05
3570,3.606678075377084e-05
3571,0.0001697626059617145
3572,2.9848370278982768e-05
3573,8.083933617224499e-05
3574,1.057129780713973e-05
3575,0.00035071835077804753
3576,7.648644883989334e-05
3577,1.1814979902097345e-05
3578,3.9175985991164885e-05
3579,5.285648903569865e-05
3580,4.9125442750825804e-05
3581,8.519222350459665e-05
3582,2.3008118756715884e-05
3583,3.109205237394038e-06
3584,1.1814979902097345e-05
3585,0.00011255322959366418
3586,0.0003009710669797429
3587,3.2335734468898e-05
3588,9.825088550165161e-05
3589,0.0003979782703864369
3590,1.7411549329406615e-05
3591,2.7361006089067538e-05
3592,9.576352131173638e-05
3593,3.731046284872846e-06
3594,7.524276674493573e-05
3595,4.725991960838938e-05
3596,0.0003314412783062045
3597,0.0001623005133919688
3598,2.7361006089067538e-05
3599,1.057129780713973e-05
3600,4.104150913360131e-05
3601,2.42518008516735e-05
3602,0.00015919130815457476
3603,9.01669518844271e-05
3604,5.534385322561388e-05
3605,2.4873641899152305e-05
3606,0.0002443835316591714
3607,4.9125442750825804e-05
3608,5.099096589326223e-05
3609,6.715883312771122e-05
3610,4.477255541847415e-05
3611,9.7007203406694e-05
3612,7.151172046006288e-05
3613,0.00013183030206550723
3614,6.218410474788077e-05
3615,2.176443666175827e-05
3616,8.457038245711784e-05
3617,2.922652923150396e-05
3618,4.352887332351654e-06
3619,0.00035444939706292037
3620,6.218410474788076e-06
3621,1.865523142436423e-05
3622,2.4873641899152305e-05
3623,4.2907032276037726e-05
3624,5.845305846300792e-05
3625,2.114259561427946e-05
3626,3.0470211326461574e-05
3627,9.949456759660923e-06
3628,4.725991960838938e-05
3629,6.218410474788076e-06
3630,0.0002506019421339595
3631,0.0001057129780713973
3632,9.76290444541728e-05
3633,0.00023319039280455286
3634,6.591515103275361e-05
3635,2.3008118756715884e-05
3636,0.00015856946710709596
3637,0.0001548384208222231
3638,2.114259561427946e-05
3639,4.352887332351654e-06
3640,3.357941656385561e-05
3641,0.00011690611692601583
3642,3.7932303896207266e-05
3643,0.0001542165797747443
3644,0.00018966151948103632
3645,0.0003737264695347634
3646,6.218410474788076e-06
3647,4.352887332351654e-06
3648,9.576352131173638e-05
3649,8.332670036216023e-05
3650,1.4924185139491384e-05
3651,2.42518008516735e-05
3652,9.389799816929995e-05
3653,6.715883312771122e-05
3654,8.332670036216023e-05
3655,8.0839336172245e-06
3656,2.9848370278982768e-05
3657,1.2436820949576152e-05
3658,3.731046284872846e-06
3659,4.1663350181080114e-05
3660,5.036912484578342e-05
3661,4.601623751343177e-05
3662,1.057129780713973e-05
3663,3.109205237394038e-05
3664,3.295757551637681e-05
3665,0.00022199725394993433
3666,2.7361006089067538e-05
3667,5.534385322561388e-05
3668,5.2234647988219846e-05
3669,1.1814979902097345e-05
3670,4.974728379830461e-06
3671,1.3680503044533769e-05
3672,2.0520754566800654e-05
3673,1.057129780713973e-05
3674,2.7982847136546344e-05
3675,5.9696740557965536e-05
3676,1.2436820949576152e-05
3677,4.974728379830461e-06
3678,7.462092569745692e-06
3679,3.295757551637681e-05
3680,2.3008118756715884e-05
3681,3.109205237394038e-06
3682,2.3008118756715884e-05
3683,7.710828988737214e-05
3684,2.7361006089067538e-05
3685,0.0002176443666175827
3686,6.529330998527481e-05
3687,4.725991960838938e-05
3688,0.00012499005054324034
3689,2.176443666175827e-05
3690,4.974728379830461e-05
3691,8.0839336172245e-06
3692,1.057129780713973e-05
3693,8.0839336172245e-06
3694,4.0419668086122496e-05
3695,0.00010882218330879135
3696,1.865523142436423e-05
3697,3.109205237394038e-06
3698,1.9277072471843036e-05
3699,0.00024624905480160784
3700,7.462092569745692e-06
3701,0.00012312452740080392
3702,3.731046284872846e-06
3703,0.00010322561388148207
3704,4.974728379830461e-06
3705,9.514168026425757e-05
3706,8.830142874199069e-05
3707,3.109205237394038e-06
3708,6.8402515222668845e-06
3709,0.00012312452740080392
3710,3.109205237394038e-05
3711,2.3008118756715884e-05
3712,0.00029164345126756077
3713,0.00021453516138018864
3714,1.3058661997054962e-05
3715,0.00013493950730290126
3716,2.7982847136546344e-05
3717,1.3058661997054962e-05
3718,0.00010011640864408804
3719,0.00013618318939785887
3720,6.404962789031718e-05
3721,1.3058661997054962e-05
3722,3.357941656385561e-05
3723,0.00041290245552592827
3724,1.057129780713973e-05
3725,7.213356150754168e-05
3726,1.2436820949576152e-05
3727,0.00012561189159071914
3728,2.4873641899152305e-05
3729,0.00014364528196760456
3730,2.0520754566800654e-05
3731,0.00011628427587853703
3732,7.462092569745692e-06
3733,1.4302344092012576e-05
3734,1.2436820949576152e-05
3735,9.141063397938473e-05
3736,2.5495482946631114e-05
3737,2.176443666175827e-05
3738,8.767958769451188e-05
3739,6.218410474788076e-06
3740,2.176443666175827e-05
3741,0.00020645122776296413
3742,6.218410474788076e-06
3743,5.596569427309269e-06
3744,2.6117323994109923e-05
3745,4.352887332351654e-06
3746,6.4671468937796e-05
3747,5.4100171130656263e-05
3748,2.176443666175827e-05
3749,0.00018219942691129066
3750,7.586460779241453e-05
3751,3.7932303896207266e-05
3752,7.959565407728738e-05
3753,4.104150913360131e-05
3754,0.00010136009073904565
3755,1.1193138854618537e-05
3756,2.4873641899152305e-05
3757,6.218410474788076e-06
3758,6.404962789031718e-05
3759,9.078879293190591e-05
3760,4.8503601703347e-05
3761,4.2907032276037726e-05
3762,3.109205237394038e-06
3763,1.803339037688542e-05
3764,0.00019961097624069727
3765,4.974728379830461e-06
3766,1.554602618697019e-05
3767,2.2386277709237075e-05
3768,9.825088550165161e-05
3769,5.907489951048673e-05
3770,5.596569427309269e-06
3771,9.327615712182115e-06
3772,2.114259561427946e-05
3773,0.00013680503044533767
3774,4.0419668086122496e-05
3775,0.00010757850121383372
3776,6.8402515222668845e-06
3777,3.482309865881323e-05
3778,9.949456759660923e-06
3779,0.00014302344092012576
3780,8.083933617224499e-05
3781,5.036912484578342e-05
3782,0.00011504059378357942
3783,5.596569427309269e-06
3784,4.477255541847415e-05
3785,2.6117323994109923e-05
3786,0.0002350559159469893
3787,3.109205237394038e-06
3788,3.0470211326461574e-05
3789,6.404962789031718e-05
3790,0.00014364528196760456
3791,2.176443666175827e-05
3792,4.1663350181080114e-05
3793,0.00025619851156126873
3794,2.7982847136546344e-05
3795,2.3008118756715884e-05
3796,9.949456759660922e-05
3797,0.00035196203287300514
3798,0.00014115791777768934
3799,2.3008118756715884e-05
3800,4.352887332351654e-06
3801,2.5495482946631114e-05
3802,3.109205237394038e-05
3803,2.4873641899152305e-05
3804,4.352887332351654e-06
3805,2.362995980419469e-05
3806,4.5394396465952956e-05
3807,4.974728379830461e-06
3808,1.3680503044533769e-05
3809,3.109205237394038e-06
3810,4.974728379830461e-05
3811,3.0470211326461574e-05
3812,0.0002984837027898277
3813,4.974728379830461e-05
3814,0.00016478787758188404
3815,1.057129780713973e-05
3816,2.42518008516735e-05
3817,5.7209376368050306e-05
3818,1.4302344092012576e-05
3819,6.218410474788076e-06
3820,0.00010446929597643969
3821,0.00013183030206550723
3822,1.6167867234449e-05
3823,2.7361006089067538e-05
3824,1.3680503044533769e-05
3825,1.7411549329406615e-05
3826,5.596569427309269e-06
3827,3.7932303896207266e-05
3828,4.725991960838938e-05
3829,1.4924185139491384e-05
3830,0.0005870179488199945
3831,1.9277072471843036e-05
3832,0.00019712361205078202
3833,6.8402515222668845e-06
3834,0.00014862001034743504
3835,6.218410474788077e-05
3836,5.2234647988219846e-05
3837,3.9175985991164885e-05
3838,9.949456759660923e-06
3839,6.218410474788076e-06
3840,0.00022013173080749792
3841,1.7411549329406615e-05
3842,2.7361006089067538e-05
3843,1.4924185139491384e-05
3844,9.887272654913041e-05
3845,6.094042265292315e-05
3846,8.705774664703308e-06
3847,2.176443666175827e-05
3848,1.4924185139491384e-05
3849,7.586460779241453e-05
3850,8.767958769451188e-05
3851,0.0001542165797747443
3852,1.3058661997054962e-05
3853,6.218410474788076e-06
3854,0.00014675448720499862
3855,3.0470211326461574e-05
3856,1.6789708281927806e-05
3857,0.0001380487125402953
3858,9.7007203406694e-05
3859,5.2234647988219846e-05
3860,0.00011690611692601583
3861,2.673916504158873e-05
3862,0.00010260377283400326
3863,8.0839336172245e-06
3864,6.902435627014766e-05
3865,0.00010011640864408804
3866,7.462092569745692e-06
3867,3.9175985991164885e-05
3868,1.6789708281927806e-05
3869,0.0002039638635730489
3870,1.057129780713973e-05
3871,0.00011006586540374896
3872,5.596569427309269e-06
3873,3.357941656385561e-05
3874,4.601623751343177e-05
3875,5.65875353205715e-05
3876,1.9898913519321845e-05
3877,2.6117323994109923e-05
3878,0.00011130954749870657
3879,0.00035320571496796275
3880,3.109205237394038e-05
3881,3.482309865881323e-05
3882,2.0520754566800654e-05
3883,1.1814979902097345e-05
3884,2.7982847136546344e-05
3885,3.357941656385561e-05
3886,7.710828988737214e-05
3887,2.9848370278982768e-05
3888,1.4924185139491384e-05
3889,8.519222350459665e-05
3890,3.420125761133442e-05
3891,6.404962789031718e-05
3892,3.731046284872846e-06
3893,0.00010260377283400326
3894,0.00010198193178652446
3895,7.275540255502049e-05
3896,1.803339037688542e-05
3897,2.3008118756715884e-05
3898,8.0839336172245e-06
3899,9.327615712182115e-05
3900,2.3008118756715884e-05
3901,6.094042265292315e-05
3902,4.788176065586819e-05
3903,6.156226370040196e-05
3904,1.4924185139491384e-05
3905,5.596569427309269e-05
3906,8.0839336172245e-06
3907,2.4873641899152305e-05
3908,5.2234647988219846e-05
3909,5.036912484578342e-05
3910,9.327615712182115e-06
3911,6.529330998527481e-05
3912,0.00013991423568273173
3913,8.0839336172245e-06
3914,7.213356150754168e-05
3915,3.482309865881323e-05
3916,4.477255541847415e-05
3917,3.109205237394038e-06
3918,7.710828988737214e-05
3919,8.0839336172245e-06
3920,0.00010322561388148207
3921,9.451983921677876e-05
3922,8.705774664703308e-05
3923,1.865523142436423e-05
3924,8.581406455207545e-05
3925,2.2386277709237075e-05
3926,3.7932303896207266e-05
3927,9.327615712182115e-06
3928,9.203247502686354e-05
3929,4.352887332351654e-06
3930,2.4873641899152306e-06
3931,0.0002095604330003582
3932,9.949456759660923e-06
3933,0.00015359473872726548
3934,0.00011068770645122776
3935,0.00027858478927050585
3936,5.596569427309269e-06
3937,6.529330998527481e-05
3938,0.00022448461813984956
3939,1.057129780713973e-05
3940,5.4100171130656263e-05
3941,4.974728379830461e-06
3942,0.00012374636844828272
3943,0.0011081207466072352
3944,0.0001057129780713973
3945,8.0839336172245e-06
3946,8.705774664703308e-06
3947,1.803339037688542e-05
3948,0.00014862001034743504
3949,5.596569427309269e-06
3950,3.109205237394038e-06
3951,0.00016789708281927807
3952,7.026803836510527e-05
3953,4.0419668086122496e-05
3954,4.974728379830461e-06
3955,0.00013991423568273173
3956,2.114259561427946e-05
3957,3.482309865881323e-05
3958,5.285648903569865e-05
3959,0.0001697626059617145
3960,0.00024873641899152306
3961,8.830142874199069e-05
3962,2.6117323994109923e-05
3963,2.0520754566800654e-05
3964,2.922652923150396e-05
3965,2.4873641899152305e-05
3966,0.00010260377283400326
3967,9.327615712182115e-06
3968,1.9277072471843036e-05
3969,0.00015172921558482907
3970,2.4873641899152305e-05
3971,2.3008118756715884e-05
3972,1.057129780713973e-05
3973,3.731046284872846e-06
3974,9.949456759660923e-06
3975,5.347833008317746e-05
3976,0.00023692143908942573
3977,4.0419668086122496e-05
3978,2.362995980419469e-05
3979,0.00014426712301508337
3980,4.6638078560910574e-05
3981,9.638536235921519e-05
3982,3.482309865881323e-05
3983,4.352887332351654e-06
3984,6.218410474788076e-06
3985,4.974728379830461e-05
3986,1.1814979902097345e-05
3987,3.606678075377084e-05
3988,4.5394396465952956e-05
3989,4.477255541847415e-05
3990,4.228519122855892e-05
3991,5.347833008317746e-05
3992,4.6638078560910574e-05
3993,0.00016167867234448998
3994,4.4150714370995344e-05
3995,2.4873641899152305e-05
3996,8.0839336172245e-06
3997,6.8402515222668845e-06
3998,1.7411549329406615e-05
3999,4.477255541847415e-05
4000,2.0520754566800654e-05
4001,7.462092569745692e-06
4002,9.078879293190591e-05
4003,3.731046284872846e-06
4004,5.2234647988219846e-05
4005,2.42518008516735e-05
4006,1.3680503044533769e-05
4007,4.352887332351654e-06
4008,3.109205237394038e-06
4009,2.114259561427946e-05
4010,0.00013058661997054962
4011,2.2386277709237075e-05
4012,0.0001299647789230708
4013,1.6789708281927806e-05
4014,1.4302344092012576e-05
4015,1.3058661997054962e-05
4016,5.1612806940741034e-05
4017,5.7209376368050306e-05
4018,5.783121741552911e-05
4019,5.036912484578342e-05
4020,1.4302344092012576e-05
4021,3.731046284872846e-06
4022,4.4150714370995344e-05
4023,2.0520754566800654e-05
4024,3.109205237394038e-06
4025,8.705774664703308e-06
4026,4.104150913360131e-05
4027,6.715883312771122e-05
4028,2.6117323994109923e-05
4029,9.327615712182115e-06
4030,6.778067417519003e-05
4031,0.00019774545309826083
4032,2.922652923150396e-05
4033,8.0839336172245e-06
4034,2.362995980419469e-05
4035,2.922652923150396e-05
4036,7.959565407728738e-05
4037,8.394854140963903e-05
4038,4.6638078560910574e-05
4039,1.2436820949576152e-05
4040,0.00011939348111593107
4041,3.295757551637681e-05
4042,1.4302344092012576e-05
4043,1.2436820949576152e-05
4044,4.974728379830461e-06
4045,3.109205237394038e-06
4046,3.9175985991164885e-05
4047,5.596569427309269e-06
4048,8.0839336172245e-06
4049,8.332670036216023e-05
4050,5.4100171130656263e-05
4051,3.0470211326461574e-05
4052,8.95451108369483e-05
4053,2.42518008516735e-05
4054,0.0001057129780713973
4055,0.0002108041150953158
4056,5.907489951048673e-05
4057,0.00011068770645122776
4058,3.5444939706292037e-05
4059,3.606678075377084e-05
4060,2.362995980419469e-05
4061,0.0003277102320213316
4062,5.596569427309269e-06
4063,0.00010882218330879135
4064,8.394854140963903e-05
4065,7.773013093485096e-05
4066,1.3680503044533769e-05
4067,1.057129780713973e-05
4068,1.803339037688542e-05
4069,7.773013093485096e-05
4070,2.0520754566800654e-05
4071,3.2335734468898e-05
4072,2.7982847136546344e-05
4073,1.6167867234449e-05
4074,0.00021453516138018864
4075,3.109205237394038e-06
4076,6.591515103275361e-05
4077,2.42518008516735e-05
4078,1.1814979902097345e-05
4079,2.7982847136546344e-05
4080,5.2234647988219846e-05
4081,4.5394396465952956e-05
4082,6.715883312771122e-05
4083,2.0520754566800654e-05
4084,2.4873641899152306e-06
4085,4.352887332351654e-06
4086,8.0839336172245e-06
4087,3.109205237394038e-06
4088,0.00013867055358777412
4089,4.5394396465952956e-05
4090,7.462092569745692e-06
4091,0.00019836729414573963
4092,1.6789708281927806e-05
4093,6.342778684283838e-05
4094,3.0470211326461574e-05
4095,2.114259561427946e-05
4096,0.00015235105663230787
4097,1.9277072471843036e-05
4098,4.352887332351654e-06
4099,8.0839336172245e-06
4100,0.00022572830023480717
4101,1.803339037688542e-05
4102,2.3008118756715884e-05
4103,0.00022821566442472242
4104,1.3058661997054962e-05
4105,5.347833008317746e-05
4106,1.6789708281927806e-05
4107,0.00010882218330879135
4108,5.596569427309269e-05
4109,1.1193138854618537e-05
4110,0.0001137969116886218
4111,6.8402515222668845e-06
4112,2.7361006089067538e-05
4113,9.327615712182115e-06
4114,6.156226370040196e-05
4115,8.89232697894695e-05
4116,1.3680503044533769e-05
4117,0.00016167867234448998
4118,9.638536235921519e-05
4119,6.218410474788077e-05
4120,2.7361006089067538e-05
4121,2.6117323994109923e-05
4122,8.0839336172245e-06
4123,1.1193138854618537e-05
4124,0.0002991055438373065
4125,1.554602618697019e-05
4126,0.00010322561388148207
4127,0.0001859304731961635
4128,2.42518008516735e-05
4129,3.482309865881323e-05
4130,0.00037994488000955146
4131,2.6117323994109923e-05
4132,6.840251522266884e-05
4133,3.5444939706292037e-05
4134,2.8604688184025153e-05
4135,4.228519122855892e-05
4136,3.482309865881323e-05
4137,1.4924185139491384e-05
4138,4.352887332351654e-06
4139,0.00014924185139491384
4140,2.7982847136546344e-05
4141,7.648644883989334e-05
4142,3.171389342141919e-05
4143,6.218410474788076e-06
4144,3.731046284872846e-06
4145,3.109205237394038e-06
4146,0.00011068770645122776
4147,3.109205237394038e-05
4148,4.352887332351654e-06
4149,3.6688621801249655e-05
4150,4.352887332351654e-06
4151,6.8402515222668845e-06
4152,1.554602618697019e-05
4153,2.6117323994109923e-05
4154,5.4722012178135076e-05
4155,1.3680503044533769e-05
4156,2.7361006089067538e-05
4157,3.731046284872846e-05
4158,1.057129780713973e-05
4159,1.7411549329406615e-05
4160,6.218410474788076e-06
4161,3.109205237394038e-06
4162,8.705774664703308e-06
4163,4.974728379830461e-06
4164,0.00016478787758188404
4165,0.00025682035260874754
4166,1.6789708281927806e-05
4167,2.2386277709237075e-05
4168,5.596569427309269e-06
4169,0.00011690611692601583
4170,7.959565407728738e-05
4171,2.7982847136546344e-05
4172,3.979782703864369e-05
4173,0.00010011640864408804
4174,6.964619731762646e-05
4175,0.00011814979902097346
4176,9.327615712182115e-06
4177,8.830142874199069e-05
4178,8.14611772197238e-05
4179,3.606678075377084e-05
4180,9.327615712182115e-06
4181,4.974728379830461e-06
4182,4.0419668086122496e-05
4183,9.327615712182115e-06
4184,5.036912484578342e-05
4185,2.114259561427946e-05
4186,1.865523142436423e-05
4187,0.0003731046284872846
4188,2.0520754566800654e-05
4189,0.00011130954749870657
4190,1.1814979902097345e-05
4191,8.0839336172245e-06
4192,4.9125442750825804e-05
4193,0.00019152704262347277
4194,5.534385322561388e-05
4195,6.902435627014766e-05
4196,0.00019774545309826083
4197,4.352887332351654e-05
4198,1.3058661997054962e-05
4199,1.9277072471843036e-05
4200,0.00014986369244239265
4201,3.109205237394038e-06
4202,1.6789708281927806e-05
4203,2.2386277709237075e-05
4204,5.285648903569865e-05
4205,3.0470211326461574e-05
4206,7.835197198232977e-05
4207,0.00013431766625542245
4208,1.803339037688542e-05
4209,2.362995980419469e-05
4210,3.109205237394038e-06
4211,0.00014737632825247743
4212,6.529330998527481e-05
4213,1.3680503044533769e-05
4214,5.65875353205715e-05
4215,4.352887332351654e-06
4216,3.109205237394038e-05
4217,0.00013058661997054962
4218,5.2234647988219846e-05
4219,3.420125761133442e-05
4220,5.596569427309269e-06
4221,1.1814979902097345e-05
4222,5.907489951048673e-05
4223,3.357941656385561e-05
4224,3.109205237394038e-06
4225,3.731046284872846e-06
4226,3.109205237394038e-06
4227,7.462092569745692e-06
4228,4.104150913360131e-05
4229,5.1612806940741034e-05
4230,3.731046284872846e-05
4231,1.2436820949576152e-05
4232,4.6638078560910574e-05
4233,4.8503601703347e-05
4234,1.4302344092012576e-05
4235,6.404962789031718e-05
4236,6.591515103275361e-05
4237,2.3008118756715884e-05
4238,1.7411549329406615e-05
4239,3.109205237394038e-06
4240,3.109205237394038e-06
4241,7.648644883989334e-05
4242,9.949456759660923e-06
4243,8.0839336172245e-06
4244,2.176443666175827e-05
4245,4.352887332351654e-06
4246,6.8402515222668845e-06
4247,3.855414494368607e-05
4248,3.7932303896207266e-05
4249,6.218410474788076e-06
4250,2.6117323994109923e-05
4251,2.42518008516735e-05
4252,8.0839336172245e-06
4253,3.171389342141919e-05
4254,5.1612806940741034e-05
4255,0.00012436820949576153
4256,4.6638078560910574e-05
4257,0.00010944402435627015
4258,4.6638078560910574e-05
4259,2.4873641899152305e-05
4260,3.109205237394038e-06
4261,9.949456759660923e-06
4262,1.2436820949576152e-05
4263,1.9898913519321845e-05
4264,1.4924185139491384e-05
4265,1.2436820949576152e-05
4266,0.00010011640864408804
4267,1.9898913519321845e-05
4268,9.949456759660923e-06
4269,1.6789708281927806e-05
4270,2.922652923150396e-05
4271,2.7361006089067538e-05
4272,0.00012063716321088868
4273,0.00016603155967684165
4274,4.974728379830461e-06
4275,1.6167867234449e-05
4276,9.389799816929995e-05
4277,6.591515103275361e-05
4278,5.285648903569865e-05
4279,5.596569427309269e-06
4280,2.114259561427946e-05
4281,5.783121741552911e-05
4282,3.731046284872846e-06
4283,5.9696740557965536e-05
4284,0.00020707306881044294
4285,8.705774664703308e-06
4286,0.0002524674652763959
4287,6.280594579535957e-05
4288,7.648644883989334e-05
4289,5.1612806940741034e-05
4290,0.00012374636844828272
4291,3.171389342141919e-05
4292,0.00012001532216340988
4293,3.109205237394038e-06
4294,9.949456759660922e-05
4295,6.218410474788076e-06
4296,0.00013991423568273173
4297,5.2234647988219846e-05
4298,8.457038245711784e-05
4299,3.0470211326461574e-05
4300,1.4302344092012576e-05
4301,8.0839336172245e-06
4302,3.171389342141919e-05
4303,9.451983921677876e-05
4304,3.109205237394038e-06
4305,2.42518008516735e-05
4306,4.352887332351654e-06
4307,8.083933617224499e-05
4308,6.964619731762646e-05
4309,3.731046284872846e-05
4310,5.907489951048673e-05
4311,3.731046284872846e-06
4312,5.596569427309269e-06
4313,3.295757551637681e-05
4314,5.783121741552911e-05
4315,7.462092569745692e-06
4316,1.057129780713973e-05
4317,9.949456759660923e-06
4318,0.00015981314920205357
4319,3.7932303896207266e-05
4320,0.000129342937875592
4321,7.462092569745692e-06
4322,2.362995980419469e-05
4323,0.0001548384208222231
4324,1.7411549329406615e-05
4325,8.705774664703308e-06
4326,3.606678075377084e-05
4327,7.648644883989334e-05
4328,2.42518008516735e-05
4329,9.327615712182115e-06
4330,2.9848370278982768e-05
4331,0.00018219942691129066
4332,6.8402515222668845e-06
4333,0.00027423190193815415
4334,2.9848370278982768e-05
4335,8.705774664703308e-06
4336,3.295757551637681e-05
4337,3.109205237394038e-06
4338,0.00013556134835038006
4339,1.1814979902097345e-05
4340,6.218410474788077e-05
4341,3.357941656385561e-05
4342,9.327615712182115e-06
4343,2.673916504158873e-05
4344,3.731046284872846e-06
4345,3.731046284872846e-06
4346,6.840251522266884e-05
4347,6.591515103275361e-05
4348,0.00020707306881044294
4349,0.00014986369244239265
4350,0.0002978618617423489
4351,0.00013183030206550723
4352,5.7209376368050306e-05
4353,6.156226370040196e-05
4354,6.4671468937796e-05
4355,0.00014924185139491384
4356,0.00012312452740080392
4357,0.00018406495005372707
4358,7.773013093485096e-05
4359,7.462092569745692e-05
4360,5.907489951048673e-05
4361,6.342778684283838e-05
4362,9.514168026425757e-05
4363,7.399908464997812e-05
4364,0.00011566243483105822
4365,8.394854140963903e-05
4366,0.00013058661997054962
4367,6.156226370040196e-05
4368,6.218410474788077e-05
4369,6.4671468937796e-05
4370,1.9898913519321845e-05
4371,1.554602618697019e-05
4372,4.2907032276037726e-05
4373,2.7982847136546344e-05
4374,7.462092569745692e-06
4375,7.586460779241453e-05
4376,1.6789708281927806e-05
4377,6.094042265292315e-05
4378,9.327615712182115e-06
4379,4.8503601703347e-05
4380,0.00011939348111593107
4381,1.4302344092012576e-05
4382,7.026803836510527e-05
4383,1.1814979902097345e-05
4384,2.9848370278982768e-05
4385,1.7411549329406615e-05
4386,0.00011814979902097346
4387,2.4873641899152306e-06
4388,6.902435627014766e-05
4389,5.596569427309269e-06
4390,4.104150913360131e-05
4391,5.783121741552911e-05
4392,5.596569427309269e-06
4393,2.673916504158873e-05
4394,3.109205237394038e-06
4395,3.109205237394038e-06
4396,4.2907032276037726e-05
4397,6.964619731762646e-05
4398,1.7411549329406615e-05
4399,1.9898913519321845e-05
4400,3.109205237394038e-06
4401,7.399908464997812e-05
4402,7.462092569745692e-06
4403,8.767958769451188e-05
4404,2.3008118756715884e-05
4405,8.519222350459665e-05
4406,1.803339037688542e-05
4407,3.7932303896207266e-05
4408,1.2436820949576152e-05
4409,5.907489951048673e-05
4410,1.057129780713973e-05
4411,4.725991960838938e-05
4412,4.5394396465952956e-05
4413,0.00022199725394993433
4414,2.7982847136546344e-05
4415,5.596569427309269e-05
4416,0.00012125900425836749
4417,3.295757551637681e-05
4418,1.6789708281927806e-05
4419,1.2436820949576152e-05
4420,2.7982847136546344e-05
4421,8.332670036216023e-05
4422,1.7411549329406615e-05
4423,3.731046284872846e-06
4424,1.4924185139491384e-05
4425,1.057129780713973e-05
4426,7.337724360249931e-05
4427,4.4150714370995344e-05
4428,8.332670036216023e-05
4429,5.596569427309269e-06
4430,1.1814979902097345e-05
4431,3.171389342141919e-05
4432,4.974728379830461e-06
4433,9.265431607434234e-05
4434,6.280594579535957e-05
4435,1.2436820949576152e-05
4436,5.1612806940741034e-05
4437,3.109205237394038e-06
4438,9.949456759660923e-06
4439,2.6117323994109923e-05
4440,5.596569427309269e-06
4441,2.2386277709237075e-05
4442,3.357941656385561e-05
4443,4.725991960838938e-05
4444,3.482309865881323e-05
4445,9.327615712182115e-06
4446,1.1193138854618537e-05
4447,3.109205237394038e-06
4448,3.109205237394038e-06
4449,4.9125442750825804e-05
4450,3.420125761133442e-05
4451,3.0470211326461574e-05
4452,3.606678075377084e-05
4453,9.327615712182115e-06
4454,3.482309865881323e-05
4455,4.974728379830461e-06
4456,1.6789708281927806e-05
4457,9.203247502686354e-05
4458,4.0419668086122496e-05
4459,2.6117323994109923e-05
4460,0.00029661817964739127
4461,3.171389342141919e-05
4462,0.00014364528196760456
4463,1.4924185139491384e-05
4464,7.462092569745692e-06
4465,0.00011193138854618537
4466,2.362995980419469e-05
4467,1.057129780713973e-05
4468,9.327615712182115e-06
4469,2.114259561427946e-05
4470,3.731046284872846e-06
4471,6.8402515222668845e-06
4472,3.6688621801249655e-05
4473,3.731046284872846e-06
4474,1.1814979902097345e-05
4475,1.3680503044533769e-05
4476,6.715883312771122e-05
4477,1.7411549329406615e-05
4478,4.352887332351654e-06
4479,7.337724360249931e-05
4480,0.00013369582520794364
4481,1.1193138854618537e-05
4482,2.114259561427946e-05
4483,0.000129342937875592
4484,0.00021515700242766744
4485,5.4100171130656263e-05
4486,1.865523142436423e-05
4487,6.529330998527481e-05
4488,8.519222350459665e-05
4489,8.0839336172245e-06
4490,1.3058661997054962e-05
4491,7.462092569745692e-06
4492,1.9898913519321845e-05
4493,8.0839336172245e-06
4494,3.855414494368607e-05
4495,3.357941656385561e-05
4496,7.462092569745692e-06
4497,3.731046284872846e-06
4498,0.0002033420225255701
4499,6.778067417519003e-05
4500,7.462092569745692e-06
4501,8.394854140963903e-05
4502,1.1814979902097345e-05
4503,9.327615712182115e-06
4504,2.922652923150396e-05
4505,6.218410474788076e-06
4506,5.4100171130656263e-05
4507,6.218410474788076e-06
4508,4.974728379830461e-06
4509,1.3680503044533769e-05
4510,6.964619731762646e-05
4511,7.337724360249931e-05
4512,1.4302344092012576e-05
4513,3.731046284872846e-06
4514,6.8402515222668845e-06
4515,1.1193138854618537e-05
4516,1.6167867234449e-05
4517,4.352887332351654e-06
4518,4.974728379830461e-06
4519,9.949456759660923e-06
4520,3.109205237394038e-06
4521,0.00012809925578063437
4522,1.2436820949576152e-05
4523,0.00012436820949576153
4524,1.4924185139491384e-05
4525,3.109205237394038e-06
4526,1.6789708281927806e-05
4527,0.00017473733434154496
4528,3.9175985991164885e-05
4529,3.482309865881323e-05
4530,2.3008118756715884e-05
4531,9.141063397938473e-05
4532,3.2335734468898e-05
4533,1.554602618697019e-05
4534,2.7982847136546344e-05
4535,2.922652923150396e-05
4536,0.0001623005133919688
4537,0.00011255322959366418
4538,8.0839336172245e-06
4539,5.4100171130656263e-05
4540,3.2335734468898e-05
4541,6.715883312771122e-05
4542,2.176443666175827e-05
4543,2.3008118756715884e-05
4544,2.42518008516735e-05
4545,4.0419668086122496e-05
4546,3.171389342141919e-05
4547,3.731046284872846e-06
4548,4.352887332351654e-06
4549,9.327615712182115e-06
4550,0.00010136009073904565
4551,7.462092569745692e-06
4552,4.974728379830461e-06
4553,3.9175985991164885e-05
4554,5.845305846300792e-05
4555,0.00013742687149281648
4556,4.2907032276037726e-05
4557,6.715883312771122e-05
4558,7.835197198232977e-05
4559,0.00019650177100330322
4560,7.151172046006288e-05
4561,1.1193138854618537e-05
4562,7.462092569745692e-05
4563,3.109205237394038e-06
4564,8.705774664703308e-06
4565,1.9277072471843036e-05
4566,2.3008118756715884e-05
4567,4.974728379830461e-06
4568,3.357941656385561e-05
4569,1.803339037688542e-05
4570,3.109205237394038e-06
4571,6.8402515222668845e-06
4572,2.8604688184025153e-05
4573,5.596569427309269e-06
4574,4.1663350181080114e-05
4575,2.42518008516735e-05
4576,4.352887332351654e-06
4577,0.00011193138854618537
4578,7.462092569745692e-06
4579,7.773013093485096e-05
4580,2.7361006089067538e-05
4581,3.2335734468898e-05
4582,1.9277072471843036e-05
4583,6.218410474788076e-06
4584,1.3058661997054962e-05
4585,1.7411549329406615e-05
4586,7.462092569745692e-06
4587,2.114259561427946e-05
4588,3.109205237394038e-06
4589,1.1193138854618537e-05
4590,3.731046284872846e-05
4591,8.021749512476619e-05
4592,2.2386277709237075e-05
4593,0.0001218808453058463
4594,4.974728379830461e-06
4595,1.4924185139491384e-05
4596,7.462092569745692e-06
4597,1.1814979902097345e-05
4598,6.8402515222668845e-06
4599,3.109205237394038e-05
4600,4.352887332351654e-06
4601,1.554602618697019e-05
4602,5.1612806940741034e-05
4603,8.705774664703308e-06
4604,5.4722012178135076e-05
4605,7.648644883989334e-05
4606,0.00016727524177179926
4607,6.715883312771122e-05
4608,8.0839336172245e-06
4609,4.8503601703347e-05
4610,4.352887332351654e-06
4611,2.176443666175827e-05
4612,2.2386277709237075e-05
4613,9.327615712182115e-06
4614,2.922652923150396e-05
4615,9.949456759660923e-06
4616,5.783121741552911e-05
4617,8.0839336172245e-06
4618,6.778067417519003e-05
4619,3.6688621801249655e-05
4620,4.974728379830461e-06
4621,3.109205237394038e-06
4622,5.596569427309269e-05
4623,1.6789708281927806e-05
4624,1.9277072471843036e-05
4625,2.922652923150396e-05
4626,4.104150913360131e-05
4627,6.031858160544434e-05
4628,4.974728379830461e-06
4629,6.8402515222668845e-06
4630,2.42518008516735e-05
4631,8.89232697894695e-05
4632,7.088987941258407e-05
4633,3.109205237394038e-06
4634,2.5495482946631114e-05
4635,2.673916504158873e-05
4636,3.731046284872846e-06
4637,3.2335734468898e-05
4638,0.00014737632825247743
4639,3.731046284872846e-06
4640,8.394854140963903e-05
4641,1.1193138854618537e-05
4642,1.4924185139491384e-05
4643,5.1612806940741034e-05
4644,0.0001548384208222231
4645,1.3680503044533769e-05
4646,2.0520754566800654e-05
4647,1.865523142436423e-05
4648,7.897381302980858e-05
4649,1.4924185139491384e-05
4650,6.591515103275361e-05
4651,4.974728379830461e-06
4652,5.845305846300792e-05
4653,1.4924185139491384e-05
4654,9.141063397938473e-05
4655,2.8604688184025153e-05
4656,7.710828988737214e-05
4657,3.109205237394038e-05
4658,3.109205237394038e-06
4659,4.0419668086122496e-05
4660,5.65875353205715e-05
4661,0.00010198193178652446
4662,3.606678075377084e-05
4663,2.5495482946631114e-05
4664,1.9277072471843036e-05
4665,4.601623751343177e-05
4666,3.2335734468898e-05
4667,6.964619731762646e-05
4668,4.1663350181080114e-05
4669,2.362995980419469e-05
4670,6.156226370040196e-05
4671,8.332670036216023e-05
4672,4.352887332351654e-06
4673,3.420125761133442e-05
4674,6.218410474788076e-06
4675,4.228519122855892e-05
4676,3.731046284872846e-05
4677,1.057129780713973e-05
4678,3.5444939706292037e-05
4679,0.00011193138854618537
4680,0.0001871741552911211
4681,6.4671468937796e-05
4682,6.218410474788076e-06
4683,8.14611772197238e-05
4684,7.462092569745692e-06
4685,8.14611772197238e-05
4686,0.0001790902216738966
4687,3.109205237394038e-06
4688,0.00015172921558482907
4689,2.7982847136546344e-05
4690,5.845305846300792e-05
4691,0.00023008118756715883
4692,1.4302344092012576e-05
4693,5.907489951048673e-05
4694,1.6789708281927806e-05
4695,3.9175985991164885e-05
4696,8.021749512476619e-05
4697,1.2436820949576152e-05
4698,1.3680503044533769e-05
4699,3.731046284872846e-06
4700,4.974728379830461e-05
4701,2.7361006089067538e-05
4702,4.974728379830461e-06
4703,2.6117323994109923e-05
4704,5.596569427309269e-06
4705,8.705774664703308e-06
4706,0.000194014406813388
4707,9.327615712182115e-06
4708,2.0520754566800654e-05
4709,0.00028045031241294226
4710,3.109205237394038e-06
4711,5.596569427309269e-06
4712,1.2436820949576152e-05
4713,6.715883312771122e-05
4714,7.275540255502049e-05
4715,3.109205237394038e-06
4716,2.362995980419469e-05
4717,1.6167867234449e-05
4718,3.482309865881323e-05
4719,2.114259561427946e-05
4720,1.1193138854618537e-05
4721,0.0001952580889083456
4722,7.026803836510527e-05
4723,2.2386277709237075e-05
4724,2.4873641899152305e-05
4725,6.280594579535957e-05
4726,2.2386277709237075e-05
4727,3.6688621801249655e-05
4728,4.352887332351654e-06
4729,6.8402515222668845e-06
4730,6.8402515222668845e-06
4731,4.8503601703347e-05
4732,0.00017411549329406615
4733,1.554602618697019e-05
4734,1.3680503044533769e-05
4735,5.9696740557965536e-05
4736,3.9175985991164885e-05
4737,2.5495482946631114e-05
4738,0.00010384745492896087
4739,1.4924185139491384e-05
4740,1.3058661997054962e-05
4741,5.534385322561388e-05
4742,3.171389342141919e-05
4743,3.295757551637681e-05
4744,9.949456759660923e-06
4745,2.4873641899152306e-06
4746,8.581406455207545e-05
4747,9.327615712182115e-06
4748,1.865523142436423e-05
4749,3.482309865881323e-05
4750,2.5495482946631114e-05
4751,2.4873641899152306e-06
4752,1.057129780713973e-05
4753,0.0001380487125402953
4754,1.6167867234449e-05
4755,1.1193138854618537e-05
4756,0.00013369582520794364
4757,3.606678075377084e-05
4758,4.352887332351654e-06
4759,0.00010136009073904565
4760,4.352887332351654e-05
4761,0.00022821566442472242
4762,6.218410474788076e-06
4763,6.218410474788076e-06
4764,6.218410474788076e-06
4765,1.6789708281927806e-05
4766,2.4873641899152305e-05
4767,4.352887332351654e-06
4768,3.109205237394038e-06
4769,8.705774664703308e-06
4770,1.2436820949576152e-05
4771,6.218410474788076e-06
4772,1.2436820949576152e-05
4773,1.6167867234449e-05
4774,1.057129780713973e-05
4775,6.8402515222668845e-06
4776,5.099096589326223e-05
4777,3.6688621801249655e-05
4778,1.1193138854618537e-05
4779,1.6789708281927806e-05
4780,9.638536235921519e-05
4781,6.094042265292315e-05
4782,2.7361006089067538e-05
4783,7.462092569745692e-06
4784,2.3008118756715884e-05
4785,8.705774664703308e-05
4786,4.4150714370995344e-05
4787,0.0001797120627213754
4788,1.9277072471843036e-05
4789,0.00011006586540374896
4790,1.3680503044533769e-05
4791,8.705774664703308e-06
4792,2.362995980419469e-05
4793,4.601623751343177e-05
4794,3.731046284872846e-06
4795,9.141063397938473e-05
4796,4.974728379830461e-06
4797,3.482309865881323e-05
4798,1.554602618697019e-05
4799,2.922652923150396e-05
4800,6.8402515222668845e-06
4801,1.3680503044533769e-05
4802,6.218410474788076e-06
4803,5.783121741552911e-05
4804,1.7411549329406615e-05
4805,9.949456759660923e-06
4806,3.295757551637681e-05
4807,3.109205237394038e-06
4808,1.3058661997054962e-05
4809,6.218410474788076e-06
4810,6.218410474788076e-06
4811,7.088987941258407e-05
4812,4.974728379830461e-06
4813,1.4924185139491384e-05
4814,1.865523142436423e-05
4815,3.731046284872846e-06
4816,6.218410474788076e-06
4817,1.057129780713973e-05
4818,8.705774664703308e-06
4819,3.357941656385561e-05
4820,1.803339037688542e-05
4821,2.4873641899152305e-05
4822,7.275540255502049e-05
4823,9.949456759660923e-06
4824,2.114259561427946e-05
4825,6.218410474788076e-06
4826,5.596569427309269e-06
4827,8.705774664703308e-06
4828,2.5495482946631114e-05
4829,7.275540255502049e-05
4830,1.803339037688542e-05
4831,1.1814979902097345e-05
4832,1.1193138854618537e-05
4833,7.462092569745692e-06
4834,1.2436820949576152e-05
4835,8.0839336172245e-06
4836,7.275540255502049e-05
4837,1.057129780713973e-05
4838,2.3008118756715884e-05
4839,9.949456759660923e-06
4840,2.2386277709237075e-05
4841,3.420125761133442e-05
4842,5.099096589326223e-05
4843,5.596569427309269e-06
4844,2.922652923150396e-05
4845,8.208301826720262e-05
4846,8.705774664703308e-06
4847,1.1814979902097345e-05
4848,0.00011939348111593107
4849,5.65875353205715e-05
4850,4.1663350181080114e-05
4851,8.705774664703308e-05
4852,1.057129780713973e-05
4853,0.00010757850121383372
4854,6.280594579535957e-05
4855,6.218410474788076e-06
4856,8.705774664703308e-05
4857,7.524276674493573e-05
4858,7.462092569745692e-06
4859,3.731046284872846e-06
4860,1.6167867234449e-05
4861,2.42518008516735e-05
4862,3.109205237394038e-06
4863,2.673916504158873e-05
4864,3.109205237394038e-06
4865,4.1663350181080114e-05
4866,1.6789708281927806e-05
4867,2.176443666175827e-05
4868,2.0520754566800654e-05
4869,6.218410474788076e-06
4870,9.327615712182115e-06
4871,8.021749512476619e-05
4872,3.731046284872846e-06
4873,3.731046284872846e-06
4874,7.773013093485096e-05
4875,4.974728379830461e-06
4876,4.974728379830461e-06
4877,3.731046284872846e-06
4878,4.974728379830461e-06
4879,8.705774664703308e-06
4880,4.1663350181080114e-05
4881,6.094042265292315e-05
4882,9.949456759660923e-06
4883,7.897381302980858e-05
4884,8.95451108369483e-05
4885,2.42518008516735e-05
4886,4.104150913360131e-05
4887,1.1193138854618537e-05
4888,6.902435627014766e-05
4889,1.4302344092012576e-05
4890,6.653699208023242e-05
4891,5.9696740557965536e-05
4892,0.00010882218330879135
4893,5.596569427309269e-06
4894,3.295757551637681e-05
4895,1.4924185139491384e-05
4896,7.648644883989334e-05
4897,1.803339037688542e-05
4898,1.9277072471843036e-05
4899,5.596569427309269e-06
4900,0.0002195098897600191
4901,6.218410474788076e-06
4902,4.9125442750825804e-05
4903,8.705774664703308e-06
4904,4.4150714370995344e-05
4905,6.653699208023242e-05
4906,7.462092569745692e-06
4907,1.1193138854618537e-05
4908,1.1193138854618537e-05
4909,6.8402515222668845e-06
4910,3.109205237394038e-06
4911,3.109205237394038e-06
4912,2.362995980419469e-05
4913,3.109205237394038e-06
4914,7.462092569745692e-06
4915,0.0002518456242289171
4916,4.352887332351654e-06
4917,4.352887332351654e-05
4918,2.42518008516735e-05
4919,8.705774664703308e-06
4920,3.731046284872846e-06
4921,4.2907032276037726e-05
4922,0.00021640068452262505
4923,1.6789708281927806e-05
4924,3.6688621801249655e-05
4925,6.653699208023242e-05
4926,5.596569427309269e-06
4927,0.0003084331595494886
4928,0.00012001532216340988
4929,5.1612806940741034e-05
4930,4.228519122855892e-05
4931,2.5495482946631114e-05
4932,2.114259561427946e-05
4933,4.104150913360131e-05
4934,9.389799816929995e-05
4935,0.00020831675090540055
4936,5.4722012178135076e-05
4937,3.109205237394038e-05
4938,5.596569427309269e-06
4939,6.8402515222668845e-06
4940,1.3680503044533769e-05
4941,3.420125761133442e-05
4942,8.0839336172245e-06
4943,2.922652923150396e-05
4944,2.4873641899152305e-05
4945,0.00012809925578063437
4946,7.586460779241453e-05
4947,2.362995980419469e-05
4948,4.5394396465952956e-05
4949,8.705774664703308e-06
4950,3.606678075377084e-05
4951,0.00011939348111593107
4952,3.109205237394038e-05
4953,8.519222350459665e-05
4954,8.705774664703308e-06
4955,9.327615712182115e-06
4956,0.00015048553348987145
4957,0.0001865523142436423
4958,8.0839336172245e-06
4959,3.9175985991164885e-05
4960,9.327615712182115e-06
4961,0.00024313984956421378
4962,0.00027796294822302704
4963,6.653699208023242e-05
4964,6.8402515222668845e-06
4965,0.00016603155967684165
4966,7.773013093485096e-05
4967,2.42518008516735e-05
4968,3.109205237394038e-06
4969,5.783121741552911e-05
4970,1.057129780713973e-05
4971,1.9277072471843036e-05
4972,7.835197198232977e-05
4973,1.4924185139491384e-05
4974,3.420125761133442e-05
4975,1.4302344092012576e-05
4976,4.352887332351654e-06
4977,3.357941656385561e-05
4978,2.6117323994109923e-05
4979,3.731046284872846e-06
4980,1.2436820949576152e-05
4981,1.057129780713973e-05
4982,8.208301826720262e-05
4983,2.4873641899152305e-05
4984,4.4150714370995344e-05
4985,5.845305846300792e-05
4986,8.0839336172245e-06
4987,3.855414494368607e-05
4988,4.8503601703347e-05
4989,0.00012623373263819795
4990,3.731046284872846e-06
4991,2.176443666175827e-05
4992,2.5495482946631114e-05
4993,1.7411549329406615e-05
4994,1.2436820949576152e-05
4995,4.601623751343177e-05
4996,3.731046284872846e-06
4997,1.057129780713973e-05
4998,0.00014613264615751979
4999,7.337724360249931e-05
5000,4.788176065586819e-05
5001,3.9175985991164885e-05
5002,4.6638078560910574e-05
5003,9.327615712182115e-06
5004,1.4924185139491384e-05
5005,1.1193138854618537e-05
5006,6.031858160544434e-05
5007,7.462092569745692e-06
5008,2.176443666175827e-05
5009,6.8402515222668845e-06
5010,2.7982847136546344e-05
5011,2.4873641899152305e-05
5012,8.705774664703308e-06
5013,4.8503601703347e-05
5014,2.3008118756715884e-05
5015,1.1814979902097345e-05
5016,3.979782703864369e-05
5017,1.865523142436423e-05
5018,4.788176065586819e-05
5019,8.0839336172245e-06
5020,3.606678075377084e-05
5021,3.731046284872846e-06
5022,0.00015359473872726548
5023,6.529330998527481e-05
5024,2.6117323994109923e-05
5025,5.783121741552911e-05
5026,6.218410474788076e-06
5027,0.00022883750547220122
5028,8.519222350459665e-05
5029,0.00026241692203605684
5030,1.3058661997054962e-05
5031,2.3008118756715884e-05
5032,4.228519122855892e-05
5033,9.576352131173638e-05
5034,0.00011068770645122776
5035,1.6789708281927806e-05
5036,1.2436820949576152e-05
5037,5.2234647988219846e-05
5038,3.2335734468898e-05
5039,8.705774664703308e-06
5040,1.554602618697019e-05
5041,1.6789708281927806e-05
5042,0.00013618318939785887
5043,0.00014799816929995623
5044,2.362995980419469e-05
5045,5.1612806940741034e-05
5046,4.5394396465952956e-05
5047,6.218410474788076e-06
5048,0.00011068770645122776
5049,5.1612806940741034e-05
5050,1.9898913519321845e-05
5051,4.352887332351654e-06
5052,3.979782703864369e-05
5053,5.036912484578342e-05
5054,4.477255541847415e-05
5055,4.974728379830461e-06
5056,1.554602618697019e-05
5057,1.3058661997054962e-05
5058,1.1193138854618537e-05
5059,0.00023816512118438334
5060,5.783121741552911e-05
5061,4.5394396465952956e-05
5062,0.00010944402435627015
5063,2.4873641899152306e-06
5064,0.00014551080511004098
5065,4.974728379830461e-06
5066,8.0839336172245e-06
5067,5.596569427309269e-06
5068,8.083933617224499e-05
5069,1.1814979902097345e-05
5070,1.9898913519321845e-05
5071,6.8402515222668845e-06
5072,9.451983921677876e-05
5073,4.974728379830461e-06
5074,1.3058661997054962e-05
5075,4.4150714370995344e-05
5076,2.9848370278982768e-05
5077,6.280594579535957e-05
5078,0.00013867055358777412
5079,4.4150714370995344e-05
5080,0.0001225026863533251
5081,8.519222350459665e-05
5082,1.865523142436423e-05
5083,2.5495482946631114e-05
5084,1.554602618697019e-05
5085,1.1193138854618537e-05
5086,6.902435627014766e-05
5087,4.228519122855892e-05
5088,0.0002275938233772436
5089,6.218410474788076e-06
5090,0.00013493950730290126
5091,1.4924185139491384e-05
5092,3.6688621801249655e-05
5093,1.4302344092012576e-05
5094,8.705774664703308e-06
5095,3.606678075377084e-05
5096,2.4873641899152306e-06
5097,7.773013093485096e-05
5098,2.176443666175827e-05
5099,6.653699208023242e-05
5100,2.922652923150396e-05
5101,3.295757551637681e-05
5102,4.725991960838938e-05
5103,9.327615712182115e-06
5104,2.3008118756715884e-05
5105,1.9277072471843036e-05
5106,8.643590559955426e-05
5107,0.0001629223544394476
5108,2.6117323994109923e-05
5109,2.6117323994109923e-05
5110,3.109205237394038e-06
5111,3.2335734468898e-05
5112,7.462092569745692e-06
5113,0.00012436820949576153
5114,2.42518008516735e-05
5115,4.104150913360131e-05
5116,5.596569427309269e-06
5117,3.855414494368607e-05
5118,3.979782703864369e-05
5119,0.0001380487125402953
5120,0.0002108041150953158
5121,2.114259561427946e-05
5122,1.4302344092012576e-05
5123,5.65875353205715e-05
5124,4.477255541847415e-05
5125,6.031858160544434e-05
5126,0.00013493950730290126
5127,4.104150913360131e-05
5128,8.083933617224499e-05
5129,1.3680503044533769e-05
5130,1.4302344092012576e-05
5131,0.00011193138854618537
5132,2.4873641899152306e-06
5133,5.596569427309269e-05
5134,8.0839336172245e-06
5135,3.420125761133442e-05
5136,6.8402515222668845e-06
5137,2.5495482946631114e-05
5138,2.8604688184025153e-05
5139,1.4302344092012576e-05
5140,8.0839336172245e-06
5141,9.76290444541728e-05
5142,6.8402515222668845e-06
5143,3.979782703864369e-05
5144,2.6117323994109923e-05
5145,9.949456759660923e-06
5146,1.9898913519321845e-05
5147,5.036912484578342e-05
5148,2.8604688184025153e-05
5149,0.00026428244517849326
5150,1.2436820949576152e-05
5151,3.7932303896207266e-05
5152,8.021749512476619e-05
5153,2.0520754566800654e-05
5154,1.3058661997054962e-05
5155,3.731046284872846e-06
5156,3.109205237394038e-06
5157,4.352887332351654e-06
5158,4.2907032276037726e-05
5159,1.6167867234449e-05
5160,3.109205237394038e-05
5161,4.2907032276037726e-05
5162,1.2436820949576152e-05
5163,9.949456759660923e-06
5164,2.42518008516735e-05
5165,0.00011255322959366418
5166,9.265431607434234e-05
5167,2.8604688184025153e-05
5168,5.2234647988219846e-05
5169,8.705774664703308e-06
5170,9.949456759660923e-06
5171,0.0001057129780713973
5172,3.171389342141919e-05
5173,2.673916504158873e-05
5174,6.8402515222668845e-06
5175,3.731046284872846e-05
5176,2.9848370278982768e-05
5177,1.7411549329406615e-05
5178,4.1663350181080114e-05
5179,4.2907032276037726e-05
5180,9.949456759660922e-05
5181,3.855414494368607e-05
5182,8.14611772197238e-05
5183,4.352887332351654e-06
5184,2.3008118756715884e-05
5185,6.8402515222668845e-06
5186,0.0001797120627213754
5187,3.731046284872846e-06
5188,2.4873641899152305e-05
5189,4.6638078560910574e-05
5190,2.42518008516735e-05
5191,0.00010011640864408804
5192,7.462092569745692e-06
5193,0.00014053607673021053
5194,3.855414494368607e-05
5195,7.524276674493573e-05
5196,0.00020520754566800652
5197,1.4302344092012576e-05
5198,7.399908464997812e-05
5199,0.000129342937875592
5200,9.327615712182115e-06
5201,2.8604688184025153e-05
5202,4.2907032276037726e-05
5203,8.643590559955426e-05
5204,2.362995980419469e-05
5205,0.00023629959804194692
5206,4.788176065586819e-05
5207,6.778067417519003e-05
5208,7.462092569745692e-05
5209,6.342778684283838e-05
5210,6.218410474788076e-06
5211,7.462092569745692e-06
5212,3.9175985991164885e-05
5213,2.4873641899152305e-05
5214,1.4924185139491384e-05
5215,5.783121741552911e-05
5216,3.731046284872846e-06
5217,4.352887332351654e-06
5218,1.3058661997054962e-05
5219,8.394854140963903e-05
5220,7.462092569745692e-06
5221,2.3008118756715884e-05
5222,0.00010820034226131253
5223,3.731046284872846e-06
5224,1.1814979902097345e-05
5225,6.778067417519003e-05
5226,6.218410474788076e-06
5227,8.830142874199069e-05
5228,3.0470211326461574e-05
5229,2.6117323994109923e-05
5230,3.171389342141919e-05
5231,7.213356150754168e-05
5232,2.6117323994109923e-05
5233,4.974728379830461e-06
5234,0.0001218808453058463
5235,1.7411549329406615e-05
5236,1.865523142436423e-05
5237,8.705774664703308e-06
5238,1.057129780713973e-05
5239,2.176443666175827e-05
5240,9.327615712182115e-06
5241,9.389799816929995e-05
5242,6.8402515222668845e-06
5243,2.362995980419469e-05
5244,1.1814979902097345e-05
5245,8.270485931468142e-05
5246,4.974728379830461e-06
5247,7.026803836510527e-05
5248,3.109205237394038e-06
5249,6.8402515222668845e-06
5250,1.6167867234449e-05
5251,7.088987941258407e-05
5252,6.591515103275361e-05
5253,5.347833008317746e-05
5254,7.213356150754168e-05
5255,6.8402515222668845e-06
5256,8.208301826720262e-05
5257,4.352887332351654e-06
5258,9.327615712182115e-06
5259,4.9125442750825804e-05
5260,7.462092569745692e-06
5261,6.218410474788076e-06
5262,4.2907032276037726e-05
5263,0.00019836729414573963
5264,7.088987941258407e-05
5265,4.352887332351654e-05
5266,0.00016789708281927807
5267,1.1193138854618537e-05
5268,6.8402515222668845e-06
5269,3.855414494368607e-05
5270,1.057129780713973e-05
5271,1.4924185139491384e-05
5272,2.42518008516735e-05
5273,3.731046284872846e-06
5274,0.00010384745492896087
5275,1.803339037688542e-05
5276,8.208301826720262e-05
5277,1.1193138854618537e-05
5278,0.00011255322959366418
5279,3.731046284872846e-06
5280,1.057129780713973e-05
5281,8.95451108369483e-05
5282,3.482309865881323e-05
5283,7.462092569745692e-06
5284,2.176443666175827e-05
5285,5.596569427309269e-06
5286,5.7209376368050306e-05
5287,1.1193138854618537e-05
5288,2.4873641899152306e-06
5289,3.295757551637681e-05
5290,3.295757551637681e-05
5291,3.171389342141919e-05
5292,8.0839336172245e-06
5293,5.2234647988219846e-05
5294,3.6688621801249655e-05
5295,4.6638078560910574e-05
5296,3.731046284872846e-06
5297,2.42518008516735e-05
5298,1.1814979902097345e-05
5299,5.534385322561388e-05
5300,5.036912484578342e-05
5301,1.4302344092012576e-05
5302,4.6638078560910574e-05
5303,3.7932303896207266e-05
5304,1.057129780713973e-05
5305,4.352887332351654e-06
5306,3.171389342141919e-05
5307,4.352887332351654e-06
5308,5.534385322561388e-05
5309,3.731046284872846e-06
5310,3.109205237394038e-06
5311,9.389799816929995e-05
5312,9.514168026425757e-05
5313,5.9696740557965536e-05
5314,1.4924185139491384e-05
5315,2.362995980419469e-05
5316,5.2234647988219846e-05
5317,4.104150913360131e-05
5318,2.6117323994109923e-05
5319,0.00012747741473315556
5320,4.6638078560910574e-05
5321,3.731046284872846e-05
5322,6.218410474788076e-06
5323,1.3058661997054962e-05
5324,6.8402515222668845e-06
5325,1.1193138854618537e-05
5326,1.865523142436423e-05
5327,1.1814979902097345e-05
5328,6.8402515222668845e-06
5329,1.9277072471843036e-05
5330,4.352887332351654e-06
5331,8.95451108369483e-05
5332,1.9277072471843036e-05
5333,6.964619731762646e-05
5334,6.4671468937796e-05
5335,1.9277072471843036e-05
5336,1.1814979902097345e-05
5337,0.0001050911370239185
5338,2.922652923150396e-05
5339,6.218410474788076e-06
5340,3.109205237394038e-06
5341,0.00013867055358777412
5342,1.2436820949576152e-05
5343,3.420125761133442e-05
5344,9.949456759660923e-06
5345,5.596569427309269e-06
5346,2.4873641899152305e-05
5347,1.6167867234449e-05
5348,9.327615712182115e-06
5349,1.4302344092012576e-05
5350,0.00017287181119910852
5351,0.00014115791777768934
5352,2.42518008516735e-05
5353,9.949456759660923e-06
5354,1.7411549329406615e-05
5355,4.725991960838938e-05
5356,2.114259561427946e-05
5357,2.922652923150396e-05
5358,2.8604688184025153e-05
5359,2.176443666175827e-05
5360,0.00010882218330879135
5361,5.4722012178135076e-05
5362,1.865523142436423e-05
5363,1.4302344092012576e-05
5364,1.2436820949576152e-05
5365,1.4302344092012576e-05
5366,3.109205237394038e-05
5367,4.974728379830461e-06
5368,7.088987941258407e-05
5369,1.2436820949576152e-05
5370,6.591515103275361e-05
5371,1.803339037688542e-05
5372,2.922652923150396e-05
5373,4.6638078560910574e-05
5374,3.171389342141919e-05
5375,5.285648903569865e-05
5376,5.9696740557965536e-05
5377,1.3680503044533769e-05
5378,3.979782703864369e-05
5379,8.705774664703308e-06
5380,0.00013556134835038006
5381,6.094042265292315e-05
5382,9.949456759660923e-06
5383,9.327615712182115e-06
5384,4.974728379830461e-06
5385,6.218410474788076e-06
5386,6.218410474788076e-06
5387,1.803339037688542e-05
5388,8.14611772197238e-05
5389,5.9696740557965536e-05
5390,4.974728379830461e-05
5391,3.731046284872846e-05
5392,9.203247502686354e-05
5393,0.00010136009073904565
5394,1.4924185139491384e-05
5395,4.5394396465952956e-05
5396,2.362995980419469e-05
5397,8.0839336172245e-06
5398,4.352887332351654e-06
5399,7.462092569745692e-06
5400,3.731046284872846e-06
5401,1.4924185139491384e-05
5402,0.00014302344092012576
5403,5.65875353205715e-05
5404,6.8402515222668845e-06
5405,4.725991960838938e-05
5406,6.591515103275361e-05
5407,9.949456759660923e-06
5408,3.420125761133442e-05
5409,7.462092569745692e-06
5410,0.00016914076491423568
5411,6.218410474788076e-06
5412,2.4873641899152305e-05
5413,0.00019214888367095158
5414,4.352887332351654e-06
5415,6.218410474788076e-06
5416,1.1814979902097345e-05
5417,5.036912484578342e-05
5418,1.2436820949576152e-05
5419,3.9175985991164885e-05
5420,1.4302344092012576e-05
5421,1.1814979902097345e-05
5422,8.0839336172245e-06
5423,5.2234647988219846e-05
5424,7.773013093485096e-05
5425,9.327615712182115e-06
5426,9.949456759660923e-06
5427,0.0001050911370239185
5428,8.643590559955426e-05
5429,1.1193138854618537e-05
5430,1.865523142436423e-05
5431,7.835197198232977e-05
5432,1.9277072471843036e-05
5433,3.482309865881323e-05
5434,6.342778684283838e-05
5435,2.6117323994109923e-05
5436,6.964619731762646e-05
5437,4.974728379830461e-06
5438,7.337724360249931e-05
5439,2.8604688184025153e-05
5440,5.9696740557965536e-05
5441,6.218410474788076e-06
5442,3.731046284872846e-06
5443,8.705774664703308e-06
5444,1.1814979902097345e-05
5445,9.327615712182115e-06
5446,3.2335734468898e-05
5447,4.4150714370995344e-05
5448,1.865523142436423e-05
5449,6.653699208023242e-05
5450,6.8402515222668845e-06
5451,2.0520754566800654e-05
5452,1.9898913519321845e-05
5453,4.974728379830461e-06
5454,8.0839336172245e-06
5455,4.4150714370995344e-05
5456,4.352887332351654e-06
5457,4.352887332351654e-06
5458,8.14611772197238e-05
5459,4.352887332351654e-06
5460,5.783121741552911e-05
5461,2.2386277709237075e-05
5462,3.7932303896207266e-05
5463,3.295757551637681e-05
5464,3.0470211326461574e-05
5465,7.275540255502049e-05
5466,1.4924185139491384e-05
5467,1.803339037688542e-05
5468,1.4924185139491384e-05
5469,4.228519122855892e-05
5470,1.3680503044533769e-05
5471,7.462092569745692e-06
5472,6.031858160544434e-05
5473,5.4722012178135076e-05
5474,6.529330998527481e-05
5475,2.4873641899152305e-05
5476,6.715883312771122e-05
5477,4.974728379830461e-06
5478,4.974728379830461e-06
5479,8.0839336172245e-06
5480,7.835197198232977e-05
5481,1.4302344092012576e-05
5482,2.5495482946631114e-05
5483,5.596569427309269e-06
5484,5.7209376368050306e-05
5485,8.705774664703308e-06
5486,2.6117323994109923e-05
5487,3.731046284872846e-06
5488,3.2335734468898e-05
5489,3.357941656385561e-05
5490,2.3008118756715884e-05
5491,2.176443666175827e-05
5492,1.2436820949576152e-05
5493,1.057129780713973e-05
5494,3.295757551637681e-05
5495,7.462092569745692e-06
5496,6.8402515222668845e-06
5497,0.0002027201814780913
5498,5.783121741552911e-05
5499,2.42518008516735e-05
5500,1.9277072471843036e-05
5501,4.2907032276037726e-05
5502,4.2907032276037726e-05
5503,6.218410474788076e-06
5504,1.2436820949576152e-05
5505,4.4150714370995344e-05
5506,3.731046284872846e-06
5507,5.2234647988219846e-05
5508,9.327615712182115e-06
5509,1.6789708281927806e-05
5510,8.89232697894695e-05
5511,0.0001629223544394476
5512,2.922652923150396e-05
5513,1.9277072471843036e-05
5514,9.949456759660923e-06
5515,0.00013556134835038006
5516,4.725991960838938e-05
5517,1.3058661997054962e-05
5518,1.4924185139491384e-05
5519,9.949456759660923e-06
5520,2.176443666175827e-05
5521,9.949456759660923e-06
5522,1.6789708281927806e-05
5523,0.00016789708281927807
5524,3.109205237394038e-06
5525,0.00014115791777768934
5526,3.731046284872846e-06
5527,6.218410474788076e-06
5528,9.327615712182115e-06
5529,6.902435627014766e-05
5530,2.3008118756715884e-05
5531,3.0470211326461574e-05
5532,1.554602618697019e-05
5533,9.327615712182115e-06
5534,3.109205237394038e-06
5535,5.347833008317746e-05
5536,1.7411549329406615e-05
5537,1.6789708281927806e-05
5538,4.974728379830461e-06
5539,0.00014488896406256217
5540,4.788176065586819e-05
5541,3.731046284872846e-06
5542,4.352887332351654e-06
5543,4.974728379830461e-06
5544,4.601623751343177e-05
5545,1.9277072471843036e-05
5546,4.352887332351654e-06
5547,1.554602618697019e-05
5548,2.176443666175827e-05
5549,4.352887332351654e-05
5550,3.357941656385561e-05
5551,8.89232697894695e-05
5552,4.9125442750825804e-05
5553,5.9696740557965536e-05
5554,2.0520754566800654e-05
5555,1.4924185139491384e-05
5556,2.0520754566800654e-05
5557,1.6167867234449e-05
5558,4.477255541847415e-05
5559,8.705774664703308e-06
5560,1.3680503044533769e-05
5561,4.974728379830461e-06
5562,3.109205237394038e-06
5563,1.7411549329406615e-05
5564,0.00013742687149281648
5565,3.0470211326461574e-05
5566,2.4873641899152306e-06
5567,8.0839336172245e-06
5568,4.352887332351654e-06
5569,1.6167867234449e-05
5570,8.705774664703308e-06
5571,2.176443666175827e-05
5572,9.949456759660923e-06
5573,8.643590559955426e-05
5574,6.902435627014766e-05
5575,4.0419668086122496e-05
5576,2.176443666175827e-05
5577,4.601623751343177e-05
5578,1.4924185139491384e-05
5579,1.865523142436423e-05
5580,3.5444939706292037e-05
5581,1.057129780713973e-05
5582,3.109205237394038e-06
5583,1.865523142436423e-05
5584,7.462092569745692e-06
5585,3.482309865881323e-05
5586,3.109205237394038e-06
5587,5.2234647988219846e-05
5588,3.5444939706292037e-05
5589,4.352887332351654e-05
5590,3.731046284872846e-06
5591,7.462092569745692e-06
5592,6.218410474788077e-05
5593,2.4873641899152306e-06
5594,3.171389342141919e-05
5595,4.725991960838938e-05
5596,3.731046284872846e-06
5597,5.596569427309269e-06
5598,4.352887332351654e-06
5599,1.1814979902097345e-05
5600,3.731046284872846e-06
5601,4.228519122855892e-05
5602,2.0520754566800654e-05
5603,1.3680503044533769e-05
5604,5.596569427309269e-06
5605,0.00011441875273610061
5606,1.3058661997054962e-05
5607,1.3058661997054962e-05
5608,8.767958769451188e-05
5609,4.974728379830461e-06
5610,4.974728379830461e-06
5611,1.9898913519321845e-05
5612,3.9175985991164885e-05
5613,4.974728379830461e-06
5614,4.974728379830461e-06
5615,6.8402515222668845e-06
5616,6.840251522266884e-05
5617,3.2335734468898e-05
5618,3.855414494368607e-05
5619,8.0839336172245e-06
5620,2.42518008516735e-05
5621,3.171389342141919e-05
5622,9.327615712182115e-06
5623,3.109205237394038e-05
5624,1.6167867234449e-05
5625,2.7982847136546344e-05
5626,0.00022510645918732836
5627,1.4302344092012576e-05
5628,5.285648903569865e-05
5629,2.4873641899152305e-05
5630,4.974728379830461e-06
5631,2.176443666175827e-05
5632,9.949456759660923e-06
5633,1.865523142436423e-05
5634,3.109205237394038e-06
5635,0.00011193138854618537
5636,8.705774664703308e-06
5637,3.109205237394038e-06
5638,0.00014675448720499862
5639,3.109205237394038e-06
5640,7.897381302980858e-05
5641,1.803339037688542e-05
5642,7.959565407728738e-05
5643,8.519222350459665e-05
5644,0.00013369582520794364
5645,1.7411549329406615e-05
5646,9.327615712182115e-06
5647,0.00018468679110120588
5648,3.420125761133442e-05
5649,2.8604688184025153e-05
5650,3.606678075377084e-05
5651,1.7411549329406615e-05
5652,3.420125761133442e-05
5653,0.00010384745492896087
5654,4.725991960838938e-05
5655,7.088987941258407e-05
5656,1.803339037688542e-05
5657,2.9848370278982768e-05
5658,5.907489951048673e-05
5659,3.731046284872846e-06
5660,4.0419668086122496e-05
5661,5.347833008317746e-05
5662,5.347833008317746e-05
5663,7.399908464997812e-05
5664,9.327615712182115e-06
5665,7.399908464997812e-05
5666,4.5394396465952956e-05
5667,6.715883312771122e-05
5668,1.3058661997054962e-05
5669,2.114259561427946e-05
5670,4.1663350181080114e-05
5671,1.554602618697019e-05
5672,3.731046284872846e-06
5673,1.3680503044533769e-05
5674,0.0001050911370239185
5675,1.3058661997054962e-05
5676,9.327615712182115e-06
5677,8.332670036216023e-05
5678,3.109205237394038e-06
5679,1.1193138854618537e-05
5680,1.803339037688542e-05
5681,2.7361006089067538e-05
5682,1.4924185139491384e-05
5683,4.352887332351654e-06
5684,1.2436820949576152e-05
5685,1.1814979902097345e-05
5686,1.554602618697019e-05
5687,4.352887332351654e-06
5688,9.949456759660923e-06
5689,1.803339037688542e-05
5690,4.352887332351654e-06
5691,5.596569427309269e-06
5692,4.352887332351654e-06
5693,1.9898913519321845e-05
5694,6.218410474788076e-06
5695,9.327615712182115e-06
5696,3.731046284872846e-06
5697,6.591515103275361e-05
5698,2.42518008516735e-05
5699,3.420125761133442e-05
5700,6.218410474788076e-06
5701,2.9848370278982768e-05
5702,7.897381302980858e-05
5703,5.4100171130656263e-05
5704,1.1814979902097345e-05
5705,1.4924185139491384e-05
5706,3.731046284872846e-06
5707,3.109205237394038e-06
5708,7.462092569745692e-06
5709,0.0001050911370239185
5710,1.1193138854618537e-05
5711,9.327615712182115e-06
5712,9.949456759660923e-06
5713,1.6789708281927806e-05
5714,4.974728379830461e-06
5715,1.9898913519321845e-05
5716,7.462092569745692e-06
5717,4.974728379830461e-05
5718,1.9277072471843036e-05
5719,1.865523142436423e-05
5720,2.673916504158873e-05
5721,6.778067417519003e-05
5722,9.949456759660923e-06
5723,5.596569427309269e-06
5724,6.156226370040196e-05
5725,9.327615712182115e-06
5726,3.171389342141919e-05
5727,2.4873641899152306e-06
5728,3.109205237394038e-06
5729,3.731046284872846e-06
5730,3.420125761133442e-05
5731,1.4302344092012576e-05
5732,4.974728379830461e-06
5733,3.731046284872846e-05
5734,0.00011068770645122776
5735,4.974728379830461e-06
5736,4.6638078560910574e-05
5737,1.6167867234449e-05
5738,1.865523142436423e-05
5739,1.803339037688542e-05
5740,3.731046284872846e-06
5741,5.2234647988219846e-05
5742,3.109205237394038e-05
5743,2.176443666175827e-05
5744,0.0001287210968281132
5745,5.596569427309269e-06
5746,2.114259561427946e-05
5747,2.6117323994109923e-05
5748,6.8402515222668845e-06
5749,4.974728379830461e-06
5750,1.6167867234449e-05
5751,8.89232697894695e-05
5752,1.2436820949576152e-05
5753,5.7209376368050306e-05
5754,1.3058661997054962e-05
5755,9.451983921677876e-05
5756,4.104150913360131e-05
5757,9.327615712182115e-06
5758,2.42518008516735e-05
5759,0.00011441875273610061
5760,2.4873641899152305e-05
5761,9.949456759660923e-06
5762,5.596569427309269e-06
5763,1.554602618697019e-05
5764,1.865523142436423e-05
5765,5.4722012178135076e-05
5766,1.3058661997054962e-05
5767,7.586460779241453e-05
5768,3.731046284872846e-06
5769,2.5495482946631114e-05
5770,2.114259561427946e-05
5771,8.705774664703308e-06
5772,3.109205237394038e-05
5773,3.5444939706292037e-05
5774,1.4924185139491384e-05
5775,6.840251522266884e-05
5776,4.477255541847415e-05
5777,5.7209376368050306e-05
5778,1.1193138854618537e-05
5779,3.606678075377084e-05
5780,6.218410474788076e-06
5781,1.803339037688542e-05
5782,8.14611772197238e-05
5783,4.974728379830461e-06
5784,4.974728379830461e-06
5785,6.8402515222668845e-06
5786,4.352887332351654e-05
5787,7.959565407728738e-05
5788,6.404962789031718e-05
5789,7.462092569745692e-06
5790,1.865523142436423e-05
5791,3.9175985991164885e-05
5792,3.731046284872846e-06
5793,1.6167867234449e-05
5794,1.9898913519321845e-05
5795,1.6167867234449e-05
5796,6.094042265292315e-05
5797,1.9277072471843036e-05
5798,3.109205237394038e-06
5799,2.673916504158873e-05
5800,8.705774664703308e-06
5801,1.803339037688542e-05
5802,7.337724360249931e-05
5803,8.0839336172245e-06
5804,1.2436820949576152e-05
5805,4.1663350181080114e-05
5806,1.6789708281927806e-05
5807,3.731046284872846e-06
5808,5.907489951048673e-05
5809,2.9848370278982768e-05
5810,8.705774664703308e-06
5811,3.979782703864369e-05
5812,8.767958769451188e-05
5813,2.7982847136546344e-05
5814,0.00011566243483105822
5815,1.803339037688542e-05
5816,2.5495482946631114e-05
5817,2.0520754566800654e-05
5818,0.000113175070641143
5819,1.3058661997054962e-05
5820,3.731046284872846e-06
5821,0.00013307398416046484
5822,0.0001050911370239185
5823,5.7209376368050306e-05
5824,3.5444939706292037e-05
5825,1.9277072471843036e-05
5826,3.7932303896207266e-05
5827,4.477255541847415e-05
5828,8.95451108369483e-05
5829,3.855414494368607e-05
5830,0.00010384745492896087
5831,2.42518008516735e-05
5832,5.9696740557965536e-05
5833,4.974728379830461e-06
5834,4.725991960838938e-05
5835,4.352887332351654e-06
5836,3.2335734468898e-05
5837,2.8604688184025153e-05
5838,5.596569427309269e-06
5839,3.606678075377084e-05
5840,3.2335734468898e-05
5841,5.596569427309269e-06
5842,2.3008118756715884e-05
5843,3.109205237394038e-06
5844,3.109205237394038e-06
5845,4.1663350181080114e-05
5846,1.3680503044533769e-05
5847,1.1193138854618537e-05
5848,1.865523142436423e-05
5849,6.8402515222668845e-06
5850,4.974728379830461e-06
5851,6.280594579535957e-05
5852,4.8503601703347e-05
5853,2.176443666175827e-05
5854,4.352887332351654e-06
5855,1.7411549329406615e-05
5856,1.1193138854618537e-05
5857,3.2335734468898e-05
5858,7.773013093485096e-05
5859,4.974728379830461e-06
5860,1.1814979902097345e-05
5861,1.4924185139491384e-05
5862,1.1193138854618537e-05
5863,2.114259561427946e-05
5864,2.5495482946631114e-05
5865,4.104150913360131e-05
5866,8.0839336172245e-06
5867,7.462092569745692e-06
5868,3.979782703864369e-05
5869,1.6789708281927806e-05
5870,8.0839336172245e-06
5871,1.803339037688542e-05
5872,8.208301826720262e-05
5873,8.705774664703308e-06
5874,2.922652923150396e-05
5875,8.0839336172245e-06
5876,4.974728379830461e-06
5877,7.462092569745692e-06
5878,6.218410474788077e-05
5879,3.731046284872846e-06
5880,3.109205237394038e-06
5881,7.462092569745692e-06
5882,9.327615712182115e-06
5883,2.2386277709237075e-05
5884,1.1193138854618537e-05
5885,5.2234647988219846e-05
5886,2.42518008516735e-05
5887,8.0839336172245e-06
5888,1.4924185139491384e-05
5889,4.104150913360131e-05
5890,1.3058661997054962e-05
5891,8.705774664703308e-06
5892,1.1814979902097345e-05
5893,1.4924185139491384e-05
5894,0.0001629223544394476
5895,9.949456759660923e-06
5896,0.00013183030206550723
5897,1.9277072471843036e-05
5898,6.964619731762646e-05
5899,7.275540255502049e-05
5900,3.0470211326461574e-05
5901,4.2907032276037726e-05
5902,6.964619731762646e-05
5903,4.352887332351654e-06
5904,1.1193138854618537e-05
5905,4.725991960838938e-05
5906,2.9848370278982768e-05
5907,1.057129780713973e-05
5908,3.731046284872846e-06
5909,3.171389342141919e-05
5910,4.8503601703347e-05
5911,4.788176065586819e-05
5912,3.420125761133442e-05
5913,1.4302344092012576e-05
5914,3.109205237394038e-06
5915,5.596569427309269e-06
5916,1.9277072471843036e-05
5917,5.9696740557965536e-05
5918,3.482309865881323e-05
5919,1.9898913519321845e-05
5920,2.362995980419469e-05
5921,3.420125761133442e-05
5922,7.648644883989334e-05
5923,6.8402515222668845e-06
5924,7.462092569745692e-06
5925,1.9898913519321845e-05
5926,4.104150913360131e-05
5927,4.788176065586819e-05
5928,2.176443666175827e-05
5929,2.2386277709237075e-05
5930,3.731046284872846e-06
5931,6.218410474788076e-06
5932,1.7411549329406615e-05
5933,3.109205237394038e-06
5934,2.2386277709237075e-05
5935,5.347833008317746e-05
5936,1.3058661997054962e-05
5937,1.554602618697019e-05
5938,5.596569427309269e-06
5939,9.949456759660923e-06
5940,1.3058661997054962e-05
5941,1.9898913519321845e-05
5942,6.715883312771122e-05
5943,3.7932303896207266e-05
5944,0.00014053607673021053
5945,2.4873641899152306e-06
5946,1.2436820949576152e-05
5947,7.151172046006288e-05
5948,8.767958769451188e-05
5949,0.0001542165797747443
5950,3.171389342141919e-05
5951,4.788176065586819e-05
5952,0.00010446929597643969
5953,8.0839336172245e-06
5954,6.8402515222668845e-06
5955,7.462092569745692e-06
5956,7.462092569745692e-05
5957,3.109205237394038e-05
5958,1.3058661997054962e-05
5959,1.4302344092012576e-05
5960,1.6789708281927806e-05
5961,4.352887332351654e-06
5962,1.4302344092012576e-05
5963,4.352887332351654e-06
5964,3.606678075377084e-05
5965,4.104150913360131e-05
5966,1.057129780713973e-05
5967,2.3008118756715884e-05
5968,7.462092569745692e-05
5969,4.974728379830461e-06
5970,2.2386277709237075e-05
5971,1.6167867234449e-05
5972,6.8402515222668845e-06
5973,4.352887332351654e-06
5974,3.109205237394038e-06
5975,1.865523142436423e-05
5976,7.151172046006288e-05
5977,3.109205237394038e-06
5978,7.213356150754168e-05
5979,3.171389342141919e-05
5980,5.596569427309269e-06
5981,4.6638078560910574e-05
5982,7.462092569745692e-06
5983,5.099096589326223e-05
5984,2.5495482946631114e-05
5985,1.4924185139491384e-05
5986,6.218410474788076e-06
5987,7.648644883989334e-05
5988,2.176443666175827e-05
5989,1.1193138854618537e-05
5990,3.731046284872846e-05
5991,4.974728379830461e-06
5992,0.00010944402435627015
5993,4.974728379830461e-06
5994,1.6167867234449e-05
5995,8.705774664703308e-06
5996,2.42518008516735e-05
5997,3.2335734468898e-05
5998,9.327615712182115e-06
5999,7.648644883989334e-05
6000,4.352887332351654e-06
6001,1.4302344092012576e-05
6002,5.596569427309269e-06
6003,5.347833008317746e-05
6004,4.352887332351654e-06
6005,2.673916504158873e-05
6006,3.731046284872846e-06
6007,1.3058661997054962e-05
6008,6.902435627014766e-05
6009,2.176443666175827e-05
6010,2.4873641899152305e-05
6011,9.327615712182115e-06
6012,2.7982847136546344e-05
6013,1.7411549329406615e-05
6014,4.725991960838938e-05
6015,3.5444939706292037e-05
6016,0.0001865523142436423
6017,6.280594579535957e-05
6018,1.3680503044533769e-05
6019,5.65875353205715e-05
6020,3.482309865881323e-05
6021,2.673916504158873e-05
6022,9.949456759660923e-06
6023,1.2436820949576152e-05
6024,9.638536235921519e-05
6025,1.057129780713973e-05
6026,6.218410474788076e-06
6027,2.4873641899152305e-05
6028,2.176443666175827e-05
6029,8.0839336172245e-06
6030,1.1814979902097345e-05
6031,6.218410474788076e-06
6032,2.6117323994109923e-05
6033,6.8402515222668845e-06
6034,4.725991960838938e-05
6035,2.176443666175827e-05
6036,1.2436820949576152e-05
6037,2.42518008516735e-05
6038,2.176443666175827e-05
6039,3.731046284872846e-05
6040,4.477255541847415e-05
6041,3.0470211326461574e-05
6042,5.2234647988219846e-05
6043,4.477255541847415e-05
6044,7.088987941258407e-05
6045,4.788176065586819e-05
6046,1.057129780713973e-05
6047,9.949456759660923e-06
6048,5.596569427309269e-05
6049,1.1814979902097345e-05
6050,4.974728379830461e-06
6051,4.974728379830461e-06
6052,1.9898913519321845e-05
6053,2.0520754566800654e-05
6054,5.596569427309269e-06
6055,3.6688621801249655e-05
6056,0.00022324093604489194
6057,0.00011130954749870657
6058,9.76290444541728e-05
6059,8.0839336172245e-06
6060,2.673916504158873e-05
6061,2.176443666175827e-05
6062,1.4302344092012576e-05
6063,3.109205237394038e-06
6064,6.8402515222668845e-06
6065,3.109205237394038e-06
6066,0.00012063716321088868
6067,6.4671468937796e-05
6068,0.00012125900425836749
6069,4.352887332351654e-06
6070,0.00012312452740080392
6071,2.9848370278982768e-05
6072,3.357941656385561e-05
6073,3.482309865881323e-05
6074,2.673916504158873e-05
6075,1.2436820949576152e-05
6076,4.974728379830461e-06
6077,4.104150913360131e-05
6078,2.6117323994109923e-05
6079,6.715883312771122e-05
6080,1.2436820949576152e-05
6081,3.109205237394038e-06
6082,9.949456759660923e-06
6083,4.352887332351654e-06
6084,4.974728379830461e-06
6085,6.218410474788076e-06
6086,4.6638078560910574e-05
6087,8.705774664703308e-06
6088,4.601623751343177e-05
6089,1.057129780713973e-05
6090,4.8503601703347e-05
6091,6.280594579535957e-05
6092,1.554602618697019e-05
6093,2.0520754566800654e-05
6094,7.462092569745692e-06
6095,5.099096589326223e-05
6096,2.2386277709237075e-05
6097,1.3058661997054962e-05
6098,7.337724360249931e-05
6099,1.3680503044533769e-05
6100,1.803339037688542e-05
6101,1.2436820949576152e-05
6102,1.057129780713973e-05
6103,4.352887332351654e-06
6104,7.462092569745692e-06
6105,3.5444939706292037e-05
6106,1.9898913519321845e-05
6107,8.705774664703308e-06
6108,2.7982847136546344e-05
6109,1.9898913519321845e-05
6110,2.42518008516735e-05
6111,2.9848370278982768e-05
6112,3.109205237394038e-06
6113,5.65875353205715e-05
6114,2.4873641899152306e-06
6115,4.352887332351654e-06
6116,1.3058661997054962e-05
6117,1.6167867234449e-05
6118,8.705774664703308e-06
6119,3.109205237394038e-06
6120,6.280594579535957e-05
6121,2.5495482946631114e-05
6122,4.104150913360131e-05
6123,1.9277072471843036e-05
6124,4.352887332351654e-06
6125,0.0001287210968281132
6126,7.462092569745692e-06
6127,4.725991960838938e-05
6128,3.731046284872846e-06
6129,4.725991960838938e-05
6130,4.6638078560910574e-05
6131,3.0470211326461574e-05
6132,8.021749512476619e-05
6133,1.1814979902097345e-05
6134,0.00012809925578063437
6135,0.00010011640864408804
6136,1.057129780713973e-05
6137,4.104150913360131e-05
6138,1.2436820949576152e-05
6139,1.4302344092012576e-05
6140,6.8402515222668845e-06
6141,1.9277072471843036e-05
6142,4.352887332351654e-06
6143,0.00012125900425836749
6144,5.534385322561388e-05
6145,1.2436820949576152e-05
6146,1.6167867234449e-05
6147,1.6789708281927806e-05
6148,3.109205237394038e-06
6149,1.9898913519321845e-05
6150,3.0470211326461574e-05
6151,6.218410474788076e-06
6152,9.949456759660923e-06
6153,1.803339037688542e-05
6154,2.0520754566800654e-05
6155,1.9277072471843036e-05
6156,2.0520754566800654e-05
6157,2.4873641899152306e-06
6158,1.803339037688542e-05
6159,1.6167867234449e-05
6160,6.156226370040196e-05
6161,4.352887332351654e-05
6162,3.731046284872846e-06
6163,2.6117323994109923e-05
6164,6.218410474788076e-06
6165,3.731046284872846e-05
6166,1.6789708281927806e-05
6167,3.731046284872846e-05
6168,2.8604688184025153e-05
6169,5.596569427309269e-06
6170,6.218410474788076e-06
6171,9.327615712182115e-06
6172,1.4924185139491384e-05
6173,2.4873641899152306e-06
6174,8.705774664703308e-06
6175,3.0470211326461574e-05
6176,2.3008118756715884e-05
6177,1.1193138854618537e-05
6178,3.2335734468898e-05
6179,0.00018344310900624827
6180,2.2386277709237075e-05
6181,3.482309865881323e-05
6182,2.5495482946631114e-05
6183,7.026803836510527e-05
6184,3.9175985991164885e-05
6185,1.865523142436423e-05
6186,5.596569427309269e-06
6187,3.7932303896207266e-05
6188,3.731046284872846e-06
6189,7.524276674493573e-05
6190,8.0839336172245e-06
6191,7.026803836510527e-05
6192,1.865523142436423e-05
6193,6.778067417519003e-05
6194,2.42518008516735e-05
6195,4.352887332351654e-06
6196,6.218410474788076e-06
6197,1.7411549329406615e-05
6198,3.731046284872846e-06
6199,2.3008118756715884e-05
6200,5.907489951048673e-05
6201,6.715883312771122e-05
6202,3.109205237394038e-06
6203,8.705774664703308e-06
6204,1.3058661997054962e-05
6205,5.4722012178135076e-05
6206,7.462092569745692e-06
6207,1.3058661997054962e-05
6208,2.4873641899152306e-06
6209,3.482309865881323e-05
6210,7.648644883989334e-05
6211,9.327615712182115e-06
6212,2.176443666175827e-05
6213,5.845305846300792e-05
6214,2.0520754566800654e-05
6215,4.601623751343177e-05
6216,5.4100171130656263e-05
6217,3.5444939706292037e-05
6218,1.3058661997054962e-05
6219,5.036912484578342e-05
6220,1.1814979902097345e-05
6221,8.581406455207545e-05
6222,1.6167867234449e-05
6223,1.4924185139491384e-05
6224,3.855414494368607e-05
6225,1.2436820949576152e-05
6226,1.3058661997054962e-05
6227,1.6167867234449e-05
6228,4.974728379830461e-06
6229,8.705774664703308e-06
6230,1.6789708281927806e-05
6231,7.462092569745692e-06
6232,3.109205237394038e-06
6233,4.974728379830461e-05
6234,3.6688621801249655e-05
6235,3.357941656385561e-05
6236,2.4873641899152305e-05
6237,2.114259561427946e-05
6238,4.104150913360131e-05
6239,1.1193138854618537e-05
6240,1.6789708281927806e-05
6241,1.1193138854618537e-05
6242,5.099096589326223e-05
6243,5.534385322561388e-05
6244,2.5495482946631114e-05
6245,1.1193138854618537e-05
6246,9.265431607434234e-05
6247,4.974728379830461e-05
6248,2.4873641899152305e-05
6249,5.596569427309269e-06
6250,4.352887332351654e-06
6251,5.596569427309269e-06
6252,1.6789708281927806e-05
6253,1.057129780713973e-05
6254,1.7411549329406615e-05
6255,3.731046284872846e-06
6256,0.00010260377283400326
6257,5.7209376368050306e-05
6258,3.731046284872846e-05
6259,3.731046284872846e-06
6260,4.352887332351654e-06
6261,7.026803836510527e-05
6262,3.109205237394038e-06
6263,4.974728379830461e-06
6264,5.596569427309269e-06
6265,1.057129780713973e-05
6266,4.974728379830461e-06
6267,8.457038245711784e-05
6268,5.596569427309269e-06
6269,6.404962789031718e-05
6270,1.6789708281927806e-05
6271,1.865523142436423e-05
6272,4.8503601703347e-05
6273,8.705774664703308e-06
6274,3.855414494368607e-05
6275,7.773013093485096e-05
6276,1.6167867234449e-05
6277,3.7932303896207266e-05
6278,4.5394396465952956e-05
6279,5.65875353205715e-05
6280,1.2436820949576152e-05
6281,7.275540255502049e-05
6282,9.327615712182115e-05
6283,4.788176065586819e-05
6284,0.00016540971862936285
6285,4.725991960838938e-05
6286,4.788176065586819e-05
6287,9.7007203406694e-05
6288,4.788176065586819e-05
6289,4.788176065586819e-05
6290,5.596569427309269e-05
6291,5.1612806940741034e-05
6292,7.275540255502049e-05
6293,7.275540255502049e-05
6294,5.534385322561388e-05
6295,4.974728379830461e-05
6296,5.099096589326223e-05
6297,7.462092569745692e-05
6298,4.725991960838938e-05
6299,4.788176065586819e-05
6300,9.949456759660923e-06
6301,0.00013493950730290126
6302,9.327615712182115e-06
6303,4.974728379830461e-06
6304,1.2436820949576152e-05
6305,1.1814979902097345e-05
6306,0.00011628427587853703
6307,3.731046284872846e-06
6308,4.4150714370995344e-05
6309,5.596569427309269e-06
6310,3.2335734468898e-05
6311,6.8402515222668845e-06
6312,8.705774664703308e-06
6313,3.482309865881323e-05
6314,4.788176065586819e-05
6315,1.4302344092012576e-05
6316,1.1814979902097345e-05
6317,4.352887332351654e-06
6318,2.3008118756715884e-05
6319,4.974728379830461e-06
6320,1.6167867234449e-05
6321,2.4873641899152306e-06
6322,2.4873641899152306e-06
6323,3.731046284872846e-06
6324,1.1193138854618537e-05
6325,3.7932303896207266e-05
6326,5.596569427309269e-06
6327,6.218410474788076e-06
6328,5.596569427309269e-06
6329,1.803339037688542e-05
6330,3.731046284872846e-06
6331,4.352887332351654e-06
6332,8.705774664703308e-06
6333,6.156226370040196e-05
6334,5.9696740557965536e-05
6335,3.9175985991164885e-05
6336,3.731046284872846e-06
6337,5.65875353205715e-05
6338,5.596569427309269e-06
6339,9.327615712182115e-06
6340,7.337724360249931e-05
6341,8.0839336172245e-06
6342,2.0520754566800654e-05
6343,4.974728379830461e-06
6344,2.362995980419469e-05
6345,3.731046284872846e-06
6346,5.347833008317746e-05
6347,5.036912484578342e-05
6348,7.648644883989334e-05
6349,8.0839336172245e-06
6350,1.7411549329406615e-05
6351,8.705774664703308e-05
6352,2.114259561427946e-05
6353,7.462092569745692e-06
6354,4.477255541847415e-05
6355,0.0001057129780713973
6356,3.109205237394038e-06
6357,3.109205237394038e-05
6358,5.9696740557965536e-05
6359,5.596569427309269e-06
6360,2.5495482946631114e-05
6361,7.399908464997812e-05
6362,3.9175985991164885e-05
6363,1.7411549329406615e-05
6364,2.2386277709237075e-05
6365,3.109205237394038e-06
6366,4.477255541847415e-05
6367,7.399908464997812e-05
6368,8.0839336172245e-06
6369,9.949456759660923e-06
6370,4.974728379830461e-06
6371,1.057129780713973e-05
6372,6.218410474788076e-06
6373,4.352887332351654e-06
6374,4.352887332351654e-06
6375,3.357941656385561e-05
6376,2.5495482946631114e-05
6377,2.2386277709237075e-05
6378,1.865523142436423e-05
6379,2.5495482946631114e-05
6380,8.581406455207545e-05
6381,7.462092569745692e-06
6382,4.2907032276037726e-05
6383,7.586460779241453e-05
6384,1.057129780713973e-05
6385,1.6789708281927806e-05
6386,7.959565407728738e-05
6387,4.352887332351654e-06
6388,1.057129780713973e-05
6389,3.109205237394038e-06
6390,2.4873641899152306e-06
6391,3.731046284872846e-06
6392,0.0001057129780713973
6393,1.1814979902097345e-05
6394,3.295757551637681e-05
6395,8.705774664703308e-06
6396,1.4302344092012576e-05
6397,2.8604688184025153e-05
6398,3.171389342141919e-05
6399,1.1814979902097345e-05
6400,6.280594579535957e-05
6401,2.42518008516735e-05
6402,5.783121741552911e-05
6403,0.00010757850121383372
6404,9.327615712182115e-06
6405,1.1193138854618537e-05
6406,3.731046284872846e-06
6407,1.2436820949576152e-05
6408,1.6167867234449e-05
6409,8.270485931468142e-05
6410,3.731046284872846e-06
6411,6.902435627014766e-05
6412,1.1814979902097345e-05
6413,4.352887332351654e-06
6414,3.109205237394038e-05
6415,4.2907032276037726e-05
6416,4.0419668086122496e-05
6417,1.3058661997054962e-05
6418,0.00010882218330879135
6419,8.705774664703308e-06
6420,1.865523142436423e-05
6421,1.057129780713973e-05
6422,8.830142874199069e-05
6423,1.803339037688542e-05
6424,4.352887332351654e-05
6425,7.462092569745692e-06
6426,2.8604688184025153e-05
6427,1.3058661997054962e-05
6428,4.352887332351654e-05
6429,2.0520754566800654e-05
6430,3.109205237394038e-06
6431,8.0839336172245e-06
6432,3.109205237394038e-06
6433,5.596569427309269e-06
6434,2.3008118756715884e-05
6435,3.979782703864369e-05
6436,4.352887332351654e-06
6437,1.7411549329406615e-05
6438,2.8604688184025153e-05
6439,6.840251522266884e-05
6440,1.4302344092012576e-05
6441,3.855414494368607e-05
6442,2.3008118756715884e-05
6443,5.596569427309269e-06
6444,1.057129780713973e-05
6445,6.218410474788076e-06
6446,8.0839336172245e-06
6447,1.6167867234449e-05
6448,2.4873641899152306e-06
6449,4.974728379830461e-06
6450,4.352887332351654e-06
6451,1.4302344092012576e-05
6452,4.0419668086122496e-05
6453,4.1663350181080114e-05
6454,2.673916504158873e-05
6455,0.00011628427587853703
6456,4.1663350181080114e-05
6457,3.979782703864369e-05
6458,8.0839336172245e-06
6459,0.00017349365224658735
6460,3.109205237394038e-05
6461,1.803339037688542e-05
6462,0.00011566243483105822
6463,4.104150913360131e-05
6464,4.974728379830461e-06
6465,6.218410474788076e-06
6466,5.845305846300792e-05
6467,2.176443666175827e-05
6468,5.9696740557965536e-05
6469,3.855414494368607e-05
6470,3.731046284872846e-06
6471,8.705774664703308e-06
6472,3.295757551637681e-05
6473,6.4671468937796e-05
6474,3.855414494368607e-05
6475,7.462092569745692e-06
6476,9.949456759660923e-06
6477,1.3058661997054962e-05
6478,9.327615712182115e-06
6479,4.352887332351654e-06
6480,5.596569427309269e-06
6481,2.673916504158873e-05
6482,4.974728379830461e-06
6483,1.7411549329406615e-05
6484,3.731046284872846e-06
6485,6.218410474788076e-06
6486,3.109205237394038e-06
6487,8.0839336172245e-06
6488,3.2335734468898e-05
6489,9.949456759660923e-06
6490,1.803339037688542e-05
6491,5.596569427309269e-06
6492,1.3680503044533769e-05
6493,2.4873641899152306e-06
6494,4.974728379830461e-06
6495,3.109205237394038e-06
6496,2.3008118756715884e-05
6497,3.171389342141919e-05
6498,9.949456759660923e-06
6499,3.109205237394038e-06
6500,3.109205237394038e-06
6501,0.00014053607673021053
6502,2.7982847136546344e-05
6503,9.949456759660923e-06
6504,6.218410474788076e-06
6505,5.596569427309269e-06
6506,6.218410474788076e-06
6507,4.352887332351654e-06
6508,4.974728379830461e-06
6509,0.00010757850121383372
6510,7.462092569745692e-06
6511,5.65875353205715e-05
6512,2.0520754566800654e-05
6513,4.9125442750825804e-05
6514,0.00012125900425836749
6515,4.8503601703347e-05
6516,6.218410474788076e-06
6517,8.705774664703308e-06
6518,9.327615712182115e-06
6519,2.7982847136546344e-05
6520,3.109205237394038e-06
6521,3.2335734468898e-05
6522,3.109205237394038e-06
6523,1.1814979902097345e-05
6524,1.2436820949576152e-05
6525,4.352887332351654e-05
6526,3.109205237394038e-06
6527,3.731046284872846e-05
6528,4.352887332351654e-05
6529,4.352887332351654e-06
6530,4.974728379830461e-06
6531,6.591515103275361e-05
6532,4.5394396465952956e-05
6533,3.357941656385561e-05
6534,1.3680503044533769e-05
6535,6.218410474788076e-06
6536,3.420125761133442e-05
6537,8.457038245711784e-05
6538,3.357941656385561e-05
6539,1.1814979902097345e-05
6540,2.7982847136546344e-05
6541,3.731046284872846e-06
6542,3.295757551637681e-05
6543,1.4302344092012576e-05
6544,1.3680503044533769e-05
6545,3.731046284872846e-06
6546,2.9848370278982768e-05
6547,5.596569427309269e-06
6548,2.6117323994109923e-05
6549,4.104150913360131e-05
6550,2.4873641899152305e-05
6551,4.228519122855892e-05
6552,1.1193138854618537e-05
6553,5.596569427309269e-06
6554,1.6167867234449e-05
6555,1.4924185139491384e-05
6556,9.949456759660923e-06
6557,3.109205237394038e-06
6558,3.109205237394038e-06
6559,1.3058661997054962e-05
6560,9.949456759660923e-06
6561,4.104150913360131e-05
6562,1.6167867234449e-05
6563,8.0839336172245e-06
6564,6.218410474788076e-06
6565,1.3058661997054962e-05
6566,7.462092569745692e-06
6567,4.352887332351654e-06
6568,1.3680503044533769e-05
6569,3.109205237394038e-06
6570,3.109205237394038e-06
6571,2.8604688184025153e-05
6572,4.352887332351654e-06
6573,5.099096589326223e-05
6574,3.0470211326461574e-05
6575,2.114259561427946e-05
6576,7.462092569745692e-06
6577,8.0839336172245e-06
6578,4.352887332351654e-06
6579,0.00010136009073904565
6580,3.109205237394038e-06
6581,2.4873641899152305e-05
6582,4.974728379830461e-06
6583,1.057129780713973e-05
6584,1.3680503044533769e-05
6585,2.7982847136546344e-05
6586,1.9277072471843036e-05
6587,1.6167867234449e-05
6588,2.114259561427946e-05
6589,3.109205237394038e-06
6590,5.596569427309269e-06
6591,4.352887332351654e-06
6592,4.1663350181080114e-05
6593,5.534385322561388e-05
6594,2.362995980419469e-05
6595,1.057129780713973e-05
6596,2.3008118756715884e-05
6597,1.4924185139491384e-05
6598,9.825088550165161e-05
6599,8.705774664703308e-06
6600,1.554602618697019e-05
6601,5.7209376368050306e-05
6602,1.3680503044533769e-05
6603,3.6688621801249655e-05
6604,3.0470211326461574e-05
6605,2.7361006089067538e-05
6606,8.332670036216023e-05
6607,1.9898913519321845e-05
6608,1.9898913519321845e-05
6609,1.1814979902097345e-05
6610,6.8402515222668845e-06
6611,9.327615712182115e-06
6612,1.9898913519321845e-05
6613,4.104150913360131e-05
6614,1.3680503044533769e-05
6615,6.8402515222668845e-06
6616,1.4302344092012576e-05
6617,4.974728379830461e-06
6618,6.4671468937796e-05
6619,1.7411549329406615e-05
6620,3.482309865881323e-05
6621,2.7361006089067538e-05
6622,3.731046284872846e-06
6623,8.705774664703308e-06
6624,4.974728379830461e-06
6625,3.482309865881323e-05
6626,3.979782703864369e-05
6627,3.0470211326461574e-05
6628,4.974728379830461e-06
6629,3.979782703864369e-05
6630,1.7411549329406615e-05
6631,2.2386277709237075e-05
6632,3.6688621801249655e-05
6633,3.7932303896207266e-05
6634,3.171389342141919e-05
6635,2.3008118756715884e-05
6636,3.109205237394038e-06
6637,5.596569427309269e-06
6638,5.036912484578342e-05
6639,2.3008118756715884e-05
6640,9.576352131173638e-05
6641,4.974728379830461e-06
6642,2.8604688184025153e-05
6643,3.109205237394038e-06
6644,1.057129780713973e-05
6645,1.2436820949576152e-05
6646,3.731046284872846e-06
6647,3.6688621801249655e-05
6648,6.218410474788076e-06
6649,7.710828988737214e-05
6650,3.731046284872846e-06
6651,4.352887332351654e-06
6652,1.803339037688542e-05
6653,2.9848370278982768e-05
6654,2.362995980419469e-05
6655,4.352887332351654e-06
6656,6.218410474788076e-06
6657,1.2436820949576152e-05
6658,1.4924185139491384e-05
6659,1.3680503044533769e-05
6660,4.8503601703347e-05
6661,4.974728379830461e-06
6662,2.9848370278982768e-05
6663,1.554602618697019e-05
6664,1.3680503044533769e-05
6665,3.731046284872846e-06
6666,9.949456759660923e-06
6667,6.218410474788076e-06
6668,9.389799816929995e-05
6669,4.352887332351654e-06
6670,4.352887332351654e-06
6671,4.352887332351654e-06
6672,3.109205237394038e-06
6673,3.5444939706292037e-05
6674,2.673916504158873e-05
6675,6.4671468937796e-05
6676,0.00010695666016635492
6677,9.949456759660923e-06
6678,2.6117323994109923e-05
6679,3.2335734468898e-05
6680,1.3680503044533769e-05
6681,5.65875353205715e-05
6682,1.4302344092012576e-05
6683,1.7411549329406615e-05
6684,9.949456759660923e-06
6685,3.731046284872846e-06
6686,8.0839336172245e-06
6687,1.2436820949576152e-05
6688,3.731046284872846e-06
6689,2.0520754566800654e-05
6690,2.7982847136546344e-05
6691,3.357941656385561e-05
6692,3.606678075377084e-05
6693,5.099096589326223e-05
6694,9.078879293190591e-05
6695,2.7361006089067538e-05
6696,1.1193138854618537e-05
6697,1.1193138854618537e-05
6698,5.534385322561388e-05
6699,7.399908464997812e-05
6700,5.9696740557965536e-05
6701,2.922652923150396e-05
6702,1.1814979902097345e-05
6703,2.42518008516735e-05
6704,4.974728379830461e-06
6705,2.114259561427946e-05
6706,3.295757551637681e-05
6707,4.1663350181080114e-05
6708,3.731046284872846e-06
6709,6.8402515222668845e-06
6710,3.9175985991164885e-05
6711,4.477255541847415e-05
6712,9.949456759660923e-06
6713,7.959565407728738e-05
6714,3.6688621801249655e-05
6715,8.083933617224499e-05
6716,3.731046284872846e-06
6717,1.9898913519321845e-05
6718,2.362995980419469e-05
6719,5.783121741552911e-05
6720,2.362995980419469e-05
6721,7.462092569745692e-06
6722,5.036912484578342e-05
6723,7.710828988737214e-05
6724,1.865523142436423e-05
6725,7.462092569745692e-06
6726,3.855414494368607e-05
6727,7.897381302980858e-05
6728,4.2907032276037726e-05
6729,1.9898913519321845e-05
6730,6.218410474788076e-06
6731,7.586460779241453e-05
6732,5.7209376368050306e-05
6733,8.0839336172245e-06
6734,8.705774664703308e-06
6735,7.462092569745692e-06
6736,4.974728379830461e-06
6737,6.8402515222668845e-06
6738,1.803339037688542e-05
6739,1.6789708281927806e-05
6740,3.2335734468898e-05
6741,1.4924185139491384e-05
6742,3.109205237394038e-06
6743,3.109205237394038e-06
6744,1.2436820949576152e-05
6745,2.2386277709237075e-05
6746,3.482309865881323e-05
6747,1.4302344092012576e-05
6748,4.352887332351654e-06
6749,4.352887332351654e-06
6750,1.1814979902097345e-05
6751,2.2386277709237075e-05
6752,1.554602618697019e-05
6753,1.7411549329406615e-05
6754,4.352887332351654e-06
6755,1.057129780713973e-05
6756,8.0839336172245e-06
6757,2.42518008516735e-05
6758,2.42518008516735e-05
6759,1.1193138854618537e-05
6760,1.4302344092012576e-05
6761,2.2386277709237075e-05
6762,1.803339037688542e-05
6763,1.2436820949576152e-05
6764,5.347833008317746e-05
6765,1.057129780713973e-05
6766,1.554602618697019e-05
6767,3.0470211326461574e-05
6768,1.9898913519321845e-05
6769,7.213356150754168e-05
6770,3.109205237394038e-06
6771,7.835197198232977e-05
6772,5.783121741552911e-05
6773,2.0520754566800654e-05
6774,4.352887332351654e-06
6775,1.057129780713973e-05
6776,5.347833008317746e-05
6777,3.109205237394038e-06
6778,1.4924185139491384e-05
6779,3.731046284872846e-06
6780,5.596569427309269e-06
6781,4.0419668086122496e-05
6782,3.2335734468898e-05
6783,7.897381302980858e-05
6784,2.42518008516735e-05
6785,2.7982847136546344e-05
6786,5.7209376368050306e-05
6787,1.3058661997054962e-05
6788,3.731046284872846e-06
6789,4.104150913360131e-05
6790,5.596569427309269e-06
6791,3.357941656385561e-05
6792,3.109205237394038e-05
6793,9.949456759660923e-06
6794,1.7411549329406615e-05
6795,6.218410474788076e-06
6796,5.596569427309269e-06
6797,1.7411549329406615e-05
6798,9.949456759660923e-06
6799,1.865523142436423e-05
6800,1.3058661997054962e-05
6801,2.176443666175827e-05
6802,3.7932303896207266e-05
6803,6.218410474788076e-06
6804,4.352887332351654e-06
6805,4.2907032276037726e-05
6806,4.974728379830461e-05
6807,4.6638078560910574e-05
6808,6.8402515222668845e-06
6809,2.7361006089067538e-05
6810,3.109205237394038e-06
6811,6.218410474788076e-06
6812,2.4873641899152306e-06
6813,1.3058661997054962e-05
6814,2.42518008516735e-05
6815,2.6117323994109923e-05
6816,1.865523142436423e-05
6817,1.3680503044533769e-05
6818,3.109205237394038e-06
6819,6.342778684283838e-05
6820,4.4150714370995344e-05
6821,2.9848370278982768e-05
6822,7.088987941258407e-05
6823,2.6117323994109923e-05
6824,6.218410474788076e-06
6825,6.404962789031718e-05
6826,8.0839336172245e-06
6827,3.5444939706292037e-05
6828,2.922652923150396e-05
6829,2.6117323994109923e-05
6830,6.902435627014766e-05
6831,7.462092569745692e-06
6832,1.6789708281927806e-05
6833,9.949456759660923e-06
6834,2.8604688184025153e-05
6835,1.554602618697019e-05
6836,8.0839336172245e-06
6837,7.337724360249931e-05
6838,4.352887332351654e-06
6839,3.731046284872846e-06
6840,6.8402515222668845e-06
6841,5.4722012178135076e-05
6842,5.1612806940741034e-05
6843,1.6167867234449e-05
6844,2.0520754566800654e-05
6845,6.902435627014766e-05
6846,3.731046284872846e-06
6847,1.4924185139491384e-05
6848,3.731046284872846e-06
6849,1.2436820949576152e-05
6850,1.3058661997054962e-05
6851,1.4924185139491384e-05
6852,3.109205237394038e-06
6853,7.462092569745692e-06
6854,8.581406455207545e-05
6855,1.1193138854618537e-05
6856,2.4873641899152306e-06
6857,6.8402515222668845e-06
6858,1.1814979902097345e-05
6859,3.979782703864369e-05
6860,5.2234647988219846e-05
6861,6.218410474788076e-06
6862,2.0520754566800654e-05
6863,6.964619731762646e-05
6864,1.2436820949576152e-05
6865,1.3680503044533769e-05
6866,3.731046284872846e-05
6867,3.420125761133442e-05
6868,2.7982847136546344e-05
6869,3.109205237394038e-06
6870,8.95451108369483e-05
6871,1.6167867234449e-05
6872,1.6167867234449e-05
6873,2.9848370278982768e-05
6874,7.275540255502049e-05
6875,1.057129780713973e-05
6876,8.457038245711784e-05
6877,1.2436820949576152e-05
6878,3.109205237394038e-06
6879,5.907489951048673e-05
6880,5.65875353205715e-05
6881,1.4302344092012576e-05
6882,2.0520754566800654e-05
6883,5.1612806940741034e-05
6884,9.949456759660923e-06
6885,6.8402515222668845e-06
6886,3.109205237394038e-06
6887,1.3058661997054962e-05
6888,5.4100171130656263e-05
6889,4.352887332351654e-06
6890,1.4302344092012576e-05
6891,3.109205237394038e-06
6892,2.7361006089067538e-05
6893,1.057129780713973e-05
6894,1.803339037688542e-05
6895,1.9277072471843036e-05
6896,2.2386277709237075e-05
6897,5.907489951048673e-05
6898,3.731046284872846e-06
6899,6.218410474788076e-06
6900,2.42518008516735e-05
6901,6.529330998527481e-05
6902,4.1663350181080114e-05
6903,6.218410474788076e-06
6904,4.352887332351654e-06
6905,9.576352131173638e-05
6906,2.4873641899152305e-05
6907,2.5495482946631114e-05
6908,1.3680503044533769e-05
6909,2.9848370278982768e-05
6910,1.6167867234449e-05
6911,1.7411549329406615e-05
6912,4.974728379830461e-06
6913,5.2234647988219846e-05
6914,9.949456759660923e-06
6915,8.0839336172245e-06
6916,1.6789708281927806e-05
6917,8.705774664703308e-06
6918,4.352887332351654e-06
6919,6.218410474788076e-06
6920,4.974728379830461e-06
6921,8.083933617224499e-05
6922,1.803339037688542e-05
6923,5.596569427309269e-06
6924,3.109205237394038e-06
6925,1.865523142436423e-05
6926,2.114259561427946e-05
6927,2.2386277709237075e-05
6928,2.176443666175827e-05
6929,8.0839336172245e-06
6930,9.949456759660922e-05
6931,5.534385322561388e-05
6932,6.964619731762646e-05
6933,6.218410474788076e-06
6934,1.4924185139491384e-05
6935,8.705774664703308e-06
6936,5.596569427309269e-06
6937,2.362995980419469e-05
6938,3.109205237394038e-06
6939,7.462092569745692e-06
6940,1.1193138854618537e-05
6941,1.057129780713973e-05
6942,3.7932303896207266e-05
6943,6.218410474788076e-06
6944,9.078879293190591e-05
6945,3.357941656385561e-05
6946,9.327615712182115e-06
6947,2.7982847136546344e-05
6948,3.171389342141919e-05
6949,6.8402515222668845e-06
6950,3.109205237394038e-06
6951,2.362995980419469e-05
6952,1.9898913519321845e-05
6953,2.4873641899152306e-06
6954,1.1814979902097345e-05
6955,1.803339037688542e-05
6956,5.4100171130656263e-05
6957,8.705774664703308e-06
6958,2.673916504158873e-05
6959,4.788176065586819e-05
6960,1.6789708281927806e-05
6961,3.731046284872846e-06
6962,1.9277072471843036e-05
6963,2.4873641899152305e-05
6964,1.1193138854618537e-05
6965,3.295757551637681e-05
6966,1.4924185139491384e-05
6967,6.218410474788076e-06
6968,3.606678075377084e-05
6969,0.00011193138854618537
6970,1.4924185139491384e-05
6971,8.208301826720262e-05
6972,1.3680503044533769e-05
6973,1.554602618697019e-05
6974,3.0470211326461574e-05
6975,1.6167867234449e-05
6976,1.6789708281927806e-05
6977,5.596569427309269e-06
6978,3.0470211326461574e-05
6979,2.176443666175827e-05
6980,2.922652923150396e-05
6981,4.725991960838938e-05
6982,4.9125442750825804e-05
6983,1.9277072471843036e-05
6984,5.596569427309269e-06
6985,7.462092569745692e-06
6986,3.109205237394038e-06
6987,8.705774664703308e-06
6988,3.2335734468898e-05
6989,1.4302344092012576e-05
6990,4.352887332351654e-06
6991,1.9277072471843036e-05
6992,3.855414494368607e-05
6993,5.1612806940741034e-05
6994,1.3680503044533769e-05
6995,4.9125442750825804e-05
6996,4.9125442750825804e-05
6997,5.596569427309269e-06
6998,8.14611772197238e-05
6999,1.803339037688542e-05
7000,1.1193138854618537e-05
7001,8.0839336172245e-06
7002,5.596569427309269e-06
7003,8.0839336172245e-06
7004,3.7932303896207266e-05
7005,4.974728379830461e-06
7006,5.596569427309269e-06
7007,7.835197198232977e-05
7008,3.731046284872846e-06
7009,3.171389342141919e-05
7010,1.865523142436423e-05
7011,1.1193138854618537e-05
7012,8.705774664703308e-06
7013,1.803339037688542e-05
7014,1.6167867234449e-05
7015,3.482309865881323e-05
7016,1.1193138854618537e-05
7017,2.0520754566800654e-05
7018,1.1814979902097345e-05
7019,0.00010757850121383372
7020,7.213356150754168e-05
7021,5.596569427309269e-06
7022,9.327615712182115e-06
7023,5.099096589326223e-05
7024,1.057129780713973e-05
7025,3.420125761133442e-05
7026,4.974728379830461e-06
7027,1.6167867234449e-05
7028,6.218410474788076e-06
7029,7.399908464997812e-05
7030,6.342778684283838e-05
7031,1.1814979902097345e-05
7032,3.109205237394038e-06
7033,2.4873641899152305e-05
7034,1.7411549329406615e-05
7035,3.731046284872846e-06
7036,4.477255541847415e-05
7037,3.2335734468898e-05
7038,6.218410474788076e-06
7039,4.352887332351654e-06
7040,2.3008118756715884e-05
7041,4.228519122855892e-05
7042,9.451983921677876e-05
7043,1.6789708281927806e-05
7044,2.2386277709237075e-05
7045,6.342778684283838e-05
7046,3.731046284872846e-05
7047,1.4924185139491384e-05
7048,2.4873641899152306e-06
7049,1.1814979902097345e-05
7050,3.5444939706292037e-05
7051,3.2335734468898e-05
7052,1.6167867234449e-05
7053,2.8604688184025153e-05
7054,1.057129780713973e-05
7055,3.109205237394038e-06
7056,7.462092569745692e-06
7057,4.352887332351654e-05
7058,1.1814979902097345e-05
7059,4.974728379830461e-06
7060,2.5495482946631114e-05
7061,1.1814979902097345e-05
7062,1.1814979902097345e-05
7063,5.596569427309269e-06
7064,4.974728379830461e-06
7065,3.109205237394038e-06
7066,3.482309865881323e-05
7067,6.218410474788076e-06
7068,6.342778684283838e-05
7069,1.3680503044533769e-05
7070,2.4873641899152305e-05
7071,4.974728379830461e-06
7072,7.462092569745692e-06
7073,1.9277072471843036e-05
7074,2.5495482946631114e-05
7075,4.352887332351654e-06
7076,2.362995980419469e-05
7077,1.057129780713973e-05
7078,2.362995980419469e-05
7079,3.357941656385561e-05
7080,2.6117323994109923e-05
7081,2.114259561427946e-05
7082,5.596569427309269e-06
7083,9.514168026425757e-05
7084,4.228519122855892e-05
7085,1.4924185139491384e-05
7086,7.462092569745692e-06
7087,4.0419668086122496e-05
7088,7.462092569745692e-06
7089,2.4873641899152306e-06
7090,1.3680503044533769e-05
7091,1.6789708281927806e-05
7092,5.596569427309269e-06
7093,3.6688621801249655e-05
7094,4.228519122855892e-05
7095,8.0839336172245e-06
7096,2.8604688184025153e-05
7097,3.171389342141919e-05
7098,1.057129780713973e-05
7099,3.7932303896207266e-05
7100,6.8402515222668845e-06
7101,3.295757551637681e-05
7102,2.5495482946631114e-05
7103,2.114259561427946e-05
7104,2.673916504158873e-05
7105,6.218410474788076e-06
7106,7.462092569745692e-06
7107,1.2436820949576152e-05
7108,3.0470211326461574e-05
7109,9.327615712182115e-06
7110,1.1814979902097345e-05
7111,1.9898913519321845e-05
7112,3.109205237394038e-06
7113,5.907489951048673e-05
7114,7.462092569745692e-06
7115,0.0002039638635730489
7116,4.352887332351654e-05
7117,6.218410474788076e-06
7118,3.731046284872846e-06
7119,0.0001299647789230708
7120,8.0839336172245e-06
7121,2.3008118756715884e-05
7122,5.596569427309269e-06
7123,6.218410474788076e-06
7124,1.3058661997054962e-05
7125,8.0839336172245e-06
7126,3.0470211326461574e-05
7127,1.2436820949576152e-05
7128,5.596569427309269e-06
7129,9.638536235921519e-05
7130,4.974728379830461e-06
7131,5.596569427309269e-06
7132,2.362995980419469e-05
7133,2.176443666175827e-05
7134,9.327615712182115e-06
7135,2.114259561427946e-05
7136,1.865523142436423e-05
7137,3.109205237394038e-06
7138,6.218410474788076e-06
7139,3.855414494368607e-05
7140,1.2436820949576152e-05
7141,1.4924185139491384e-05
7142,3.9175985991164885e-05
7143,6.218410474788076e-06
7144,0.00014115791777768934
7145,2.0520754566800654e-05
7146,4.974728379830461e-06
7147,6.8402515222668845e-06
7148,2.3008118756715884e-05
7149,1.9277072471843036e-05
7150,3.979782703864369e-05
7151,4.352887332351654e-06
7152,1.4302344092012576e-05
7153,2.7982847136546344e-05
7154,1.3680503044533769e-05
7155,4.601623751343177e-05
7156,4.228519122855892e-05
7157,1.6789708281927806e-05
7158,4.0419668086122496e-05
7159,1.6789708281927806e-05
7160,3.171389342141919e-05
7161,4.352887332351654e-06
7162,4.974728379830461e-06
7163,6.218410474788076e-06
7164,8.705774664703308e-05
7165,1.803339037688542e-05
7166,3.731046284872846e-06
7167,2.4873641899152306e-06
7168,9.949456759660923e-06
7169,8.705774664703308e-06
7170,5.596569427309269e-06
7171,9.949456759660923e-06
7172,2.9848370278982768e-05
7173,6.529330998527481e-05
7174,4.8503601703347e-05
7175,4.4150714370995344e-05
7176,6.8402515222668845e-06
7177,2.6117323994109923e-05
7178,1.9898913519321845e-05
7179,8.705774664703308e-06
7180,1.1193138854618537e-05
7181,0.0002823158355553787
7182,5.907489951048673e-05
7183,5.845305846300792e-05
7184,1.6167867234449e-05
7185,4.352887332351654e-06
7186,8.705774664703308e-06
7187,2.4873641899152305e-05
7188,9.76290444541728e-05
7189,6.218410474788076e-06
7190,6.8402515222668845e-06
7191,8.332670036216023e-05
7192,5.596569427309269e-06
7193,3.109205237394038e-06
7194,3.7932303896207266e-05
7195,1.803339037688542e-05
7196,5.4100171130656263e-05
7197,4.352887332351654e-06
7198,2.0520754566800654e-05
7199,3.109205237394038e-06
7200,2.2386277709237075e-05
7201,1.4924185139491384e-05
7202,8.332670036216023e-05
7203,1.7411549329406615e-05
7204,9.949456759660923e-06
7205,3.2335734468898e-05
7206,4.6638078560910574e-05
7207,1.057129780713973e-05
7208,1.2436820949576152e-05
7209,8.0839336172245e-06
7210,2.176443666175827e-05
7211,5.4100171130656263e-05
7212,1.6167867234449e-05
7213,4.974728379830461e-06
7214,2.7361006089067538e-05
7215,6.404962789031718e-05
7216,6.8402515222668845e-06
7217,9.327615712182115e-06
7218,1.057129780713973e-05
7219,3.171389342141919e-05
7220,3.855414494368607e-05
7221,1.6167867234449e-05
7222,6.218410474788076e-06
7223,3.109205237394038e-05
7224,6.218410474788076e-06
7225,2.2386277709237075e-05
7226,4.725991960838938e-05
7227,1.3058661997054962e-05
7228,8.705774664703308e-06
7229,3.109205237394038e-06
7230,9.327615712182115e-06
7231,6.156226370040196e-05
7232,5.596569427309269e-06
7233,1.1193138854618537e-05
7234,1.1814979902097345e-05
7235,1.6789708281927806e-05
7236,1.1814979902097345e-05
7237,1.7411549329406615e-05
7238,5.596569427309269e-06
7239,8.0839336172245e-06
7240,2.362995980419469e-05
7241,1.3680503044533769e-05
7242,2.7982847136546344e-05
7243,1.057129780713973e-05
7244,1.6167867234449e-05
7245,2.362995980419469e-05
7246,2.176443666175827e-05
7247,4.974728379830461e-05
7248,8.0839336172245e-06
7249,1.6789708281927806e-05
7250,5.845305846300792e-05
7251,1.554602618697019e-05
7252,1.2436820949576152e-05
7253,9.825088550165161e-05
7254,9.451983921677876e-05
7255,4.352887332351654e-06
7256,9.327615712182115e-06
7257,4.4150714370995344e-05
7258,1.7411549329406615e-05
7259,1.4924185139491384e-05
7260,4.974728379830461e-05
7261,3.109205237394038e-06
7262,2.4873641899152305e-05
7263,6.8402515222668845e-06
7264,5.099096589326223e-05
7265,0.00013618318939785887
7266,6.8402515222668845e-06
7267,1.4924185139491384e-05
7268,1.1814979902097345e-05
7269,4.788176065586819e-05
7270,5.9696740557965536e-05
7271,3.6688621801249655e-05
7272,5.596569427309269e-06
7273,2.3008118756715884e-05
7274,7.337724360249931e-05
7275,1.2436820949576152e-05
7276,5.596569427309269e-06
7277,4.4150714370995344e-05
7278,1.803339037688542e-05
7279,1.3058661997054962e-05
7280,4.352887332351654e-06
7281,9.949456759660923e-06
7282,5.596569427309269e-06
7283,5.65875353205715e-05
7284,0.00016043499024953237
7285,2.922652923150396e-05
7286,2.4873641899152306e-06
7287,3.731046284872846e-06
7288,4.974728379830461e-06
7289,2.673916504158873e-05
7290,7.462092569745692e-06
7291,3.9175985991164885e-05
7292,2.42518008516735e-05
7293,9.7007203406694e-05
7294,1.6789708281927806e-05
7295,4.974728379830461e-06
7296,2.5495482946631114e-05
7297,1.865523142436423e-05
7298,1.2436820949576152e-05
7299,3.731046284872846e-06
7300,9.949456759660923e-06
7301,1.4302344092012576e-05
7302,9.949456759660923e-06
7303,1.1193138854618537e-05
7304,1.057129780713973e-05
7305,1.1814979902097345e-05
7306,7.462092569745692e-06
7307,3.109205237394038e-05
7308,5.596569427309269e-06
7309,1.3680503044533769e-05
7310,3.109205237394038e-06
7311,7.462092569745692e-06
7312,2.9848370278982768e-05
7313,2.673916504158873e-05
7314,2.8604688184025153e-05
7315,3.2335734468898e-05
7316,4.228519122855892e-05
7317,3.109205237394038e-06
7318,4.352887332351654e-05
7319,2.42518008516735e-05
7320,1.1814979902097345e-05
7321,1.6167867234449e-05
7322,1.057129780713973e-05
7323,1.057129780713973e-05
7324,5.596569427309269e-06
7325,6.8402515222668845e-06
7326,4.974728379830461e-06
7327,1.9277072471843036e-05
7328,2.673916504158873e-05
7329,6.8402515222668845e-06
7330,4.601623751343177e-05
7331,7.399908464997812e-05
7332,6.218410474788076e-06
7333,1.6789708281927806e-05
7334,3.731046284872846e-06
7335,6.8402515222668845e-06
7336,9.327615712182115e-06
7337,2.114259561427946e-05
7338,4.974728379830461e-06
7339,6.218410474788076e-06
7340,5.596569427309269e-06
7341,2.7361006089067538e-05
7342,1.865523142436423e-05
7343,9.949456759660923e-06
7344,4.974728379830461e-06
7345,3.109205237394038e-06
7346,2.9848370278982768e-05
7347,3.979782703864369e-05
7348,4.9125442750825804e-05
7349,6.218410474788077e-05
7350,4.352887332351654e-06
7351,5.4100171130656263e-05
7352,3.109205237394038e-06
7353,1.9898913519321845e-05
7354,4.352887332351654e-06
7355,5.1612806940741034e-05
7356,5.1612806940741034e-05
7357,1.1814979902097345e-05
7358,1.865523142436423e-05
7359,1.3058661997054962e-05
7360,3.2335734468898e-05
7361,6.218410474788076e-06
7362,9.949456759660923e-06
7363,7.462092569745692e-06
7364,6.218410474788076e-06
7365,6.8402515222668845e-06
7366,8.0839336172245e-06
7367,5.596569427309269e-06
7368,4.352887332351654e-06
7369,7.462092569745692e-06
7370,0.00014675448720499862
7371,3.482309865881323e-05
7372,6.902435627014766e-05
7373,7.462092569745692e-06
7374,6.218410474788076e-06
7375,1.7411549329406615e-05
7376,3.357941656385561e-05
7377,4.974728379830461e-05
7378,3.109205237394038e-06
7379,3.606678075377084e-05
7380,1.057129780713973e-05
7381,3.482309865881323e-05
7382,5.596569427309269e-06
7383,3.109205237394038e-06
7384,3.171389342141919e-05
7385,3.109205237394038e-06
7386,1.057129780713973e-05
7387,2.114259561427946e-05
7388,8.705774664703308e-06
7389,8.705774664703308e-06
7390,2.4873641899152305e-05
7391,1.9277072471843036e-05
7392,2.42518008516735e-05
7393,1.1193138854618537e-05
7394,4.725991960838938e-05
7395,4.228519122855892e-05
7396,3.0470211326461574e-05
7397,3.6688621801249655e-05
7398,4.104150913360131e-05
7399,3.731046284872846e-06
7400,2.0520754566800654e-05
7401,4.352887332351654e-06
7402,2.5495482946631114e-05
7403,0.00016167867234448998
7404,3.109205237394038e-06
7405,2.0520754566800654e-05
7406,5.907489951048673e-05
7407,2.5495482946631114e-05
7408,1.865523142436423e-05
7409,6.218410474788077e-05
7410,1.7411549329406615e-05
7411,4.5394396465952956e-05
7412,5.7209376368050306e-05
7413,1.057129780713973e-05
7414,4.974728379830461e-06
7415,5.596569427309269e-06
7416,6.342778684283838e-05
7417,5.783121741552911e-05
7418,8.705774664703308e-06
7419,2.7361006089067538e-05
7420,1.3680503044533769e-05
7421,1.554602618697019e-05
7422,2.9848370278982768e-05
7423,1.803339037688542e-05
7424,3.109205237394038e-06
7425,2.114259561427946e-05
7426,1.1814979902097345e-05
7427,3.731046284872846e-06
7428,5.099096589326223e-05
7429,4.104150913360131e-05
7430,1.803339037688542e-05
7431,1.1193138854618537e-05
7432,6.218410474788076e-06
7433,2.114259561427946e-05
7434,2.0520754566800654e-05
7435,1.6167867234449e-05
7436,4.974728379830461e-06
7437,8.0839336172245e-06
7438,4.974728379830461e-05
7439,1.3058661997054962e-05
7440,5.347833008317746e-05
7441,4.1663350181080114e-05
7442,3.855414494368607e-05
7443,2.4873641899152305e-05
7444,3.731046284872846e-06
7445,0.0001722499701516297
7446,1.3680503044533769e-05
7447,1.1193138854618537e-05
7448,1.554602618697019e-05
7449,2.922652923150396e-05
7450,8.0839336172245e-06
7451,6.8402515222668845e-06
7452,6.218410474788076e-06
7453,9.327615712182115e-06
7454,1.803339037688542e-05
7455,3.731046284872846e-06
7456,1.554602618697019e-05
7457,8.519222350459665e-05
7458,6.8402515222668845e-06
7459,0.00010260377283400326
7460,5.596569427309269e-05
7461,2.673916504158873e-05
7462,2.7361006089067538e-05
7463,3.482309865881323e-05
7464,3.731046284872846e-06
7465,4.352887332351654e-06
7466,3.731046284872846e-06
7467,3.731046284872846e-06
7468,9.949456759660923e-06
7469,6.8402515222668845e-06
7470,2.9848370278982768e-05
7471,4.974728379830461e-06
7472,1.554602618697019e-05
7473,7.088987941258407e-05
7474,2.42518008516735e-05
7475,2.4873641899152306e-06
7476,2.0520754566800654e-05
7477,6.8402515222668845e-06
7478,1.057129780713973e-05
7479,2.8604688184025153e-05
7480,0.00011255322959366418
7481,2.3008118756715884e-05
7482,9.949456759660923e-06
7483,3.731046284872846e-06
7484,6.218410474788076e-06
7485,8.0839336172245e-06
7486,1.803339037688542e-05
7487,5.347833008317746e-05
7488,3.731046284872846e-06
7489,5.65875353205715e-05
7490,6.218410474788076e-06
7491,2.362995980419469e-05
7492,3.9175985991164885e-05
7493,4.352887332351654e-06
7494,1.6789708281927806e-05
7495,9.327615712182115e-06
7496,5.099096589326223e-05
7497,0.00010820034226131253
7498,4.352887332351654e-06
7499,1.1814979902097345e-05
7500,9.327615712182115e-06
7501,4.8503601703347e-05
7502,4.352887332351654e-06
7503,4.2907032276037726e-05
7504,4.974728379830461e-05
7505,3.109205237394038e-06
7506,7.088987941258407e-05
7507,8.0839336172245e-06
7508,2.6117323994109923e-05
7509,3.109205237394038e-06
7510,6.218410474788076e-06
7511,3.171389342141919e-05
7512,8.705774664703308e-06
7513,6.8402515222668845e-06
7514,1.1193138854618537e-05
7515,1.803339037688542e-05
7516,2.2386277709237075e-05
7517,4.228519122855892e-05
7518,1.7411549329406615e-05
7519,1.4302344092012576e-05
7520,1.4302344092012576e-05
7521,1.9277072471843036e-05
7522,7.462092569745692e-06
7523,8.705774664703308e-06
7524,5.7209376368050306e-05
7525,5.596569427309269e-06
7526,3.6688621801249655e-05
7527,1.6789708281927806e-05
7528,2.7361006089067538e-05
7529,7.462092569745692e-06
7530,2.8604688184025153e-05
7531,1.6167867234449e-05
7532,3.295757551637681e-05
7533,6.218410474788076e-06
7534,4.974728379830461e-06
7535,4.974728379830461e-06
7536,0.00016478787758188404
7537,5.596569427309269e-06
7538,8.0839336172245e-06
7539,2.42518008516735e-05
7540,3.109205237394038e-06
7541,1.4924185139491384e-05
7542,1.1814979902097345e-05
7543,4.8503601703347e-05
7544,1.2436820949576152e-05
7545,3.606678075377084e-05
7546,3.109205237394038e-06
7547,0.0001865523142436423
7548,5.596569427309269e-06
7549,3.109205237394038e-05
7550,1.1814979902097345e-05
7551,2.362995980419469e-05
7552,5.596569427309269e-06
7553,6.218410474788076e-06
7554,7.462092569745692e-06
7555,7.462092569745692e-06
7556,1.6167867234449e-05
7557,2.673916504158873e-05
7558,1.9898913519321845e-05
7559,6.8402515222668845e-06
7560,1.6167867234449e-05
7561,4.974728379830461e-06
7562,2.9848370278982768e-05
7563,2.114259561427946e-05
7564,1.803339037688542e-05
7565,4.352887332351654e-06
7566,4.352887332351654e-06
7567,1.3680503044533769e-05
7568,2.362995980419469e-05
7569,0.00010384745492896087
7570,1.1814979902097345e-05
7571,2.5495482946631114e-05
7572,2.0520754566800654e-05
7573,1.7411549329406615e-05
7574,1.6789708281927806e-05
7575,0.00013493950730290126
7576,0.00013991423568273173
7577,3.109205237394038e-06
7578,2.7361006089067538e-05
7579,4.352887332351654e-06
7580,1.9277072471843036e-05
7581,1.9898913519321845e-05
7582,1.1814979902097345e-05
7583,2.0520754566800654e-05
7584,3.731046284872846e-06
7585,3.109205237394038e-06
7586,3.731046284872846e-06
7587,1.6167867234449e-05
7588,1.803339037688542e-05
7589,1.865523142436423e-05
7590,8.705774664703308e-06
7591,2.114259561427946e-05
7592,6.404962789031718e-05
7593,1.2436820949576152e-05
7594,4.5394396465952956e-05
7595,1.057129780713973e-05
7596,6.902435627014766e-05
7597,6.8402515222668845e-06
7598,1.9898913519321845e-05
7599,1.3680503044533769e-05
7600,1.4302344092012576e-05
7601,3.2335734468898e-05
7602,2.673916504158873e-05
7603,4.352887332351654e-05
7604,6.715883312771122e-05
7605,2.673916504158873e-05
7606,3.0470211326461574e-05
7607,4.974728379830461e-06
7608,7.835197198232977e-05
7609,3.979782703864369e-05
7610,2.0520754566800654e-05
7611,2.8604688184025153e-05
7612,7.462092569745692e-06
7613,1.4302344092012576e-05
7614,4.788176065586819e-05
7615,5.534385322561388e-05
7616,6.8402515222668845e-06
7617,8.0839336172245e-06
7618,3.109205237394038e-06
7619,4.974728379830461e-06
7620,6.218410474788077e-05
7621,2.7361006089067538e-05
7622,2.6117323994109923e-05
7623,6.8402515222668845e-06
7624,4.352887332351654e-06
7625,3.731046284872846e-05
7626,4.352887332351654e-06
7627,6.653699208023242e-05
7628,1.554602618697019e-05
7629,1.9277072471843036e-05
7630,9.327615712182115e-05
7631,6.902435627014766e-05
7632,1.803339037688542e-05
7633,1.7411549329406615e-05
7634,2.42518008516735e-05
7635,0.000113175070641143
7636,1.4302344092012576e-05
7637,0.00011068770645122776
7638,3.606678075377084e-05
7639,3.731046284872846e-06
7640,4.974728379830461e-06
7641,0.00014053607673021053
7642,2.8604688184025153e-05
7643,9.949456759660923e-06
7644,4.974728379830461e-05
7645,8.705774664703308e-06
7646,3.420125761133442e-05
7647,3.109205237394038e-06
7648,3.855414494368607e-05
7649,4.974728379830461e-06
7650,3.109205237394038e-06
7651,2.42518008516735e-05
7652,3.0470211326461574e-05
7653,4.974728379830461e-06
7654,0.00010695666016635492
7655,6.031858160544434e-05
7656,9.327615712182115e-06
7657,4.352887332351654e-06
7658,3.109205237394038e-06
7659,3.731046284872846e-06
7660,4.6638078560910574e-05
7661,1.2436820949576152e-05
7662,1.6167867234449e-05
7663,2.176443666175827e-05
7664,2.3008118756715884e-05
7665,5.596569427309269e-06
7666,4.352887332351654e-05
7667,4.2907032276037726e-05
7668,1.4924185139491384e-05
7669,2.6117323994109923e-05
7670,4.974728379830461e-06
7671,6.8402515222668845e-06
7672,1.865523142436423e-05
7673,4.352887332351654e-06
7674,4.352887332351654e-06
7675,1.6167867234449e-05
7676,4.352887332351654e-06
7677,6.218410474788076e-06
7678,1.9898913519321845e-05
7679,8.0839336172245e-06
7680,5.099096589326223e-05
7681,9.949456759660923e-06
7682,2.4873641899152306e-06
7683,4.0419668086122496e-05
7684,7.773013093485096e-05
7685,3.0470211326461574e-05
7686,4.974728379830461e-06
7687,5.596569427309269e-06
7688,2.3008118756715884e-05
7689,1.4302344092012576e-05
7690,1.1814979902097345e-05
7691,1.2436820949576152e-05
7692,4.725991960838938e-05
7693,5.036912484578342e-05
7694,1.1814979902097345e-05
7695,8.705774664703308e-06
7696,3.606678075377084e-05
7697,5.596569427309269e-05
7698,8.705774664703308e-06
7699,1.3058661997054962e-05
7700,2.4873641899152305e-05
7701,4.352887332351654e-06
7702,8.0839336172245e-06
7703,3.109205237394038e-06
7704,1.4924185139491384e-05
7705,5.036912484578342e-05
7706,2.0520754566800654e-05
7707,4.601623751343177e-05
7708,1.865523142436423e-05
7709,8.705774664703308e-06
7710,6.8402515222668845e-06
7711,9.949456759660923e-06
7712,3.855414494368607e-05
7713,1.6789708281927806e-05
7714,1.3680503044533769e-05
7715,3.109205237394038e-05
7716,6.218410474788076e-06
7717,3.9175985991164885e-05
7718,3.295757551637681e-05
7719,2.42518008516735e-05
7720,5.845305846300792e-05
7721,3.109205237394038e-06
7722,3.731046284872846e-06
7723,3.855414494368607e-05
7724,3.855414494368607e-05
7725,6.218410474788076e-06
7726,6.342778684283838e-05
7727,1.1193138854618537e-05
7728,3.731046284872846e-06
7729,2.42518008516735e-05
7730,5.534385322561388e-05
7731,3.855414494368607e-05
7732,0.00011814979902097346
7733,4.788176065586819e-05
7734,1.554602618697019e-05
7735,3.109205237394038e-06
7736,1.1814979902097345e-05
7737,1.3058661997054962e-05
7738,6.218410474788076e-06
7739,1.3058661997054962e-05
7740,7.897381302980858e-05
7741,4.228519122855892e-05
7742,2.176443666175827e-05
7743,9.389799816929995e-05
7744,2.922652923150396e-05
7745,2.0520754566800654e-05
7746,1.3680503044533769e-05
7747,9.327615712182115e-06
7748,1.057129780713973e-05
7749,1.057129780713973e-05
7750,5.596569427309269e-06
7751,5.4100171130656263e-05
7752,3.855414494368607e-05
7753,4.352887332351654e-05
7754,3.109205237394038e-05
7755,3.420125761133442e-05
7756,6.8402515222668845e-06
7757,1.2436820949576152e-05
7758,1.3058661997054962e-05
7759,4.974728379830461e-06
7760,1.7411549329406615e-05
7761,3.5444939706292037e-05
7762,8.0839336172245e-06
7763,1.3680503044533769e-05
7764,2.922652923150396e-05
7765,1.865523142436423e-06
7766,3.109205237394038e-06
7767,8.0839336172245e-06
7768,4.6638078560910574e-05
7769,2.3008118756715884e-05
7770,3.420125761133442e-05
7771,2.8604688184025153e-05
7772,2.673916504158873e-05
7773,9.949456759660923e-06
7774,5.036912484578342e-05
7775,2.673916504158873e-05
7776,3.731046284872846e-05
7777,3.606678075377084e-05
7778,0.00010260377283400326
7779,3.6688621801249655e-05
7780,1.9898913519321845e-05
7781,3.5444939706292037e-05
7782,3.482309865881323e-05
7783,3.357941656385561e-05
7784,4.9125442750825804e-05
7785,7.213356150754168e-05
7786,5.099096589326223e-05
7787,4.974728379830461e-05
7788,7.462092569745692e-05
7789,1.6167867234449e-05
7790,3.109205237394038e-05
7791,2.362995980419469e-05
7792,5.099096589326223e-05
7793,1.4924185139491384e-05
7794,1.4302344092012576e-05
7795,2.5495482946631114e-05
7796,2.42518008516735e-05
7797,1.3058661997054962e-05
7798,2.4873641899152305e-05
7799,2.673916504158873e-05
7800,1.6789708281927806e-05
7801,1.6789708281927806e-05
7802,1.6167867234449e-05
7803,1.6167867234449e-05
7804,1.554602618697019e-05
7805,1.554602618697019e-05
7806,1.4924185139491384e-05
7807,1.4924185139491384e-05
7808,1.4302344092012576e-05
7809,1.4302344092012576e-05
7810,1.3680503044533769e-05
7811,1.3680503044533769e-05
7812,1.3058661997054962e-05
7813,1.3058661997054962e-05
7814,0.00010633481911887611
7815,0.00013680503044533767
7816,4.725991960838938e-05
7817,2.9848370278982768e-05
7818,4.2907032276037726e-05
7819,6.218410474788076e-06
7820,2.673916504158873e-05
7821,6.218410474788076e-06
7822,1.803339037688542e-05
7823,6.964619731762646e-05
7824,1.1193138854618537e-05
7825,3.731046284872846e-06
7826,5.7209376368050306e-05
7827,1.7411549329406615e-05
7828,5.596569427309269e-06
7829,4.974728379830461e-06
7830,8.0839336172245e-06
7831,1.3680503044533769e-05
7832,1.3680503044533769e-05
7833,3.482309865881323e-05
7834,1.4924185139491384e-05
7835,8.705774664703308e-06
7836,3.0470211326461574e-05
7837,7.462092569745692e-06
7838,1.3680503044533769e-05
7839,7.151172046006288e-05
7840,5.596569427309269e-06
7841,4.974728379830461e-06
7842,2.42518008516735e-05
7843,3.731046284872846e-06
7844,2.7982847136546344e-05
7845,4.352887332351654e-06
7846,1.4302344092012576e-05
7847,3.109205237394038e-06
7848,1.3058661997054962e-05
7849,8.705774664703308e-06
7850,8.083933617224499e-05
7851,3.6688621801249655e-05
7852,3.6688621801249655e-05
7853,5.4722012178135076e-05
7854,0.00012561189159071914
7855,5.845305846300792e-05
7856,3.482309865881323e-05
7857,3.979782703864369e-05
7858,1.1814979902097345e-05
7859,2.7982847136546344e-05
7860,3.2335734468898e-05
7861,5.285648903569865e-05
7862,6.529330998527481e-05
7863,1.1193138854618537e-05
7864,3.420125761133442e-05
7865,5.347833008317746e-05
7866,5.596569427309269e-06
7867,1.6789708281927806e-05
7868,1.554602618697019e-05
7869,1.9898913519321845e-05
7870,6.218410474788076e-06
7871,7.462092569745692e-06
7872,4.974728379830461e-06
7873,1.2436820949576152e-05
7874,2.42518008516735e-05
7875,3.731046284872846e-06
7876,1.4302344092012576e-05
7877,3.295757551637681e-05
7878,4.974728379830461e-06
7879,1.2436820949576152e-05
7880,3.5444939706292037e-05
7881,1.1193138854618537e-05
7882,1.865523142436423e-05
7883,3.171389342141919e-05
7884,3.731046284872846e-06
7885,4.352887332351654e-06
7886,2.5495482946631114e-05
7887,8.705774664703308e-06
7888,5.596569427309269e-06
7889,2.9848370278982768e-05
7890,6.218410474788076e-06
7891,8.705774664703308e-06
7892,1.4302344092012576e-05
7893,4.352887332351654e-05
7894,8.0839336172245e-06
7895,2.922652923150396e-05
7896,2.114259561427946e-05
7897,4.5394396465952956e-05
7898,3.731046284872846e-06
7899,2.176443666175827e-05
7900,1.3058661997054962e-05
7901,4.352887332351654e-06
7902,1.3680503044533769e-05
7903,1.9277072471843036e-05
7904,1.9898913519321845e-05
7905,7.462092569745692e-06
7906,6.218410474788076e-06
7907,3.357941656385561e-05
7908,4.974728379830461e-06
7909,3.731046284872846e-06
7910,3.979782703864369e-05
7911,3.109205237394038e-06
7912,2.7982847136546344e-05
7913,1.865523142436423e-06
7914,1.6167867234449e-05
7915,3.109205237394038e-06
7916,1.057129780713973e-05
7917,2.176443666175827e-05
7918,0.00010757850121383372
7919,4.352887332351654e-06
7920,5.596569427309269e-06
7921,1.3680503044533769e-05
7922,9.949456759660923e-06
7923,9.327615712182115e-06
7924,5.4100171130656263e-05
7925,3.731046284872846e-06
7926,2.176443666175827e-05
7927,2.7982847136546344e-05
7928,2.6117323994109923e-05
7929,7.462092569745692e-06
7930,5.596569427309269e-05
7931,2.4873641899152305e-05
7932,9.949456759660923e-06
7933,2.114259561427946e-05
7934,6.8402515222668845e-06
7935,3.109205237394038e-06
7936,4.352887332351654e-06
7937,3.731046284872846e-06
7938,3.731046284872846e-06
7939,3.109205237394038e-06
7940,4.974728379830461e-06
7941,3.731046284872846e-06
7942,3.731046284872846e-06
7943,4.352887332351654e-06
7944,6.8402515222668845e-06
7945,7.710828988737214e-05
7946,0.0001218808453058463
7947,9.327615712182115e-06
7948,1.6167867234449e-05
7949,3.6688621801249655e-05
7950,3.731046284872846e-06
7951,2.8604688184025153e-05
7952,2.673916504158873e-05
7953,3.2335734468898e-05
7954,1.9898913519321845e-05
7955,2.5495482946631114e-05
7956,2.6117323994109923e-05
7957,4.974728379830461e-06
7958,3.109205237394038e-05
7959,1.4302344092012576e-05
7960,2.42518008516735e-05
7961,4.228519122855892e-05
7962,2.176443666175827e-05
7963,8.208301826720262e-05
7964,2.2386277709237075e-05
7965,1.3680503044533769e-05
7966,4.352887332351654e-06
7967,3.731046284872846e-06
7968,8.0839336172245e-06
7969,8.705774664703308e-06
7970,8.0839336172245e-06
7971,3.731046284872846e-06
7972,4.352887332351654e-05
7973,6.8402515222668845e-06
7974,5.596569427309269e-06
7975,0.00013369582520794364
7976,2.0520754566800654e-05
7977,4.974728379830461e-06
7978,5.596569427309269e-06
7979,3.731046284872846e-05
7980,1.057129780713973e-05
7981,4.352887332351654e-06
7982,6.218410474788077e-05
7983,1.4924185139491384e-05
7984,2.673916504158873e-05
7985,8.705774664703308e-06
7986,2.4873641899152306e-06
7987,7.462092569745692e-06
7988,4.352887332351654e-06
7989,4.352887332351654e-06
7990,2.114259561427946e-05
7991,4.601623751343177e-05
7992,8.705774664703308e-06
7993,2.6117323994109923e-05
7994,4.352887332351654e-06
7995,8.0839336172245e-06
7996,3.109205237394038e-06
7997,8.0839336172245e-06
7998,9.949456759660923e-06
7999,4.974728379830461e-06
8000,4.601623751343177e-05
8001,3.357941656385561e-05
8002,3.109205237394038e-06
8003,1.1193138854618537e-05
8004,2.362995980419469e-05
8005,3.109205237394038e-06
8006,2.2386277709237075e-05
8007,3.109205237394038e-06
8008,1.6167867234449e-05
8009,6.8402515222668845e-06
8010,3.731046284872846e-06
8011,1.6789708281927806e-05
8012,7.462092569745692e-06
8013,1.1193138854618537e-05
8014,3.2335734468898e-05
8015,8.0839336172245e-06
8016,1.4302344092012576e-05
8017,5.596569427309269e-06
8018,1.4302344092012576e-05
8019,3.731046284872846e-06
8020,1.2436820949576152e-05
8021,7.462092569745692e-06
8022,3.731046284872846e-06
8023,2.42518008516735e-05
8024,5.596569427309269e-06
8025,6.404962789031718e-05
8026,1.4302344092012576e-05
8027,2.176443666175827e-05
8028,3.295757551637681e-05
8029,1.7411549329406615e-05
8030,1.1814979902097345e-05
8031,4.6638078560910574e-05
8032,5.596569427309269e-06
8033,7.462092569745692e-06
8034,2.7982847136546344e-05
8035,4.788176065586819e-05
8036,4.788176065586819e-05
8037,5.9696740557965536e-05
8038,4.352887332351654e-06
8039,8.332670036216023e-05
8040,2.8604688184025153e-05
8041,1.1193138854618537e-05
8042,5.596569427309269e-06
8043,9.949456759660923e-06
8044,1.6789708281927806e-05
8045,6.218410474788076e-06
8046,1.865523142436423e-05
8047,9.949456759660923e-06
8048,4.352887332351654e-06
8049,3.731046284872846e-06
8050,7.462092569745692e-06
8051,6.8402515222668845e-06
8052,8.705774664703308e-06
8053,7.462092569745692e-06
8054,1.4302344092012576e-05
8055,1.3058661997054962e-05
8056,5.7209376368050306e-05
8057,1.7411549329406615e-05
8058,3.109205237394038e-06
8059,4.788176065586819e-05
8060,8.0839336172245e-06
8061,2.5495482946631114e-05
8062,4.974728379830461e-06
8063,3.731046284872846e-05
8064,1.1814979902097345e-05
8065,7.462092569745692e-06
8066,3.109205237394038e-06
8067,3.109205237394038e-06
8068,2.4873641899152306e-06
8069,3.7932303896207266e-05
8070,4.1663350181080114e-05
8071,4.5394396465952956e-05
8072,5.596569427309269e-06
8073,2.42518008516735e-05
8074,6.094042265292315e-05
8075,1.2436820949576152e-05
8076,1.1814979902097345e-05
8077,1.865523142436423e-05
8078,3.109205237394038e-06
8079,4.352887332351654e-06
8080,1.9277072471843036e-05
8081,4.352887332351654e-06
8082,1.1814979902097345e-05
8083,5.099096589326223e-05
8084,0.00010757850121383372
8085,1.4302344092012576e-05
8086,7.462092569745692e-06
8087,2.176443666175827e-05
8088,3.731046284872846e-06
8089,3.420125761133442e-05
8090,1.9898913519321845e-05
8091,3.5444939706292037e-05
8092,1.2436820949576152e-05
8093,7.462092569745692e-06
8094,3.109205237394038e-06
8095,6.8402515222668845e-06
8096,2.4873641899152305e-05
8097,2.7982847136546344e-05
8098,1.554602618697019e-05
8099,6.8402515222668845e-06
8100,3.731046284872846e-06
8101,1.865523142436423e-05
8102,2.4873641899152305e-05
8103,2.8604688184025153e-05
8104,4.228519122855892e-05
8105,2.362995980419469e-05
8106,4.228519122855892e-05
8107,6.715883312771122e-05
8108,4.974728379830461e-06
8109,8.0839336172245e-06
8110,6.218410474788076e-06
8111,2.176443666175827e-05
8112,3.731046284872846e-06
8113,3.731046284872846e-06
8114,1.7411549329406615e-05
8115,3.109205237394038e-06
8116,6.280594579535957e-05
8117,2.3008118756715884e-05
8118,5.596569427309269e-06
8119,8.95451108369483e-05
8120,9.327615712182115e-06
8121,2.922652923150396e-05
8122,6.218410474788076e-06
8123,9.327615712182115e-06
8124,1.865523142436423e-05
8125,4.6638078560910574e-05
8126,5.596569427309269e-06
8127,4.0419668086122496e-05
8128,2.2386277709237075e-05
8129,2.42518008516735e-05
8130,6.218410474788076e-06
8131,2.2386277709237075e-05
8132,1.3680503044533769e-05
8133,1.3680503044533769e-05
8134,4.352887332351654e-06
8135,1.057129780713973e-05
8136,1.3058661997054962e-05
8137,2.4873641899152305e-05
8138,1.3058661997054962e-05
8139,4.9125442750825804e-05
8140,1.057129780713973e-05
8141,1.554602618697019e-05
8142,1.1193138854618537e-05
8143,1.6167867234449e-05
8144,1.3680503044533769e-05
8145,4.352887332351654e-06
8146,8.0839336172245e-06
8147,7.462092569745692e-06
8148,3.171389342141919e-05
8149,4.352887332351654e-06
8150,4.974728379830461e-06
8151,8.705774664703308e-06
8152,5.783121741552911e-05
8153,2.42518008516735e-05
8154,4.352887332351654e-06
8155,3.731046284872846e-06
8156,1.3058661997054962e-05
8157,3.731046284872846e-06
8158,1.6789708281927806e-05
8159,3.357941656385561e-05
8160,8.0839336172245e-06
8161,3.109205237394038e-06
8162,1.4302344092012576e-05
8163,4.974728379830461e-06
8164,9.949456759660923e-06
8165,1.9277072471843036e-05
8166,1.865523142436423e-05
8167,6.218410474788076e-06
8168,9.327615712182115e-06
8169,3.357941656385561e-05
8170,6.8402515222668845e-06
8171,6.218410474788076e-06
8172,1.1193138854618537e-05
8173,3.109205237394038e-06
8174,2.8604688184025153e-05
8175,2.673916504158873e-05
8176,5.036912484578342e-05
8177,7.462092569745692e-06
8178,1.2436820949576152e-05
8179,1.554602618697019e-05
8180,2.9848370278982768e-05
8181,2.2386277709237075e-05
8182,1.803339037688542e-05
8183,4.352887332351654e-06
8184,4.4150714370995344e-05
8185,2.114259561427946e-05
8186,6.591515103275361e-05
8187,1.3058661997054962e-05
8188,6.218410474788077e-05
8189,2.42518008516735e-05
8190,6.156226370040196e-05
8191,0.00011441875273610061
8192,3.109205237394038e-06
8193,5.596569427309269e-06
8194,3.855414494368607e-05
8195,3.979782703864369e-05
8196,1.1193138854618537e-05
8197,4.352887332351654e-06
8198,3.731046284872846e-06
8199,1.1814979902097345e-05
8200,3.109205237394038e-06
8201,7.462092569745692e-06
8202,8.0839336172245e-06
8203,6.156226370040196e-05
8204,3.109205237394038e-06
8205,5.347833008317746e-05
8206,4.974728379830461e-06
8207,4.352887332351654e-06
8208,1.2436820949576152e-05
8209,3.855414494368607e-05
8210,4.352887332351654e-06
8211,1.865523142436423e-05
8212,9.327615712182115e-06
8213,3.109205237394038e-06
8214,3.5444939706292037e-05
8215,4.352887332351654e-06
8216,3.606678075377084e-05
8217,4.6638078560910574e-05
8218,3.109205237394038e-06
8219,3.295757551637681e-05
8220,2.176443666175827e-05
8221,2.114259561427946e-05
8222,4.104150913360131e-05
8223,4.974728379830461e-06
8224,3.109205237394038e-06
8225,2.114259561427946e-05
8226,3.109205237394038e-06
8227,4.974728379830461e-06
8228,1.1193138854618537e-05
8229,4.9125442750825804e-05
8230,3.731046284872846e-06
8231,5.596569427309269e-06
8232,4.352887332351654e-06
8233,6.218410474788076e-06
8234,2.4873641899152305e-05
8235,6.8402515222668845e-06
8236,7.897381302980858e-05
8237,8.0839336172245e-06
8238,2.4873641899152306e-06
8239,1.6789708281927806e-05
8240,1.3058661997054962e-05
8241,8.705774664703308e-06
8242,4.352887332351654e-06
8243,6.218410474788076e-06
8244,3.109205237394038e-06
8245,1.3058661997054962e-05
8246,3.109205237394038e-06
8247,9.327615712182115e-06
8248,1.4302344092012576e-05
8249,4.352887332351654e-06
8250,6.218410474788077e-05
8251,5.596569427309269e-06
8252,2.9848370278982768e-05
8253,3.731046284872846e-06
8254,9.949456759660923e-06
8255,1.7411549329406615e-05
8256,8.95451108369483e-05
8257,2.176443666175827e-05
8258,7.462092569745692e-06
8259,2.42518008516735e-05
8260,3.109205237394038e-06
8261,4.104150913360131e-05
8262,7.462092569745692e-06
8263,2.42518008516735e-05
8264,1.7411549329406615e-05
8265,5.596569427309269e-06
8266,2.8604688184025153e-05
8267,3.109205237394038e-06
8268,1.3680503044533769e-05
8269,5.596569427309269e-06
8270,5.9696740557965536e-05
8271,3.731046284872846e-06
8272,4.352887332351654e-06
8273,6.8402515222668845e-06
8274,4.352887332351654e-05
8275,3.9175985991164885e-05
8276,4.2907032276037726e-05
8277,8.0839336172245e-06
8278,5.596569427309269e-06
8279,7.462092569745692e-06
8280,2.7361006089067538e-05
8281,1.057129780713973e-05
8282,7.213356150754168e-05
8283,2.7361006089067538e-05
8284,2.176443666175827e-05
8285,3.109205237394038e-06
8286,1.865523142436423e-05
8287,8.0839336172245e-06
8288,9.327615712182115e-06
8289,6.218410474788076e-06
8290,1.3058661997054962e-05
8291,1.6167867234449e-05
8292,4.352887332351654e-06
8293,1.554602618697019e-05
8294,4.352887332351654e-06
8295,4.352887332351654e-06
8296,8.705774664703308e-06
8297,4.974728379830461e-06
8298,3.731046284872846e-06
8299,5.596569427309269e-06
8300,4.974728379830461e-06
8301,2.114259561427946e-05
8302,3.109205237394038e-06
8303,6.8402515222668845e-06
8304,1.554602618697019e-05
8305,8.705774664703308e-06
8306,8.705774664703308e-06
8307,5.596569427309269e-05
8308,4.352887332351654e-06
8309,3.482309865881323e-05
8310,2.3008118756715884e-05
8311,3.482309865881323e-05
8312,2.114259561427946e-05
8313,6.8402515222668845e-06
8314,3.357941656385561e-05
8315,2.362995980419469e-05
8316,2.6117323994109923e-05
8317,2.673916504158873e-05
8318,2.114259561427946e-05
8319,2.4873641899152305e-05
8320,2.6117323994109923e-05
8321,1.2436820949576152e-05
8322,3.2335734468898e-05
8323,4.352887332351654e-06
8324,5.534385322561388e-05
8325,3.109205237394038e-06
8326,1.6789708281927806e-05
8327,1.6167867234449e-05
8328,2.922652923150396e-05
8329,7.026803836510527e-05
8330,6.218410474788076e-06
8331,2.42518008516735e-05
8332,0.00012063716321088868
8333,5.596569427309269e-06
8334,7.088987941258407e-05
8335,2.2386277709237075e-05
8336,4.0419668086122496e-05
8337,2.673916504158873e-05
8338,1.057129780713973e-05
8339,7.462092569745692e-06
8340,7.462092569745692e-06
8341,6.8402515222668845e-06
8342,2.6117323994109923e-05
8343,4.974728379830461e-06
8344,4.352887332351654e-06
8345,2.3008118756715884e-05
8346,1.1814979902097345e-05
8347,0.00015856946710709596
8348,1.7411549329406615e-05
8349,3.109205237394038e-06
8350,3.109205237394038e-06
8351,1.7411549329406615e-05
8352,1.9898913519321845e-05
8353,2.8604688184025153e-05
8354,1.6789708281927806e-05
8355,3.295757551637681e-05
8356,2.176443666175827e-05
8357,8.705774664703308e-06
8358,1.1814979902097345e-05
8359,3.5444939706292037e-05
8360,4.352887332351654e-06
8361,6.8402515222668845e-06
8362,6.8402515222668845e-06
8363,4.8503601703347e-05
8364,4.974728379830461e-06
8365,1.1814979902097345e-05
8366,1.6789708281927806e-05
8367,2.114259561427946e-05
8368,4.974728379830461e-06
8369,6.8402515222668845e-06
8370,1.9277072471843036e-05
8371,1.1193138854618537e-05
8372,7.462092569745692e-06
8373,8.0839336172245e-06
8374,9.327615712182115e-06
8375,2.362995980419469e-05
8376,9.949456759660923e-06
8377,4.0419668086122496e-05
8378,6.218410474788076e-06
8379,1.9277072471843036e-05
8380,1.6167867234449e-05
8381,6.218410474788076e-06
8382,1.554602618697019e-05
8383,9.949456759660923e-06
8384,3.109205237394038e-06
8385,2.114259561427946e-05
8386,1.2436820949576152e-05
8387,0.00015359473872726548
8388,1.6167867234449e-05
8389,3.109205237394038e-05
8390,4.974728379830461e-06
8391,4.352887332351654e-06
8392,9.327615712182115e-06
8393,6.8402515222668845e-06
8394,1.2436820949576152e-05
8395,3.731046284872846e-06
8396,2.5495482946631114e-05
8397,1.1193138854618537e-05
8398,1.2436820949576152e-05
8399,1.7411549329406615e-05
8400,2.673916504158873e-05
8401,1.4302344092012576e-05
8402,7.462092569745692e-06
8403,5.596569427309269e-06
8404,4.974728379830461e-06
8405,4.974728379830461e-06
8406,3.109205237394038e-06
8407,3.109205237394038e-06
8408,3.109205237394038e-06
8409,9.327615712182115e-06
8410,1.057129780713973e-05
8411,9.01669518844271e-05
8412,4.974728379830461e-06
8413,3.109205237394038e-06
8414,3.731046284872846e-06
8415,1.4302344092012576e-05
8416,3.109205237394038e-06
8417,4.974728379830461e-06
8418,2.0520754566800654e-05
8419,3.109205237394038e-06
8420,5.596569427309269e-06
8421,1.4302344092012576e-05
8422,2.5495482946631114e-05
8423,1.1193138854618537e-05
8424,3.731046284872846e-06
8425,4.352887332351654e-06
8426,1.6167867234449e-05
8427,1.7411549329406615e-05
8428,1.7411549329406615e-05
8429,4.974728379830461e-06
8430,1.2436820949576152e-05
8431,5.596569427309269e-06
8432,3.731046284872846e-06
8433,8.0839336172245e-06
8434,3.109205237394038e-06
8435,1.7411549329406615e-05
8436,6.8402515222668845e-06
8437,3.2335734468898e-05
8438,1.057129780713973e-05
8439,3.109205237394038e-06
8440,9.327615712182115e-06
8441,8.705774664703308e-06
8442,9.949456759660923e-06
8443,5.596569427309269e-06
8444,1.9277072471843036e-05
8445,1.1193138854618537e-05
8446,5.596569427309269e-06
8447,6.529330998527481e-05
8448,1.057129780713973e-05
8449,1.9898913519321845e-05
8450,7.462092569745692e-06
8451,1.1814979902097345e-05
8452,7.462092569745692e-06
8453,8.0839336172245e-06
8454,2.7361006089067538e-05
8455,8.705774664703308e-06
8456,5.596569427309269e-06
8457,4.352887332351654e-06
8458,3.171389342141919e-05
8459,8.0839336172245e-06
8460,3.109205237394038e-06
8461,1.803339037688542e-05
8462,5.347833008317746e-05
8463,6.4671468937796e-05
8464,1.3680503044533769e-05
8465,8.643590559955426e-05
8466,6.8402515222668845e-06
8467,1.6167867234449e-05
8468,5.596569427309269e-06
8469,3.109205237394038e-06
8470,1.3680503044533769e-05
8471,2.4873641899152306e-06
8472,2.0520754566800654e-05
8473,1.4302344092012576e-05
8474,1.1193138854618537e-05
8475,3.855414494368607e-05
8476,2.4873641899152305e-05
8477,4.974728379830461e-06
8478,1.3680503044533769e-05
8479,3.109205237394038e-06
8480,5.099096589326223e-05
8481,1.6789708281927806e-05
8482,3.109205237394038e-05
8483,6.218410474788076e-06
8484,6.218410474788076e-06
8485,7.462092569745692e-06
8486,4.352887332351654e-06
8487,3.109205237394038e-06
8488,2.7361006089067538e-05
8489,2.4873641899152306e-06
8490,6.778067417519003e-05
8491,1.2436820949576152e-05
8492,5.596569427309269e-06
8493,1.6789708281927806e-05
8494,1.057129780713973e-05
8495,3.171389342141919e-05
8496,7.462092569745692e-06
8497,3.109205237394038e-06
8498,1.3680503044533769e-05
8499,2.4873641899152305e-05
8500,9.949456759660923e-06
8501,2.4873641899152306e-06
8502,6.8402515222668845e-06
8503,3.731046284872846e-06
8504,2.7361006089067538e-05
8505,1.554602618697019e-05
8506,5.596569427309269e-06
8507,3.731046284872846e-06
8508,2.8604688184025153e-05
8509,9.327615712182115e-06
8510,6.218410474788076e-06
8511,5.596569427309269e-06
8512,4.352887332351654e-06
8513,1.4302344092012576e-05
8514,4.974728379830461e-06
8515,1.4302344092012576e-05
8516,6.218410474788076e-06
8517,8.0839336172245e-06
8518,2.5495482946631114e-05
8519,9.327615712182115e-06
8520,1.4924185139491384e-05
8521,5.099096589326223e-05
8522,1.6789708281927806e-05
8523,5.596569427309269e-06
8524,5.2234647988219846e-05
8525,3.5444939706292037e-05
8526,1.1193138854618537e-05
8527,7.088987941258407e-05
8528,1.2436820949576152e-05
8529,5.596569427309269e-06
8530,4.974728379830461e-06
8531,4.352887332351654e-06
8532,9.327615712182115e-06
8533,1.1193138854618537e-05
8534,1.2436820949576152e-05
8535,8.0839336172245e-06
8536,7.462092569745692e-06
8537,6.218410474788076e-06
8538,3.2335734468898e-05
8539,9.949456759660923e-06
8540,2.6117323994109923e-05
8541,7.462092569745692e-06
8542,1.4924185139491384e-05
8543,3.482309865881323e-05
8544,1.3058661997054962e-05
8545,1.9277072471843036e-05
8546,3.109205237394038e-06
8547,5.347833008317746e-05
8548,4.601623751343177e-05
8549,3.2335734468898e-05
8550,4.352887332351654e-06
8551,1.6789708281927806e-05
8552,3.109205237394038e-05
8553,5.596569427309269e-06
8554,6.156226370040196e-05
8555,1.9898913519321845e-05
8556,3.109205237394038e-06
8557,1.1814979902097345e-05
8558,5.596569427309269e-06
8559,1.1193138854618537e-05
8560,2.176443666175827e-05
8561,8.0839336172245e-06
8562,1.9898913519321845e-05
8563,3.2335734468898e-05
8564,2.0520754566800654e-05
8565,1.9277072471843036e-05
8566,1.057129780713973e-05
8567,4.974728379830461e-06
8568,1.2436820949576152e-05
8569,5.596569427309269e-06
8570,1.3680503044533769e-05
8571,3.109205237394038e-06
8572,3.731046284872846e-06
8573,6.218410474788076e-06
8574,7.462092569745692e-06
8575,7.462092569745692e-06
8576,2.3008118756715884e-05
8577,3.109205237394038e-06
8578,1.4302344092012576e-05
8579,1.865523142436423e-05
8580,2.362995980419469e-05
8581,3.482309865881323e-05
8582,5.596569427309269e-06
8583,9.327615712182115e-06
8584,1.2436820949576152e-05
8585,6.218410474788076e-06
8586,8.705774664703308e-06
8587,3.109205237394038e-06
8588,1.2436820949576152e-05
8589,1.9898913519321845e-05
8590,9.949456759660923e-06
8591,2.6117323994109923e-05
8592,3.109205237394038e-05
8593,1.9898913519321845e-05
8594,2.2386277709237075e-05
8595,2.42518008516735e-05
8596,2.5495482946631114e-05
8597,1.6789708281927806e-05
8598,7.337724360249931e-05
8599,1.4924185139491384e-05
8600,9.327615712182115e-06
8601,9.949456759660923e-06
8602,1.6789708281927806e-05
8603,2.114259561427946e-05
8604,1.6789708281927806e-05
8605,1.865523142436423e-05
8606,1.1193138854618537e-05
8607,2.4873641899152305e-05
8608,1.3058661997054962e-05
8609,2.176443666175827e-05
8610,1.4924185139491384e-05
8611,2.42518008516735e-05
8612,1.1193138854618537e-05
8613,1.865523142436423e-05
8614,2.3008118756715884e-05
8615,9.949456759660923e-06
8616,1.4302344092012576e-05
8617,1.1193138854618537e-05
8618,1.4302344092012576e-05
8619,4.974728379830461e-06
8620,6.218410474788076e-06
8621,1.2436820949576152e-05
8622,4.788176065586819e-05
8623,3.109205237394038e-06
8624,5.783121741552911e-05
8625,1.4924185139491384e-05
8626,6.218410474788076e-06
8627,2.42518008516735e-05
8628,4.4150714370995344e-05
8629,4.104150913360131e-05
8630,4.104150913360131e-05
8631,3.109205237394038e-06
8632,1.803339037688542e-05
8633,1.865523142436423e-05
8634,8.270485931468142e-05
8635,4.974728379830461e-06
8636,6.218410474788076e-06
8637,3.6688621801249655e-05
8638,9.949456759660923e-06
8639,1.6167867234449e-05
8640,1.3058661997054962e-05
8641,4.4150714370995344e-05
8642,3.357941656385561e-05
8643,1.4302344092012576e-05
8644,2.5495482946631114e-05
8645,1.057129780713973e-05
8646,9.327615712182115e-06
8647,1.3680503044533769e-05
8648,9.949456759660923e-06
8649,5.596569427309269e-06
8650,2.42518008516735e-05
8651,3.731046284872846e-06
8652,5.596569427309269e-06
8653,3.109205237394038e-05
8654,2.2386277709237075e-05
8655,3.731046284872846e-06
8656,1.7411549329406615e-05
8657,3.731046284872846e-06
8658,3.5444939706292037e-05
8659,1.803339037688542e-05
8660,6.8402515222668845e-06
8661,2.114259561427946e-05
8662,3.731046284872846e-06
8663,4.9125442750825804e-05
8664,1.6167867234449e-05
8665,1.3058661997054962e-05
8666,1.1814979902097345e-05
8667,1.1193138854618537e-05
8668,6.653699208023242e-05
8669,1.4302344092012576e-05
8670,1.1193138854618537e-05
8671,6.8402515222668845e-06
8672,4.788176065586819e-05
8673,2.922652923150396e-05
8674,1.865523142436423e-05
8675,9.949456759660923e-06
8676,8.0839336172245e-06
8677,2.6117323994109923e-05
8678,7.462092569745692e-06
8679,2.362995980419469e-05
8680,2.6117323994109923e-05
8681,4.104150913360131e-05
8682,8.705774664703308e-06
8683,1.865523142436423e-05
8684,2.176443666175827e-05
8685,3.109205237394038e-06
8686,9.327615712182115e-06
8687,1.4924185139491384e-05
8688,2.6117323994109923e-05
8689,4.974728379830461e-06
8690,9.949456759660923e-06
8691,3.5444939706292037e-05
8692,6.218410474788076e-06
8693,2.42518008516735e-05
8694,3.9175985991164885e-05
8695,2.362995980419469e-05
8696,7.462092569745692e-06
8697,4.974728379830461e-06
8698,3.109205237394038e-06
8699,4.352887332351654e-06
8700,2.114259561427946e-05
8701,3.295757551637681e-05
8702,3.109205237394038e-06
8703,1.057129780713973e-05
8704,2.362995980419469e-05
8705,1.6789708281927806e-05
8706,4.0419668086122496e-05
8707,6.218410474788076e-06
8708,9.327615712182115e-06
8709,1.3680503044533769e-05
8710,8.705774664703308e-06
8711,3.0470211326461574e-05
8712,1.1814979902097345e-05
8713,6.8402515222668845e-06
8714,3.855414494368607e-05
8715,6.8402515222668845e-06
8716,8.0839336172245e-06
8717,9.327615712182115e-06
8718,2.0520754566800654e-05
8719,1.1814979902097345e-05
8720,1.6789708281927806e-05
8721,1.057129780713973e-05
8722,7.462092569745692e-06
8723,3.482309865881323e-05
8724,8.0839336172245e-06
8725,2.7361006089067538e-05
8726,3.109205237394038e-06
8727,1.6789708281927806e-05
8728,4.974728379830461e-06
8729,8.705774664703308e-06
8730,6.218410474788076e-06
8731,4.352887332351654e-06
8732,1.9898913519321845e-05
8733,2.4873641899152305e-05
8734,8.0839336172245e-06
8735,4.352887332351654e-06
8736,3.731046284872846e-06
8737,5.596569427309269e-06
8738,4.352887332351654e-06
8739,2.4873641899152305e-05
8740,1.554602618697019e-05
8741,1.803339037688542e-05
8742,1.865523142436423e-06
8743,2.8604688184025153e-05
8744,1.7411549329406615e-05
8745,1.3058661997054962e-05
8746,2.176443666175827e-05
8747,1.7411549329406615e-05
8748,6.218410474788076e-06
8749,2.176443666175827e-05
8750,1.7411549329406615e-05
8751,1.9277072471843036e-05
8752,1.3058661997054962e-05
8753,3.109205237394038e-06
8754,9.327615712182115e-06
8755,9.327615712182115e-06
8756,8.705774664703308e-06
8757,2.114259561427946e-05
8758,2.114259561427946e-05
8759,2.0520754566800654e-05
8760,9.949456759660923e-06
8761,7.462092569745692e-06
8762,1.4302344092012576e-05
8763,0.0001287210968281132
8764,3.109205237394038e-06
8765,1.1814979902097345e-05
8766,6.218410474788076e-06
8767,8.705774664703308e-06
8768,4.974728379830461e-06
8769,2.114259561427946e-05
8770,1.554602618697019e-05
8771,2.0520754566800654e-05
8772,3.109205237394038e-06
8773,3.731046284872846e-06
8774,3.171389342141919e-05
8775,4.352887332351654e-06
8776,5.596569427309269e-06
8777,5.596569427309269e-06
8778,2.0520754566800654e-05
8779,1.9898913519321845e-05
8780,1.2436820949576152e-05
8781,2.114259561427946e-05
8782,3.295757551637681e-05
8783,2.114259561427946e-05
8784,9.949456759660923e-06
8785,2.0520754566800654e-05
8786,2.362995980419469e-05
8787,3.731046284872846e-06
8788,5.596569427309269e-06
8789,9.949456759660923e-06
8790,1.9898913519321845e-05
8791,3.731046284872846e-06
8792,7.462092569745692e-06
8793,1.9898913519321845e-05
8794,2.7361006089067538e-05
8795,1.554602618697019e-05
8796,2.7361006089067538e-05
8797,4.352887332351654e-06
8798,4.352887332351654e-06
8799,1.4302344092012576e-05
8800,1.1193138854618537e-05
8801,2.2386277709237075e-05
8802,4.352887332351654e-06
8803,6.8402515222668845e-06
8804,3.109205237394038e-06
8805,2.362995980419469e-05
8806,7.462092569745692e-06
8807,1.057129780713973e-05
8808,9.203247502686354e-05
8809,2.2386277709237075e-05
8810,7.462092569745692e-06
8811,4.1663350181080114e-05
8812,4.974728379830461e-06
8813,1.4302344092012576e-05
8814,3.731046284872846e-06
8815,1.865523142436423e-05
8816,4.974728379830461e-06
8817,7.462092569745692e-06
8818,3.0470211326461574e-05
8819,3.7932303896207266e-05
8820,6.218410474788076e-06
8821,3.109205237394038e-06
8822,1.6789708281927806e-05
8823,1.3058661997054962e-05
8824,5.596569427309269e-06
8825,6.8402515222668845e-06
8826,1.4924185139491384e-05
8827,2.176443666175827e-05
8828,2.3008118756715884e-05
8829,3.5444939706292037e-05
8830,6.8402515222668845e-06
8831,2.6117323994109923e-05
8832,1.057129780713973e-05
8833,5.596569427309269e-06
8834,3.109205237394038e-06
8835,5.347833008317746e-05
8836,4.352887332351654e-06
8837,5.534385322561388e-05
8838,3.482309865881323e-05
8839,6.529330998527481e-05
8840,0.00012312452740080392
8841,1.057129780713973e-05
8842,3.109205237394038e-06
8843,4.974728379830461e-06
8844,6.218410474788076e-06
8845,7.462092569745692e-06
8846,3.731046284872846e-06
8847,3.420125761133442e-05
8848,6.8402515222668845e-06
8849,2.362995980419469e-05
8850,1.803339037688542e-05
8851,7.462092569745692e-06
8852,2.3008118756715884e-05
8853,1.803339037688542e-05
8854,3.109205237394038e-06
8855,5.596569427309269e-06
8856,3.731046284872846e-06
8857,1.4302344092012576e-05
8858,4.352887332351654e-06
8859,3.731046284872846e-06
8860,6.218410474788076e-06
8861,1.2436820949576152e-05
8862,1.6167867234449e-05
8863,6.8402515222668845e-06
8864,3.731046284872846e-06
8865,8.0839336172245e-06
8866,1.057129780713973e-05
8867,2.0520754566800654e-05
8868,9.949456759660923e-06
8869,1.7411549329406615e-05
8870,9.949456759660923e-06
8871,3.731046284872846e-06
8872,2.922652923150396e-05
8873,9.327615712182115e-06
8874,3.109205237394038e-06
8875,7.462092569745692e-06
8876,6.8402515222668845e-06
8877,5.596569427309269e-06
8878,1.3680503044533769e-05
8879,6.218410474788076e-06
8880,4.352887332351654e-06
8881,8.705774664703308e-06
8882,1.9277072471843036e-05
8883,2.5495482946631114e-05
8884,1.6789708281927806e-05
8885,1.1814979902097345e-05
8886,5.596569427309269e-05
8887,5.596569427309269e-06
8888,1.6789708281927806e-05
8889,8.0839336172245e-06
8890,4.352887332351654e-06
8891,4.974728379830461e-06
8892,3.9175985991164885e-05
8893,3.109205237394038e-06
8894,3.109205237394038e-06
8895,3.2335734468898e-05
8896,1.057129780713973e-05
8897,1.803339037688542e-05
8898,1.865523142436423e-06
8899,6.902435627014766e-05
8900,5.596569427309269e-06
8901,5.596569427309269e-06
8902,8.0839336172245e-06
8903,3.731046284872846e-06
8904,2.7361006089067538e-05
8905,8.0839336172245e-06
8906,4.5394396465952956e-05
8907,1.057129780713973e-05
8908,2.4873641899152306e-06
8909,2.7361006089067538e-05
8910,5.099096589326223e-05
8911,1.4924185139491384e-05
8912,3.109205237394038e-06
8913,5.2234647988219846e-05
8914,7.462092569745692e-06
8915,3.109205237394038e-06
8916,2.4873641899152306e-06
8917,1.2436820949576152e-05
8918,2.6117323994109923e-05
8919,8.705774664703308e-06
8920,3.731046284872846e-05
8921,2.3008118756715884e-05
8922,1.803339037688542e-05
8923,1.1814979902097345e-05
8924,5.596569427309269e-06
8925,8.0839336172245e-06
8926,6.218410474788076e-06
8927,4.601623751343177e-05
8928,5.4100171130656263e-05
8929,3.6688621801249655e-05
8930,6.218410474788076e-06
8931,8.0839336172245e-06
8932,2.2386277709237075e-05
8933,3.2335734468898e-05
8934,9.949456759660923e-06
8935,1.7411549329406615e-05
8936,1.3680503044533769e-05
8937,3.731046284872846e-06
8938,5.596569427309269e-06
8939,1.3680503044533769e-05
8940,2.176443666175827e-05
8941,5.596569427309269e-06
8942,1.4302344092012576e-05
8943,3.2335734468898e-05
8944,9.949456759660923e-06
8945,1.1193138854618537e-05
8946,2.42518008516735e-05
8947,1.803339037688542e-05
8948,3.731046284872846e-05
8949,3.7932303896207266e-05
8950,6.218410474788076e-06
8951,1.554602618697019e-05
8952,2.362995980419469e-05
8953,1.803339037688542e-05
8954,5.596569427309269e-06
8955,7.462092569745692e-06
8956,8.705774664703308e-06
8957,3.731046284872846e-06
8958,4.1663350181080114e-05
8959,3.731046284872846e-06
8960,3.109205237394038e-06
8961,5.596569427309269e-06
8962,6.404962789031718e-05
8963,5.2234647988219846e-05
8964,0.00012561189159071914
8965,0.00011877164006845227
8966,2.0520754566800654e-05
8967,3.420125761133442e-05
8968,2.176443666175827e-05
8969,2.3008118756715884e-05
8970,2.6117323994109923e-05
8971,1.057129780713973e-05
8972,4.725991960838938e-05
8973,3.979782703864369e-05
8974,1.1193138854618537e-05
8975,1.1814979902097345e-05
8976,2.0520754566800654e-05
8977,6.8402515222668845e-06
8978,4.477255541847415e-05
8979,4.352887332351654e-06
8980,6.8402515222668845e-06
8981,5.596569427309269e-06
8982,3.731046284872846e-06
8983,8.270485931468142e-05
8984,3.171389342141919e-05
8985,6.031858160544434e-05
8986,1.1193138854618537e-05
8987,2.8604688184025153e-05
8988,3.731046284872846e-06
8989,1.6789708281927806e-05
8990,4.974728379830461e-06
8991,1.057129780713973e-05
8992,8.0839336172245e-06
8993,4.974728379830461e-06
8994,3.109205237394038e-06
8995,1.9898913519321845e-05
8996,4.352887332351654e-06
8997,3.731046284872846e-06
8998,2.7361006089067538e-05
8999,4.352887332351654e-06
9000,2.7982847136546344e-05
9001,2.42518008516735e-05
9002,3.731046284872846e-06
9003,7.462092569745692e-06
9004,1.057129780713973e-05
9005,1.9277072471843036e-05
9006,2.176443666175827e-05
9007,1.3058661997054962e-05
9008,3.109205237394038e-05
9009,8.0839336172245e-06
9010,3.731046284872846e-06
9011,1.7411549329406615e-05
9012,1.9898913519321845e-05
9013,8.0839336172245e-06
9014,3.109205237394038e-06
9015,2.5495482946631114e-05
9016,6.8402515222668845e-06
9017,4.352887332351654e-06
9018,1.9898913519321845e-05
9019,1.4924185139491384e-05
9020,9.949456759660923e-06
9021,2.5495482946631114e-05
9022,1.1814979902097345e-05
9023,1.2436820949576152e-05
9024,4.8503601703347e-05
9025,4.2907032276037726e-05
9026,8.643590559955426e-05
9027,1.9277072471843036e-05
9028,3.731046284872846e-06
9029,1.4302344092012576e-05
9030,3.109205237394038e-06
9031,1.9277072471843036e-05
9032,4.352887332351654e-06
9033,1.3680503044533769e-05
9034,1.057129780713973e-05
9035,2.42518008516735e-05
9036,1.4302344092012576e-05
9037,4.352887332351654e-06
9038,2.0520754566800654e-05
9039,8.0839336172245e-06
9040,7.462092569745692e-06
9041,3.109205237394038e-06
9042,2.176443666175827e-05
9043,4.974728379830461e-06
9044,3.171389342141919e-05
9045,1.554602618697019e-05
9046,5.596569427309269e-06
9047,1.6167867234449e-05
9048,9.327615712182115e-06
9049,2.4873641899152305e-05
9050,8.0839336172245e-06
9051,3.731046284872846e-06
9052,2.9848370278982768e-05
9053,1.803339037688542e-05
9054,4.974728379830461e-06
9055,3.6688621801249655e-05
9056,1.2436820949576152e-05
9057,1.1814979902097345e-05
9058,1.4924185139491384e-05
9059,5.907489951048673e-05
9060,3.0470211326461574e-05
9061,4.352887332351654e-06
9062,2.114259561427946e-05
9063,3.109205237394038e-06
9064,6.342778684283838e-05
9065,9.949456759660923e-06
9066,3.9175985991164885e-05
9067,3.109205237394038e-06
9068,4.477255541847415e-05
9069,2.176443666175827e-05
9070,0.00011752795797349465
9071,1.1814979902097345e-05
9072,3.731046284872846e-06
9073,1.1193138854618537e-05
9074,8.705774664703308e-06
9075,3.2335734468898e-05
9076,6.218410474788076e-06
9077,9.949456759660923e-06
9078,1.865523142436423e-06
9079,4.974728379830461e-06
9080,3.731046284872846e-06
9081,3.731046284872846e-06
9082,1.057129780713973e-05
9083,4.352887332351654e-06
9084,1.6789708281927806e-05
9085,8.705774664703308e-06
9086,9.327615712182115e-06
9087,1.4924185139491384e-05
9088,1.2436820949576152e-05
9089,1.554602618697019e-05
9090,1.3058661997054962e-05
9091,1.9277072471843036e-05
9092,4.352887332351654e-06
9093,2.9848370278982768e-05
9094,2.362995980419469e-05
9095,2.7982847136546344e-05
9096,1.4924185139491384e-05
9097,6.218410474788076e-06
9098,1.9277072471843036e-05
9099,1.2436820949576152e-05
9100,1.057129780713973e-05
9101,4.352887332351654e-06
9102,2.5495482946631114e-05
9103,1.865523142436423e-05
9104,3.731046284872846e-06
9105,5.596569427309269e-06
9106,1.2436820949576152e-05
9107,1.2436820949576152e-05
9108,9.949456759660923e-06
9109,1.2436820949576152e-05
9110,8.705774664703308e-06
9111,5.4100171130656263e-05
9112,8.705774664703308e-06
9113,6.8402515222668845e-06
9114,5.596569427309269e-06
9115,5.596569427309269e-06
9116,2.6117323994109923e-05
9117,4.352887332351654e-06
9118,2.6117323994109923e-05
9119,3.357941656385561e-05
9120,2.42518008516735e-05
9121,6.8402515222668845e-06
9122,2.2386277709237075e-05
9123,3.109205237394038e-06
9124,7.151172046006288e-05
9125,3.731046284872846e-06
9126,9.327615712182115e-06
9127,2.4873641899152305e-05
9128,4.974728379830461e-06
9129,1.4302344092012576e-05
9130,6.031858160544434e-05
9131,2.42518008516735e-05
9132,8.0839336172245e-06
9133,4.352887332351654e-06
9134,4.352887332351654e-06
9135,1.803339037688542e-05
9136,2.8604688184025153e-05
9137,7.959565407728738e-05
9138,4.352887332351654e-06
9139,2.7982847136546344e-05
9140,2.0520754566800654e-05
9141,9.949456759660923e-06
9142,1.3058661997054962e-05
9143,4.974728379830461e-06
9144,2.176443666175827e-05
9145,1.3058661997054962e-05
9146,4.974728379830461e-06
9147,2.6117323994109923e-05
9148,1.2436820949576152e-05
9149,1.1193138854618537e-05
9150,1.057129780713973e-05
9151,2.6117323994109923e-05
9152,3.2335734468898e-05
9153,4.974728379830461e-06
9154,3.731046284872846e-06
9155,1.1193138854618537e-05
9156,4.352887332351654e-06
9157,1.4302344092012576e-05
9158,6.8402515222668845e-06
9159,3.295757551637681e-05
9160,1.803339037688542e-05
9161,3.2335734468898e-05
9162,1.4924185139491384e-05
9163,2.3008118756715884e-05
9164,1.3680503044533769e-05
9165,9.949456759660923e-06
9166,1.865523142436423e-05
9167,9.949456759660923e-06
9168,6.218410474788076e-06
9169,3.109205237394038e-06
9170,1.1193138854618537e-05
9171,6.529330998527481e-05
9172,1.4302344092012576e-05
9173,2.0520754566800654e-05
9174,2.5495482946631114e-05
9175,4.974728379830461e-06
9176,1.6167867234449e-05
9177,4.974728379830461e-06
9178,3.357941656385561e-05
9179,8.705774664703308e-06
9180,6.8402515222668845e-06
9181,1.6167867234449e-05
9182,1.554602618697019e-05
9183,1.1814979902097345e-05
9184,3.606678075377084e-05
9185,4.974728379830461e-06
9186,4.352887332351654e-06
9187,7.462092569745692e-06
9188,5.596569427309269e-06
9189,2.3008118756715884e-05
9190,5.285648903569865e-05
9191,4.352887332351654e-06
9192,4.5394396465952956e-05
9193,2.7361006089067538e-05
9194,1.9898913519321845e-05
9195,2.4873641899152306e-06
9196,4.974728379830461e-06
9197,1.3680503044533769e-05
9198,1.7411549329406615e-05
9199,5.845305846300792e-05
9200,9.327615712182115e-06
9201,1.2436820949576152e-05
9202,4.352887332351654e-06
9203,1.4924185139491384e-05
9204,2.4873641899152306e-06
9205,8.705774664703308e-06
9206,9.949456759660923e-06
9207,1.4302344092012576e-05
9208,8.0839336172245e-06
9209,1.6789708281927806e-05
9210,3.109205237394038e-06
9211,1.865523142436423e-05
9212,3.731046284872846e-06
9213,6.8402515222668845e-06
9214,6.218410474788076e-06
9215,2.0520754566800654e-05
9216,3.979782703864369e-05
9217,6.218410474788076e-06
9218,2.4873641899152306e-06
9219,2.362995980419469e-05
9220,3.9175985991164885e-05
9221,7.088987941258407e-05
9222,1.554602618697019e-05
9223,1.6789708281927806e-05
9224,1.9898913519321845e-05
9225,1.4924185139491384e-05
9226,3.357941656385561e-05
9227,3.357941656385561e-05
9228,7.462092569745692e-06
9229,9.949456759660923e-06
9230,3.731046284872846e-06
9231,4.974728379830461e-06
9232,9.327615712182115e-06
9233,1.1193138854618537e-05
9234,1.057129780713973e-05
9235,9.327615712182115e-06
9236,4.8503601703347e-05
9237,7.462092569745692e-06
9238,4.974728379830461e-06
9239,1.1193138854618537e-05
9240,1.1193138854618537e-05
9241,3.109205237394038e-06
9242,5.783121741552911e-05
9243,1.554602618697019e-05
9244,2.4873641899152305e-05
9245,1.1814979902097345e-05
9246,1.057129780713973e-05
9247,2.42518008516735e-05
9248,6.218410474788076e-06
9249,1.803339037688542e-05
9250,4.974728379830461e-06
9251,3.109205237394038e-06
9252,4.352887332351654e-06
9253,8.0839336172245e-06
9254,6.156226370040196e-05
9255,1.1814979902097345e-05
9256,1.2436820949576152e-05
9257,6.964619731762646e-05
9258,7.462092569745692e-06
9259,2.114259561427946e-05
9260,1.057129780713973e-05
9261,6.8402515222668845e-06
9262,8.705774664703308e-06
9263,1.057129780713973e-05
9264,3.109205237394038e-05
9265,2.4873641899152305e-05
9266,1.1193138854618537e-05
9267,7.462092569745692e-06
9268,1.3680503044533769e-05
9269,8.705774664703308e-06
9270,3.731046284872846e-06
9271,3.0470211326461574e-05
9272,2.42518008516735e-05
9273,5.596569427309269e-06
9274,4.974728379830461e-06
9275,1.865523142436423e-05
9276,1.057129780713973e-05
9277,4.352887332351654e-06
9278,1.4924185139491384e-05
9279,3.109205237394038e-06
9280,7.462092569745692e-06
9281,6.8402515222668845e-06
9282,5.596569427309269e-06
9283,4.974728379830461e-06
9284,2.6117323994109923e-05
9285,3.0470211326461574e-05
9286,1.3680503044533769e-05
9287,7.462092569745692e-06
9288,7.835197198232977e-05
9289,3.731046284872846e-06
9290,4.974728379830461e-06
9291,4.4150714370995344e-05
9292,1.3680503044533769e-05
9293,1.3680503044533769e-05
9294,4.477255541847415e-05
9295,3.357941656385561e-05
9296,2.0520754566800654e-05
9297,4.974728379830461e-06
9298,1.6789708281927806e-05
9299,1.7411549329406615e-05
9300,7.462092569745692e-06
9301,8.0839336172245e-06
9302,1.3058661997054962e-05
9303,7.462092569745692e-06
9304,4.228519122855892e-05
9305,2.0520754566800654e-05
9306,0.00014115791777768934
9307,3.606678075377084e-05
9308,1.1814979902097345e-05
9309,1.7411549329406615e-05
9310,5.596569427309269e-06
9311,4.0419668086122496e-05
9312,3.9175985991164885e-05
9313,5.596569427309269e-06
9314,6.218410474788076e-06
9315,1.3058661997054962e-05
9316,1.9898913519321845e-05
9317,3.2335734468898e-05
9318,1.803339037688542e-05
9319,4.974728379830461e-06
9320,2.42518008516735e-05
9321,7.462092569745692e-06
9322,3.731046284872846e-06
9323,4.8503601703347e-05
9324,2.114259561427946e-05
9325,5.2234647988219846e-05
9326,3.979782703864369e-05
9327,2.176443666175827e-05
9328,5.596569427309269e-06
9329,1.4924185139491384e-05
9330,3.109205237394038e-06
9331,3.731046284872846e-06
9332,2.7361006089067538e-05
9333,1.1814979902097345e-05
9334,3.731046284872846e-06
9335,1.6167867234449e-05
9336,4.352887332351654e-06
9337,4.352887332351654e-06
9338,3.109205237394038e-06
9339,9.949456759660923e-06
9340,9.949456759660923e-06
9341,7.462092569745692e-06
9342,3.731046284872846e-06
9343,6.218410474788076e-06
9344,3.109205237394038e-06
9345,3.109205237394038e-06
9346,1.3058661997054962e-05
9347,1.1814979902097345e-05
9348,7.462092569745692e-06
9349,1.6789708281927806e-05
9350,1.2436820949576152e-05
9351,1.3058661997054962e-05
9352,7.462092569745692e-06
9353,1.1814979902097345e-05
9354,3.0470211326461574e-05
9355,2.2386277709237075e-05
9356,2.9848370278982768e-05
9357,5.596569427309269e-06
9358,2.922652923150396e-05
9359,1.9277072471843036e-05
9360,9.327615712182115e-06
9361,9.949456759660923e-06
9362,6.218410474788076e-06
9363,1.057129780713973e-05
9364,1.2436820949576152e-05
9365,4.352887332351654e-06
9366,4.9125442750825804e-05
9367,1.803339037688542e-05
9368,9.327615712182115e-06
9369,2.42518008516735e-05
9370,7.462092569745692e-06
9371,1.3680503044533769e-05
9372,8.0839336172245e-06
9373,1.9277072471843036e-05
9374,7.462092569745692e-06
9375,1.9277072471843036e-05
9376,1.865523142436423e-05
9377,4.477255541847415e-05
9378,4.974728379830461e-06
9379,2.2386277709237075e-05
9380,7.462092569745692e-06
9381,1.1193138854618537e-05
9382,4.104150913360131e-05
9383,8.705774664703308e-06
9384,9.327615712182115e-06
9385,9.327615712182115e-06
9386,5.596569427309269e-06
9387,3.109205237394038e-06
9388,6.218410474788076e-06
9389,4.974728379830461e-06
9390,1.865523142436423e-05
9391,1.2436820949576152e-05
9392,2.6117323994109923e-05
9393,4.974728379830461e-06
9394,7.462092569745692e-06
9395,3.606678075377084e-05
9396,1.3680503044533769e-05
9397,2.176443666175827e-05
9398,1.6789708281927806e-05
9399,6.8402515222668845e-06
9400,9.327615712182115e-06
9401,1.4924185139491384e-05
9402,1.4302344092012576e-05
9403,1.3058661997054962e-05
9404,6.218410474788076e-06
9405,1.4302344092012576e-05
9406,0.0005801776972977276
9407,2.8604688184025153e-05
9408,3.2335734468898e-05
9409,3.109205237394038e-06
9410,6.218410474788076e-06
9411,3.731046284872846e-06
9412,1.3680503044533769e-05
9413,4.974728379830461e-06
9414,4.788176065586819e-05
9415,6.8402515222668845e-06
9416,3.109205237394038e-06
9417,8.95451108369483e-05
9418,7.462092569745692e-05
9419,8.0839336172245e-06
9420,1.2436820949576152e-05
9421,0.00014426712301508337
9422,6.218410474788076e-06
9423,3.109205237394038e-06
9424,4.9125442750825804e-05
9425,1.1193138854618537e-05
9426,3.0470211326461574e-05
9427,8.0839336172245e-06
9428,3.0470211326461574e-05
9429,1.803339037688542e-05
9430,8.0839336172245e-06
9431,8.0839336172245e-06
9432,1.9898913519321845e-05
9433,1.057129780713973e-05
9434,3.731046284872846e-06
9435,1.1193138854618537e-05
9436,1.4302344092012576e-05
9437,6.8402515222668845e-06
9438,5.596569427309269e-06
9439,4.352887332351654e-06
9440,6.8402515222668845e-06
9441,6.8402515222668845e-06
9442,6.218410474788076e-06
9443,3.731046284872846e-06
9444,9.327615712182115e-06
9445,1.6167867234449e-05
9446,3.731046284872846e-06
9447,4.352887332351654e-06
9448,1.4302344092012576e-05
9449,2.0520754566800654e-05
9450,2.114259561427946e-05
9451,2.362995980419469e-05
9452,1.1193138854618537e-05
9453,9.949456759660923e-06
9454,3.731046284872846e-06
9455,1.9898913519321845e-05
9456,6.8402515222668845e-06
9457,8.705774664703308e-06
9458,6.8402515222668845e-06
9459,1.1814979902097345e-05
9460,1.4302344092012576e-05
9461,1.3058661997054962e-05
9462,3.109205237394038e-06
9463,3.731046284872846e-06
9464,3.109205237394038e-06
9465,1.3058661997054962e-05
9466,6.8402515222668845e-06
9467,3.731046284872846e-06
9468,2.114259561427946e-05
9469,1.4302344092012576e-05
9470,6.218410474788076e-06
9471,3.731046284872846e-06
9472,6.8402515222668845e-06
9473,3.731046284872846e-06
9474,1.1814979902097345e-05
9475,2.176443666175827e-05
9476,3.171389342141919e-05
9477,6.8402515222668845e-06
9478,6.715883312771122e-05
9479,7.462092569745692e-06
9480,1.2436820949576152e-05
9481,6.342778684283838e-05
9482,1.1193138854618537e-05
9483,3.109205237394038e-06
9484,1.9277072471843036e-05
9485,2.4873641899152306e-06
9486,1.4924185139491384e-05
9487,4.352887332351654e-06
9488,7.462092569745692e-06
9489,7.462092569745692e-06
9490,3.731046284872846e-06
9491,4.352887332351654e-06
9492,1.1193138854618537e-05
9493,1.3680503044533769e-05
9494,4.974728379830461e-06
9495,3.109205237394038e-05
9496,3.109205237394038e-06
9497,1.3058661997054962e-05
9498,1.057129780713973e-05
9499,3.979782703864369e-05
9500,4.352887332351654e-06
9501,1.2436820949576152e-05
9502,3.109205237394038e-06
9503,8.705774664703308e-06
9504,1.554602618697019e-05
9505,5.596569427309269e-06
9506,8.0839336172245e-06
9507,4.974728379830461e-06
9508,2.42518008516735e-05
9509,7.462092569745692e-06
9510,1.9898913519321845e-05
9511,2.2386277709237075e-05
9512,7.462092569745692e-06
9513,3.109205237394038e-06
9514,1.9898913519321845e-05
9515,4.974728379830461e-06
9516,1.554602618697019e-05
9517,1.3680503044533769e-05
9518,5.596569427309269e-06
9519,4.352887332351654e-06
9520,5.534385322561388e-05
9521,6.8402515222668845e-06
9522,6.8402515222668845e-06
9523,4.1663350181080114e-05
9524,3.731046284872846e-06
9525,6.218410474788076e-06
9526,5.596569427309269e-06
9527,1.1814979902097345e-05
9528,1.4924185139491384e-05
9529,1.865523142436423e-05
9530,1.865523142436423e-06
9531,8.0839336172245e-06
9532,3.5444939706292037e-05
9533,5.596569427309269e-06
9534,5.596569427309269e-06
9535,2.4873641899152306e-06
9536,4.974728379830461e-06
9537,3.109205237394038e-06
9538,3.6688621801249655e-05
9539,1.2436820949576152e-05
9540,4.974728379830461e-06
9541,2.673916504158873e-05
9542,4.352887332351654e-06
9543,2.176443666175827e-05
9544,1.803339037688542e-05
9545,5.596569427309269e-06
9546,1.9898913519321845e-05
9547,1.6789708281927806e-05
9548,1.9277072471843036e-05
9549,3.109205237394038e-06
9550,1.1193138854618537e-05
9551,1.3058661997054962e-05
9552,2.42518008516735e-05
9553,1.554602618697019e-05
9554,3.109205237394038e-06
9555,7.462092569745692e-06
9556,8.0839336172245e-06
9557,4.601623751343177e-05
9558,6.8402515222668845e-06
9559,2.6117323994109923e-05
9560,9.327615712182115e-06
9561,5.596569427309269e-06
9562,6.8402515222668845e-06
9563,3.2335734468898e-05
9564,4.974728379830461e-06
9565,5.596569427309269e-06
9566,1.865523142436423e-05
9567,9.327615712182115e-06
9568,4.974728379830461e-06
9569,3.6688621801249655e-05
9570,1.1814979902097345e-05
9571,3.109205237394038e-06
9572,1.6167867234449e-05
9573,1.4924185139491384e-05
9574,1.1193138854618537e-05
9575,4.352887332351654e-06
9576,2.3008118756715884e-05
9577,1.1814979902097345e-05
9578,3.109205237394038e-06
9579,9.327615712182115e-06
9580,2.0520754566800654e-05
9581,3.482309865881323e-05
9582,3.606678075377084e-05
9583,1.1814979902097345e-05
9584,3.731046284872846e-06
9585,1.3058661997054962e-05
9586,3.357941656385561e-05
9587,2.8604688184025153e-05
9588,9.949456759660923e-06
9589,1.4924185139491384e-05
9590,1.554602618697019e-05
9591,5.596569427309269e-06
9592,1.3680503044533769e-05
9593,2.3008118756715884e-05
9594,2.3008118756715884e-05
9595,1.9277072471843036e-05
9596,1.4302344092012576e-05
9597,4.352887332351654e-06
9598,4.2907032276037726e-05
9599,4.2907032276037726e-05
9600,2.3008118756715884e-05
9601,1.3680503044533769e-05
9602,8.705774664703308e-06
9603,2.42518008516735e-05
9604,3.295757551637681e-05
9605,8.0839336172245e-06
9606,6.218410474788076e-06
9607,7.462092569745692e-06
9608,6.218410474788076e-06
9609,7.462092569745692e-06
9610,2.362995980419469e-05
9611,2.176443666175827e-05
9612,9.327615712182115e-06
9613,9.327615712182115e-06
9614,6.778067417519003e-05
9615,3.171389342141919e-05
9616,3.109205237394038e-06
9617,5.596569427309269e-06
9618,4.352887332351654e-06
9619,1.057129780713973e-05
9620,1.3680503044533769e-05
9621,3.731046284872846e-06
9622,3.979782703864369e-05
9623,3.109205237394038e-06
9624,3.109205237394038e-06
9625,1.4924185139491384e-05
9626,1.7411549329406615e-05
9627,4.974728379830461e-06
9628,1.2436820949576152e-05
9629,1.4924185139491384e-05
9630,3.0470211326461574e-05
9631,9.949456759660923e-06
9632,1.3680503044533769e-05
9633,3.855414494368607e-05
9634,3.731046284872846e-06
9635,6.218410474788076e-06
9636,2.0520754566800654e-05
9637,2.2386277709237075e-05
9638,3.109205237394038e-06
9639,3.731046284872846e-06
9640,6.218410474788076e-06
9641,3.731046284872846e-06
9642,2.4873641899152306e-06
9643,1.4302344092012576e-05
9644,4.352887332351654e-06
9645,7.586460779241453e-05
9646,3.731046284872846e-06
9647,2.4873641899152306e-06
9648,2.362995980419469e-05
9649,3.109205237394038e-06
9650,2.4873641899152305e-05
9651,4.352887332351654e-06
9652,1.1193138854618537e-05
9653,3.731046284872846e-06
9654,1.3680503044533769e-05
9655,6.8402515222668845e-06
9656,8.705774664703308e-06
9657,7.462092569745692e-06
9658,5.65875353205715e-05
9659,1.9898913519321845e-05
9660,5.596569427309269e-06
9661,3.109205237394038e-06
9662,1.7411549329406615e-05
9663,1.9277072471843036e-05
9664,3.606678075377084e-05
9665,6.280594579535957e-05
9666,1.4302344092012576e-05
9667,4.0419668086122496e-05
9668,2.0520754566800654e-05
9669,1.3058661997054962e-05
9670,2.362995980419469e-05
9671,4.725991960838938e-05
9672,0.00013680503044533767
9673,3.0470211326461574e-05
9674,2.9848370278982768e-05
9675,3.357941656385561e-05
9676,6.218410474788076e-06
9677,6.8402515222668845e-06
9678,6.218410474788076e-06
9679,7.462092569745692e-06
9680,5.596569427309269e-06
9681,3.109205237394038e-06
9682,2.7982847136546344e-05
9683,3.731046284872846e-06
9684,4.352887332351654e-06
9685,6.8402515222668845e-06
9686,1.1193138854618537e-05
9687,3.109205237394038e-06
9688,1.9277072471843036e-05
9689,6.218410474788076e-06
9690,6.8402515222668845e-06
9691,7.462092569745692e-06
9692,1.6789708281927806e-05
9693,3.731046284872846e-06
9694,1.057129780713973e-05
9695,2.176443666175827e-05
9696,1.9898913519321845e-05
9697,4.352887332351654e-06
9698,8.705774664703308e-06
9699,7.462092569745692e-06
9700,9.327615712182115e-06
9701,6.8402515222668845e-06
9702,5.596569427309269e-06
9703,4.104150913360131e-05
9704,3.731046284872846e-06
9705,1.4924185139491384e-05
9706,3.357941656385561e-05
9707,3.109205237394038e-06
9708,1.2436820949576152e-05
9709,2.673916504158873e-05
9710,1.1814979902097345e-05
9711,6.8402515222668845e-06
9712,8.0839336172245e-06
9713,3.109205237394038e-06
9714,1.3058661997054962e-05
9715,1.1814979902097345e-05
9716,6.8402515222668845e-06
9717,2.2386277709237075e-05
9718,1.554602618697019e-05
9719,3.731046284872846e-06
9720,3.731046284872846e-06
9721,4.352887332351654e-06
9722,2.4873641899152306e-06
9723,6.218410474788076e-06
9724,1.4302344092012576e-05
9725,1.554602618697019e-05
9726,1.3680503044533769e-05
9727,1.803339037688542e-05
9728,2.4873641899152306e-06
9729,4.352887332351654e-06
9730,2.4873641899152306e-06
9731,2.0520754566800654e-05
9732,1.6789708281927806e-05
9733,1.803339037688542e-05
9734,2.8604688184025153e-05
9735,6.8402515222668845e-06
9736,2.0520754566800654e-05
9737,1.803339037688542e-05
9738,8.705774664703308e-06
9739,4.974728379830461e-06
9740,1.1193138854618537e-05
9741,6.218410474788076e-06
9742,0.00012063716321088868
9743,1.554602618697019e-05
9744,3.731046284872846e-06
9745,8.705774664703308e-06
9746,3.731046284872846e-06
9747,6.218410474788076e-06
9748,3.109205237394038e-06
9749,3.731046284872846e-06
9750,3.109205237394038e-06
9751,3.109205237394038e-06
9752,1.865523142436423e-05
9753,4.4150714370995344e-05
9754,2.114259561427946e-05
9755,4.0419668086122496e-05
9756,3.731046284872846e-06
9757,1.057129780713973e-05
9758,3.109205237394038e-05
9759,6.218410474788076e-06
9760,3.731046284872846e-06
9761,4.352887332351654e-06
9762,2.176443666175827e-05
9763,3.731046284872846e-06
9764,2.42518008516735e-05
9765,4.974728379830461e-06
9766,1.3058661997054962e-05
9767,1.803339037688542e-05
9768,2.0520754566800654e-05
9769,9.949456759660923e-06
9770,9.327615712182115e-06
9771,1.554602618697019e-05
9772,3.109205237394038e-06
9773,4.974728379830461e-06
9774,1.057129780713973e-05
9775,3.5444939706292037e-05
9776,1.057129780713973e-05
9777,1.2436820949576152e-05
9778,3.731046284872846e-06
9779,2.362995980419469e-05
9780,4.352887332351654e-06
9781,6.8402515222668845e-06
9782,7.462092569745692e-06
9783,4.352887332351654e-06
9784,1.4302344092012576e-05
9785,1.057129780713973e-05
9786,3.2335734468898e-05
9787,5.285648903569865e-05
9788,7.399908464997812e-05
9789,3.7932303896207266e-05
9790,3.2335734468898e-05
9791,3.2335734468898e-05
9792,3.109205237394038e-06
9793,7.462092569745692e-06
9794,7.462092569745692e-06
9795,2.176443666175827e-05
9796,8.705774664703308e-06
9797,7.462092569745692e-06
9798,2.2386277709237075e-05
9799,3.109205237394038e-06
9800,3.109205237394038e-06
9801,1.6167867234449e-05
9802,4.8503601703347e-05
9803,2.9848370278982768e-05
9804,2.922652923150396e-05
9805,8.0839336172245e-06
9806,4.2907032276037726e-05
9807,6.8402515222668845e-06
9808,1.554602618697019e-05
9809,6.8402515222668845e-06
9810,3.109205237394038e-06
9811,7.462092569745692e-06
9812,3.731046284872846e-06
9813,4.6638078560910574e-05
9814,1.057129780713973e-05
9815,1.057129780713973e-05
9816,1.057129780713973e-05
9817,7.462092569745692e-06
9818,4.974728379830461e-06
9819,3.731046284872846e-06
9820,5.596569427309269e-06
9821,4.352887332351654e-06
9822,3.979782703864369e-05
9823,6.8402515222668845e-06
9824,1.057129780713973e-05
9825,5.596569427309269e-06
9826,2.5495482946631114e-05
9827,3.109205237394038e-06
9828,2.673916504158873e-05
9829,4.104150913360131e-05
9830,1.1193138854618537e-05
9831,2.362995980419469e-05
9832,1.6789708281927806e-05
9833,7.462092569745692e-06
9834,1.4924185139491384e-05
9835,1.7411549329406615e-05
9836,2.0520754566800654e-05
9837,4.974728379830461e-06
9838,3.731046284872846e-06
9839,1.6167867234449e-05
9840,9.327615712182115e-06
9841,3.5444939706292037e-05
9842,3.731046284872846e-06
9843,1.1193138854618537e-05
9844,7.462092569745692e-06
9845,1.1814979902097345e-05
9846,5.596569427309269e-06
9847,3.2335734468898e-05
9848,1.2436820949576152e-05
9849,9.949456759660923e-06
9850,1.4924185139491384e-05
9851,1.057129780713973e-05
9852,8.705774664703308e-06
9853,4.974728379830461e-06
9854,9.327615712182115e-06
9855,4.477255541847415e-05
9856,8.0839336172245e-06
9857,3.731046284872846e-06
9858,4.974728379830461e-06
9859,1.4302344092012576e-05
9860,5.596569427309269e-06
9861,1.554602618697019e-05
9862,9.327615712182115e-06
9863,6.8402515222668845e-06
9864,1.2436820949576152e-05
9865,9.327615712182115e-06
9866,1.3680503044533769e-05
9867,1.057129780713973e-05
9868,1.2436820949576152e-05
9869,8.0839336172245e-06
9870,2.0520754566800654e-05
9871,2.6117323994109923e-05
9872,1.554602618697019e-05
9873,3.482309865881323e-05
9874,1.6167867234449e-05
9875,9.327615712182115e-06
9876,3.295757551637681e-05
9877,3.7932303896207266e-05
9878,1.2436820949576152e-05
9879,2.4873641899152306e-06
9880,3.109205237394038e-06
9881,6.218410474788076e-06
9882,3.109205237394038e-06
9883,1.2436820949576152e-05
9884,4.974728379830461e-06
9885,4.352887332351654e-06
9886,2.9848370278982768e-05
9887,3.109205237394038e-06
9888,5.596569427309269e-06
9889,6.218410474788076e-06
9890,1.057129780713973e-05
9891,1.6167867234449e-05
9892,2.362995980419469e-05
9893,3.109205237394038e-06
9894,1.057129780713973e-05
9895,1.4302344092012576e-05
9896,3.109205237394038e-06
9897,1.2436820949576152e-05
9898,7.462092569745692e-06
9899,2.8604688184025153e-05
9900,4.352887332351654e-06
9901,5.596569427309269e-06
9902,1.4302344092012576e-05
9903,1.7411549329406615e-05
9904,1.865523142436423e-05
9905,1.9898913519321845e-05
9906,6.404962789031718e-05
9907,3.109205237394038e-06
9908,1.9898913519321845e-05
9909,8.0839336172245e-06
9910,2.4873641899152306e-06
9911,0.00010446929597643969
9912,1.4924185139491384e-05
9913,1.2436820949576152e-05
9914,2.9848370278982768e-05
9915,9.327615712182115e-06
9916,3.109205237394038e-06
9917,2.2386277709237075e-05
9918,1.057129780713973e-05
9919,1.554602618697019e-05
9920,1.3680503044533769e-05
9921,2.4873641899152306e-06
9922,2.673916504158873e-05
9923,4.974728379830461e-06
9924,2.114259561427946e-05
9925,6.218410474788076e-06
9926,1.7411549329406615e-05
9927,3.109205237394038e-05
9928,2.176443666175827e-05
9929,1.6789708281927806e-05
9930,4.974728379830461e-06
9931,7.462092569745692e-06
9932,8.705774664703308e-06
9933,2.3008118756715884e-05
9934,8.519222350459665e-05
9935,1.803339037688542e-05
9936,1.1814979902097345e-05
9937,1.4924185139491384e-05
9938,6.094042265292315e-05
9939,1.6789708281927806e-05
9940,8.0839336172245e-06
9941,1.2436820949576152e-05
9942,4.352887332351654e-06
9943,4.352887332351654e-06
9944,9.327615712182115e-06
9945,1.3680503044533769e-05
9946,3.855414494368607e-05
9947,3.420125761133442e-05
9948,9.327615712182115e-06
9949,1.057129780713973e-05
9950,1.6789708281927806e-05
9951,8.0839336172245e-06
9952,6.8402515222668845e-06
9953,2.5495482946631114e-05
9954,1.4302344092012576e-05
9955,3.855414494368607e-05
9956,1.1814979902097345e-05
9957,5.596569427309269e-06
9958,2.176443666175827e-05
9959,2.7982847136546344e-05
9960,4.352887332351654e-06
9961,3.109205237394038e-06
9962,5.596569427309269e-06
9963,5.596569427309269e-06
9964,2.362995980419469e-05
9965,3.731046284872846e-06
9966,1.2436820949576152e-05
9967,3.109205237394038e-06
9968,3.731046284872846e-06
9969,6.218410474788076e-06
9970,8.705774664703308e-06
9971,2.8604688184025153e-05
9972,2.4873641899152305e-05
9973,4.352887332351654e-06
9974,2.4873641899152305e-05
9975,3.109205237394038e-06
9976,1.2436820949576152e-05
9977,1.9898913519321845e-05
9978,5.1612806940741034e-05
9979,4.974728379830461e-06
9980,1.3680503044533769e-05
9981,2.6117323994109923e-05
9982,3.731046284872846e-06
9983,3.731046284872846e-06
9984,3.6688621801249655e-05
9985,3.109205237394038e-05
9986,1.4924185139491384e-05
9987,3.109205237394038e-05
9988,2.4873641899152306e-06
9989,4.974728379830461e-06
9990,9.514168026425757e-05
9991,1.7411549329406615e-05
9992,6.8402515222668845e-06
9993,3.731046284872846e-06
9994,1.4302344092012576e-05
9995,8.0839336172245e-06
9996,9.949456759660923e-06
9997,2.114259561427946e-05
9998,4.974728379830461e-06
9999,2.4873641899152306e-06
10000,4.974728379830461e-06
10001,4.974728379830461e-06
10002,6.218410474788076e-06
10003,1.1814979902097345e-05
10004,7.462092569745692e-06
10005,1.865523142436423e-05
10006,9.949456759660923e-06
10007,2.4873641899152305e-05
10008,2.7361006089067538e-05
10009,6.218410474788076e-06
10010,2.7982847136546344e-05
10011,2.3008118756715884e-05
10012,2.4873641899152305e-05
10013,1.1193138854618537e-05
10014,2.4873641899152305e-05
10015,1.9898913519321845e-05
10016,1.554602618697019e-05
10017,1.554602618697019e-05
10018,7.648644883989334e-05
10019,2.176443666175827e-05
10020,3.0470211326461574e-05
10021,4.974728379830461e-06
10022,1.057129780713973e-05
10023,2.6117323994109923e-05
10024,2.362995980419469e-05
10025,3.109205237394038e-06
10026,5.285648903569865e-05
10027,1.4302344092012576e-05
10028,5.596569427309269e-06
10029,1.1193138854618537e-05
10030,1.554602618697019e-05
10031,3.731046284872846e-06
10032,3.731046284872846e-06
10033,3.731046284872846e-06
10034,2.6117323994109923e-05
10035,4.974728379830461e-06
10036,9.949456759660923e-06
10037,9.949456759660923e-06
10038,5.596569427309269e-06
10039,3.731046284872846e-06
10040,5.596569427309269e-06
10041,3.109205237394038e-06
10042,2.42518008516735e-05
10043,2.7982847136546344e-05
10044,3.731046284872846e-06
10045,1.6167867234449e-05
10046,1.057129780713973e-05
10047,6.218410474788076e-06
10048,3.109205237394038e-06
10049,4.974728379830461e-06
10050,4.352887332351654e-06
10051,6.218410474788076e-06
10052,6.8402515222668845e-06
10053,1.803339037688542e-05
10054,9.327615712182115e-06
10055,3.731046284872846e-06
10056,4.974728379830461e-06
10057,8.705774664703308e-06
10058,1.9277072471843036e-05
10059,9.949456759660923e-06
10060,2.5495482946631114e-05
10061,2.3008118756715884e-05
10062,3.357941656385561e-05
10063,8.705774664703308e-06
10064,7.462092569745692e-06
10065,9.327615712182115e-06
10066,5.099096589326223e-05
10067,2.922652923150396e-05
10068,3.731046284872846e-06
10069,9.327615712182115e-06
10070,1.3058661997054962e-05
10071,1.7411549329406615e-05
10072,1.1814979902097345e-05
10073,5.596569427309269e-06
10074,1.4302344092012576e-05
10075,5.596569427309269e-06
10076,1.6167867234449e-05
10077,4.974728379830461e-06
10078,3.420125761133442e-05
10079,4.974728379830461e-06
10080,8.705774664703308e-06
10081,3.109205237394038e-06
10082,1.6167867234449e-05
10083,4.352887332351654e-06
10084,8.705774664703308e-06
10085,3.109205237394038e-06
10086,4.352887332351654e-05
10087,4.6638078560910574e-05
10088,2.2386277709237075e-05
10089,1.3680503044533769e-05
10090,3.109205237394038e-06
10091,9.949456759660923e-06
10092,8.705774664703308e-06
10093,3.109205237394038e-06
10094,1.057129780713973e-05
10095,4.974728379830461e-06
10096,5.596569427309269e-06
10097,3.109205237394038e-06
10098,2.4873641899152306e-06
10099,3.855414494368607e-05
10100,1.7411549329406615e-05
10101,1.554602618697019e-05
10102,4.974728379830461e-06
10103,8.705774664703308e-06
10104,1.4302344092012576e-05
10105,3.109205237394038e-06
10106,3.731046284872846e-06
10107,5.1612806940741034e-05
10108,3.9175985991164885e-05
10109,1.4302344092012576e-05
10110,3.731046284872846e-06
10111,2.4873641899152306e-06
10112,1.3680503044533769e-05
10113,3.109205237394038e-06
10114,1.554602618697019e-05
10115,5.4100171130656263e-05
10116,8.0839336172245e-06
10117,4.352887332351654e-06
10118,3.109205237394038e-06
10119,8.0839336172245e-06
10120,8.0839336172245e-06
10121,1.865523142436423e-05
10122,3.109205237394038e-06
10123,1.554602618697019e-05
10124,6.218410474788076e-06
10125,9.327615712182115e-06
10126,1.4924185139491384e-05
10127,2.6117323994109923e-05
10128,8.705774664703308e-06
10129,1.2436820949576152e-05
10130,7.462092569745692e-06
10131,8.0839336172245e-06
10132,4.974728379830461e-06
10133,4.352887332351654e-06
10134,2.3008118756715884e-05
10135,0.00014426712301508337
10136,3.731046284872846e-06
10137,8.767958769451188e-05
10138,6.094042265292315e-05
10139,1.4302344092012576e-05
10140,8.0839336172245e-06
10141,8.0839336172245e-06
10142,1.1193138854618537e-05
10143,4.974728379830461e-06
10144,3.2335734468898e-05
10145,2.3008118756715884e-05
10146,6.964619731762646e-05
10147,7.026803836510527e-05
10148,8.705774664703308e-06
10149,1.1814979902097345e-05
10150,3.5444939706292037e-05
10151,1.1193138854618537e-05
10152,1.1814979902097345e-05
10153,3.109205237394038e-06
10154,5.596569427309269e-06
10155,2.7982847136546344e-05
10156,8.705774664703308e-06
10157,2.9848370278982768e-05
10158,2.4873641899152305e-05
10159,6.8402515222668845e-06
10160,6.218410474788076e-06
10161,1.1193138854618537e-05
10162,7.462092569745692e-06
10163,9.327615712182115e-06
10164,1.865523142436423e-05
10165,5.907489951048673e-05
10166,6.218410474788076e-06
10167,4.352887332351654e-06
10168,1.803339037688542e-05
10169,2.8604688184025153e-05
10170,3.731046284872846e-06
10171,6.8402515222668845e-06
10172,1.1814979902097345e-05
10173,2.114259561427946e-05
10174,2.9848370278982768e-05
10175,3.109205237394038e-06
10176,3.731046284872846e-06
10177,5.596569427309269e-06
10178,2.176443666175827e-05
10179,1.865523142436423e-05
10180,5.285648903569865e-05
10181,8.705774664703308e-06
10182,4.974728379830461e-06
10183,1.9898913519321845e-05
10184,2.4873641899152305e-05
10185,2.7982847136546344e-05
10186,2.8604688184025153e-05
10187,2.7982847136546344e-05
10188,1.6167867234449e-05
10189,5.596569427309269e-06
10190,2.7982847136546344e-05
10191,2.7982847136546344e-05
10192,6.8402515222668845e-06
10193,1.1814979902097345e-05
10194,5.596569427309269e-06
10195,4.974728379830461e-06
10196,5.7209376368050306e-05
10197,5.596569427309269e-06
10198,3.109205237394038e-06
10199,2.4873641899152306e-06
10200,7.462092569745692e-06
10201,5.596569427309269e-06
10202,7.462092569745692e-06
10203,1.865523142436423e-06
10204,5.9696740557965536e-05
10205,7.462092569745692e-06
10206,4.352887332351654e-06
10207,3.731046284872846e-06
10208,2.362995980419469e-05
10209,4.974728379830461e-06
10210,3.109205237394038e-06
10211,3.109205237394038e-06
10212,6.218410474788076e-06
10213,2.673916504158873e-05
10214,9.327615712182115e-06
10215,5.65875353205715e-05
10216,7.462092569745692e-06
10217,6.218410474788076e-06
10218,3.109205237394038e-06
10219,3.731046284872846e-06
10220,2.9848370278982768e-05
10221,3.109205237394038e-06
10222,5.596569427309269e-06
10223,4.352887332351654e-06
10224,2.673916504158873e-05
10225,3.731046284872846e-06
10226,1.3680503044533769e-05
10227,3.731046284872846e-06
10228,1.4924185139491384e-05
10229,7.462092569745692e-06
10230,1.057129780713973e-05
10231,1.7411549329406615e-05
10232,1.4302344092012576e-05
10233,2.362995980419469e-05
10234,7.462092569745692e-06
10235,4.974728379830461e-06
10236,2.114259561427946e-05
10237,2.3008118756715884e-05
10238,7.462092569745692e-06
10239,8.705774664703308e-06
10240,4.725991960838938e-05
10241,5.596569427309269e-06
10242,1.1814979902097345e-05
10243,3.109205237394038e-06
10244,6.8402515222668845e-06
10245,1.1193138854618537e-05
10246,4.0419668086122496e-05
10247,7.088987941258407e-05
10248,8.0839336172245e-06
10249,3.109205237394038e-06
10250,5.596569427309269e-06
10251,3.109205237394038e-06
10252,3.731046284872846e-06
10253,1.2436820949576152e-05
10254,1.3058661997054962e-05
10255,1.057129780713973e-05
10256,3.109205237394038e-06
10257,4.974728379830461e-06
10258,5.596569427309269e-06
10259,4.352887332351654e-06
10260,2.4873641899152306e-06
10261,3.109205237394038e-06
10262,1.3058661997054962e-05
10263,5.2234647988219846e-05
10264,5.596569427309269e-06
10265,3.731046284872846e-06
10266,1.1193138854618537e-05
10267,1.2436820949576152e-05
10268,3.109205237394038e-06
10269,7.462092569745692e-06
10270,3.731046284872846e-06
10271,4.352887332351654e-06
10272,1.554602618697019e-05
10273,3.109205237394038e-06
10274,1.3058661997054962e-05
10275,1.6167867234449e-05
10276,2.362995980419469e-05
10277,8.0839336172245e-06
10278,8.705774664703308e-06
10279,7.462092569745692e-06
10280,1.554602618697019e-05
10281,3.731046284872846e-06
10282,5.596569427309269e-06
10283,8.0839336172245e-06
10284,3.109205237394038e-06
10285,5.596569427309269e-06
10286,2.7361006089067538e-05
10287,1.6167867234449e-05
10288,5.596569427309269e-06
10289,4.2907032276037726e-05
10290,3.109205237394038e-06
10291,1.2436820949576152e-05
10292,1.803339037688542e-05
10293,1.6789708281927806e-05
10294,6.8402515222668845e-06
10295,1.1193138854618537e-05
10296,1.803339037688542e-05
10297,1.7411549329406615e-05
10298,5.2234647988219846e-05
10299,2.9848370278982768e-05
10300,2.4873641899152306e-06
10301,1.3058661997054962e-05
10302,6.8402515222668845e-06
10303,6.8402515222668845e-06
10304,3.731046284872846e-06
10305,1.6789708281927806e-05
10306,1.554602618697019e-05
10307,3.109205237394038e-05
10308,5.7209376368050306e-05
10309,3.731046284872846e-06
10310,4.5394396465952956e-05
10311,1.9277072471843036e-05
10312,3.731046284872846e-06
10313,1.4924185139491384e-05
10314,3.731046284872846e-06
10315,1.6789708281927806e-05
10316,1.9277072471843036e-05
10317,5.596569427309269e-06
10318,3.731046284872846e-06
10319,6.8402515222668845e-06
10320,8.0839336172245e-06
10321,1.6789708281927806e-05
10322,4.974728379830461e-06
10323,4.974728379830461e-06
10324,9.949456759660923e-06
10325,3.109205237394038e-06
10326,3.109205237394038e-06
10327,6.218410474788076e-06
10328,6.8402515222668845e-06
10329,2.42518008516735e-05
10330,6.8402515222668845e-06
10331,6.218410474788076e-06
10332,6.8402515222668845e-06
10333,9.949456759660923e-06
10334,7.462092569745692e-06
10335,1.1193138854618537e-05
10336,7.462092569745692e-06
10337,1.2436820949576152e-05
10338,1.6789708281927806e-05
10339,3.9175985991164885e-05
10340,1.3680503044533769e-05
10341,4.974728379830461e-06
10342,4.352887332351654e-06
10343,2.4873641899152305e-05
10344,1.3058661997054962e-05
10345,1.803339037688542e-05
10346,1.9277072471843036e-05
10347,8.0839336172245e-06
10348,9.949456759660923e-06
10349,8.705774664703308e-06
10350,3.109205237394038e-06
10351,2.673916504158873e-05
10352,1.1814979902097345e-05
10353,3.109205237394038e-06
10354,2.4873641899152305e-05
10355,3.420125761133442e-05
10356,4.352887332351654e-06
10357,2.2386277709237075e-05
10358,1.554602618697019e-05
10359,1.4302344092012576e-05
10360,1.7411549329406615e-05
10361,1.3680503044533769e-05
10362,7.462092569745692e-06
10363,1.2436820949576152e-05
10364,3.731046284872846e-06
10365,3.109205237394038e-06
10366,6.218410474788076e-06
10367,9.949456759660923e-06
10368,6.8402515222668845e-06
10369,4.974728379830461e-06
10370,8.705774664703308e-06
10371,9.327615712182115e-06
10372,1.1193138854618537e-05
10373,9.949456759660923e-06
10374,4.974728379830461e-06
10375,3.731046284872846e-06
10376,1.2436820949576152e-05
10377,1.3058661997054962e-05
10378,1.3680503044533769e-05
10379,2.4873641899152306e-06
10380,4.352887332351654e-06
10381,6.218410474788076e-06
10382,3.731046284872846e-06
10383,8.705774664703308e-06
10384,2.4873641899152306e-06
10385,6.218410474788076e-06
10386,6.8402515222668845e-06
10387,5.596569427309269e-06
10388,4.352887332351654e-06
10389,1.554602618697019e-05
10390,9.327615712182115e-06
10391,5.596569427309269e-06
10392,4.974728379830461e-06
10393,3.731046284872846e-06
10394,1.9277072471843036e-05
10395,1.6789708281927806e-05
10396,1.9898913519321845e-05
10397,4.788176065586819e-05
10398,1.2436820949576152e-05
10399,5.596569427309269e-06
10400,8.0839336172245e-06
10401,1.1193138854618537e-05
10402,3.109205237394038e-06
10403,3.0470211326461574e-05
10404,1.057129780713973e-05
10405,8.0839336172245e-06
10406,2.4873641899152305e-05
10407,6.218410474788076e-06
10408,3.109205237394038e-06
10409,3.109205237394038e-06
10410,3.109205237394038e-06
10411,3.109205237394038e-06
10412,1.4302344092012576e-05
10413,1.1814979902097345e-05
10414,3.979782703864369e-05
10415,1.3058661997054962e-05
10416,6.218410474788076e-06
10417,1.057129780713973e-05
10418,8.0839336172245e-06
10419,5.596569427309269e-06
10420,4.352887332351654e-06
10421,1.3058661997054962e-05
10422,1.1193138854618537e-05
10423,2.0520754566800654e-05
10424,2.4873641899152305e-05
10425,3.731046284872846e-06
10426,4.352887332351654e-06
10427,2.7982847136546344e-05
10428,1.2436820949576152e-05
10429,1.9277072471843036e-05
10430,1.057129780713973e-05
10431,6.218410474788076e-06
10432,3.731046284872846e-06
10433,1.057129780713973e-05
10434,7.088987941258407e-05
10435,2.3008118756715884e-05
10436,4.974728379830461e-06
10437,1.4924185139491384e-05
10438,1.4924185139491384e-05
10439,3.731046284872846e-06
10440,3.2335734468898e-05
10441,1.865523142436423e-05
10442,5.596569427309269e-06
10443,4.974728379830461e-06
10444,2.4873641899152306e-06
10445,3.731046284872846e-06
10446,9.949456759660923e-06
10447,3.109205237394038e-06
10448,6.218410474788076e-06
10449,3.109205237394038e-06
10450,6.218410474788076e-06
10451,5.596569427309269e-06
10452,4.974728379830461e-06
10453,4.352887332351654e-06
10454,6.8402515222668845e-06
10455,6.8402515222668845e-06
10456,4.974728379830461e-06
10457,3.731046284872846e-06
10458,4.974728379830461e-06
10459,1.4302344092012576e-05
10460,5.596569427309269e-06
10461,3.109205237394038e-06
10462,9.327615712182115e-06
10463,4.352887332351654e-06
10464,6.8402515222668845e-06
10465,9.949456759660923e-06
10466,1.6167867234449e-05
10467,9.949456759660923e-06
10468,7.337724360249931e-05
10469,1.3058661997054962e-05
10470,3.109205237394038e-06
10471,3.109205237394038e-06
10472,2.4873641899152305e-05
10473,4.104150913360131e-05
10474,9.327615712182115e-06
10475,4.352887332351654e-06
10476,3.109205237394038e-06
10477,6.902435627014766e-05
10478,6.8402515222668845e-06
10479,1.1193138854618537e-05
10480,1.2436820949576152e-05
10481,2.4873641899152305e-05
10482,1.1814979902097345e-05
10483,1.9898913519321845e-05
10484,3.731046284872846e-06
10485,3.731046284872846e-06
10486,7.462092569745692e-06
10487,1.3058661997054962e-05
10488,3.731046284872846e-06
10489,5.596569427309269e-06
10490,4.352887332351654e-06
10491,1.554602618697019e-05
10492,1.2436820949576152e-05
10493,4.974728379830461e-06
10494,1.057129780713973e-05
10495,3.295757551637681e-05
10496,1.057129780713973e-05
10497,1.057129780713973e-05
10498,7.462092569745692e-06
10499,5.596569427309269e-06
10500,1.4302344092012576e-05
10501,4.352887332351654e-06
10502,4.974728379830461e-06
10503,5.596569427309269e-06
10504,1.2436820949576152e-05
10505,3.109205237394038e-06
10506,5.596569427309269e-06
10507,5.596569427309269e-06
10508,1.1193138854618537e-05
10509,3.731046284872846e-06
10510,9.949456759660923e-06
10511,3.731046284872846e-06
10512,4.352887332351654e-06
10513,1.1193138854618537e-05
10514,1.9898913519321845e-05
10515,8.0839336172245e-06
10516,4.974728379830461e-06
10517,3.731046284872846e-06
10518,4.352887332351654e-06
10519,3.109205237394038e-06
10520,8.0839336172245e-06
10521,1.3680503044533769e-05
10522,1.865523142436423e-05
10523,8.705774664703308e-06
10524,3.731046284872846e-06
10525,1.1814979902097345e-05
10526,8.0839336172245e-06
10527,7.462092569745692e-06
10528,9.327615712182115e-06
10529,3.109205237394038e-06
10530,1.2436820949576152e-05
10531,6.8402515222668845e-06
10532,8.705774664703308e-06
10533,1.3058661997054962e-05
10534,2.362995980419469e-05
10535,4.352887332351654e-06
10536,4.352887332351654e-06
10537,1.4924185139491384e-05
10538,3.731046284872846e-06
10539,3.109205237394038e-06
10540,2.922652923150396e-05
10541,3.731046284872846e-05
10542,1.9277072471843036e-05
10543,3.731046284872846e-06
10544,1.803339037688542e-05
10545,3.109205237394038e-05
10546,5.596569427309269e-06
10547,4.974728379830461e-06
10548,4.974728379830461e-06
10549,6.218410474788076e-06
10550,6.8402515222668845e-06
10551,3.109205237394038e-06
10552,8.0839336172245e-06
10553,3.109205237394038e-06
10554,7.462092569745692e-06
10555,4.974728379830461e-06
10556,7.462092569745692e-06
10557,1.3680503044533769e-05
10558,9.949456759660923e-06
10559,1.1814979902097345e-05
10560,7.462092569745692e-06
10561,1.4924185139491384e-05
10562,2.4873641899152306e-06
10563,2.4873641899152306e-06
10564,3.7932303896207266e-05
10565,4.974728379830461e-06
10566,4.352887332351654e-06
10567,3.109205237394038e-06
10568,4.352887332351654e-06
10569,7.462092569745692e-06
10570,2.7361006089067538e-05
10571,2.7361006089067538e-05
10572,3.731046284872846e-06
10573,1.057129780713973e-05
10574,1.9898913519321845e-05
10575,6.218410474788076e-06
10576,9.327615712182115e-06
10577,1.1193138854618537e-05
10578,1.1193138854618537e-05
10579,2.176443666175827e-05
10580,4.352887332351654e-06
10581,3.731046284872846e-06
10582,1.865523142436423e-05
10583,3.109205237394038e-06
10584,1.554602618697019e-05
10585,8.705774664703308e-06
10586,9.949456759660923e-06
10587,1.2436820949576152e-05
10588,3.731046284872846e-06
10589,3.420125761133442e-05
10590,4.352887332351654e-06
10591,3.7932303896207266e-05
10592,4.974728379830461e-06
10593,3.109205237394038e-06
10594,1.4302344092012576e-05
10595,4.974728379830461e-06
10596,8.705774664703308e-06
10597,8.0839336172245e-06
10598,9.949456759660923e-06
10599,4.352887332351654e-06
10600,2.362995980419469e-05
10601,8.705774664703308e-06
10602,4.352887332351654e-06
10603,3.731046284872846e-06
10604,4.352887332351654e-06
10605,4.352887332351654e-06
10606,1.3680503044533769e-05
10607,3.731046284872846e-06
10608,4.974728379830461e-06
10609,5.596569427309269e-06
10610,7.462092569745692e-06
10611,4.352887332351654e-06
10612,9.327615712182115e-06
10613,4.974728379830461e-06
10614,1.1814979902097345e-05
10615,7.462092569745692e-06
10616,2.673916504158873e-05
10617,2.4873641899152306e-06
10618,5.596569427309269e-06
10619,6.8402515222668845e-06
10620,2.176443666175827e-05
10621,3.731046284872846e-06
10622,1.7411549329406615e-05
10623,1.9277072471843036e-05
10624,5.596569427309269e-06
10625,2.673916504158873e-05
10626,1.3680503044533769e-05
10627,1.6167867234449e-05
10628,1.7411549329406615e-05
10629,7.462092569745692e-06
10630,9.949456759660923e-06
10631,1.1193138854618537e-05
10632,9.949456759660923e-06
10633,3.0470211326461574e-05
10634,8.0839336172245e-06
10635,9.949456759660923e-06
10636,3.731046284872846e-06
10637,1.3680503044533769e-05
10638,3.731046284872846e-06
10639,7.462092569745692e-06
10640,2.362995980419469e-05
10641,1.9898913519321845e-05
10642,6.8402515222668845e-06
10643,8.0839336172245e-06
10644,5.596569427309269e-06
10645,2.114259561427946e-05
10646,1.803339037688542e-05
10647,5.596569427309269e-06
10648,8.705774664703308e-06
10649,6.8402515222668845e-06
10650,4.974728379830461e-06
10651,1.1193138854618537e-05
10652,3.109205237394038e-06
10653,4.974728379830461e-06
10654,3.731046284872846e-06
10655,4.352887332351654e-06
10656,4.352887332351654e-06
10657,6.8402515222668845e-06
10658,1.9277072471843036e-05
10659,3.731046284872846e-06
10660,6.218410474788076e-06
10661,8.705774664703308e-06
10662,1.3058661997054962e-05
10663,2.0520754566800654e-05
10664,9.949456759660923e-06
10665,8.705774664703308e-06
10666,3.109205237394038e-06
10667,1.1193138854618537e-05
10668,9.949456759660923e-06
10669,3.979782703864369e-05
10670,7.462092569745692e-06
10671,4.352887332351654e-06
10672,4.974728379830461e-06
10673,3.731046284872846e-06
10674,6.218410474788076e-06
10675,1.554602618697019e-05
10676,1.554602618697019e-05
10677,4.8503601703347e-05
10678,4.352887332351654e-06
10679,3.109205237394038e-06
10680,4.974728379830461e-06
10681,8.705774664703308e-06
10682,1.2436820949576152e-05
10683,2.176443666175827e-05
10684,6.156226370040196e-05
10685,6.8402515222668845e-06
10686,2.362995980419469e-05
10687,9.327615712182115e-06
10688,2.6117323994109923e-05
10689,8.705774664703308e-06
10690,2.3008118756715884e-05
10691,1.1814979902097345e-05
10692,7.462092569745692e-06
10693,5.596569427309269e-06
10694,2.114259561427946e-05
10695,1.554602618697019e-05
10696,5.596569427309269e-06
10697,1.1193138854618537e-05
10698,9.949456759660923e-06
10699,8.705774664703308e-06
10700,1.554602618697019e-05
10701,1.4302344092012576e-05
10702,5.596569427309269e-06
10703,9.949456759660923e-06
10704,3.109205237394038e-06
10705,1.6789708281927806e-05
10706,3.731046284872846e-06
10707,6.218410474788076e-06
10708,7.462092569745692e-06
10709,3.731046284872846e-06
10710,7.462092569745692e-06
10711,5.285648903569865e-05
10712,3.731046284872846e-06
10713,3.109205237394038e-06
10714,1.3680503044533769e-05
10715,2.114259561427946e-05
10716,7.462092569745692e-06
10717,1.057129780713973e-05
10718,3.731046284872846e-06
10719,6.8402515222668845e-06
10720,6.218410474788076e-06
10721,4.352887332351654e-06
10722,3.171389342141919e-05
10723,6.218410474788076e-06
10724,5.596569427309269e-06
10725,1.4924185139491384e-05
10726,4.974728379830461e-06
10727,5.596569427309269e-06
10728,9.949456759660923e-06
10729,2.922652923150396e-05
10730,9.949456759660923e-06
10731,5.596569427309269e-06
10732,3.731046284872846e-06
10733,3.109205237394038e-06
10734,1.6167867234449e-05
10735,6.218410474788076e-06
10736,3.9175985991164885e-05
10737,7.462092569745692e-06
10738,1.865523142436423e-06
10739,4.352887332351654e-06
10740,2.42518008516735e-05
10741,2.2386277709237075e-05
10742,4.974728379830461e-06
10743,1.2436820949576152e-05
10744,3.6688621801249655e-05
10745,4.974728379830461e-06
10746,5.596569427309269e-06
10747,1.803339037688542e-05
10748,9.327615712182115e-06
10749,3.731046284872846e-06
10750,4.0419668086122496e-05
10751,6.8402515222668845e-06
10752,1.6167867234449e-05
10753,4.352887332351654e-06
10754,1.7411549329406615e-05
10755,1.4924185139491384e-05
10756,1.057129780713973e-05
10757,1.1193138854618537e-05
10758,6.218410474788076e-06
10759,6.218410474788076e-06
10760,9.327615712182115e-06
10761,3.5444939706292037e-05
10762,1.057129780713973e-05
10763,1.865523142436423e-06
10764,9.949456759660923e-06
10765,4.352887332351654e-06
10766,4.352887332351654e-06
10767,6.218410474788076e-06
10768,3.731046284872846e-06
10769,4.352887332351654e-06
10770,7.462092569745692e-06
10771,1.865523142436423e-05
10772,3.109205237394038e-06
10773,3.731046284872846e-06
10774,3.731046284872846e-06
10775,3.109205237394038e-06
10776,4.974728379830461e-06
10777,3.731046284872846e-06
10778,4.974728379830461e-06
10779,3.731046284872846e-06
10780,2.9848370278982768e-05
10781,2.114259561427946e-05
10782,5.596569427309269e-06
10783,3.731046284872846e-06
10784,4.974728379830461e-06
10785,4.352887332351654e-06
10786,1.4302344092012576e-05
10787,4.974728379830461e-06
10788,1.3680503044533769e-05
10789,8.705774664703308e-06
10790,3.109205237394038e-05
10791,3.731046284872846e-06
10792,9.327615712182115e-06
10793,6.8402515222668845e-06
10794,5.596569427309269e-06
10795,2.114259561427946e-05
10796,6.218410474788076e-06
10797,2.922652923150396e-05
10798,9.949456759660923e-06
10799,3.109205237394038e-06
10800,3.731046284872846e-06
10801,1.554602618697019e-05
10802,6.218410474788076e-06
10803,3.109205237394038e-06
10804,7.462092569745692e-06
10805,4.352887332351654e-06
10806,5.596569427309269e-06
10807,1.057129780713973e-05
10808,2.6117323994109923e-05
10809,6.8402515222668845e-06
10810,1.2436820949576152e-05
10811,8.021749512476619e-05
10812,3.109205237394038e-06
10813,3.979782703864369e-05
10814,1.4302344092012576e-05
10815,9.949456759660923e-06
10816,3.731046284872846e-06
10817,1.1193138854618537e-05
10818,1.6789708281927806e-05
10819,2.362995980419469e-05
10820,3.109205237394038e-06
10821,8.705774664703308e-06
10822,1.1814979902097345e-05
10823,1.4302344092012576e-05
10824,3.171389342141919e-05
10825,3.109205237394038e-06
10826,6.218410474788076e-06
10827,3.109205237394038e-06
10828,1.1193138854618537e-05
10829,4.974728379830461e-06
10830,6.218410474788076e-06
10831,6.156226370040196e-05
10832,1.057129780713973e-05
10833,6.218410474788076e-06
10834,1.9277072471843036e-05
10835,8.0839336172245e-06
10836,2.2386277709237075e-05
10837,8.0839336172245e-06
10838,8.0839336172245e-06
10839,6.8402515222668845e-06
10840,9.949456759660923e-06
10841,3.109205237394038e-06
10842,8.705774664703308e-06
10843,7.462092569745692e-06
10844,5.596569427309269e-06
10845,3.109205237394038e-06
10846,3.482309865881323e-05
10847,3.109205237394038e-06
10848,3.109205237394038e-06
10849,4.352887332351654e-06
10850,6.8402515222668845e-06
10851,8.021749512476619e-05
10852,1.1193138854618537e-05
10853,4.974728379830461e-06
10854,1.3058661997054962e-05
10855,1.6789708281927806e-05
10856,5.1612806940741034e-05
10857,5.596569427309269e-06
10858,8.0839336172245e-06
10859,4.974728379830461e-06
10860,6.218410474788076e-06
10861,1.9277072471843036e-05
10862,6.218410474788076e-06
10863,7.462092569745692e-06
10864,2.5495482946631114e-05
10865,1.4924185139491384e-05
10866,9.327615712182115e-06
10867,4.9125442750825804e-05
10868,1.1193138854618537e-05
10869,4.974728379830461e-06
10870,2.922652923150396e-05
10871,1.7411549329406615e-05
10872,3.731046284872846e-06
10873,1.803339037688542e-05
10874,6.8402515222668845e-06
10875,4.974728379830461e-06
10876,3.171389342141919e-05
10877,1.4924185139491384e-05
10878,3.171389342141919e-05
10879,4.352887332351654e-06
10880,3.357941656385561e-05
10881,2.176443666175827e-05
10882,4.352887332351654e-06
10883,9.327615712182115e-06
10884,2.4873641899152306e-06
10885,3.109205237394038e-06
10886,6.8402515222668845e-06
10887,5.596569427309269e-06
10888,1.9277072471843036e-05
10889,6.8402515222668845e-06
10890,1.554602618697019e-05
10891,1.1814979902097345e-05
10892,2.3008118756715884e-05
10893,6.218410474788076e-06
10894,4.352887332351654e-06
10895,4.974728379830461e-06
10896,3.731046284872846e-06
10897,4.352887332351654e-06
10898,3.109205237394038e-06
10899,1.7411549329406615e-05
10900,1.865523142436423e-05
10901,2.6117323994109923e-05
10902,3.109205237394038e-06
10903,6.218410474788076e-06
10904,6.218410474788076e-06
10905,4.352887332351654e-06
10906,1.9898913519321845e-05
10907,7.462092569745692e-06
10908,9.327615712182115e-06
10909,1.865523142436423e-05
10910,2.3008118756715884e-05
10911,8.705774664703308e-05
10912,4.352887332351654e-06
10913,7.462092569745692e-06
10914,4.974728379830461e-06
10915,4.974728379830461e-06
10916,1.554602618697019e-05
10917,2.5495482946631114e-05
10918,4.601623751343177e-05
10919,4.352887332351654e-06
10920,2.4873641899152306e-06
10921,1.6167867234449e-05
10922,4.352887332351654e-06
10923,8.705774664703308e-06
10924,2.3008118756715884e-05
10925,1.803339037688542e-05
10926,3.109205237394038e-06
10927,1.1193138854618537e-05
10928,2.42518008516735e-05
10929,4.0419668086122496e-05
10930,4.974728379830461e-06
10931,9.949456759660923e-06
10932,1.1193138854618537e-05
10933,3.109205237394038e-05
10934,9.327615712182115e-06
10935,7.462092569745692e-06
10936,9.327615712182115e-06
10937,2.176443666175827e-05
10938,1.6167867234449e-05
10939,2.3008118756715884e-05
10940,5.036912484578342e-05
10941,1.554602618697019e-05
10942,1.4924185139491384e-05
10943,2.2386277709237075e-05
10944,4.974728379830461e-06
10945,1.4302344092012576e-05
10946,5.596569427309269e-06
10947,4.974728379830461e-06
10948,1.1814979902097345e-05
10949,2.4873641899152305e-05
10950,2.7361006089067538e-05
10951,3.109205237394038e-06
10952,1.1193138854618537e-05
10953,1.6789708281927806e-05
10954,8.0839336172245e-06
10955,4.974728379830461e-06
10956,7.462092569745692e-06
10957,4.974728379830461e-06
10958,8.705774664703308e-06
10959,4.2907032276037726e-05
10960,9.949456759660923e-06
10961,4.974728379830461e-06
10962,6.218410474788076e-06
10963,4.352887332351654e-06
10964,2.8604688184025153e-05
10965,1.554602618697019e-05
10966,4.352887332351654e-06
10967,4.352887332351654e-06
10968,2.362995980419469e-05
10969,8.705774664703308e-06
10970,8.0839336172245e-06
10971,4.974728379830461e-06
10972,9.949456759660923e-06
10973,8.0839336172245e-06
10974,9.949456759660923e-06
10975,1.057129780713973e-05
10976,7.462092569745692e-06
10977,3.731046284872846e-06
10978,6.8402515222668845e-06
10979,1.2436820949576152e-05
10980,1.3058661997054962e-05
10981,8.705774664703308e-06
10982,3.357941656385561e-05
10983,1.554602618697019e-05
10984,2.362995980419469e-05
10985,3.731046284872846e-06
10986,1.1814979902097345e-05
10987,1.2436820949576152e-05
10988,3.2335734468898e-05
10989,9.327615712182115e-06
10990,2.42518008516735e-05
10991,2.176443666175827e-05
10992,3.731046284872846e-06
10993,1.6167867234449e-05
10994,6.218410474788076e-06
10995,4.228519122855892e-05
10996,3.109205237394038e-06
10997,1.1814979902097345e-05
10998,9.327615712182115e-06
10999,3.109205237394038e-06
11000,1.057129780713973e-05
11001,2.114259561427946e-05
11002,1.554602618697019e-05
11003,7.462092569745692e-06
11004,2.42518008516735e-05
11005,4.352887332351654e-06
11006,4.5394396465952956e-05
11007,2.0520754566800654e-05
11008,1.4302344092012576e-05
11009,5.596569427309269e-06
11010,8.705774664703308e-06
11011,2.3008118756715884e-05
11012,9.327615712182115e-06
11013,1.3058661997054962e-05
11014,1.1814979902097345e-05
11015,1.057129780713973e-05
11016,1.865523142436423e-05
11017,2.4873641899152306e-06
11018,6.8402515222668845e-06
11019,6.218410474788076e-06
11020,6.8402515222668845e-06
11021,8.705774664703308e-06
11022,8.705774664703308e-06
11023,3.109205237394038e-06
11024,6.8402515222668845e-06
11025,1.554602618697019e-05
11026,5.596569427309269e-06
11027,1.1814979902097345e-05
11028,1.554602618697019e-05
11029,8.705774664703308e-06
11030,6.8402515222668845e-06
11031,4.974728379830461e-06
11032,8.0839336172245e-06
11033,2.42518008516735e-05
11034,4.352887332351654e-06
11035,9.327615712182115e-06
11036,2.114259561427946e-05
11037,1.1814979902097345e-05
11038,1.803339037688542e-05
11039,9.327615712182115e-06
11040,2.4873641899152305e-05
11041,2.114259561427946e-05
11042,6.8402515222668845e-06
11043,8.0839336172245e-06
11044,3.109205237394038e-06
11045,1.2436820949576152e-05
11046,1.6789708281927806e-05
11047,7.462092569745692e-06
11048,9.949456759660923e-06
11049,1.4924185139491384e-05
11050,6.218410474788076e-06
11051,3.109205237394038e-06
11052,7.462092569745692e-06
11053,2.0520754566800654e-05
11054,1.1193138854618537e-05
11055,6.218410474788076e-06
11056,6.8402515222668845e-06
11057,1.1814979902097345e-05
11058,6.218410474788076e-06
11059,1.4302344092012576e-05
11060,5.596569427309269e-06
11061,1.057129780713973e-05
11062,1.6789708281927806e-05
11063,6.404962789031718e-05
11064,6.8402515222668845e-06
11065,3.731046284872846e-06
11066,1.865523142436423e-06
11067,1.2436820949576152e-05
11068,1.2436820949576152e-05
11069,8.705774664703308e-06
11070,2.42518008516735e-05
11071,4.974728379830461e-06
11072,4.601623751343177e-05
11073,1.7411549329406615e-05
11074,3.109205237394038e-06
11075,8.705774664703308e-06
11076,8.705774664703308e-06
11077,9.949456759660923e-06
11078,3.109205237394038e-05
11079,1.3058661997054962e-05
11080,4.974728379830461e-06
11081,5.596569427309269e-06
11082,8.705774664703308e-06
11083,3.855414494368607e-05
11084,4.974728379830461e-06
11085,1.4302344092012576e-05
11086,9.078879293190591e-05
11087,4.352887332351654e-06
11088,1.1193138854618537e-05
11089,1.6789708281927806e-05
11090,6.8402515222668845e-06
11091,4.974728379830461e-06
11092,2.7982847136546344e-05
11093,6.218410474788076e-06
11094,1.1814979902097345e-05
11095,3.7932303896207266e-05
11096,1.057129780713973e-05
11097,8.0839336172245e-06
11098,8.0839336172245e-06
11099,6.218410474788076e-06
11100,1.9898913519321845e-05
11101,4.974728379830461e-06
11102,4.974728379830461e-06
11103,7.462092569745692e-06
11104,1.1814979902097345e-05
11105,8.705774664703308e-06
11106,2.4873641899152306e-06
11107,7.462092569745692e-06
11108,3.731046284872846e-06
11109,1.3058661997054962e-05
11110,1.3058661997054962e-05
11111,3.109205237394038e-05
11112,4.5394396465952956e-05
11113,1.6167867234449e-05
11114,1.1193138854618537e-05
11115,3.109205237394038e-06
11116,3.109205237394038e-06
11117,6.218410474788076e-06
11118,5.596569427309269e-06
11119,4.352887332351654e-06
11120,1.057129780713973e-05
11121,3.109205237394038e-06
11122,4.352887332351654e-06
11123,1.9277072471843036e-05
11124,1.2436820949576152e-05
11125,1.057129780713973e-05
11126,3.731046284872846e-06
11127,3.731046284872846e-06
11128,8.0839336172245e-06
11129,3.9175985991164885e-05
11130,1.057129780713973e-05
11131,7.462092569745692e-06
11132,7.462092569745692e-06
11133,1.554602618697019e-05
11134,2.3008118756715884e-05
11135,1.4302344092012576e-05
11136,4.974728379830461e-06
11137,1.1193138854618537e-05
11138,7.462092569745692e-06
11139,1.803339037688542e-05
11140,4.352887332351654e-06
11141,3.109205237394038e-06
11142,5.596569427309269e-06
11143,6.8402515222668845e-06
11144,4.352887332351654e-06
11145,7.462092569745692e-06
11146,8.0839336172245e-06
11147,3.109205237394038e-06
11148,1.6167867234449e-05
11149,1.2436820949576152e-05
11150,2.42518008516735e-05
11151,4.352887332351654e-06
11152,2.5495482946631114e-05
11153,1.803339037688542e-05
11154,9.949456759660923e-06
11155,3.109205237394038e-06
11156,6.218410474788076e-06
11157,1.865523142436423e-05
11158,6.218410474788076e-06
11159,3.109205237394038e-06
11160,3.731046284872846e-06
11161,6.218410474788076e-06
11162,4.352887332351654e-06
11163,6.218410474788076e-06
11164,9.949456759660923e-06
11165,3.731046284872846e-06
11166,4.974728379830461e-06
11167,4.974728379830461e-06
11168,4.974728379830461e-06
11169,3.109205237394038e-06
11170,2.4873641899152306e-06
11171,1.1814979902097345e-05
11172,9.949456759660923e-06
11173,7.462092569745692e-06
11174,4.725991960838938e-05
11175,2.362995980419469e-05
11176,1.554602618697019e-05
11177,1.7411549329406615e-05
11178,9.327615712182115e-06
11179,9.949456759660923e-06
11180,1.7411549329406615e-05
11181,6.8402515222668845e-06
11182,3.109205237394038e-06
11183,3.109205237394038e-06
11184,4.352887332351654e-06
11185,7.462092569745692e-06
11186,1.7411549329406615e-05
11187,1.3680503044533769e-05
11188,4.352887332351654e-06
11189,3.109205237394038e-05
11190,3.731046284872846e-06
11191,3.731046284872846e-06
11192,5.596569427309269e-06
11193,8.705774664703308e-06
11194,1.3058661997054962e-05
11195,8.0839336172245e-06
11196,1.9277072471843036e-05
11197,9.949456759660923e-06
11198,1.1814979902097345e-05
11199,1.1193138854618537e-05
11200,3.731046284872846e-06
11201,5.596569427309269e-06
11202,3.109205237394038e-06
11203,3.109205237394038e-06
11204,4.352887332351654e-06
11205,3.731046284872846e-06
11206,2.4873641899152305e-05
11207,9.949456759660923e-06
11208,8.705774664703308e-06
11209,1.057129780713973e-05
11210,1.2436820949576152e-05
11211,3.109205237394038e-06
11212,6.218410474788076e-06
11213,1.6167867234449e-05
11214,6.218410474788076e-06
11215,1.1193138854618537e-05
11216,8.705774664703308e-06
11217,1.1814979902097345e-05
11218,9.327615712182115e-06
11219,9.949456759660923e-06
11220,4.352887332351654e-06
11221,1.6167867234449e-05
11222,9.327615712182115e-06
11223,4.352887332351654e-06
11224,3.731046284872846e-06
11225,6.8402515222668845e-06
11226,4.352887332351654e-06
11227,1.6789708281927806e-05
11228,1.057129780713973e-05
11229,2.4873641899152306e-06
11230,1.9898913519321845e-05
11231,2.7361006089067538e-05
11232,4.352887332351654e-06
11233,3.109205237394038e-06
11234,3.731046284872846e-06
11235,2.176443666175827e-05
11236,1.9898913519321845e-05
11237,4.0419668086122496e-05
11238,4.352887332351654e-06
11239,3.109205237394038e-06
11240,1.3680503044533769e-05
11241,5.596569427309269e-06
11242,6.8402515222668845e-06
11243,1.2436820949576152e-05
11244,5.596569427309269e-06
11245,2.7982847136546344e-05
11246,8.705774664703308e-06
11247,3.109205237394038e-06
11248,5.596569427309269e-06
11249,1.4302344092012576e-05
11250,1.6789708281927806e-05
11251,4.352887332351654e-06
11252,3.109205237394038e-05
11253,3.109205237394038e-06
11254,3.357941656385561e-05
11255,5.9696740557965536e-05
11256,3.731046284872846e-06
11257,1.4302344092012576e-05
11258,5.596569427309269e-06
11259,3.731046284872846e-06
11260,2.176443666175827e-05
11261,8.0839336172245e-06
11262,2.7982847136546344e-05
11263,3.731046284872846e-06
11264,2.5495482946631114e-05
11265,2.9848370278982768e-05
11266,1.057129780713973e-05
11267,2.2386277709237075e-05
11268,1.057129780713973e-05
11269,4.352887332351654e-06
11270,1.3058661997054962e-05
11271,7.462092569745692e-06
11272,6.218410474788076e-06
11273,2.42518008516735e-05
11274,1.1193138854618537e-05
11275,2.42518008516735e-05
11276,9.327615712182115e-06
11277,3.606678075377084e-05
11278,4.974728379830461e-06
11279,3.109205237394038e-06
11280,3.979782703864369e-05
11281,1.057129780713973e-05
11282,1.057129780713973e-05
11283,4.352887332351654e-06
11284,2.362995980419469e-05
11285,3.109205237394038e-06
11286,9.949456759660923e-06
11287,6.218410474788076e-06
11288,6.218410474788076e-06
11289,3.357941656385561e-05
11290,3.109205237394038e-06
11291,3.731046284872846e-06
11292,9.327615712182115e-06
11293,4.352887332351654e-06
11294,1.554602618697019e-05
11295,4.974728379830461e-05
11296,2.2386277709237075e-05
11297,2.0520754566800654e-05
11298,1.3058661997054962e-05
11299,3.731046284872846e-06
11300,8.705774664703308e-06
11301,1.6167867234449e-05
11302,9.327615712182115e-06
11303,4.352887332351654e-06
11304,8.0839336172245e-06
11305,3.109205237394038e-06
11306,3.731046284872846e-06
11307,1.057129780713973e-05
11308,1.9277072471843036e-05
11309,4.352887332351654e-06
11310,4.974728379830461e-06
11311,4.352887332351654e-06
11312,1.6167867234449e-05
11313,2.4873641899152305e-05
11314,6.8402515222668845e-06
11315,9.949456759660923e-06
11316,5.596569427309269e-06
11317,5.285648903569865e-05
11318,3.109205237394038e-06
11319,1.057129780713973e-05
11320,4.974728379830461e-06
11321,2.176443666175827e-05
11322,1.1193138854618537e-05
11323,4.974728379830461e-06
11324,2.42518008516735e-05
11325,6.8402515222668845e-06
11326,5.596569427309269e-06
11327,1.3680503044533769e-05
11328,8.0839336172245e-06
11329,6.218410474788076e-06
11330,3.109205237394038e-06
11331,2.362995980419469e-05
11332,9.327615712182115e-06
11333,9.949456759660923e-06
11334,1.1814979902097345e-05
11335,1.3680503044533769e-05
11336,1.4924185139491384e-05
11337,1.3680503044533769e-05
11338,5.596569427309269e-06
11339,7.462092569745692e-06
11340,8.705774664703308e-06
11341,2.176443666175827e-05
11342,2.7361006089067538e-05
11343,2.4873641899152306e-06
11344,3.109205237394038e-06
11345,8.0839336172245e-06
11346,4.725991960838938e-05
11347,1.057129780713973e-05
11348,5.596569427309269e-06
11349,8.0839336172245e-06
11350,0.00010073824969156684
11351,1.6167867234449e-05
11352,3.731046284872846e-06
11353,3.420125761133442e-05
11354,5.596569427309269e-06
11355,9.327615712182115e-06
11356,9.327615712182115e-06
11357,1.9898913519321845e-05
11358,8.0839336172245e-06
11359,4.352887332351654e-06
11360,2.0520754566800654e-05
11361,3.109205237394038e-06
11362,8.705774664703308e-06
11363,5.596569427309269e-06
11364,4.974728379830461e-06
11365,3.482309865881323e-05
11366,5.596569427309269e-06
11367,8.705774664703308e-06
11368,1.6789708281927806e-05
11369,1.4924185139491384e-05
11370,1.1193138854618537e-05
11371,1.1193138854618537e-05
11372,5.596569427309269e-06
11373,1.2436820949576152e-05
11374,1.3058661997054962e-05
11375,0.00016727524177179926
11376,1.2436820949576152e-05
11377,4.352887332351654e-06
11378,2.4873641899152305e-05
11379,5.596569427309269e-06
11380,2.8604688184025153e-05
11381,3.5444939706292037e-05
11382,2.7361006089067538e-05
11383,3.109205237394038e-06
11384,7.462092569745692e-06
11385,1.4924185139491384e-05
11386,3.731046284872846e-06
11387,3.731046284872846e-06
11388,2.4873641899152306e-06
11389,4.352887332351654e-06
11390,0.0001287210968281132
11391,6.8402515222668845e-06
11392,2.4873641899152306e-06
11393,3.109205237394038e-06
11394,1.6789708281927806e-05
11395,3.109205237394038e-06
11396,8.0839336172245e-06
11397,1.057129780713973e-05
11398,4.601623751343177e-05
11399,4.974728379830461e-06
11400,1.803339037688542e-05
11401,6.218410474788076e-06
11402,1.6789708281927806e-05
11403,6.8402515222668845e-06
11404,2.5495482946631114e-05
11405,3.109205237394038e-06
11406,4.352887332351654e-06
11407,4.974728379830461e-06
11408,6.218410474788076e-06
11409,6.218410474788076e-06
11410,5.596569427309269e-06
11411,8.705774664703308e-06
11412,1.057129780713973e-05
11413,1.6789708281927806e-05
11414,4.1663350181080114e-05
11415,7.462092569745692e-06
11416,1.9898913519321845e-05
11417,1.2436820949576152e-05
11418,2.362995980419469e-05
11419,6.8402515222668845e-06
11420,1.1814979902097345e-05
11421,6.218410474788076e-06
11422,6.8402515222668845e-06
11423,3.731046284872846e-06
11424,2.0520754566800654e-05
11425,1.057129780713973e-05
11426,5.907489951048673e-05
11427,3.109205237394038e-06
11428,1.4302344092012576e-05
11429,4.974728379830461e-06
11430,3.109205237394038e-06
11431,3.109205237394038e-06
11432,3.109205237394038e-06
11433,5.596569427309269e-06
11434,4.352887332351654e-06
11435,3.109205237394038e-06
11436,4.974728379830461e-06
11437,3.731046284872846e-06
11438,2.4873641899152306e-06
11439,1.1814979902097345e-05
11440,3.109205237394038e-06
11441,3.109205237394038e-06
11442,2.0520754566800654e-05
11443,4.0419668086122496e-05
11444,1.6789708281927806e-05
11445,1.6789708281927806e-05
11446,2.7361006089067538e-05
11447,7.462092569745692e-06
11448,1.057129780713973e-05
11449,1.1193138854618537e-05
11450,3.731046284872846e-06
11451,8.0839336172245e-06
11452,3.731046284872846e-06
11453,8.0839336172245e-06
11454,8.705774664703308e-06
11455,4.352887332351654e-06
11456,5.285648903569865e-05
11457,2.7982847136546344e-05
11458,6.218410474788076e-06
11459,4.352887332351654e-06
11460,8.0839336172245e-06
11461,4.8503601703347e-05
11462,4.352887332351654e-06
11463,9.949456759660923e-06
11464,1.057129780713973e-05
11465,5.596569427309269e-06
11466,1.1193138854618537e-05
11467,6.218410474788076e-06
11468,1.2436820949576152e-05
11469,6.218410474788076e-06
11470,3.109205237394038e-06
11471,3.109205237394038e-06
11472,3.109205237394038e-06
11473,1.865523142436423e-05
11474,6.218410474788076e-06
11475,8.0839336172245e-06
11476,7.462092569745692e-06
11477,3.731046284872846e-06
11478,1.1814979902097345e-05
11479,3.6688621801249655e-05
11480,1.3058661997054962e-05
11481,4.477255541847415e-05
11482,9.949456759660923e-06
11483,8.705774664703308e-06
11484,2.176443666175827e-05
11485,8.0839336172245e-06
11486,8.0839336172245e-06
11487,3.731046284872846e-06
11488,7.462092569745692e-06
11489,8.705774664703308e-06
11490,6.218410474788076e-06
11491,4.352887332351654e-06
11492,9.327615712182115e-06
11493,5.596569427309269e-06
11494,1.4924185139491384e-05
11495,6.8402515222668845e-06
11496,2.7982847136546344e-05
11497,1.1193138854618537e-05
11498,7.462092569745692e-06
11499,6.218410474788076e-06
11500,7.462092569745692e-06
11501,7.462092569745692e-06
11502,6.8402515222668845e-06
11503,3.731046284872846e-06
11504,5.596569427309269e-06
11505,6.8402515222668845e-06
11506,1.1814979902097345e-05
11507,8.0839336172245e-06
11508,7.462092569745692e-06
11509,3.109205237394038e-06
11510,3.109205237394038e-06
11511,1.057129780713973e-05
11512,2.9848370278982768e-05
11513,6.8402515222668845e-06
11514,3.731046284872846e-06
11515,3.109205237394038e-06
11516,2.7361006089067538e-05
11517,1.803339037688542e-05
11518,2.2386277709237075e-05
11519,4.352887332351654e-06
11520,7.462092569745692e-06
11521,4.352887332351654e-06
11522,4.974728379830461e-06
11523,7.462092569745692e-06
11524,7.026803836510527e-05
11525,2.5495482946631114e-05
11526,2.0520754566800654e-05
11527,6.218410474788076e-06
11528,8.0839336172245e-06
11529,1.4302344092012576e-05
11530,1.3058661997054962e-05
11531,3.731046284872846e-06
11532,6.8402515222668845e-06
11533,4.974728379830461e-06
11534,1.057129780713973e-05
11535,3.731046284872846e-06
11536,9.949456759660923e-06
11537,1.1193138854618537e-05
11538,1.3058661997054962e-05
11539,1.6167867234449e-05
11540,3.731046284872846e-06
11541,9.327615712182115e-06
11542,5.596569427309269e-06
11543,5.596569427309269e-06
11544,3.109205237394038e-06
11545,1.865523142436423e-05
11546,6.8402515222668845e-06
11547,6.8402515222668845e-06
11548,4.352887332351654e-06
11549,6.218410474788076e-06
11550,8.705774664703308e-06
11551,2.673916504158873e-05
11552,5.596569427309269e-06
11553,3.109205237394038e-06
11554,3.731046284872846e-06
11555,5.783121741552911e-05
11556,1.1193138854618537e-05
11557,7.337724360249931e-05
11558,4.352887332351654e-06
11559,1.3680503044533769e-05
11560,3.731046284872846e-06
11561,3.731046284872846e-05
11562,4.477255541847415e-05
11563,4.4150714370995344e-05
11564,3.979782703864369e-05
11565,9.949456759660923e-06
11566,1.057129780713973e-05
11567,1.803339037688542e-05
11568,3.109205237394038e-06
11569,2.7982847136546344e-05
11570,3.731046284872846e-06
11571,4.352887332351654e-06
11572,4.974728379830461e-06
11573,1.4924185139491384e-05
11574,3.7932303896207266e-05
11575,2.4873641899152306e-06
11576,1.1814979902097345e-05
11577,1.554602618697019e-05
11578,3.109205237394038e-06
11579,7.462092569745692e-06
11580,1.2436820949576152e-05
11581,1.4924185139491384e-05
11582,4.974728379830461e-06
11583,1.803339037688542e-05
11584,4.352887332351654e-06
11585,6.218410474788076e-06
11586,4.974728379830461e-06
11587,3.109205237394038e-06
11588,1.803339037688542e-05
11589,3.731046284872846e-06
11590,1.1193138854618537e-05
11591,7.462092569745692e-06
11592,1.3680503044533769e-05
11593,7.462092569745692e-06
11594,3.109205237394038e-06
11595,6.094042265292315e-05
11596,3.109205237394038e-06
11597,2.2386277709237075e-05
11598,2.0520754566800654e-05
11599,5.596569427309269e-06
11600,4.352887332351654e-06
11601,1.057129780713973e-05
11602,8.705774664703308e-06
11603,9.327615712182115e-06
11604,7.462092569745692e-06
11605,2.7361006089067538e-05
11606,6.218410474788076e-06
11607,9.949456759660923e-06
11608,3.731046284872846e-06
11609,9.949456759660923e-06
11610,6.8402515222668845e-06
11611,3.731046284872846e-06
11612,4.974728379830461e-06
11613,1.057129780713973e-05
11614,3.109205237394038e-06
11615,2.362995980419469e-05
11616,2.7982847136546344e-05
11617,3.731046284872846e-06
11618,7.462092569745692e-06
11619,4.974728379830461e-06
11620,1.1193138854618537e-05
11621,1.6167867234449e-05
11622,3.731046284872846e-05
11623,1.3058661997054962e-05
11624,1.1193138854618537e-05
11625,4.974728379830461e-06
11626,1.1814979902097345e-05
11627,6.218410474788077e-05
11628,4.352887332351654e-06
11629,1.4302344092012576e-05
11630,8.705774664703308e-06
11631,5.596569427309269e-06
11632,9.949456759660923e-06
11633,6.8402515222668845e-06
11634,5.596569427309269e-06
11635,1.1193138854618537e-05
11636,3.731046284872846e-06
11637,3.109205237394038e-06
11638,3.109205237394038e-06
11639,4.352887332351654e-06
11640,1.057129780713973e-05
11641,1.9898913519321845e-05
11642,2.3008118756715884e-05
11643,4.974728379830461e-06
11644,3.109205237394038e-06
11645,2.8604688184025153e-05
11646,3.731046284872846e-06
11647,1.554602618697019e-05
11648,1.057129780713973e-05
11649,2.4873641899152306e-06
11650,2.8604688184025153e-05
11651,1.057129780713973e-05
11652,1.865523142436423e-05
11653,2.4873641899152305e-05
11654,6.218410474788077e-05
11655,5.596569427309269e-06
11656,9.949456759660923e-06
11657,6.8402515222668845e-06
11658,5.596569427309269e-06
11659,1.1193138854618537e-05
11660,1.4302344092012576e-05
11661,6.218410474788076e-06
11662,6.218410474788076e-06
11663,5.783121741552911e-05
11664,2.3008118756715884e-05
11665,2.2386277709237075e-05
11666,2.3008118756715884e-05
11667,2.2386277709237075e-05
11668,2.8604688184025153e-05
11669,2.0520754566800654e-05
11670,8.0839336172245e-06
11671,8.0839336172245e-06
11672,8.0839336172245e-06
11673,2.9848370278982768e-05
11674,1.7411549329406615e-05
11675,1.4924185139491384e-05
11676,1.803339037688542e-05
11677,3.9175985991164885e-05
11678,1.3680503044533769e-05
11679,2.6117323994109923e-05
11680,9.949456759660923e-06
11681,1.2436820949576152e-05
11682,1.2436820949576152e-05
11683,1.1814979902097345e-05
11684,1.1814979902097345e-05
11685,1.1193138854618537e-05
11686,0.00010322561388148207
11687,1.057129780713973e-05
11688,9.949456759660923e-06
11689,9.327615712182115e-06
11690,8.705774664703308e-06
11691,8.0839336172245e-06
11692,7.462092569745692e-06
11693,6.8402515222668845e-06
11694,6.218410474788076e-06
11695,5.596569427309269e-06
11696,4.974728379830461e-06
11697,4.352887332351654e-06
11698,6.218410474788076e-06
11699,2.176443666175827e-05
11700,3.731046284872846e-06
11701,5.596569427309269e-06
11702,4.352887332351654e-06
11703,5.596569427309269e-06
11704,2.362995980419469e-05
11705,7.462092569745692e-06
11706,4.104150913360131e-05
11707,9.327615712182115e-06
11708,6.218410474788076e-06
11709,5.596569427309269e-06
11710,1.865523142436423e-05
11711,1.803339037688542e-05
11712,1.554602618697019e-05
11713,6.8402515222668845e-06
11714,1.7411549329406615e-05
11715,6.8402515222668845e-06
11716,2.4873641899152306e-06
11717,6.8402515222668845e-06
11718,9.949456759660923e-06
11719,6.8402515222668845e-06
11720,3.109205237394038e-05
11721,7.462092569745692e-06
11722,1.1814979902097345e-05
11723,2.114259561427946e-05
11724,3.420125761133442e-05
11725,4.352887332351654e-06
11726,9.327615712182115e-06
11727,2.7361006089067538e-05
11728,1.1193138854618537e-05
11729,3.731046284872846e-06
11730,1.3058661997054962e-05
11731,6.8402515222668845e-06
11732,1.6789708281927806e-05
11733,5.596569427309269e-06
11734,8.705774664703308e-06
11735,3.109205237394038e-06
11736,6.218410474788076e-06
11737,9.327615712182115e-06
11738,3.109205237394038e-05
11739,1.1814979902097345e-05
11740,7.462092569745692e-06
11741,4.352887332351654e-06
11742,1.803339037688542e-05
11743,2.4873641899152306e-06
11744,1.3058661997054962e-05
11745,2.7982847136546344e-05
11746,2.3008118756715884e-05
11747,1.2436820949576152e-05
11748,7.462092569745692e-06
11749,6.218410474788076e-06
11750,1.9277072471843036e-05
11751,1.3680503044533769e-05
11752,9.327615712182115e-06
11753,3.109205237394038e-06
11754,6.218410474788076e-06
11755,6.8402515222668845e-06
11756,7.462092569745692e-06
11757,4.974728379830461e-06
11758,5.596569427309269e-06
11759,4.974728379830461e-06
11760,3.109205237394038e-06
11761,4.352887332351654e-06
11762,2.42518008516735e-05
11763,6.218410474788076e-06
11764,5.2234647988219846e-05
11765,3.0470211326461574e-05
11766,1.865523142436423e-05
11767,8.705774664703308e-06
11768,5.596569427309269e-06
11769,2.4873641899152306e-06
11770,2.6117323994109923e-05
11771,7.462092569745692e-06
11772,3.731046284872846e-06
11773,3.731046284872846e-06
11774,2.2386277709237075e-05
11775,3.731046284872846e-06
11776,4.352887332351654e-06
11777,3.731046284872846e-06
11778,1.4924185139491384e-05
11779,7.462092569745692e-06
11780,3.109205237394038e-06
11781,1.1193138854618537e-05
11782,6.218410474788076e-06
11783,8.0839336172245e-06
11784,3.109205237394038e-06
11785,3.2335734468898e-05
11786,1.1193138854618537e-05
11787,2.4873641899152306e-06
11788,1.2436820949576152e-05
11789,4.352887332351654e-06
11790,5.596569427309269e-06
11791,2.114259561427946e-05
11792,3.109205237394038e-06
11793,1.803339037688542e-05
11794,3.731046284872846e-06
11795,3.109205237394038e-05
11796,1.3058661997054962e-05
11797,8.0839336172245e-06
11798,1.057129780713973e-05
11799,8.705774664703308e-06
11800,2.0520754566800654e-05
11801,1.865523142436423e-05
11802,7.462092569745692e-06
11803,4.352887332351654e-06
11804,8.0839336172245e-06
11805,1.865523142436423e-05
11806,1.7411549329406615e-05
11807,2.4873641899152305e-05
11808,2.4873641899152306e-06
11809,6.218410474788076e-06
11810,1.7411549329406615e-05
11811,4.974728379830461e-06
11812,3.109205237394038e-06
11813,4.974728379830461e-06
11814,3.731046284872846e-06
11815,2.176443666175827e-05
11816,3.420125761133442e-05
11817,2.7982847136546344e-05
11818,5.596569427309269e-06
11819,3.109205237394038e-06
11820,1.9898913519321845e-05
11821,9.949456759660923e-06
11822,3.109205237394038e-06
11823,4.352887332351654e-06
11824,8.0839336172245e-06
11825,1.1193138854618537e-05
11826,6.218410474788076e-06
11827,4.974728379830461e-06
11828,6.218410474788076e-06
11829,3.731046284872846e-06
11830,4.352887332351654e-06
11831,3.731046284872846e-06
11832,1.6167867234449e-05
11833,1.1814979902097345e-05
11834,6.218410474788076e-06
11835,4.5394396465952956e-05
11836,8.0839336172245e-06
11837,4.352887332351654e-06
11838,2.7361006089067538e-05
11839,4.352887332351654e-06
11840,1.4302344092012576e-05
11841,5.596569427309269e-06
11842,1.2436820949576152e-05
11843,9.949456759660923e-06
11844,2.362995980419469e-05
11845,4.352887332351654e-06
11846,9.327615712182115e-06
11847,8.705774664703308e-06
11848,1.9277072471843036e-05
11849,1.1814979902097345e-05
11850,1.7411549329406615e-05
11851,3.109205237394038e-06
11852,8.0839336172245e-06
11853,9.949456759660923e-06
11854,4.974728379830461e-06
11855,1.6167867234449e-05
11856,7.462092569745692e-06
11857,1.9277072471843036e-05
11858,1.4302344092012576e-05
11859,1.4924185139491384e-05
11860,5.596569427309269e-06
11861,2.8604688184025153e-05
11862,3.109205237394038e-06
11863,3.731046284872846e-06
11864,1.4924185139491384e-05
11865,6.8402515222668845e-06
11866,1.554602618697019e-05
11867,1.803339037688542e-05
11868,3.731046284872846e-06
11869,5.596569427309269e-06
11870,3.731046284872846e-06
11871,6.218410474788076e-06
11872,4.352887332351654e-06
11873,4.4150714370995344e-05
11874,8.0839336172245e-06
11875,1.057129780713973e-05
11876,4.974728379830461e-06
11877,3.109205237394038e-06
11878,2.8604688184025153e-05
11879,3.109205237394038e-06
11880,3.731046284872846e-06
11881,1.2436820949576152e-05
11882,9.949456759660923e-06
11883,5.596569427309269e-06
11884,1.803339037688542e-05
11885,8.0839336172245e-06
11886,6.8402515222668845e-06
11887,8.705774664703308e-06
11888,4.352887332351654e-06
11889,3.109205237394038e-06
11890,4.352887332351654e-06
11891,4.974728379830461e-06
11892,9.949456759660923e-06
11893,9.949456759660923e-06
11894,2.176443666175827e-05
11895,2.673916504158873e-05
11896,8.705774664703308e-06
11897,3.109205237394038e-06
11898,1.7411549329406615e-05
11899,6.218410474788076e-06
11900,3.731046284872846e-06
11901,1.2436820949576152e-05
11902,5.65875353205715e-05
11903,7.462092569745692e-06
11904,1.3058661997054962e-05
11905,3.109205237394038e-06
11906,4.974728379830461e-06
11907,3.606678075377084e-05
11908,4.1663350181080114e-05
11909,2.4873641899152306e-06
11910,1.1814979902097345e-05
11911,3.109205237394038e-06
11912,4.974728379830461e-06
11913,2.7361006089067538e-05
11914,1.1814979902097345e-05
11915,1.3680503044533769e-05
11916,2.5495482946631114e-05
11917,3.731046284872846e-06
11918,8.705774664703308e-06
11919,4.974728379830461e-06
11920,5.596569427309269e-06
11921,6.218410474788076e-06
11922,3.731046284872846e-06
11923,8.0839336172245e-06
11924,3.109205237394038e-06
11925,7.462092569745692e-06
11926,3.6688621801249655e-05
11927,6.8402515222668845e-06
11928,6.218410474788076e-06
11929,3.109205237394038e-06
11930,7.462092569745692e-06
11931,3.109205237394038e-06
11932,6.8402515222668845e-06
11933,8.0839336172245e-06
11934,6.8402515222668845e-06
11935,3.731046284872846e-06
11936,1.1193138854618537e-05
11937,3.979782703864369e-05
11938,1.1193138854618537e-05
11939,3.109205237394038e-06
11940,3.731046284872846e-06
11941,6.218410474788076e-06
11942,2.7982847136546344e-05
11943,1.057129780713973e-05
11944,1.7411549329406615e-05
11945,3.731046284872846e-06
11946,4.352887332351654e-06
11947,8.0839336172245e-06
11948,1.803339037688542e-05
11949,8.705774664703308e-06
11950,3.731046284872846e-05
11951,7.462092569745692e-06
11952,3.731046284872846e-06
11953,8.705774664703308e-06
11954,6.218410474788076e-06
11955,3.731046284872846e-06
11956,3.109205237394038e-06
11957,3.109205237394038e-06
11958,3.855414494368607e-05
11959,8.705774664703308e-06
11960,5.596569427309269e-06
11961,6.218410474788076e-06
11962,1.865523142436423e-06
11963,3.731046284872846e-06
11964,1.554602618697019e-05
11965,1.9898913519321845e-05
11966,1.2436820949576152e-05
11967,4.974728379830461e-06
11968,7.462092569745692e-06
11969,2.2386277709237075e-05
11970,3.731046284872846e-06
11971,3.979782703864369e-05
11972,8.705774664703308e-06
11973,1.057129780713973e-05
11974,4.974728379830461e-06
11975,8.705774664703308e-06
11976,8.0839336172245e-06
11977,7.462092569745692e-06
11978,2.4873641899152306e-06
11979,9.949456759660923e-06
11980,3.731046284872846e-06
11981,1.6167867234449e-05
11982,4.974728379830461e-06
11983,5.596569427309269e-06
11984,9.327615712182115e-06
11985,7.462092569745692e-06
11986,3.731046284872846e-06
11987,3.109205237394038e-06
11988,4.974728379830461e-06
11989,4.974728379830461e-06
11990,3.109205237394038e-06
11991,3.855414494368607e-05
11992,1.4924185139491384e-05
11993,3.109205237394038e-06
11994,6.218410474788076e-06
11995,9.327615712182115e-06
11996,5.036912484578342e-05
11997,1.4924185139491384e-05
11998,8.705774664703308e-06
11999,6.8402515222668845e-06
12000,1.1814979902097345e-05
12001,4.1663350181080114e-05
12002,1.3680503044533769e-05
12003,9.327615712182115e-06
12004,1.4924185139491384e-05
12005,5.596569427309269e-06
12006,3.731046284872846e-06
12007,3.731046284872846e-06
12008,3.731046284872846e-06
12009,3.731046284872846e-06
12010,1.6789708281927806e-05
12011,1.6789708281927806e-05
12012,1.6789708281927806e-05
12013,9.949456759660923e-06
12014,4.352887332351654e-06
12015,7.462092569745692e-06
12016,6.218410474788076e-06
12017,9.949456759660923e-06
12018,3.731046284872846e-06
12019,6.218410474788076e-06
12020,8.0839336172245e-06
12021,3.295757551637681e-05
12022,7.462092569745692e-06
12023,1.865523142436423e-05
12024,8.705774664703308e-06
12025,2.0520754566800654e-05
12026,7.462092569745692e-06
12027,7.462092569745692e-06
12028,1.554602618697019e-05
12029,3.731046284872846e-06
12030,2.0520754566800654e-05
12031,4.352887332351654e-06
12032,1.3680503044533769e-05
12033,3.109205237394038e-06
12034,4.974728379830461e-06
12035,1.4924185139491384e-05
12036,5.596569427309269e-06
12037,6.8402515222668845e-06
12038,1.1814979902097345e-05
12039,8.705774664703308e-06
12040,2.2386277709237075e-05
12041,6.218410474788076e-06
12042,4.974728379830461e-06
12043,9.327615712182115e-06
12044,3.7932303896207266e-05
12045,8.705774664703308e-06
12046,5.596569427309269e-06
12047,7.462092569745692e-06
12048,4.974728379830461e-06
12049,9.327615712182115e-06
12050,3.731046284872846e-06
12051,7.462092569745692e-06
12052,3.109205237394038e-06
12053,3.109205237394038e-06
12054,2.4873641899152306e-06
12055,3.109205237394038e-06
12056,2.4873641899152306e-06
12057,8.0839336172245e-06
12058,1.3680503044533769e-05
12059,5.596569427309269e-06
12060,3.731046284872846e-06
12061,4.5394396465952956e-05
12062,9.327615712182115e-06
12063,8.705774664703308e-06
12064,6.8402515222668845e-06
12065,6.8402515222668845e-06
12066,8.0839336172245e-06
12067,3.109205237394038e-06
12068,3.731046284872846e-06
12069,1.3058661997054962e-05
12070,4.974728379830461e-06
12071,3.0470211326461574e-05
12072,9.327615712182115e-06
12073,1.6167867234449e-05
12074,8.0839336172245e-06
12075,3.109205237394038e-06
12076,3.109205237394038e-06
12077,5.596569427309269e-06
12078,9.327615712182115e-06
12079,4.974728379830461e-06
12080,3.731046284872846e-06
12081,9.949456759660923e-06
12082,1.554602618697019e-05
12083,3.731046284872846e-06
12084,8.705774664703308e-06
12085,1.057129780713973e-05
12086,1.4302344092012576e-05
12087,2.114259561427946e-05
12088,2.4873641899152305e-05
12089,3.109205237394038e-06
12090,3.731046284872846e-06
12091,2.4873641899152306e-06
12092,4.974728379830461e-06
12093,4.974728379830461e-06
12094,6.218410474788076e-06
12095,3.731046284872846e-06
12096,1.3680503044533769e-05
12097,1.2436820949576152e-05
12098,6.218410474788076e-06
12099,1.4302344092012576e-05
12100,6.8402515222668845e-06
12101,2.7361006089067538e-05
12102,1.6167867234449e-05
12103,4.352887332351654e-06
12104,3.731046284872846e-06
12105,3.731046284872846e-06
12106,2.7361006089067538e-05
12107,3.109205237394038e-06
12108,4.974728379830461e-06
12109,1.2436820949576152e-05
12110,1.554602618697019e-05
12111,2.7361006089067538e-05
12112,6.218410474788076e-06
12113,4.974728379830461e-06
12114,6.218410474788076e-06
12115,1.865523142436423e-05
12116,2.176443666175827e-05
12117,2.4873641899152306e-06
12118,1.4924185139491384e-05
12119,1.3680503044533769e-05
12120,8.0839336172245e-06
12121,5.596569427309269e-06
12122,1.6789708281927806e-05
12123,6.218410474788076e-06
12124,1.9898913519321845e-05
12125,1.6167867234449e-05
12126,7.462092569745692e-06
12127,7.462092569745692e-06
12128,6.8402515222668845e-06
12129,3.731046284872846e-06
12130,4.974728379830461e-06
12131,5.596569427309269e-06
12132,2.5495482946631114e-05
12133,3.109205237394038e-06
12134,2.114259561427946e-05
12135,4.352887332351654e-06
12136,1.1814979902097345e-05
12137,1.3680503044533769e-05
12138,3.109205237394038e-06
12139,2.7982847136546344e-05
12140,7.462092569745692e-06
12141,4.352887332351654e-06
12142,7.462092569745692e-06
12143,8.0839336172245e-06
12144,2.362995980419469e-05
12145,4.352887332351654e-06
12146,1.554602618697019e-05
12147,6.218410474788076e-06
12148,4.352887332351654e-06
12149,2.114259561427946e-05
12150,2.362995980419469e-05
12151,1.803339037688542e-05
12152,2.4873641899152306e-06
12153,9.949456759660923e-06
12154,3.731046284872846e-06
12155,9.327615712182115e-06
12156,8.705774664703308e-06
12157,1.803339037688542e-05
12158,3.109205237394038e-06
12159,7.462092569745692e-06
12160,1.554602618697019e-05
12161,4.974728379830461e-06
12162,2.4873641899152306e-06
12163,4.974728379830461e-06
12164,9.949456759660923e-06
12165,1.2436820949576152e-05
12166,1.3058661997054962e-05
12167,5.534385322561388e-05
12168,1.9277072471843036e-05
12169,8.705774664703308e-06
12170,1.3680503044533769e-05
12171,1.7411549329406615e-05
12172,6.218410474788077e-05
12173,4.974728379830461e-06
12174,4.352887332351654e-06
12175,2.8604688184025153e-05
12176,6.8402515222668845e-06
12177,4.974728379830461e-06
12178,4.352887332351654e-06
12179,1.4302344092012576e-05
12180,1.1814979902097345e-05
12181,1.1193138854618537e-05
12182,1.3680503044533769e-05
12183,3.109205237394038e-06
12184,7.959565407728738e-05
12185,8.0839336172245e-06
12186,8.0839336172245e-06
12187,4.352887332351654e-06
12188,1.6789708281927806e-05
12189,3.109205237394038e-06
12190,9.327615712182115e-06
12191,2.0520754566800654e-05
12192,2.4873641899152306e-06
12193,2.673916504158873e-05
12194,4.974728379830461e-06
12195,3.731046284872846e-06
12196,3.109205237394038e-06
12197,5.596569427309269e-06
12198,1.3680503044533769e-05
12199,5.099096589326223e-05
12200,1.2436820949576152e-05
12201,1.865523142436423e-05
12202,3.109205237394038e-06
12203,3.731046284872846e-06
12204,5.596569427309269e-06
12205,2.4873641899152305e-05
12206,5.596569427309269e-06
12207,3.731046284872846e-06
12208,6.8402515222668845e-06
12209,1.1814979902097345e-05
12210,3.731046284872846e-06
12211,9.327615712182115e-06
12212,5.596569427309269e-06
12213,4.352887332351654e-06
12214,1.6167867234449e-05
12215,2.7361006089067538e-05
12216,5.596569427309269e-06
12217,1.3680503044533769e-05
12218,6.218410474788076e-06
12219,3.109205237394038e-06
12220,3.731046284872846e-06
12221,8.705774664703308e-06
12222,3.109205237394038e-06
12223,8.0839336172245e-06
12224,6.8402515222668845e-06
12225,8.0839336172245e-06
12226,1.4924185139491384e-05
12227,9.949456759660923e-06
12228,4.974728379830461e-06
12229,4.352887332351654e-06
12230,8.705774664703308e-06
12231,1.057129780713973e-05
12232,3.109205237394038e-06
12233,4.974728379830461e-06
12234,7.462092569745692e-06
12235,3.109205237394038e-06
12236,2.922652923150396e-05
12237,1.554602618697019e-05
12238,4.352887332351654e-06
12239,7.462092569745692e-06
12240,2.6117323994109923e-05
12241,4.352887332351654e-06
12242,5.596569427309269e-06
12243,3.109205237394038e-06
12244,3.109205237394038e-06
12245,4.974728379830461e-06
12246,2.4873641899152306e-06
12247,2.5495482946631114e-05
12248,3.109205237394038e-06
12249,4.352887332351654e-06
12250,3.109205237394038e-06
12251,1.3058661997054962e-05
12252,3.109205237394038e-06
12253,6.218410474788076e-06
12254,1.6167867234449e-05
12255,6.218410474788076e-06
12256,4.352887332351654e-06
12257,2.176443666175827e-05
12258,4.352887332351654e-06
12259,1.2436820949576152e-05
12260,5.596569427309269e-06
12261,1.554602618697019e-05
12262,1.1193138854618537e-05
12263,6.8402515222668845e-06
12264,4.974728379830461e-06
12265,1.554602618697019e-05
12266,1.2436820949576152e-05
12267,7.462092569745692e-06
12268,3.731046284872846e-06
12269,6.218410474788076e-06
12270,3.109205237394038e-06
12271,1.7411549329406615e-05
12272,9.949456759660923e-06
12273,4.4150714370995344e-05
12274,4.974728379830461e-06
12275,9.327615712182115e-06
12276,3.7932303896207266e-05
12277,2.4873641899152305e-05
12278,3.731046284872846e-06
12279,1.7411549329406615e-05
12280,4.974728379830461e-06
12281,1.1193138854618537e-05
12282,1.4302344092012576e-05
12283,2.7982847136546344e-05
12284,4.974728379830461e-06
12285,8.0839336172245e-06
12286,1.3680503044533769e-05
12287,1.2436820949576152e-05
12288,6.218410474788076e-06
12289,8.705774664703308e-06
12290,6.218410474788076e-06
12291,3.109205237394038e-06
12292,3.109205237394038e-06
12293,4.352887332351654e-06
12294,2.42518008516735e-05
12295,3.731046284872846e-06
12296,1.2436820949576152e-05
12297,1.6167867234449e-05
12298,4.974728379830461e-06
12299,4.974728379830461e-06
12300,4.352887332351654e-06
12301,2.0520754566800654e-05
12302,1.4924185139491384e-05
12303,2.4873641899152306e-06
12304,8.705774664703308e-06
12305,7.462092569745692e-06
12306,3.109205237394038e-06
12307,8.0839336172245e-06
12308,3.109205237394038e-06
12309,9.949456759660923e-06
12310,4.352887332351654e-06
12311,3.731046284872846e-06
12312,3.109205237394038e-06
12313,1.057129780713973e-05
12314,3.109205237394038e-06
12315,8.643590559955426e-05
12316,4.352887332351654e-06
12317,3.731046284872846e-06
12318,3.109205237394038e-06
12319,3.731046284872846e-06
12320,1.4302344092012576e-05
12321,1.554602618697019e-05
12322,2.0520754566800654e-05
12323,8.705774664703308e-06
12324,4.974728379830461e-06
12325,4.352887332351654e-06
12326,4.352887332351654e-06
12327,4.352887332351654e-06
12328,2.2386277709237075e-05
12329,1.1814979902097345e-05
12330,4.974728379830461e-06
12331,3.731046284872846e-06
12332,1.2436820949576152e-05
12333,3.731046284872846e-06
12334,1.4302344092012576e-05
12335,3.420125761133442e-05
12336,4.974728379830461e-06
12337,8.705774664703308e-06
12338,2.0520754566800654e-05
12339,2.7361006089067538e-05
12340,1.3680503044533769e-05
12341,3.109205237394038e-06
12342,8.0839336172245e-06
12343,4.974728379830461e-06
12344,4.8503601703347e-05
12345,4.974728379830461e-06
12346,8.0839336172245e-06
12347,2.3008118756715884e-05
12348,2.42518008516735e-05
12349,9.327615712182115e-06
12350,8.705774664703308e-06
12351,4.352887332351654e-06
12352,8.705774664703308e-06
12353,8.705774664703308e-06
12354,2.362995980419469e-05
12355,4.974728379830461e-06
12356,6.8402515222668845e-06
12357,1.1193138854618537e-05
12358,6.8402515222668845e-06
12359,6.8402515222668845e-06
12360,9.327615712182115e-06
12361,4.974728379830461e-06
12362,1.057129780713973e-05
12363,6.8402515222668845e-06
12364,3.109205237394038e-06
12365,1.057129780713973e-05
12366,1.6789708281927806e-05
12367,3.731046284872846e-06
12368,6.8402515222668845e-06
12369,1.6789708281927806e-05
12370,1.9898913519321845e-05
12371,1.3680503044533769e-05
12372,1.6789708281927806e-05
12373,8.705774664703308e-06
12374,4.974728379830461e-06
12375,8.0839336172245e-06
12376,4.974728379830461e-06
12377,3.109205237394038e-06
12378,3.109205237394038e-06
12379,6.218410474788076e-06
12380,9.327615712182115e-06
12381,1.3680503044533769e-05
12382,7.462092569745692e-06
12383,3.731046284872846e-06
12384,9.327615712182115e-06
12385,3.731046284872846e-06
12386,1.6167867234449e-05
12387,1.3680503044533769e-05
12388,1.1193138854618537e-05
12389,3.731046284872846e-06
12390,1.1814979902097345e-05
12391,2.4873641899152305e-05
12392,8.0839336172245e-06
12393,4.974728379830461e-06
12394,2.362995980419469e-05
12395,6.8402515222668845e-06
12396,6.218410474788076e-06
12397,4.9125442750825804e-05
12398,4.974728379830461e-06
12399,4.974728379830461e-06
12400,2.7361006089067538e-05
12401,6.8402515222668845e-06
12402,2.5495482946631114e-05
12403,8.705774664703308e-06
12404,2.176443666175827e-05
12405,1.1814979902097345e-05
12406,8.0839336172245e-06
12407,1.554602618697019e-05
12408,1.4302344092012576e-05
12409,4.974728379830461e-06
12410,6.218410474788076e-06
12411,3.731046284872846e-06
12412,5.596569427309269e-06
12413,4.352887332351654e-06
12414,4.974728379830461e-06
12415,3.6688621801249655e-05
12416,9.949456759660923e-06
12417,1.2436820949576153e-06
12418,1.803339037688542e-05
12419,3.731046284872846e-06
12420,3.731046284872846e-06
12421,1.803339037688542e-05
12422,9.327615712182115e-06
12423,4.974728379830461e-06
12424,4.974728379830461e-06
12425,9.949456759660923e-06
12426,1.4302344092012576e-05
12427,6.218410474788076e-06
12428,4.974728379830461e-06
12429,6.218410474788076e-06
12430,2.114259561427946e-05
12431,2.176443666175827e-05
12432,3.109205237394038e-06
12433,2.42518008516735e-05
12434,4.974728379830461e-06
12435,6.8402515222668845e-06
12436,3.109205237394038e-06
12437,1.554602618697019e-05
12438,9.949456759660923e-06
12439,4.974728379830461e-06
12440,9.949456759660923e-06
12441,3.109205237394038e-06
12442,1.4924185139491384e-05
12443,2.4873641899152306e-06
12444,1.3058661997054962e-05
12445,3.420125761133442e-05
12446,1.4302344092012576e-05
12447,1.4302344092012576e-05
12448,1.1814979902097345e-05
12449,6.218410474788076e-06
12450,8.0839336172245e-06
12451,7.462092569745692e-06
12452,7.462092569745692e-06
12453,8.0839336172245e-06
12454,9.327615712182115e-06
12455,3.109205237394038e-06
12456,1.9898913519321845e-05
12457,2.42518008516735e-05
12458,4.352887332351654e-06
12459,3.295757551637681e-05
12460,3.109205237394038e-06
12461,3.731046284872846e-06
12462,3.109205237394038e-06
12463,3.731046284872846e-05
12464,1.1814979902097345e-05
12465,5.596569427309269e-06
12466,4.352887332351654e-06
12467,3.109205237394038e-06
12468,3.109205237394038e-06
12469,3.731046284872846e-06
12470,6.8402515222668845e-06
12471,3.109205237394038e-06
12472,3.731046284872846e-06
12473,8.705774664703308e-06
12474,1.865523142436423e-05
12475,1.554602618697019e-05
12476,6.218410474788076e-06
12477,6.218410474788076e-06
12478,5.596569427309269e-06
12479,1.1193138854618537e-05
12480,8.705774664703308e-06
12481,6.218410474788076e-06
12482,1.7411549329406615e-05
12483,1.3680503044533769e-05
12484,3.109205237394038e-06
12485,9.949456759660923e-06
12486,2.176443666175827e-05
12487,2.5495482946631114e-05
12488,1.1814979902097345e-05
12489,4.352887332351654e-06
12490,3.731046284872846e-06
12491,4.352887332351654e-06
12492,1.865523142436423e-06
12493,7.462092569745692e-06
12494,4.974728379830461e-06
12495,4.352887332351654e-06
12496,3.109205237394038e-05
12497,4.974728379830461e-06
12498,2.6117323994109923e-05
12499,5.596569427309269e-06
12500,3.731046284872846e-06
12501,4.974728379830461e-06
12502,1.3680503044533769e-05
12503,2.176443666175827e-05
12504,1.057129780713973e-05
12505,8.0839336172245e-06
12506,2.0520754566800654e-05
12507,4.974728379830461e-06
12508,1.803339037688542e-05
12509,3.109205237394038e-06
12510,1.6167867234449e-05
12511,1.057129780713973e-05
12512,5.596569427309269e-06
12513,1.057129780713973e-05
12514,5.596569427309269e-06
12515,4.352887332351654e-06
12516,2.42518008516735e-05
12517,3.109205237394038e-06
12518,9.327615712182115e-06
12519,3.731046284872846e-06
12520,3.731046284872846e-06
12521,3.109205237394038e-06
12522,6.8402515222668845e-06
12523,1.057129780713973e-05
12524,2.5495482946631114e-05
12525,7.462092569745692e-06
12526,1.6167867234449e-05
12527,1.057129780713973e-05
12528,7.462092569745692e-06
12529,3.109205237394038e-06
12530,1.1814979902097345e-05
12531,4.1663350181080114e-05
12532,1.4302344092012576e-05
12533,3.171389342141919e-05
12534,4.974728379830461e-06
12535,3.109205237394038e-06
12536,7.462092569745692e-06
12537,6.8402515222668845e-06
12538,1.7411549329406615e-05
12539,2.0520754566800654e-05
12540,5.596569427309269e-06
12541,2.114259561427946e-05
12542,1.4302344092012576e-05
12543,3.731046284872846e-06
12544,4.974728379830461e-06
12545,3.295757551637681e-05
12546,2.7982847136546344e-05
12547,5.596569427309269e-06
12548,3.731046284872846e-06
12549,1.4302344092012576e-05
12550,1.554602618697019e-05
12551,5.596569427309269e-06
12552,2.4873641899152306e-06
12553,3.731046284872846e-06
12554,5.596569427309269e-06
12555,3.109205237394038e-06
12556,4.352887332351654e-06
12557,3.109205237394038e-06
12558,4.974728379830461e-06
12559,1.554602618697019e-05
12560,4.974728379830461e-06
12561,3.109205237394038e-06
12562,3.171389342141919e-05
12563,8.0839336172245e-06
12564,3.109205237394038e-06
12565,9.327615712182115e-06
12566,1.6789708281927806e-05
12567,1.6789708281927806e-05
12568,1.6167867234449e-05
12569,3.109205237394038e-06
12570,2.176443666175827e-05
12571,3.420125761133442e-05
12572,1.3680503044533769e-05
12573,2.4873641899152305e-05
12574,3.731046284872846e-06
12575,8.0839336172245e-06
12576,6.218410474788076e-06
12577,5.596569427309269e-06
12578,6.8402515222668845e-06
12579,8.0839336172245e-06
12580,8.705774664703308e-06
12581,8.705774664703308e-06
12582,6.218410474788076e-06
12583,4.352887332351654e-06
12584,1.865523142436423e-05
12585,8.0839336172245e-06
12586,8.705774664703308e-06
12587,5.596569427309269e-06
12588,7.462092569745692e-06
12589,3.109205237394038e-06
12590,2.3008118756715884e-05
12591,1.4924185139491384e-05
12592,6.8402515222668845e-06
12593,5.1612806940741034e-05
12594,6.218410474788076e-06
12595,1.6789708281927806e-05
12596,1.1814979902097345e-05
12597,1.6789708281927806e-05
12598,8.0839336172245e-06
12599,6.8402515222668845e-06
12600,2.673916504158873e-05
12601,2.6117323994109923e-05
12602,3.109205237394038e-06
12603,4.352887332351654e-06
12604,3.731046284872846e-06
12605,6.218410474788076e-06
12606,1.2436820949576152e-05
12607,1.4924185139491384e-05
12608,6.8402515222668845e-06
12609,6.218410474788076e-06
12610,3.731046284872846e-06
12611,6.8402515222668845e-06
12612,4.352887332351654e-06
12613,1.057129780713973e-05
12614,4.974728379830461e-06
12615,6.218410474788076e-06
12616,7.462092569745692e-06
12617,3.109205237394038e-06
12618,5.596569427309269e-06
12619,7.462092569745692e-06
12620,1.1193138854618537e-05
12621,5.596569427309269e-06
12622,7.462092569745692e-06
12623,7.462092569745692e-06
12624,4.974728379830461e-06
12625,2.4873641899152306e-06
12626,1.1193138854618537e-05
12627,4.9125442750825804e-05
12628,4.352887332351654e-06
12629,1.4924185139491384e-05
12630,1.7411549329406615e-05
12631,1.2436820949576152e-05
12632,3.109205237394038e-06
12633,7.462092569745692e-06
12634,1.2436820949576152e-05
12635,5.596569427309269e-06
12636,3.109205237394038e-06
12637,8.0839336172245e-06
12638,4.974728379830461e-06
12639,4.974728379830461e-06
12640,1.865523142436423e-05
12641,8.0839336172245e-06
12642,3.731046284872846e-06
12643,6.8402515222668845e-06
12644,2.4873641899152306e-06
12645,8.0839336172245e-06
12646,1.9898913519321845e-05
12647,2.673916504158873e-05
12648,4.352887332351654e-06
12649,3.731046284872846e-06
12650,9.949456759660923e-06
12651,1.7411549329406615e-05
12652,1.057129780713973e-05
12653,1.2436820949576152e-05
12654,1.057129780713973e-05
12655,5.596569427309269e-06
12656,6.8402515222668845e-06
12657,3.731046284872846e-06
12658,8.0839336172245e-06
12659,3.731046284872846e-06
12660,1.3058661997054962e-05
12661,3.731046284872846e-06
12662,4.352887332351654e-06
12663,6.218410474788076e-06
12664,3.109205237394038e-06
12665,1.7411549329406615e-05
12666,6.218410474788076e-06
12667,1.2436820949576152e-05
12668,4.352887332351654e-06
12669,9.327615712182115e-06
12670,2.7982847136546344e-05
12671,3.109205237394038e-06
12672,2.8604688184025153e-05
12673,4.974728379830461e-06
12674,1.4924185139491384e-05
12675,1.3680503044533769e-05
12676,1.6789708281927806e-05
12677,2.114259561427946e-05
12678,2.2386277709237075e-05
12679,1.6167867234449e-05
12680,3.731046284872846e-06
12681,1.6167867234449e-05
12682,3.109205237394038e-06
12683,1.057129780713973e-05
12684,4.352887332351654e-06
12685,6.8402515222668845e-06
12686,7.462092569745692e-06
12687,4.352887332351654e-06
12688,1.3058661997054962e-05
12689,2.176443666175827e-05
12690,4.352887332351654e-06
12691,5.596569427309269e-06
12692,6.8402515222668845e-06
12693,1.3058661997054962e-05
12694,1.9277072471843036e-05
12695,9.949456759660923e-06
12696,1.4302344092012576e-05
12697,9.327615712182115e-06
12698,1.1193138854618537e-05
12699,9.327615712182115e-06
12700,2.5495482946631114e-05
12701,3.731046284872846e-06
12702,6.218410474788076e-06
12703,3.731046284872846e-06
12704,3.731046284872846e-06
12705,1.554602618697019e-05
12706,1.1814979902097345e-05
12707,5.596569427309269e-06
12708,4.352887332351654e-06
12709,4.352887332351654e-06
12710,8.0839336172245e-06
12711,8.705774664703308e-06
12712,5.596569427309269e-06
12713,2.6117323994109923e-05
12714,7.462092569745692e-06
12715,3.731046284872846e-06
12716,8.0839336172245e-06
12717,2.9848370278982768e-05
12718,4.974728379830461e-06
12719,1.1814979902097345e-05
12720,1.3058661997054962e-05
12721,4.974728379830461e-06
12722,8.0839336172245e-06
12723,1.803339037688542e-05
12724,1.057129780713973e-05
12725,1.3680503044533769e-05
12726,2.362995980419469e-05
12727,7.462092569745692e-06
12728,3.171389342141919e-05
12729,1.1814979902097345e-05
12730,1.3058661997054962e-05
12731,1.6167867234449e-05
12732,4.477255541847415e-05
12733,8.0839336172245e-06
12734,2.2386277709237075e-05
12735,2.176443666175827e-05
12736,3.482309865881323e-05
12737,1.3058661997054962e-05
12738,3.109205237394038e-06
12739,3.731046284872846e-06
12740,2.4873641899152306e-06
12741,3.109205237394038e-06
12742,1.803339037688542e-05
12743,1.2436820949576152e-05
12744,3.731046284872846e-06
12745,8.0839336172245e-06
12746,5.596569427309269e-06
12747,2.5495482946631114e-05
12748,2.0520754566800654e-05
12749,2.3008118756715884e-05
12750,3.109205237394038e-06
12751,3.109205237394038e-05
12752,6.218410474788076e-06
12753,4.974728379830461e-06
12754,1.057129780713973e-05
12755,1.4302344092012576e-05
12756,1.554602618697019e-05
12757,3.731046284872846e-06
12758,4.352887332351654e-06
12759,9.949456759660923e-06
12760,8.0839336172245e-06
12761,4.974728379830461e-06
12762,1.7411549329406615e-05
12763,4.974728379830461e-06
12764,3.731046284872846e-06
12765,2.362995980419469e-05
12766,6.8402515222668845e-06
12767,2.2386277709237075e-05
12768,3.109205237394038e-06
12769,9.327615712182115e-06
12770,1.2436820949576152e-05
12771,7.462092569745692e-06
12772,1.3058661997054962e-05
12773,4.352887332351654e-06
12774,1.1193138854618537e-05
12775,2.2386277709237075e-05
12776,5.596569427309269e-06
12777,3.482309865881323e-05
12778,1.803339037688542e-05
12779,5.596569427309269e-06
12780,5.596569427309269e-06
12781,9.327615712182115e-06
12782,6.8402515222668845e-06
12783,1.6789708281927806e-05
12784,9.327615712182115e-06
12785,6.8402515222668845e-06
12786,3.109205237394038e-06
12787,1.2436820949576152e-05
12788,7.462092569745692e-06
12789,1.803339037688542e-05
12790,3.109205237394038e-06
12791,2.114259561427946e-05
12792,2.922652923150396e-05
12793,4.974728379830461e-06
12794,6.8402515222668845e-06
12795,4.352887332351654e-06
12796,3.731046284872846e-06
12797,1.1814979902097345e-05
12798,4.352887332351654e-06
12799,1.057129780713973e-05
12800,4.974728379830461e-06
12801,5.596569427309269e-06
12802,3.109205237394038e-06
12803,5.596569427309269e-06
12804,1.6167867234449e-05
12805,1.057129780713973e-05
12806,1.6789708281927806e-05
12807,9.949456759660923e-06
12808,4.974728379830461e-06
12809,4.601623751343177e-05
12810,5.596569427309269e-06
12811,1.3058661997054962e-05
12812,6.8402515222668845e-06
12813,2.4873641899152306e-06
12814,4.974728379830461e-06
12815,6.8402515222668845e-06
12816,1.803339037688542e-05
12817,1.554602618697019e-05
12818,4.725991960838938e-05
12819,8.0839336172245e-06
12820,1.057129780713973e-05
12821,2.362995980419469e-05
12822,2.114259561427946e-05
12823,1.1193138854618537e-05
12824,5.596569427309269e-06
12825,4.352887332351654e-06
12826,5.596569427309269e-06
12827,6.218410474788076e-06
12828,3.731046284872846e-06
12829,3.109205237394038e-06
12830,6.218410474788076e-06
12831,1.6789708281927806e-05
12832,6.8402515222668845e-06
12833,2.5495482946631114e-05
12834,1.4302344092012576e-05
12835,3.109205237394038e-06
12836,3.109205237394038e-06
12837,1.554602618697019e-05
12838,5.596569427309269e-06
12839,4.974728379830461e-06
12840,2.4873641899152306e-06
12841,2.4873641899152305e-05
12842,4.974728379830461e-06
12843,8.0839336172245e-06
12844,6.8402515222668845e-06
12845,8.0839336172245e-06
12846,7.462092569745692e-06
12847,1.1193138854618537e-05
12848,1.9898913519321845e-05
12849,4.352887332351654e-06
12850,1.057129780713973e-05
12851,6.8402515222668845e-06
12852,1.9898913519321845e-05
12853,2.4873641899152306e-06
12854,4.974728379830461e-06
12855,6.218410474788076e-06
12856,2.8604688184025153e-05
12857,3.109205237394038e-06
12858,2.0520754566800654e-05
12859,6.218410474788076e-06
12860,1.6167867234449e-05
12861,3.731046284872846e-06
12862,6.218410474788076e-06
12863,1.1814979902097345e-05
12864,3.731046284872846e-06
12865,9.949456759660923e-06
12866,9.327615712182115e-06
12867,1.3680503044533769e-05
12868,1.1193138854618537e-05
12869,3.109205237394038e-06
12870,9.949456759660923e-06
12871,3.109205237394038e-06
12872,3.109205237394038e-06
12873,9.327615712182115e-06
12874,3.109205237394038e-06
12875,8.705774664703308e-06
12876,3.731046284872846e-06
12877,3.731046284872846e-06
12878,8.705774664703308e-06
12879,9.949456759660923e-06
12880,3.109205237394038e-06
12881,8.0839336172245e-06
12882,8.705774664703308e-06
12883,3.731046284872846e-06
12884,6.218410474788076e-06
12885,3.109205237394038e-06
12886,6.218410474788076e-06
12887,2.5495482946631114e-05
12888,6.8402515222668845e-06
12889,6.8402515222668845e-06
12890,9.949456759660923e-06
12891,1.7411549329406615e-05
12892,8.705774664703308e-06
12893,4.352887332351654e-06
12894,8.705774664703308e-06
12895,1.2436820949576152e-05
12896,3.109205237394038e-06
12897,6.8402515222668845e-06
12898,1.1814979902097345e-05
12899,4.974728379830461e-06
12900,9.327615712182115e-06
12901,4.974728379830461e-06
12902,8.705774664703308e-06
12903,3.109205237394038e-06
12904,9.949456759660923e-06
12905,4.974728379830461e-06
12906,7.462092569745692e-06
12907,3.109205237394038e-06
12908,5.596569427309269e-06
12909,1.1193138854618537e-05
12910,8.0839336172245e-06
12911,8.705774664703308e-06
12912,4.352887332351654e-06
12913,9.327615712182115e-06
12914,6.8402515222668845e-06
12915,1.865523142436423e-05
12916,1.865523142436423e-05
12917,5.596569427309269e-06
12918,1.3058661997054962e-05
12919,8.0839336172245e-06
12920,3.109205237394038e-06
12921,9.327615712182115e-06
12922,1.057129780713973e-05
12923,3.109205237394038e-06
12924,6.218410474788076e-06
12925,1.3058661997054962e-05
12926,7.462092569745692e-06
12927,7.462092569745692e-06
12928,4.352887332351654e-06
12929,2.4873641899152306e-06
12930,1.6167867234449e-05
12931,1.6167867234449e-05
12932,3.109205237394038e-06
12933,2.5495482946631114e-05
12934,7.462092569745692e-06
12935,4.974728379830461e-06
12936,3.731046284872846e-06
12937,8.0839336172245e-06
12938,3.731046284872846e-06
12939,2.4873641899152306e-06
12940,2.4873641899152306e-06
12941,8.705774664703308e-06
12942,5.596569427309269e-06
12943,5.596569427309269e-06
12944,1.865523142436423e-05
12945,4.352887332351654e-06
12946,3.731046284872846e-06
12947,1.3058661997054962e-05
12948,9.949456759660923e-06
12949,8.0839336172245e-06
12950,9.949456759660923e-06
12951,5.596569427309269e-06
12952,5.596569427309269e-06
12953,9.327615712182115e-06
12954,7.462092569745692e-06
12955,1.554602618697019e-05
12956,3.731046284872846e-06
12957,3.109205237394038e-06
12958,6.218410474788076e-06
12959,4.352887332351654e-06
12960,1.3058661997054962e-05
12961,1.1193138854618537e-05
12962,4.352887332351654e-06
12963,3.731046284872846e-06
12964,8.705774664703308e-06
12965,8.705774664703308e-06
12966,7.462092569745692e-06
12967,1.2436820949576152e-05
12968,4.1663350181080114e-05
12969,7.462092569745692e-06
12970,4.352887332351654e-06
12971,3.731046284872846e-06
12972,6.218410474788076e-06
12973,1.2436820949576152e-05
12974,1.554602618697019e-05
12975,1.1814979902097345e-05
12976,2.9848370278982768e-05
12977,5.596569427309269e-06
12978,6.8402515222668845e-06
12979,1.1193138854618537e-05
12980,3.109205237394038e-06
12981,6.8402515222668845e-06
12982,3.109205237394038e-06
12983,3.109205237394038e-06
12984,1.9898913519321845e-05
12985,2.176443666175827e-05
12986,2.922652923150396e-05
12987,1.057129780713973e-05
12988,2.3008118756715884e-05
12989,7.462092569745692e-06
12990,1.554602618697019e-05
12991,1.865523142436423e-05
12992,3.109205237394038e-06
12993,8.705774664703308e-06
12994,1.7411549329406615e-05
12995,7.462092569745692e-06
12996,1.865523142436423e-06
12997,3.731046284872846e-06
12998,1.2436820949576152e-05
12999,1.3058661997054962e-05
13000,3.109205237394038e-06
13001,6.218410474788076e-06
13002,2.0520754566800654e-05
13003,8.0839336172245e-06
13004,2.4873641899152306e-06
13005,8.0839336172245e-06
13006,1.4924185139491384e-05
13007,8.705774664703308e-06
13008,2.7361006089067538e-05
13009,4.974728379830461e-06
13010,4.974728379830461e-06
13011,3.731046284872846e-06
13012,5.596569427309269e-06
13013,8.705774664703308e-06
13014,4.974728379830461e-06
13015,7.462092569745692e-06
13016,4.974728379830461e-06
13017,4.974728379830461e-06
13018,3.109205237394038e-06
13019,5.596569427309269e-06
13020,4.352887332351654e-06
13021,4.974728379830461e-06
13022,6.218410474788076e-06
13023,2.4873641899152306e-06
13024,6.8402515222668845e-06
13025,8.0839336172245e-06
13026,1.3058661997054962e-05
13027,3.731046284872846e-06
13028,3.731046284872846e-05
13029,1.1193138854618537e-05
13030,4.352887332351654e-06
13031,3.109205237394038e-06
13032,1.6789708281927806e-05
13033,6.218410474788076e-06
13034,4.352887332351654e-06
13035,3.731046284872846e-06
13036,8.0839336172245e-06
13037,1.4302344092012576e-05
13038,9.327615712182115e-06
13039,9.949456759660923e-06
13040,1.803339037688542e-05
13041,1.2436820949576152e-05
13042,3.731046284872846e-06
13043,3.731046284872846e-06
13044,1.865523142436423e-06
13045,6.8402515222668845e-06
13046,4.352887332351654e-06
13047,1.3058661997054962e-05
13048,4.974728379830461e-06
13049,2.2386277709237075e-05
13050,1.3058661997054962e-05
13051,6.8402515222668845e-06
13052,3.731046284872846e-06
13053,5.596569427309269e-06
13054,1.7411549329406615e-05
13055,1.9898913519321845e-05
13056,2.673916504158873e-05
13057,4.974728379830461e-06
13058,1.3058661997054962e-05
13059,4.352887332351654e-06
13060,3.731046284872846e-06
13061,3.731046284872846e-06
13062,1.865523142436423e-06
13063,3.109205237394038e-06
13064,1.057129780713973e-05
13065,1.865523142436423e-05
13066,3.109205237394038e-06
13067,2.4873641899152306e-06
13068,1.803339037688542e-05
13069,1.4302344092012576e-05
13070,5.596569427309269e-06
13071,3.482309865881323e-05
13072,4.352887332351654e-06
13073,8.705774664703308e-06
13074,6.8402515222668845e-06
13075,6.218410474788076e-06
13076,1.2436820949576152e-05
13077,3.109205237394038e-06
13078,4.352887332351654e-06
13079,6.8402515222668845e-06
13080,4.974728379830461e-06
13081,4.352887332351654e-06
13082,4.974728379830461e-06
13083,1.4924185139491384e-05
13084,3.731046284872846e-06
13085,1.057129780713973e-05
13086,9.949456759660923e-06
13087,1.4302344092012576e-05
13088,1.554602618697019e-05
13089,8.0839336172245e-06
13090,4.974728379830461e-06
13091,4.352887332351654e-06
13092,6.8402515222668845e-06
13093,7.462092569745692e-06
13094,9.327615712182115e-06
13095,1.4302344092012576e-05
13096,2.7361006089067538e-05
13097,6.8402515222668845e-06
13098,1.4302344092012576e-05
13099,1.4302344092012576e-05
13100,3.731046284872846e-06
13101,6.8402515222668845e-06
13102,3.606678075377084e-05
13103,4.974728379830461e-06
13104,4.974728379830461e-06
13105,2.4873641899152306e-06
13106,1.3058661997054962e-05
13107,4.974728379830461e-06
13108,1.057129780713973e-05
13109,1.1193138854618537e-05
13110,9.327615712182115e-06
13111,1.6789708281927806e-05
13112,1.6789708281927806e-05
13113,5.596569427309269e-06
13114,3.731046284872846e-06
13115,1.057129780713973e-05
13116,1.3058661997054962e-05
13117,9.327615712182115e-06
13118,3.731046284872846e-06
13119,7.462092569745692e-06
13120,4.974728379830461e-06
13121,4.352887332351654e-06
13122,4.352887332351654e-06
13123,4.352887332351654e-06
13124,9.327615712182115e-06
13125,6.218410474788076e-06
13126,2.362995980419469e-05
13127,2.42518008516735e-05
13128,8.0839336172245e-06
13129,3.731046284872846e-06
13130,6.8402515222668845e-06
13131,3.109205237394038e-06
13132,6.8402515222668845e-06
13133,1.4924185139491384e-05
13134,1.057129780713973e-05
13135,1.6167867234449e-05
13136,3.109205237394038e-06
13137,8.0839336172245e-06
13138,1.1814979902097345e-05
13139,6.8402515222668845e-06
13140,6.218410474788076e-06
13141,3.9175985991164885e-05
13142,4.352887332351654e-06
13143,7.462092569745692e-06
13144,7.462092569745692e-06
13145,3.731046284872846e-06
13146,1.3680503044533769e-05
13147,6.8402515222668845e-06
13148,7.462092569745692e-06
13149,3.109205237394038e-06
13150,1.1193138854618537e-05
13151,9.949456759660923e-06
13152,5.596569427309269e-06
13153,6.8402515222668845e-06
13154,1.4924185139491384e-05
13155,1.9277072471843036e-05
13156,4.104150913360131e-05
13157,5.596569427309269e-06
13158,1.2436820949576152e-05
13159,3.109205237394038e-06
13160,3.731046284872846e-06
13161,8.0839336172245e-06
13162,4.352887332351654e-06
13163,6.902435627014766e-05
13164,5.596569427309269e-06
13165,3.109205237394038e-06
13166,3.109205237394038e-06
13167,6.218410474788076e-06
13168,2.4873641899152306e-06
13169,6.8402515222668845e-06
13170,3.109205237394038e-06
13171,4.352887332351654e-06
13172,8.0839336172245e-06
13173,3.109205237394038e-06
13174,3.109205237394038e-06
13175,5.596569427309269e-06
13176,7.462092569745692e-06
13177,8.0839336172245e-06
13178,3.109205237394038e-06
13179,1.4924185139491384e-05
13180,4.974728379830461e-06
13181,8.0839336172245e-06
13182,1.1814979902097345e-05
13183,6.218410474788076e-06
13184,1.554602618697019e-05
13185,1.4302344092012576e-05
13186,4.352887332351654e-06
13187,2.8604688184025153e-05
13188,1.554602618697019e-05
13189,4.352887332351654e-06
13190,8.0839336172245e-06
13191,1.3058661997054962e-05
13192,9.327615712182115e-06
13193,8.705774664703308e-06
13194,4.352887332351654e-06
13195,7.462092569745692e-06
13196,9.949456759660923e-06
13197,4.974728379830461e-06
13198,4.974728379830461e-06
13199,2.4873641899152306e-06
13200,6.218410474788076e-06
13201,6.218410474788076e-06
13202,1.057129780713973e-05
13203,9.949456759660923e-06
13204,2.4873641899152306e-06
13205,7.462092569745692e-06
13206,1.9277072471843036e-05
13207,6.218410474788076e-06
13208,1.1193138854618537e-05
13209,8.0839336172245e-06
13210,3.731046284872846e-06
13211,4.352887332351654e-06
13212,4.974728379830461e-06
13213,2.922652923150396e-05
13214,4.974728379830461e-06
13215,9.949456759660923e-06
13216,8.705774664703308e-06
13217,3.731046284872846e-06
13218,5.596569427309269e-06
13219,3.109205237394038e-06
13220,4.974728379830461e-06
13221,3.731046284872846e-06
13222,1.554602618697019e-05
13223,3.109205237394038e-06
13224,4.974728379830461e-06
13225,1.1193138854618537e-05
13226,1.2436820949576152e-05
13227,6.218410474788076e-06
13228,3.731046284872846e-06
13229,3.109205237394038e-06
13230,3.731046284872846e-06
13231,1.554602618697019e-05
13232,4.974728379830461e-06
13233,6.8402515222668845e-06
13234,6.218410474788076e-06
13235,2.114259561427946e-05
13236,1.4924185139491384e-05
13237,3.731046284872846e-06
13238,4.352887332351654e-06
13239,3.731046284872846e-06
13240,2.5495482946631114e-05
13241,9.327615712182115e-06
13242,4.352887332351654e-06
13243,8.0839336172245e-06
13244,5.596569427309269e-06
13245,1.7411549329406615e-05
13246,1.057129780713973e-05
13247,1.1814979902097345e-05
13248,1.2436820949576152e-05
13249,1.4924185139491384e-05
13250,8.0839336172245e-06
13251,4.352887332351654e-06
13252,3.109205237394038e-06
13253,9.949456759660923e-06
13254,1.6167867234449e-05
13255,4.974728379830461e-06
13256,6.8402515222668845e-06
13257,1.1193138854618537e-05
13258,3.731046284872846e-05
13259,7.462092569745692e-06
13260,4.974728379830461e-06
13261,1.9277072471843036e-05
13262,5.596569427309269e-06
13263,4.352887332351654e-06
13264,8.0839336172245e-06
13265,3.731046284872846e-06
13266,4.974728379830461e-06
13267,2.4873641899152306e-06
13268,1.803339037688542e-05
13269,1.2436820949576152e-05
13270,4.352887332351654e-06
13271,3.109205237394038e-06
13272,4.352887332351654e-06
13273,3.109205237394038e-06
13274,8.0839336172245e-06
13275,6.8402515222668845e-06
13276,1.4924185139491384e-05
13277,5.596569427309269e-06
13278,3.109205237394038e-06
13279,5.596569427309269e-06
13280,3.109205237394038e-06
13281,3.109205237394038e-06
13282,3.731046284872846e-06
13283,8.0839336172245e-06
13284,3.109205237394038e-06
13285,6.218410474788076e-06
13286,1.4924185139491384e-05
13287,3.109205237394038e-06
13288,3.109205237394038e-06
13289,3.731046284872846e-06
13290,3.109205237394038e-06
13291,5.596569427309269e-06
13292,1.3680503044533769e-05
13293,1.2436820949576152e-05
13294,2.0520754566800654e-05
13295,3.109205237394038e-06
13296,1.803339037688542e-05
13297,4.352887332351654e-06
13298,7.462092569745692e-06
13299,1.554602618697019e-05
13300,1.3058661997054962e-05
13301,3.109205237394038e-06
13302,3.731046284872846e-06
13303,1.9898913519321845e-05
13304,4.104150913360131e-05
13305,4.352887332351654e-06
13306,3.109205237394038e-06
13307,4.974728379830461e-06
13308,2.4873641899152306e-06
13309,4.352887332351654e-06
13310,4.352887332351654e-06
13311,1.9277072471843036e-05
13312,2.4873641899152306e-06
13313,3.109205237394038e-06
13314,1.1814979902097345e-05
13315,7.462092569745692e-06
13316,7.462092569745692e-06
13317,8.705774664703308e-06
13318,1.1814979902097345e-05
13319,4.974728379830461e-06
13320,8.0839336172245e-06
13321,1.6789708281927806e-05
13322,6.218410474788076e-06
13323,1.803339037688542e-05
13324,1.7411549329406615e-05
13325,9.949456759660923e-06
13326,1.6167867234449e-05
13327,4.974728379830461e-06
13328,3.731046284872846e-06
13329,7.462092569745692e-06
13330,6.218410474788076e-06
13331,1.9277072471843036e-05
13332,9.327615712182115e-06
13333,2.5495482946631114e-05
13334,7.462092569745692e-06
13335,8.705774664703308e-06
13336,3.731046284872846e-06
13337,4.974728379830461e-06
13338,3.731046284872846e-06
13339,4.974728379830461e-06
13340,4.352887332351654e-06
13341,6.218410474788076e-06
13342,9.327615712182115e-06
13343,7.462092569745692e-06
13344,1.9898913519321845e-05
13345,3.109205237394038e-06
13346,1.1193138854618537e-05
13347,3.731046284872846e-06
13348,1.3058661997054962e-05
13349,9.949456759660923e-06
13350,1.3058661997054962e-05
13351,9.327615712182115e-06
13352,3.2335734468898e-05
13353,3.731046284872846e-06
13354,5.596569427309269e-06
13355,1.7411549329406615e-05
13356,3.731046284872846e-06
13357,1.3680503044533769e-05
13358,2.8604688184025153e-05
13359,1.2436820949576152e-05
13360,4.352887332351654e-06
13361,4.974728379830461e-06
13362,4.352887332351654e-06
13363,3.731046284872846e-06
13364,3.731046284872846e-06
13365,1.1814979902097345e-05
13366,3.109205237394038e-06
13367,3.109205237394038e-06
13368,3.109205237394038e-06
13369,7.462092569745692e-06
13370,6.8402515222668845e-06
13371,6.8402515222668845e-06
13372,3.109205237394038e-06
13373,6.8402515222668845e-06
13374,3.731046284872846e-06
13375,4.974728379830461e-06
13376,5.596569427309269e-06
13377,1.4924185139491384e-05
13378,1.057129780713973e-05
13379,2.7982847136546344e-05
13380,4.352887332351654e-06
13381,2.3008118756715884e-05
13382,3.109205237394038e-06
13383,6.218410474788076e-06
13384,9.327615712182115e-06
13385,1.554602618697019e-05
13386,3.731046284872846e-06
13387,4.974728379830461e-06
13388,4.352887332351654e-06
13389,5.596569427309269e-06
13390,5.596569427309269e-06
13391,3.731046284872846e-06
13392,7.462092569745692e-06
13393,8.0839336172245e-06
13394,4.974728379830461e-06
13395,1.803339037688542e-05
13396,4.352887332351654e-06
13397,1.1814979902097345e-05
13398,8.0839336172245e-06
13399,6.8402515222668845e-06
13400,1.3058661997054962e-05
13401,3.109205237394038e-06
13402,6.8402515222668845e-06
13403,3.109205237394038e-06
13404,2.5495482946631114e-05
13405,1.803339037688542e-05
13406,5.596569427309269e-06
13407,4.974728379830461e-06
13408,6.8402515222668845e-06
13409,1.2436820949576152e-05
13410,6.8402515222668845e-06
13411,1.3680503044533769e-05
13412,4.352887332351654e-06
13413,1.1814979902097345e-05
13414,4.104150913360131e-05
13415,1.2436820949576152e-05
13416,3.9175985991164885e-05
13417,6.218410474788076e-06
13418,1.1814979902097345e-05
13419,3.109205237394038e-06
13420,9.949456759660923e-06
13421,6.8402515222668845e-06
13422,9.327615712182115e-06
13423,6.218410474788076e-06
13424,3.295757551637681e-05
13425,1.865523142436423e-05
13426,7.462092569745692e-06
13427,8.705774664703308e-06
13428,2.2386277709237075e-05
13429,3.109205237394038e-06
13430,9.949456759660923e-06
13431,2.4873641899152306e-06
13432,1.9277072471843036e-05
13433,3.731046284872846e-06
13434,8.0839336172245e-06
13435,2.176443666175827e-05
13436,7.462092569745692e-06
13437,1.3680503044533769e-05
13438,1.3058661997054962e-05
13439,4.974728379830461e-06
13440,4.974728379830461e-06
13441,1.6789708281927806e-05
13442,5.596569427309269e-06
13443,6.218410474788076e-06
13444,3.731046284872846e-06
13445,3.109205237394038e-06
13446,3.731046284872846e-06
13447,1.057129780713973e-05
13448,4.352887332351654e-06
13449,1.1193138854618537e-05
13450,2.362995980419469e-05
13451,5.596569427309269e-06
13452,6.218410474788076e-06
13453,6.8402515222668845e-06
13454,9.327615712182115e-06
13455,1.057129780713973e-05
13456,3.109205237394038e-06
13457,1.6167867234449e-05
13458,8.0839336172245e-06
13459,4.352887332351654e-06
13460,1.1814979902097345e-05
13461,2.5495482946631114e-05
13462,7.462092569745692e-06
13463,3.109205237394038e-06
13464,1.2436820949576152e-05
13465,8.0839336172245e-06
13466,4.974728379830461e-06
13467,9.949456759660923e-06
13468,3.109205237394038e-06
13469,2.4873641899152306e-06
13470,1.554602618697019e-05
13471,1.2436820949576152e-05
13472,9.327615712182115e-06
13473,9.949456759660923e-06
13474,6.8402515222668845e-06
13475,1.1193138854618537e-05
13476,8.0839336172245e-06
13477,3.109205237394038e-06
13478,4.974728379830461e-06
13479,1.4924185139491384e-05
13480,6.218410474788076e-06
13481,3.109205237394038e-06
13482,2.0520754566800654e-05
13483,4.352887332351654e-06
13484,8.705774664703308e-06
13485,1.9277072471843036e-05
13486,4.974728379830461e-06
13487,1.6167867234449e-05
13488,5.596569427309269e-06
13489,1.2436820949576152e-05
13490,1.1814979902097345e-05
13491,4.352887332351654e-06
13492,4.352887332351654e-06
13493,3.109205237394038e-06
13494,6.8402515222668845e-06
13495,1.057129780713973e-05
13496,4.352887332351654e-06
13497,1.6167867234449e-05
13498,3.109205237394038e-06
13499,1.1814979902097345e-05
13500,1.2436820949576152e-05
13501,3.731046284872846e-06
13502,3.109205237394038e-06
13503,1.1814979902097345e-05
13504,4.352887332351654e-06
13505,3.731046284872846e-06
13506,6.218410474788076e-06
13507,7.462092569745692e-06
13508,5.2234647988219846e-05
13509,4.974728379830461e-06
13510,2.176443666175827e-05
13511,1.3058661997054962e-05
13512,8.0839336172245e-06
13513,3.109205237394038e-06
13514,3.109205237394038e-06
13515,6.218410474788076e-06
13516,5.596569427309269e-06
13517,8.0839336172245e-06
13518,8.705774664703308e-06
13519,3.2335734468898e-05
13520,3.731046284872846e-06
13521,6.218410474788076e-06
13522,8.0839336172245e-06
13523,1.803339037688542e-05
13524,3.295757551637681e-05
13525,3.109205237394038e-06
13526,3.109205237394038e-06
13527,7.462092569745692e-06
13528,3.109205237394038e-06
13529,4.352887332351654e-06
13530,4.352887332351654e-06
13531,3.109205237394038e-06
13532,4.352887332351654e-06
13533,1.2436820949576152e-05
13534,1.6167867234449e-05
13535,4.352887332351654e-06
13536,3.109205237394038e-06
13537,3.109205237394038e-06
13538,3.0470211326461574e-05
13539,6.218410474788076e-06
13540,9.327615712182115e-06
13541,8.0839336172245e-06
13542,3.979782703864369e-05
13543,7.462092569745692e-06
13544,4.352887332351654e-06
13545,2.7982847136546344e-05
13546,1.6789708281927806e-05
13547,3.731046284872846e-06
13548,1.1193138854618537e-05
13549,8.705774664703308e-06
13550,3.731046284872846e-06
13551,6.8402515222668845e-06
13552,3.731046284872846e-06
13553,6.218410474788076e-06
13554,8.0839336172245e-06
13555,6.8402515222668845e-06
13556,3.731046284872846e-06
13557,3.731046284872846e-06
13558,4.352887332351654e-06
13559,5.596569427309269e-06
13560,4.974728379830461e-06
13561,5.596569427309269e-06
13562,6.8402515222668845e-06
13563,1.3058661997054962e-05
13564,6.218410474788077e-05
13565,6.218410474788076e-06
13566,6.840251522266884e-05
13567,3.731046284872846e-06
13568,5.596569427309269e-06
13569,3.109205237394038e-06
13570,3.731046284872846e-06
13571,1.057129780713973e-05
13572,3.731046284872846e-06
13573,6.218410474788076e-06
13574,8.0839336172245e-06
13575,4.352887332351654e-06
13576,3.109205237394038e-06
13577,4.352887332351654e-06
13578,2.4873641899152306e-06
13579,5.596569427309269e-06
13580,7.462092569745692e-06
13581,4.8503601703347e-05
13582,5.596569427309269e-06
13583,9.949456759660923e-06
13584,4.352887332351654e-06
13585,1.3680503044533769e-05
13586,1.4924185139491384e-05
13587,3.731046284872846e-06
13588,3.109205237394038e-06
13589,1.057129780713973e-05
13590,8.0839336172245e-06
13591,6.8402515222668845e-06
13592,1.803339037688542e-05
13593,3.109205237394038e-06
13594,3.731046284872846e-06
13595,3.109205237394038e-06
13596,1.1193138854618537e-05
13597,1.7411549329406615e-05
13598,3.109205237394038e-06
13599,4.352887332351654e-06
13600,8.705774664703308e-06
13601,8.705774664703308e-06
13602,1.4924185139491384e-05
13603,9.949456759660923e-06
13604,5.596569427309269e-06
13605,1.2436820949576152e-05
13606,1.865523142436423e-05
13607,1.1814979902097345e-05
13608,3.731046284872846e-06
13609,3.731046284872846e-06
13610,3.731046284872846e-06
13611,8.0839336172245e-06
13612,1.1193138854618537e-05
13613,1.4302344092012576e-05
13614,1.3680503044533769e-05
13615,1.4924185139491384e-05
13616,1.4924185139491384e-05
13617,1.3058661997054962e-05
13618,9.949456759660923e-06
13619,1.3680503044533769e-05
13620,2.7982847136546344e-05
13621,4.352887332351654e-06
13622,9.949456759660923e-06
13623,3.109205237394038e-06
13624,3.109205237394038e-06
13625,5.596569427309269e-06
13626,6.218410474788076e-06
13627,4.352887332351654e-06
13628,1.1193138854618537e-05
13629,9.327615712182115e-06
13630,4.352887332351654e-06
13631,4.974728379830461e-06
13632,2.4873641899152306e-06
13633,1.057129780713973e-05
13634,4.974728379830461e-06
13635,1.1814979902097345e-05
13636,4.974728379830461e-06
13637,1.3058661997054962e-05
13638,4.974728379830461e-06
13639,3.109205237394038e-06
13640,1.4924185139491384e-05
13641,1.2436820949576152e-05
13642,1.803339037688542e-05
13643,9.327615712182115e-06
13644,8.705774664703308e-06
13645,4.352887332351654e-06
13646,3.731046284872846e-06
13647,4.974728379830461e-06
13648,8.0839336172245e-06
13649,1.865523142436423e-05
13650,7.462092569745692e-06
13651,6.8402515222668845e-06
13652,9.327615712182115e-06
13653,2.3008118756715884e-05
13654,1.554602618697019e-05
13655,4.352887332351654e-05
13656,1.4924185139491384e-05
13657,4.352887332351654e-06
13658,3.109205237394038e-06
13659,5.596569427309269e-06
13660,3.731046284872846e-06
13661,4.974728379830461e-06
13662,3.731046284872846e-06
13663,4.352887332351654e-06
13664,1.4302344092012576e-05
13665,3.109205237394038e-06
13666,2.0520754566800654e-05
13667,6.218410474788076e-06
13668,3.731046284872846e-06
13669,3.109205237394038e-06
13670,6.218410474788076e-06
13671,9.949456759660923e-06
13672,7.462092569745692e-06
13673,3.731046284872846e-06
13674,8.0839336172245e-06
13675,3.731046284872846e-06
13676,5.596569427309269e-06
13677,7.462092569745692e-06
13678,6.218410474788076e-06
13679,1.3680503044533769e-05
13680,6.8402515222668845e-06
13681,4.974728379830461e-06
13682,5.596569427309269e-06
13683,1.865523142436423e-05
13684,3.109205237394038e-06
13685,1.554602618697019e-05
13686,4.352887332351654e-06
13687,1.6167867234449e-05
13688,1.865523142436423e-05
13689,7.462092569745692e-06
13690,9.327615712182115e-06
13691,4.352887332351654e-06
13692,5.596569427309269e-06
13693,6.218410474788076e-06
13694,3.109205237394038e-06
13695,6.8402515222668845e-06
13696,9.327615712182115e-06
13697,4.974728379830461e-06
13698,9.327615712182115e-06
13699,2.8604688184025153e-05
13700,6.218410474788076e-06
13701,4.352887332351654e-06
13702,2.5495482946631114e-05
13703,1.3680503044533769e-05
13704,4.974728379830461e-06
13705,2.6117323994109923e-05
13706,4.974728379830461e-06
13707,4.974728379830461e-06
13708,4.974728379830461e-06
13709,4.974728379830461e-06
13710,4.974728379830461e-06
13711,3.731046284872846e-06
13712,1.6167867234449e-05
13713,1.057129780713973e-05
13714,9.327615712182115e-06
13715,3.731046284872846e-06
13716,3.731046284872846e-06
13717,3.731046284872846e-06
13718,8.705774664703308e-06
13719,8.705774664703308e-06
13720,9.327615712182115e-06
13721,2.114259561427946e-05
13722,4.974728379830461e-06
13723,7.462092569745692e-06
13724,3.109205237394038e-06
13725,6.8402515222668845e-06
13726,3.731046284872846e-06
13727,6.218410474788076e-06
13728,4.974728379830461e-06
13729,7.462092569745692e-06
13730,7.462092569745692e-06
13731,3.731046284872846e-06
13732,5.596569427309269e-06
13733,7.462092569745692e-06
13734,1.1814979902097345e-05
13735,1.803339037688542e-05
13736,1.1193138854618537e-05
13737,7.462092569745692e-06
13738,1.4302344092012576e-05
13739,3.731046284872846e-06
13740,4.974728379830461e-06
13741,4.974728379830461e-06
13742,4.974728379830461e-06
13743,9.949456759660923e-06
13744,1.3058661997054962e-05
13745,4.974728379830461e-06
13746,4.974728379830461e-06
13747,4.974728379830461e-06
13748,4.974728379830461e-06
13749,4.974728379830461e-06
13750,4.974728379830461e-06
13751,2.6117323994109923e-05
13752,4.974728379830461e-06
13753,4.974728379830461e-06
13754,4.974728379830461e-06
13755,8.705774664703308e-06
13756,3.109205237394038e-06
13757,1.6789708281927806e-05
13758,3.731046284872846e-06
13759,3.731046284872846e-06
13760,3.731046284872846e-06
13761,3.731046284872846e-06
13762,3.731046284872846e-06
13763,4.974728379830461e-06
13764,3.731046284872846e-06
13765,3.731046284872846e-06
13766,4.352887332351654e-06
13767,1.554602618697019e-05
13768,3.731046284872846e-06
13769,4.974728379830461e-06
13770,4.974728379830461e-06
13771,6.218410474788076e-06
13772,4.352887332351654e-06
13773,4.352887332351654e-06
13774,6.218410474788076e-06
13775,1.554602618697019e-05
13776,5.4722012178135076e-05
13777,4.974728379830461e-06
13778,3.731046284872846e-06
13779,4.352887332351654e-06
13780,1.057129780713973e-05
13781,3.731046284872846e-06
13782,1.1814979902097345e-05
13783,3.109205237394038e-06
13784,1.1814979902097345e-05
13785,4.974728379830461e-06
13786,8.0839336172245e-06
13787,1.6789708281927806e-05
13788,1.057129780713973e-05
13789,7.462092569745692e-06
13790,7.462092569745692e-06
13791,7.462092569745692e-06
13792,7.462092569745692e-06
13793,7.462092569745692e-06
13794,3.731046284872846e-06
13795,1.7411549329406615e-05
13796,3.731046284872846e-06
13797,3.731046284872846e-06
13798,3.731046284872846e-06
13799,3.731046284872846e-06
13800,3.731046284872846e-06
13801,2.922652923150396e-05
13802,4.974728379830461e-06
13803,4.974728379830461e-06
13804,3.420125761133442e-05
13805,3.295757551637681e-05
13806,1.2436820949576152e-05
13807,4.974728379830461e-06
13808,1.1814979902097345e-05
13809,4.974728379830461e-06
13810,1.554602618697019e-05
13811,3.731046284872846e-06
13812,4.974728379830461e-06
13813,6.218410474788076e-06
13814,3.731046284872846e-06
13815,4.352887332351654e-06
13816,1.3680503044533769e-05
13817,3.731046284872846e-06
13818,4.352887332351654e-06
13819,9.949456759660923e-06
13820,2.362995980419469e-05
13821,3.731046284872846e-06
13822,3.731046284872846e-06
13823,3.731046284872846e-06
13824,4.352887332351654e-06
13825,3.731046284872846e-06
13826,3.731046284872846e-06
13827,3.731046284872846e-06
13828,1.6167867234449e-05
13829,6.218410474788076e-06
13830,4.974728379830461e-06
13831,1.7411549329406615e-05
13832,5.596569427309269e-06
13833,9.327615712182115e-06
13834,4.974728379830461e-06
13835,3.731046284872846e-06
13836,9.949456759660923e-06
13837,4.352887332351654e-06
13838,6.218410474788076e-06
13839,3.731046284872846e-06
13840,1.3680503044533769e-05
13841,4.352887332351654e-06
13842,3.731046284872846e-06
13843,4.352887332351654e-06
13844,3.731046284872846e-06
13845,1.4302344092012576e-05
13846,1.4924185139491384e-05
13847,4.352887332351654e-06
13848,3.109205237394038e-06
13849,1.6167867234449e-05
13850,3.731046284872846e-06
13851,3.731046284872846e-06
13852,3.731046284872846e-06
13853,3.731046284872846e-06
13854,8.0839336172245e-06
13855,1.4302344092012576e-05
13856,2.2386277709237075e-05
13857,1.1193138854618537e-05
13858,6.218410474788076e-06
13859,8.705774664703308e-06
13860,7.462092569745692e-06
13861,6.218410474788076e-06
13862,5.596569427309269e-06
13863,5.596569427309269e-06
13864,9.949456759660923e-06
13865,6.8402515222668845e-06
13866,3.109205237394038e-06
13867,3.731046284872846e-06
13868,4.974728379830461e-06
13869,3.731046284872846e-06
13870,1.1193138854618537e-05
13871,4.974728379830461e-06
13872,6.218410474788076e-06
13873,3.109205237394038e-06
13874,6.8402515222668845e-06
13875,1.803339037688542e-05
13876,1.9277072471843036e-05
13877,3.731046284872846e-06
13878,1.1193138854618537e-05
13879,5.596569427309269e-06
13880,4.352887332351654e-06
13881,3.109205237394038e-06
13882,5.596569427309269e-06
13883,1.4302344092012576e-05
13884,4.352887332351654e-06
13885,1.554602618697019e-05
13886,3.731046284872846e-06
13887,3.731046284872846e-06
13888,6.8402515222668845e-06
13889,6.8402515222668845e-06
13890,8.0839336172245e-06
13891,3.731046284872846e-06
13892,3.731046284872846e-06
13893,1.1814979902097345e-05
13894,9.327615712182115e-06
13895,3.731046284872846e-06
13896,4.352887332351654e-06
13897,1.057129780713973e-05
13898,4.9125442750825804e-05
13899,4.725991960838938e-05
13900,3.731046284872846e-06
13901,4.352887332351654e-06
13902,3.731046284872846e-06
13903,8.0839336172245e-06
13904,1.3058661997054962e-05
13905,3.731046284872846e-06
13906,8.705774664703308e-06
13907,8.0839336172245e-06
13908,2.4873641899152306e-06
13909,9.327615712182115e-06
13910,4.974728379830461e-06
13911,6.8402515222668845e-06
13912,9.327615712182115e-06
13913,4.974728379830461e-06
13914,6.218410474788076e-06
13915,6.218410474788076e-06
13916,2.4873641899152306e-06
13917,8.705774664703308e-06
13918,3.109205237394038e-06
13919,9.327615712182115e-06
13920,6.218410474788076e-06
13921,1.1193138854618537e-05
13922,6.8402515222668845e-06
13923,4.974728379830461e-06
13924,3.731046284872846e-06
13925,3.109205237394038e-06
13926,5.596569427309269e-06
13927,3.109205237394038e-06
13928,1.2436820949576152e-05
13929,4.104150913360131e-05
13930,3.109205237394038e-06
13931,3.109205237394038e-06
13932,8.0839336172245e-06
13933,1.2436820949576152e-05
13934,5.596569427309269e-06
13935,1.6167867234449e-05
13936,1.554602618697019e-05
13937,4.974728379830461e-06
13938,2.114259561427946e-05
13939,3.731046284872846e-06
13940,7.462092569745692e-06
13941,4.352887332351654e-06
13942,1.4302344092012576e-05
13943,1.2436820949576152e-05
13944,2.4873641899152306e-06
13945,3.109205237394038e-06
13946,3.731046284872846e-06
13947,8.0839336172245e-06
13948,3.731046284872846e-06
13949,1.1193138854618537e-05
13950,6.8402515222668845e-06
13951,3.731046284872846e-06
13952,3.109205237394038e-06
13953,2.922652923150396e-05
13954,1.057129780713973e-05
13955,8.705774664703308e-06
13956,1.7411549329406615e-05
13957,8.0839336172245e-06
13958,4.352887332351654e-06
13959,8.0839336172245e-06
13960,5.596569427309269e-06
13961,5.596569427309269e-06
13962,3.731046284872846e-06
13963,1.057129780713973e-05
13964,7.462092569745692e-06
13965,1.3058661997054962e-05
13966,3.109205237394038e-06
13967,9.327615712182115e-06
13968,3.109205237394038e-06
13969,3.731046284872846e-06
13970,9.327615712182115e-06
13971,1.4924185139491384e-05
13972,1.865523142436423e-06
13973,2.0520754566800654e-05
13974,4.974728379830461e-06
13975,3.109205237394038e-06
13976,2.673916504158873e-05
13977,3.731046284872846e-06
13978,6.218410474788076e-06
13979,1.9277072471843036e-05
13980,1.2436820949576152e-05
13981,2.0520754566800654e-05
13982,3.731046284872846e-06
13983,8.0839336172245e-06
13984,6.218410474788076e-06
13985,4.974728379830461e-06
13986,3.109205237394038e-06
13987,1.3058661997054962e-05
13988,5.596569427309269e-06
13989,5.596569427309269e-06
13990,3.731046284872846e-06
13991,1.1814979902097345e-05
13992,8.0839336172245e-06
13993,3.109205237394038e-06
13994,7.462092569745692e-06
13995,9.327615712182115e-06
13996,3.109205237394038e-06
13997,2.2386277709237075e-05
13998,1.7411549329406615e-05
13999,3.109205237394038e-06
14000,4.352887332351654e-06
14001,8.0839336172245e-06
14002,8.705774664703308e-06
14003,1.7411549329406615e-05
14004,3.109205237394038e-06
14005,5.596569427309269e-06
14006,1.6789708281927806e-05
14007,7.462092569745692e-06
14008,9.327615712182115e-06
14009,4.352887332351654e-06
14010,1.3058661997054962e-05
14011,9.949456759660923e-06
14012,4.974728379830461e-06
14013,7.462092569745692e-06
14014,5.596569427309269e-06
14015,8.705774664703308e-06
14016,1.057129780713973e-05
14017,6.218410474788076e-06
14018,4.974728379830461e-06
14019,9.327615712182115e-06
14020,1.3058661997054962e-05
14021,6.218410474788076e-06
14022,5.596569427309269e-06
14023,5.596569427309269e-06
14024,3.109205237394038e-06
14025,3.109205237394038e-06
14026,3.109205237394038e-06
14027,9.949456759660923e-06
14028,3.109205237394038e-06
14029,6.218410474788076e-06
14030,2.0520754566800654e-05
14031,1.554602618697019e-05
14032,1.7411549329406615e-05
14033,4.974728379830461e-06
14034,4.352887332351654e-06
14035,4.352887332351654e-06
14036,8.0839336172245e-06
14037,3.109205237394038e-06
14038,7.462092569745692e-06
14039,1.4302344092012576e-05
14040,5.596569427309269e-06
14041,7.462092569745692e-06
14042,9.949456759660923e-06
14043,4.352887332351654e-06
14044,3.109205237394038e-06
14045,9.949456759660923e-06
14046,4.352887332351654e-06
14047,7.462092569745692e-06
14048,3.731046284872846e-06
14049,8.705774664703308e-06
14050,3.109205237394038e-06
14051,1.1814979902097345e-05
14052,3.731046284872846e-06
14053,1.2436820949576152e-05
14054,3.109205237394038e-06
14055,4.352887332351654e-06
14056,3.731046284872846e-06
14057,4.352887332351654e-06
14058,1.2436820949576152e-05
14059,3.0470211326461574e-05
14060,4.974728379830461e-06
14061,3.109205237394038e-06
14062,1.9898913519321845e-05
14063,1.6789708281927806e-05
14064,5.596569427309269e-06
14065,7.462092569745692e-06
14066,4.974728379830461e-06
14067,9.949456759660923e-06
14068,4.352887332351654e-06
14069,2.4873641899152306e-06
14070,6.218410474788076e-06
14071,4.352887332351654e-06
14072,3.731046284872846e-06
14073,1.1814979902097345e-05
14074,6.8402515222668845e-06
14075,6.8402515222668845e-06
14076,8.0839336172245e-06
14077,2.176443666175827e-05
14078,6.218410474788076e-06
14079,6.218410474788076e-06
14080,3.109205237394038e-06
14081,1.2436820949576152e-05
14082,3.731046284872846e-06
14083,8.0839336172245e-06
14084,4.352887332351654e-06
14085,4.352887332351654e-06
14086,1.7411549329406615e-05
14087,6.218410474788076e-06
14088,4.974728379830461e-06
14089,3.109205237394038e-06
14090,8.0839336172245e-06
14091,5.596569427309269e-06
14092,4.352887332351654e-06
14093,1.057129780713973e-05
14094,7.462092569745692e-06
14095,1.1814979902097345e-05
14096,1.057129780713973e-05
14097,3.109205237394038e-06
14098,3.731046284872846e-06
14099,7.462092569745692e-06
14100,4.974728379830461e-06
14101,5.596569427309269e-06
14102,3.731046284872846e-06
14103,3.109205237394038e-06
14104,4.352887332351654e-06
14105,2.0520754566800654e-05
14106,8.705774664703308e-06
14107,7.462092569745692e-06
14108,4.974728379830461e-06
14109,4.352887332351654e-06
14110,1.1814979902097345e-05
14111,3.109205237394038e-06
14112,1.9898913519321845e-05
14113,1.3058661997054962e-05
14114,6.8402515222668845e-06
14115,3.109205237394038e-06
14116,4.974728379830461e-06
14117,3.9175985991164885e-05
14118,8.705774664703308e-06
14119,1.6167867234449e-05
14120,1.1193138854618537e-05
14121,4.352887332351654e-06
14122,1.3680503044533769e-05
14123,6.218410474788076e-06
14124,4.352887332351654e-06
14125,6.8402515222668845e-06
14126,9.327615712182115e-06
14127,1.057129780713973e-05
14128,3.109205237394038e-06
14129,6.8402515222668845e-06
14130,5.596569427309269e-06
14131,1.1193138854618537e-05
14132,6.8402515222668845e-06
14133,4.352887332351654e-06
14134,7.462092569745692e-06
14135,9.327615712182115e-06
14136,7.462092569745692e-06
14137,3.7932303896207266e-05
14138,3.109205237394038e-06
14139,4.974728379830461e-06
14140,4.974728379830461e-06
14141,8.705774664703308e-06
14142,3.109205237394038e-06
14143,3.109205237394038e-06
14144,3.731046284872846e-06
14145,9.327615712182115e-06
14146,3.109205237394038e-06
14147,1.3058661997054962e-05
14148,5.596569427309269e-06
14149,9.327615712182115e-06
14150,8.0839336172245e-06
14151,8.519222350459665e-05
14152,3.109205237394038e-06
14153,9.949456759660923e-06
14154,5.1612806940741034e-05
14155,4.352887332351654e-06
14156,3.109205237394038e-06
14157,1.4302344092012576e-05
14158,3.109205237394038e-06
14159,2.4873641899152306e-06
14160,3.109205237394038e-06
14161,3.731046284872846e-06
14162,1.4924185139491384e-05
14163,4.974728379830461e-06
14164,1.6789708281927806e-05
14165,3.109205237394038e-06
14166,3.109205237394038e-06
14167,2.6117323994109923e-05
14168,1.6789708281927806e-05
14169,1.1814979902097345e-05
14170,4.974728379830461e-06
14171,6.218410474788076e-06
14172,3.731046284872846e-06
14173,4.974728379830461e-06
14174,4.974728379830461e-06
14175,6.218410474788076e-06
14176,1.1814979902097345e-05
14177,9.327615712182115e-06
14178,3.109205237394038e-06
14179,2.4873641899152306e-06
14180,3.109205237394038e-06
14181,1.3680503044533769e-05
14182,4.352887332351654e-06
14183,7.462092569745692e-06
14184,3.731046284872846e-06
14185,2.7982847136546344e-05
14186,1.1814979902097345e-05
14187,3.731046284872846e-06
14188,5.596569427309269e-06
14189,4.974728379830461e-06
14190,3.731046284872846e-06
14191,4.352887332351654e-06
14192,3.731046284872846e-06
14193,4.352887332351654e-06
14194,6.218410474788076e-06
14195,3.731046284872846e-06
14196,4.352887332351654e-06
14197,3.109205237394038e-06
14198,1.1193138854618537e-05
14199,5.596569427309269e-06
14200,5.596569427309269e-06
14201,3.109205237394038e-06
14202,3.109205237394038e-06
14203,6.218410474788076e-06
14204,6.218410474788076e-06
14205,2.114259561427946e-05
14206,1.4302344092012576e-05
14207,1.9898913519321845e-05
14208,4.352887332351654e-06
14209,9.327615712182115e-06
14210,4.352887332351654e-06
14211,1.3058661997054962e-05
14212,3.109205237394038e-06
14213,1.865523142436423e-06
14214,1.3680503044533769e-05
14215,3.731046284872846e-06
14216,1.803339037688542e-05
14217,1.9898913519321845e-05
14218,7.462092569745692e-06
14219,5.596569427309269e-06
14220,4.352887332351654e-06
14221,6.218410474788076e-06
14222,2.42518008516735e-05
14223,5.596569427309269e-06
14224,1.6167867234449e-05
14225,2.114259561427946e-05
14226,6.8402515222668845e-06
14227,3.109205237394038e-06
14228,2.5495482946631114e-05
14229,2.6117323994109923e-05
14230,5.596569427309269e-06
14231,3.109205237394038e-06
14232,3.109205237394038e-06
14233,3.109205237394038e-06
14234,4.352887332351654e-06
14235,3.731046284872846e-06
14236,3.109205237394038e-06
14237,7.462092569745692e-06
14238,6.218410474788076e-06
14239,8.0839336172245e-06
14240,5.596569427309269e-06
14241,3.731046284872846e-06
14242,4.352887332351654e-06
14243,4.974728379830461e-06
14244,5.596569427309269e-06
14245,3.731046284872846e-06
14246,6.218410474788076e-06
14247,8.0839336172245e-06
14248,3.109205237394038e-06
14249,8.705774664703308e-06
14250,1.1814979902097345e-05
14251,3.109205237394038e-06
14252,6.218410474788076e-06
14253,3.731046284872846e-06
14254,6.218410474788076e-06
14255,3.731046284872846e-06
14256,5.596569427309269e-06
14257,4.974728379830461e-06
14258,1.4924185139491384e-05
14259,8.705774664703308e-06
14260,4.974728379830461e-06
14261,1.3058661997054962e-05
14262,3.731046284872846e-06
14263,1.1193138854618537e-05
14264,1.865523142436423e-05
14265,1.865523142436423e-06
14266,1.554602618697019e-05
14267,1.865523142436423e-05
14268,3.109205237394038e-06
14269,4.352887332351654e-06
14270,4.352887332351654e-06
14271,6.218410474788076e-06
14272,1.865523142436423e-06
14273,3.731046284872846e-06
14274,4.974728379830461e-06
14275,2.5495482946631114e-05
14276,3.731046284872846e-06
14277,9.949456759660923e-06
14278,6.218410474788076e-06
14279,3.109205237394038e-06
14280,2.4873641899152306e-06
14281,5.596569427309269e-06
14282,9.949456759660923e-06
14283,3.109205237394038e-06
14284,4.974728379830461e-06
14285,9.327615712182115e-06
14286,1.3680503044533769e-05
14287,9.327615712182115e-06
14288,5.596569427309269e-06
14289,3.109205237394038e-06
14290,5.596569427309269e-06
14291,1.9277072471843036e-05
14292,6.218410474788076e-06
14293,4.974728379830461e-06
14294,3.109205237394038e-06
14295,4.974728379830461e-06
14296,6.218410474788076e-06
14297,3.731046284872846e-06
14298,1.865523142436423e-05
14299,2.4873641899152306e-06
14300,1.6167867234449e-05
14301,7.462092569745692e-06
14302,3.731046284872846e-06
14303,2.5495482946631114e-05
14304,6.8402515222668845e-06
14305,6.218410474788076e-06
14306,1.057129780713973e-05
14307,3.109205237394038e-06
14308,3.731046284872846e-06
14309,4.352887332351654e-06
14310,3.731046284872846e-06
14311,1.3680503044533769e-05
14312,4.974728379830461e-06
14313,1.1193138854618537e-05
14314,5.596569427309269e-06
14315,6.218410474788076e-06
14316,4.352887332351654e-06
14317,8.705774664703308e-06
14318,2.42518008516735e-05
14319,9.949456759660923e-06
14320,3.731046284872846e-06
14321,3.731046284872846e-06
14322,6.218410474788076e-06
14323,9.949456759660923e-06
14324,5.596569427309269e-06
14325,9.327615712182115e-06
14326,1.3680503044533769e-05
14327,1.865523142436423e-06
14328,8.705774664703308e-06
14329,3.731046284872846e-06
14330,7.462092569745692e-06
14331,8.705774664703308e-06
14332,4.352887332351654e-06
14333,4.974728379830461e-06
14334,2.922652923150396e-05
14335,7.462092569745692e-06
14336,3.109205237394038e-06
14337,6.218410474788076e-06
14338,4.352887332351654e-06
14339,2.4873641899152306e-06
14340,9.949456759660923e-06
14341,9.327615712182115e-06
14342,4.352887332351654e-06
14343,7.462092569745692e-06
14344,9.949456759660923e-06
14345,4.352887332351654e-06
14346,6.8402515222668845e-06
14347,4.974728379830461e-06
14348,1.554602618697019e-05
14349,3.731046284872846e-06
14350,2.7982847136546344e-05
14351,1.3680503044533769e-05
14352,3.109205237394038e-06
14353,4.352887332351654e-06
14354,6.218410474788076e-06
14355,7.462092569745692e-06
14356,4.974728379830461e-06
14357,8.705774664703308e-06
14358,7.462092569745692e-06
14359,4.352887332351654e-06
14360,3.731046284872846e-06
14361,7.462092569745692e-06
14362,4.352887332351654e-06
14363,6.8402515222668845e-06
14364,4.974728379830461e-06
14365,4.974728379830461e-06
14366,3.731046284872846e-06
14367,3.731046284872846e-06
14368,8.705774664703308e-06
14369,2.4873641899152306e-06
14370,6.218410474788076e-06
14371,3.731046284872846e-06
14372,8.705774664703308e-06
14373,3.109205237394038e-06
14374,3.731046284872846e-06
14375,4.974728379830461e-06
14376,9.949456759660923e-06
14377,1.1193138854618537e-05
14378,2.4873641899152306e-06
14379,8.0839336172245e-06
14380,2.2386277709237075e-05
14381,5.596569427309269e-06
14382,2.114259561427946e-05
14383,4.974728379830461e-06
14384,4.352887332351654e-06
14385,3.731046284872846e-06
14386,1.3680503044533769e-05
14387,8.705774664703308e-06
14388,3.109205237394038e-06
14389,4.974728379830461e-06
14390,4.352887332351654e-06
14391,3.109205237394038e-06
14392,1.6789708281927806e-05
14393,3.109205237394038e-06
14394,4.974728379830461e-06
14395,3.731046284872846e-06
14396,4.974728379830461e-06
14397,4.352887332351654e-06
14398,6.218410474788076e-06
14399,3.109205237394038e-06
14400,8.705774664703308e-06
14401,1.3058661997054962e-05
14402,4.974728379830461e-06
14403,3.731046284872846e-06
14404,6.218410474788076e-06
14405,6.8402515222668845e-06
14406,4.352887332351654e-06
14407,1.2436820949576152e-05
14408,1.1193138854618537e-05
14409,4.974728379830461e-06
14410,1.2436820949576153e-06
14411,3.731046284872846e-06
14412,4.974728379830461e-06
14413,6.218410474788076e-06
14414,9.949456759660923e-06
14415,9.949456759660923e-06
14416,3.109205237394038e-06
14417,6.218410474788076e-06
14418,3.109205237394038e-06
14419,4.974728379830461e-06
14420,3.109205237394038e-06
14421,4.352887332351654e-06
14422,1.4302344092012576e-05
14423,7.462092569745692e-06
14424,1.3680503044533769e-05
14425,4.974728379830461e-06
14426,5.596569427309269e-06
14427,1.057129780713973e-05
14428,6.218410474788076e-06
14429,4.974728379830461e-06
14430,3.109205237394038e-06
14431,1.7411549329406615e-05
14432,6.8402515222668845e-06
14433,5.596569427309269e-06
14434,1.4302344092012576e-05
14435,3.109205237394038e-06
14436,1.6789708281927806e-05
14437,1.6789708281927806e-05
14438,1.3058661997054962e-05
14439,1.2436820949576152e-05
14440,4.352887332351654e-06
14441,4.352887332351654e-06
14442,3.731046284872846e-06
14443,3.731046284872846e-06
14444,4.974728379830461e-06
14445,1.554602618697019e-05
14446,4.974728379830461e-06
14447,7.462092569745692e-06
14448,1.6789708281927806e-05
14449,3.731046284872846e-06
14450,9.327615712182115e-06
14451,7.462092569745692e-06
14452,6.8402515222668845e-06
14453,6.218410474788076e-06
14454,3.731046284872846e-06
14455,4.352887332351654e-06
14456,7.462092569745692e-06
14457,8.705774664703308e-06
14458,2.4873641899152306e-06
14459,5.596569427309269e-06
14460,8.705774664703308e-06
14461,6.218410474788076e-06
14462,4.352887332351654e-06
14463,1.4924185139491384e-05
14464,1.6167867234449e-05
14465,1.1193138854618537e-05
14466,3.731046284872846e-06
14467,1.2436820949576152e-05
14468,1.4302344092012576e-05
14469,4.352887332351654e-06
14470,4.974728379830461e-06
14471,2.362995980419469e-05
14472,3.731046284872846e-06
14473,1.554602618697019e-05
14474,3.731046284872846e-06
14475,4.352887332351654e-06
14476,5.596569427309269e-06
14477,1.057129780713973e-05
14478,8.705774664703308e-06
14479,3.731046284872846e-06
14480,3.109205237394038e-06
14481,6.218410474788076e-06
14482,1.3058661997054962e-05
14483,5.596569427309269e-06
14484,3.731046284872846e-06
14485,6.218410474788076e-06
14486,3.731046284872846e-06
14487,9.327615712182115e-06
14488,3.109205237394038e-06
14489,3.109205237394038e-06
14490,3.109205237394038e-06
14491,8.705774664703308e-06
14492,1.9898913519321845e-05
14493,3.731046284872846e-06
14494,1.1193138854618537e-05
14495,7.462092569745692e-06
14496,1.2436820949576152e-05
14497,3.109205237394038e-06
14498,4.974728379830461e-06
14499,8.705774664703308e-06
14500,4.352887332351654e-06
14501,1.3058661997054962e-05
14502,6.218410474788076e-06
14503,3.109205237394038e-06
14504,2.4873641899152306e-06
14505,8.0839336172245e-06
14506,8.0839336172245e-06
14507,1.1814979902097345e-05
14508,3.109205237394038e-06
14509,8.705774664703308e-06
14510,9.949456759660923e-06
14511,1.4302344092012576e-05
14512,3.109205237394038e-06
14513,6.218410474788076e-06
14514,4.974728379830461e-06
14515,3.731046284872846e-06
14516,1.2436820949576152e-05
14517,3.731046284872846e-06
14518,1.1814979902097345e-05
14519,1.6167867234449e-05
14520,3.731046284872846e-06
14521,8.705774664703308e-06
14522,7.462092569745692e-06
14523,3.109205237394038e-06
14524,4.974728379830461e-06
14525,3.731046284872846e-06
14526,7.462092569745692e-06
14527,3.109205237394038e-06
14528,3.731046284872846e-06
14529,7.462092569745692e-06
14530,4.352887332351654e-06
14531,6.8402515222668845e-06
14532,1.3058661997054962e-05
14533,8.0839336172245e-06
14534,3.731046284872846e-06
14535,1.2436820949576152e-05
14536,6.218410474788076e-06
14537,6.218410474788076e-06
14538,9.949456759660923e-06
14539,3.109205237394038e-06
14540,3.109205237394038e-06
14541,1.2436820949576152e-05
14542,3.731046284872846e-06
14543,3.731046284872846e-06
14544,3.109205237394038e-06
14545,9.949456759660923e-06
14546,3.731046284872846e-06
14547,8.0839336172245e-06
14548,3.109205237394038e-06
14549,1.1814979902097345e-05
14550,4.352887332351654e-06
14551,6.280594579535957e-05
14552,5.596569427309269e-06
14553,1.865523142436423e-05
14554,3.109205237394038e-06
14555,3.731046284872846e-06
14556,3.109205237394038e-06
14557,6.8402515222668845e-06
14558,1.057129780713973e-05
14559,1.9277072471843036e-05
14560,3.731046284872846e-06
14561,8.705774664703308e-06
14562,8.0839336172245e-06
14563,3.109205237394038e-06
14564,2.4873641899152306e-06
14565,4.974728379830461e-06
14566,4.974728379830461e-06
14567,2.42518008516735e-05
14568,6.218410474788076e-06
14569,3.109205237394038e-06
14570,3.109205237394038e-06
14571,4.352887332351654e-06
14572,5.596569427309269e-06
14573,4.352887332351654e-06
14574,8.705774664703308e-06
14575,3.731046284872846e-06
14576,4.974728379830461e-06
14577,3.109205237394038e-06
14578,3.731046284872846e-06
14579,9.949456759660923e-06
14580,1.1814979902097345e-05
14581,3.731046284872846e-06
14582,1.865523142436423e-06
14583,3.109205237394038e-06
14584,4.974728379830461e-06
14585,3.731046284872846e-06
14586,4.974728379830461e-06
14587,3.731046284872846e-06
14588,9.327615712182115e-06
14589,3.731046284872846e-06
14590,4.352887332351654e-06
14591,3.731046284872846e-06
14592,7.462092569745692e-06
14593,1.7411549329406615e-05
14594,1.6789708281927806e-05
14595,4.974728379830461e-06
14596,6.218410474788076e-06
14597,4.352887332351654e-06
14598,1.1814979902097345e-05
14599,7.462092569745692e-06
14600,6.218410474788076e-06
14601,7.462092569745692e-06
14602,6.218410474788076e-06
14603,8.705774664703308e-06
14604,3.731046284872846e-06
14605,4.974728379830461e-06
14606,6.218410474788076e-06
14607,9.949456759660923e-06
14608,9.327615712182115e-06
14609,3.109205237394038e-06
14610,1.865523142436423e-06
14611,4.974728379830461e-06
14612,8.705774664703308e-06
14613,4.974728379830461e-06
14614,3.109205237394038e-06
14615,6.8402515222668845e-06
14616,6.218410474788076e-06
14617,1.6167867234449e-05
14618,1.554602618697019e-05
14619,4.788176065586819e-05
14620,4.352887332351654e-06
14621,3.109205237394038e-06
14622,4.974728379830461e-06
14623,4.352887332351654e-06
14624,1.1814979902097345e-05
14625,1.057129780713973e-05
14626,3.731046284872846e-06
14627,3.109205237394038e-06
14628,3.731046284872846e-06
14629,1.057129780713973e-05
14630,4.974728379830461e-06
14631,5.596569427309269e-06
14632,1.1193138854618537e-05
14633,5.596569427309269e-06
14634,4.974728379830461e-06
14635,4.352887332351654e-06
14636,9.949456759660923e-06
14637,1.7411549329406615e-05
14638,2.0520754566800654e-05
14639,9.949456759660923e-06
14640,2.7982847136546344e-05
14641,5.596569427309269e-06
14642,2.4873641899152306e-06
14643,1.554602618697019e-05
14644,4.352887332351654e-06
14645,9.327615712182115e-06
14646,9.949456759660923e-06
14647,6.8402515222668845e-06
14648,2.4873641899152306e-06
14649,7.462092569745692e-06
14650,5.036912484578342e-05
14651,3.731046284872846e-06
14652,5.596569427309269e-06
14653,1.3680503044533769e-05
14654,5.596569427309269e-06
14655,1.2436820949576152e-05
14656,2.176443666175827e-05
14657,2.4873641899152306e-06
14658,3.731046284872846e-06
14659,1.6167867234449e-05
14660,1.6167867234449e-05
14661,2.4873641899152306e-06
14662,9.327615712182115e-06
14663,2.4873641899152306e-06
14664,2.114259561427946e-05
14665,4.352887332351654e-06
14666,8.0839336172245e-06
14667,3.731046284872846e-06
14668,3.731046284872846e-06
14669,4.974728379830461e-06
14670,6.8402515222668845e-06
14671,3.731046284872846e-06
14672,9.327615712182115e-06
14673,1.2436820949576152e-05
14674,4.974728379830461e-06
14675,4.974728379830461e-06
14676,3.731046284872846e-06
14677,2.0520754566800654e-05
14678,3.109205237394038e-06
14679,5.596569427309269e-06
14680,1.2436820949576152e-05
14681,5.596569427309269e-06
14682,7.462092569745692e-06
14683,3.109205237394038e-06
14684,3.731046284872846e-06
14685,2.4873641899152306e-06
14686,2.4873641899152306e-06
14687,6.8402515222668845e-06
14688,1.057129780713973e-05
14689,3.731046284872846e-06
14690,8.705774664703308e-06
14691,1.1814979902097345e-05
14692,3.731046284872846e-06
14693,3.109205237394038e-06
14694,8.0839336172245e-06
14695,1.057129780713973e-05
14696,1.4924185139491384e-05
14697,6.218410474788076e-06
14698,4.974728379830461e-06
14699,3.731046284872846e-06
14700,4.974728379830461e-06
14701,3.731046284872846e-06
14702,3.731046284872846e-06
14703,6.218410474788076e-06
14704,1.3680503044533769e-05
14705,1.2436820949576152e-05
14706,5.596569427309269e-06
14707,3.731046284872846e-06
14708,1.2436820949576152e-05
14709,4.352887332351654e-06
14710,4.974728379830461e-06
14711,8.0839336172245e-06
14712,3.0470211326461574e-05
14713,3.731046284872846e-06
14714,2.4873641899152306e-06
14715,4.352887332351654e-06
14716,6.218410474788076e-06
14717,8.705774664703308e-06
14718,3.109205237394038e-06
14719,1.3058661997054962e-05
14720,3.731046284872846e-06
14721,1.3058661997054962e-05
14722,3.109205237394038e-06
14723,5.596569427309269e-06
14724,1.4302344092012576e-05
14725,1.1193138854618537e-05
14726,3.731046284872846e-06
14727,2.362995980419469e-05
14728,5.596569427309269e-06
14729,3.109205237394038e-06
14730,8.705774664703308e-06
14731,4.974728379830461e-06
14732,5.596569427309269e-06
14733,1.865523142436423e-05
14734,9.949456759660923e-06
14735,2.4873641899152306e-06
14736,1.554602618697019e-05
14737,3.109205237394038e-06
14738,5.596569427309269e-06
14739,1.3680503044533769e-05
14740,2.4873641899152306e-06
14741,2.4873641899152306e-06
14742,1.554602618697019e-05
14743,1.3058661997054962e-05
14744,3.109205237394038e-06
14745,6.8402515222668845e-06
14746,3.731046284872846e-06
14747,3.731046284872846e-06
14748,3.731046284872846e-06
14749,3.109205237394038e-06
14750,8.0839336172245e-06
14751,1.1814979902097345e-05
14752,6.8402515222668845e-06
14753,1.865523142436423e-05
14754,7.462092569745692e-06
14755,1.2436820949576152e-05
14756,1.3680503044533769e-05
14757,4.352887332351654e-06
14758,1.3058661997054962e-05
14759,4.974728379830461e-06
14760,3.731046284872846e-06
14761,5.596569427309269e-06
14762,1.1814979902097345e-05
14763,7.462092569745692e-06
14764,3.109205237394038e-06
14765,9.327615712182115e-06
14766,4.974728379830461e-06
14767,3.731046284872846e-06
14768,6.218410474788076e-06
14769,5.596569427309269e-06
14770,9.327615712182115e-06
14771,4.352887332351654e-06
14772,1.7411549329406615e-05
14773,5.596569427309269e-06
14774,1.3058661997054962e-05
14775,6.8402515222668845e-06
14776,1.3058661997054962e-05
14777,4.352887332351654e-06
14778,3.482309865881323e-05
14779,2.922652923150396e-05
14780,6.8402515222668845e-06
14781,4.974728379830461e-06
14782,3.109205237394038e-06
14783,9.327615712182115e-06
14784,6.8402515222668845e-06
14785,1.1814979902097345e-05
14786,3.731046284872846e-06
14787,6.8402515222668845e-06
14788,7.462092569745692e-06
14789,6.218410474788076e-06
14790,3.109205237394038e-06
14791,3.109205237394038e-06
14792,6.218410474788076e-06
14793,6.8402515222668845e-06
14794,3.109205237394038e-06
14795,8.0839336172245e-06
14796,1.4302344092012576e-05
14797,3.731046284872846e-06
14798,4.974728379830461e-06
14799,8.705774664703308e-06
14800,3.109205237394038e-06
14801,3.731046284872846e-06
14802,3.109205237394038e-06
14803,9.949456759660923e-06
14804,4.974728379830461e-06
14805,7.462092569745692e-06
14806,3.109205237394038e-06
14807,2.4873641899152306e-06
14808,1.865523142436423e-06
14809,3.109205237394038e-06
14810,2.114259561427946e-05
14811,4.352887332351654e-06
14812,4.352887332351654e-06
14813,1.1814979902097345e-05
14814,1.554602618697019e-05
14815,3.109205237394038e-06
14816,4.974728379830461e-06
14817,2.8604688184025153e-05
14818,3.109205237394038e-06
14819,3.109205237394038e-06
14820,2.4873641899152306e-06
14821,4.974728379830461e-06
14822,8.0839336172245e-06
14823,6.8402515222668845e-06
14824,4.352887332351654e-06
14825,2.4873641899152306e-06
14826,5.596569427309269e-06
14827,3.109205237394038e-06
14828,5.596569427309269e-06
14829,1.9277072471843036e-05
14830,4.352887332351654e-06
14831,2.0520754566800654e-05
14832,1.4924185139491384e-05
14833,4.352887332351654e-06
14834,1.865523142436423e-05
14835,4.974728379830461e-06
14836,1.9898913519321845e-05
14837,3.109205237394038e-06
14838,2.2386277709237075e-05
14839,1.057129780713973e-05
14840,4.974728379830461e-06
14841,7.462092569745692e-06
14842,2.4873641899152306e-06
14843,2.4873641899152306e-06
14844,9.327615712182115e-06
14845,1.6167867234449e-05
14846,3.109205237394038e-06
14847,1.554602618697019e-05
14848,3.109205237394038e-06
14849,1.1814979902097345e-05
14850,2.4873641899152306e-06
14851,6.8402515222668845e-06
14852,3.731046284872846e-06
14853,3.731046284872846e-06
14854,4.352887332351654e-06
14855,3.109205237394038e-06
14856,1.7411549329406615e-05
14857,4.974728379830461e-06
14858,4.352887332351654e-06
14859,3.109205237394038e-06
14860,1.554602618697019e-05
14861,4.352887332351654e-06
14862,1.3058661997054962e-05
14863,6.218410474788076e-06
14864,4.974728379830461e-06
14865,2.5495482946631114e-05
14866,9.327615712182115e-06
14867,6.218410474788076e-06
14868,4.352887332351654e-06
14869,3.731046284872846e-06
14870,1.1193138854618537e-05
14871,5.596569427309269e-06
14872,4.352887332351654e-06
14873,4.352887332351654e-06
14874,4.352887332351654e-06
14875,4.352887332351654e-06
14876,8.705774664703308e-06
14877,7.462092569745692e-06
14878,7.462092569745692e-06
14879,3.109205237394038e-06
14880,5.596569427309269e-06
14881,3.109205237394038e-06
14882,3.731046284872846e-06
14883,3.731046284872846e-06
14884,5.596569427309269e-06
14885,3.109205237394038e-06
14886,3.731046284872846e-06
14887,9.327615712182115e-06
14888,6.218410474788076e-06
14889,7.462092569745692e-06
14890,6.8402515222668845e-06
14891,6.218410474788076e-06
14892,6.8402515222668845e-06
14893,4.352887332351654e-06
14894,1.6167867234449e-05
14895,8.705774664703308e-06
14896,2.7982847136546344e-05
14897,3.731046284872846e-06
14898,1.554602618697019e-05
14899,4.974728379830461e-06
14900,9.949456759660923e-06
14901,6.8402515222668845e-06
14902,6.218410474788076e-06
14903,2.2386277709237075e-05
14904,1.1193138854618537e-05
14905,4.352887332351654e-06
14906,3.109205237394038e-06
14907,7.462092569745692e-06
14908,1.3058661997054962e-05
14909,3.109205237394038e-06
14910,5.596569427309269e-06
14911,9.949456759660923e-06
14912,4.974728379830461e-06
14913,1.057129780713973e-05
14914,5.596569427309269e-06
14915,4.974728379830461e-06
14916,4.974728379830461e-06
14917,4.352887332351654e-06
14918,1.1193138854618537e-05
14919,4.352887332351654e-06
14920,9.949456759660923e-06
14921,9.327615712182115e-06
14922,3.109205237394038e-06
14923,3.731046284872846e-06
14924,4.352887332351654e-06
14925,3.109205237394038e-06
14926,8.0839336172245e-06
14927,6.218410474788076e-06
14928,4.974728379830461e-06
14929,7.462092569745692e-06
14930,4.974728379830461e-06
14931,1.1814979902097345e-05
14932,1.3058661997054962e-05
14933,1.865523142436423e-05
14934,4.974728379830461e-06
14935,4.352887332351654e-06
14936,3.109205237394038e-06
14937,1.2436820949576152e-05
14938,4.352887332351654e-06
14939,4.352887332351654e-06
14940,1.057129780713973e-05
14941,9.327615712182115e-06
14942,3.109205237394038e-06
14943,6.218410474788076e-06
14944,1.4302344092012576e-05
14945,3.109205237394038e-06
14946,2.114259561427946e-05
14947,2.4873641899152306e-06
14948,6.218410474788076e-06
14949,1.4302344092012576e-05
14950,5.596569427309269e-06
14951,4.352887332351654e-06
14952,8.705774664703308e-06
14953,8.0839336172245e-06
14954,3.731046284872846e-06
14955,5.596569427309269e-06
14956,1.4302344092012576e-05
14957,5.596569427309269e-06
14958,8.0839336172245e-06
14959,1.7411549329406615e-05
14960,7.462092569745692e-06
14961,3.731046284872846e-06
14962,5.596569427309269e-06
14963,1.865523142436423e-06
14964,1.057129780713973e-05
14965,1.554602618697019e-05
14966,5.596569427309269e-06
14967,3.731046284872846e-06
14968,3.731046284872846e-06
14969,6.8402515222668845e-06
14970,1.9277072471843036e-05
14971,6.8402515222668845e-06
14972,2.176443666175827e-05
14973,2.2386277709237075e-05
14974,1.2436820949576152e-05
14975,1.9277072471843036e-05
14976,5.596569427309269e-06
14977,4.974728379830461e-06
14978,1.1814979902097345e-05
14979,4.352887332351654e-06
14980,9.949456759660923e-06
14981,1.057129780713973e-05
14982,6.218410474788076e-06
14983,1.057129780713973e-05
14984,2.362995980419469e-05
14985,1.1193138854618537e-05
14986,5.596569427309269e-06
14987,4.974728379830461e-06
14988,3.357941656385561e-05
14989,1.1814979902097345e-05
14990,1.2436820949576152e-05
14991,4.352887332351654e-06
14992,3.731046284872846e-06
14993,3.731046284872846e-06
14994,8.0839336172245e-06
14995,1.2436820949576152e-05
14996,1.6789708281927806e-05
14997,3.109205237394038e-06
14998,4.352887332351654e-06
14999,3.731046284872846e-06
15000,4.974728379830461e-06
15001,4.974728379830461e-06
15002,3.109205237394038e-06
15003,4.352887332351654e-06
15004,3.109205237394038e-06
15005,7.462092569745692e-06
15006,4.352887332351654e-06
15007,8.0839336172245e-06
15008,3.109205237394038e-06
15009,3.731046284872846e-06
15010,1.9277072471843036e-05
15011,2.3008118756715884e-05
15012,7.462092569745692e-06
15013,4.974728379830461e-06
15014,3.731046284872846e-06
15015,1.057129780713973e-05
15016,1.4924185139491384e-05
15017,7.462092569745692e-06
15018,6.218410474788076e-06
15019,3.731046284872846e-06
15020,4.352887332351654e-06
15021,9.949456759660923e-06
15022,4.974728379830461e-06
15023,3.731046284872846e-06
15024,5.596569427309269e-06
15025,4.352887332351654e-06
15026,6.218410474788076e-06
15027,4.974728379830461e-06
15028,9.949456759660923e-06
15029,4.352887332351654e-06
15030,4.352887332351654e-06
15031,4.352887332351654e-06
15032,9.327615712182115e-06
15033,3.109205237394038e-06
15034,6.218410474788076e-06
15035,3.731046284872846e-06
15036,8.705774664703308e-06
15037,4.352887332351654e-06
15038,4.974728379830461e-06
15039,4.5394396465952956e-05
15040,1.6167867234449e-05
15041,4.352887332351654e-06
15042,3.109205237394038e-06
15043,8.705774664703308e-06
15044,2.4873641899152306e-06
15045,4.974728379830461e-06
15046,5.596569427309269e-06
15047,3.109205237394038e-06
15048,3.109205237394038e-06
15049,4.974728379830461e-06
15050,1.3680503044533769e-05
15051,4.352887332351654e-06
15052,3.109205237394038e-06
15053,1.865523142436423e-05
15054,6.8402515222668845e-06
15055,6.8402515222668845e-06
15056,6.8402515222668845e-06
15057,8.705774664703308e-06
15058,1.057129780713973e-05
15059,1.2436820949576152e-05
15060,2.4873641899152306e-06
15061,5.596569427309269e-06
15062,2.0520754566800654e-05
15063,1.3680503044533769e-05
15064,3.109205237394038e-06
15065,6.8402515222668845e-06
15066,3.109205237394038e-06
15067,3.109205237394038e-06
15068,1.057129780713973e-05
15069,7.462092569745692e-06
15070,3.731046284872846e-06
15071,6.8402515222668845e-06
15072,6.8402515222668845e-06
15073,3.109205237394038e-06
15074,1.2436820949576152e-05
15075,3.109205237394038e-06
15076,1.1193138854618537e-05
15077,6.8402515222668845e-06
15078,2.362995980419469e-05
15079,3.731046284872846e-06
15080,3.731046284872846e-06
15081,5.596569427309269e-06
15082,5.596569427309269e-06
15083,1.057129780713973e-05
15084,5.596569427309269e-06
15085,5.596569427309269e-06
15086,6.8402515222668845e-06
15087,4.974728379830461e-06
15088,3.731046284872846e-06
15089,6.218410474788076e-06
15090,1.9277072471843036e-05
15091,5.596569427309269e-06
15092,6.8402515222668845e-06
15093,7.462092569745692e-06
15094,4.352887332351654e-06
15095,4.352887332351654e-06
15096,4.352887332351654e-06
15097,2.42518008516735e-05
15098,3.731046284872846e-06
15099,5.596569427309269e-06
15100,5.596569427309269e-06
15101,3.109205237394038e-06
15102,1.1814979902097345e-05
15103,3.109205237394038e-06
15104,8.0839336172245e-06
15105,1.1193138854618537e-05
15106,3.109205237394038e-06
15107,4.974728379830461e-06
15108,3.109205237394038e-06
15109,3.731046284872846e-06
15110,6.8402515222668845e-06
15111,8.705774664703308e-06
15112,4.352887332351654e-06
15113,3.109205237394038e-06
15114,1.1814979902097345e-05
15115,6.8402515222668845e-06
15116,1.057129780713973e-05
15117,3.109205237394038e-06
15118,3.109205237394038e-06
15119,1.1814979902097345e-05
15120,3.109205237394038e-06
15121,3.731046284872846e-06
15122,1.2436820949576152e-05
15123,2.4873641899152306e-06
15124,3.109205237394038e-06
15125,1.1814979902097345e-05
15126,1.1193138854618537e-05
15127,1.3680503044533769e-05
15128,4.974728379830461e-06
15129,1.1814979902097345e-05
15130,3.731046284872846e-06
15131,3.731046284872846e-06
15132,1.554602618697019e-05
15133,3.731046284872846e-06
15134,9.327615712182115e-06
15135,9.327615712182115e-06
15136,3.109205237394038e-06
15137,1.057129780713973e-05
15138,3.109205237394038e-06
15139,4.974728379830461e-06
15140,3.109205237394038e-06
15141,3.109205237394038e-06
15142,6.8402515222668845e-06
15143,1.4924185139491384e-05
15144,4.974728379830461e-06
15145,3.731046284872846e-06
15146,6.8402515222668845e-06
15147,3.731046284872846e-06
15148,6.8402515222668845e-06
15149,1.554602618697019e-05
15150,9.327615712182115e-06
15151,3.731046284872846e-06
15152,6.218410474788076e-06
15153,1.3058661997054962e-05
15154,3.731046284872846e-06
15155,3.109205237394038e-06
15156,9.949456759660923e-06
15157,8.0839336172245e-06
15158,5.596569427309269e-06
15159,7.462092569745692e-06
15160,1.2436820949576152e-05
15161,3.109205237394038e-06
15162,3.731046284872846e-06
15163,2.4873641899152306e-06
15164,3.109205237394038e-06
15165,5.596569427309269e-06
15166,3.109205237394038e-06
15167,1.1814979902097345e-05
15168,5.596569427309269e-06
15169,3.109205237394038e-06
15170,3.731046284872846e-06
15171,8.705774664703308e-06
15172,9.327615712182115e-06
15173,6.218410474788076e-06
15174,6.218410474788076e-06
15175,4.352887332351654e-06
15176,3.109205237394038e-06
15177,8.0839336172245e-06
15178,4.974728379830461e-06
15179,1.6167867234449e-05
15180,3.731046284872846e-06
15181,6.218410474788076e-06
15182,3.109205237394038e-06
15183,1.2436820949576152e-05
15184,3.109205237394038e-06
15185,8.705774664703308e-06
15186,8.0839336172245e-06
15187,8.0839336172245e-06
15188,1.1193138854618537e-05
15189,3.109205237394038e-06
15190,4.352887332351654e-06
15191,1.057129780713973e-05
15192,6.8402515222668845e-06
15193,5.596569427309269e-06
15194,9.327615712182115e-06
15195,4.974728379830461e-06
15196,2.3008118756715884e-05
15197,1.803339037688542e-05
15198,3.109205237394038e-06
15199,3.109205237394038e-06
15200,2.4873641899152306e-06
15201,7.462092569745692e-06
15202,1.1193138854618537e-05
15203,6.8402515222668845e-06
15204,9.327615712182115e-06
15205,1.865523142436423e-05
15206,8.0839336172245e-06
15207,3.109205237394038e-06
15208,4.974728379830461e-06
15209,6.218410474788076e-06
15210,3.731046284872846e-06
15211,1.865523142436423e-05
15212,5.596569427309269e-06
15213,4.352887332351654e-06
15214,3.109205237394038e-06
15215,5.596569427309269e-06
15216,1.3680503044533769e-05
15217,1.865523142436423e-06
15218,4.974728379830461e-06
15219,6.218410474788076e-06
15220,1.865523142436423e-06
15221,8.0839336172245e-06
15222,2.362995980419469e-05
15223,4.352887332351654e-06
15224,4.974728379830461e-06
15225,9.327615712182115e-06
15226,3.731046284872846e-06
15227,4.352887332351654e-06
15228,6.218410474788076e-06
15229,6.218410474788076e-06
15230,3.109205237394038e-06
15231,1.1193138854618537e-05
15232,4.974728379830461e-06
15233,3.731046284872846e-06
15234,1.057129780713973e-05
15235,4.974728379830461e-06
15236,3.731046284872846e-06
15237,9.949456759660923e-06
15238,3.731046284872846e-06
15239,1.057129780713973e-05
15240,3.731046284872846e-06
15241,3.731046284872846e-06
15242,3.109205237394038e-06
15243,8.705774664703308e-06
15244,3.731046284872846e-06
15245,3.109205237394038e-06
15246,3.731046284872846e-06
15247,3.109205237394038e-06
15248,3.109205237394038e-06
15249,2.8604688184025153e-05
15250,6.218410474788076e-06
15251,4.352887332351654e-06
15252,4.352887332351654e-06
15253,8.705774664703308e-06
15254,6.218410474788076e-06
15255,3.109205237394038e-06
15256,6.218410474788076e-06
15257,5.596569427309269e-06
15258,6.218410474788076e-06
15259,1.6167867234449e-05
15260,4.352887332351654e-06
15261,1.3680503044533769e-05
15262,1.7411549329406615e-05
15263,1.803339037688542e-05
15264,4.974728379830461e-06
15265,8.0839336172245e-06
15266,4.352887332351654e-06
15267,1.3680503044533769e-05
15268,1.3058661997054962e-05
15269,1.057129780713973e-05
15270,4.974728379830461e-06
15271,4.352887332351654e-06
15272,3.109205237394038e-06
15273,9.949456759660923e-06
15274,1.057129780713973e-05
15275,4.974728379830461e-06
15276,3.731046284872846e-06
15277,4.974728379830461e-06
15278,4.974728379830461e-06
15279,4.974728379830461e-06
15280,8.705774664703308e-06
15281,3.109205237394038e-06
15282,4.974728379830461e-06
15283,1.803339037688542e-05
15284,7.462092569745692e-06
15285,4.352887332351654e-06
15286,4.352887332351654e-06
15287,3.731046284872846e-06
15288,1.803339037688542e-05
15289,5.596569427309269e-06
15290,4.352887332351654e-06
15291,7.462092569745692e-06
15292,1.1814979902097345e-05
15293,1.1814979902097345e-05
15294,4.974728379830461e-05
15295,4.974728379830461e-06
15296,8.0839336172245e-06
15297,1.1193138854618537e-05
15298,3.109205237394038e-06
15299,1.1193138854618537e-05
15300,1.3058661997054962e-05
15301,3.109205237394038e-06
15302,1.3680503044533769e-05
15303,3.731046284872846e-06
15304,4.974728379830461e-06
15305,4.352887332351654e-06
15306,3.731046284872846e-06
15307,1.554602618697019e-05
15308,4.352887332351654e-06
15309,8.0839336172245e-06
15310,4.974728379830461e-06
15311,6.218410474788076e-06
15312,5.596569427309269e-06
15313,3.109205237394038e-06
15314,9.949456759660923e-06
15315,4.352887332351654e-06
15316,5.596569427309269e-06
15317,5.596569427309269e-06
15318,6.8402515222668845e-06
15319,2.6117323994109923e-05
15320,3.109205237394038e-06
15321,6.8402515222668845e-06
15322,9.327615712182115e-06
15323,3.731046284872846e-06
15324,3.109205237394038e-06
15325,9.327615712182115e-06
15326,5.596569427309269e-06
15327,3.109205237394038e-06
15328,5.596569427309269e-06
15329,6.8402515222668845e-06
15330,1.554602618697019e-05
15331,4.974728379830461e-06
15332,8.705774664703308e-06
15333,6.218410474788076e-06
15334,4.974728379830461e-06
15335,6.218410474788076e-06
15336,3.109205237394038e-06
15337,4.974728379830461e-06
15338,4.974728379830461e-06
15339,3.731046284872846e-06
15340,4.352887332351654e-06
15341,4.974728379830461e-06
15342,3.109205237394038e-06
15343,2.2386277709237075e-05
15344,5.596569427309269e-06
15345,6.218410474788076e-06
15346,3.731046284872846e-06
15347,8.0839336172245e-06
15348,1.1814979902097345e-05
15349,4.352887332351654e-06
15350,5.596569427309269e-06
15351,3.731046284872846e-06
15352,3.109205237394038e-06
15353,3.109205237394038e-06
15354,1.2436820949576152e-05
15355,4.974728379830461e-06
15356,5.596569427309269e-06
15357,3.109205237394038e-06
15358,1.865523142436423e-05
15359,3.731046284872846e-06
15360,1.1814979902097345e-05
15361,7.462092569745692e-06
15362,7.462092569745692e-06
15363,7.462092569745692e-06
15364,1.4302344092012576e-05
15365,4.974728379830461e-06
15366,5.596569427309269e-06
15367,3.731046284872846e-06
15368,6.8402515222668845e-06
15369,5.596569427309269e-06
15370,1.1193138854618537e-05
15371,6.8402515222668845e-06
15372,2.6117323994109923e-05
15373,1.3058661997054962e-05
15374,6.8402515222668845e-06
15375,1.2436820949576152e-05
15376,4.974728379830461e-06
15377,6.218410474788076e-06
15378,1.2436820949576152e-05
15379,9.949456759660923e-06
15380,6.8402515222668845e-06
15381,9.949456759660923e-06
15382,9.949456759660923e-06
15383,3.109205237394038e-06
15384,5.596569427309269e-06
15385,7.462092569745692e-06
15386,5.596569427309269e-06
15387,1.3058661997054962e-05
15388,2.4873641899152306e-06
15389,3.109205237394038e-06
15390,8.0839336172245e-06
15391,9.327615712182115e-06
15392,4.352887332351654e-06
15393,4.352887332351654e-06
15394,3.109205237394038e-06
15395,3.731046284872846e-06
15396,8.705774664703308e-06
15397,7.462092569745692e-06
15398,4.352887332351654e-06
15399,3.109205237394038e-06
15400,2.4873641899152306e-06
15401,8.0839336172245e-06
15402,8.0839336172245e-06
15403,3.109205237394038e-06
15404,3.731046284872846e-06
15405,1.6789708281927806e-05
15406,8.0839336172245e-06
15407,1.057129780713973e-05
15408,4.352887332351654e-06
15409,3.731046284872846e-06
15410,1.4302344092012576e-05
15411,6.8402515222668845e-06
15412,9.327615712182115e-06
15413,3.731046284872846e-06
15414,1.057129780713973e-05
15415,7.462092569745692e-06
15416,6.218410474788076e-06
15417,1.554602618697019e-05
15418,6.8402515222668845e-06
15419,3.109205237394038e-06
15420,7.462092569745692e-06
15421,2.4873641899152306e-06
15422,7.462092569745692e-06
15423,6.8402515222668845e-06
15424,3.109205237394038e-06
15425,5.596569427309269e-06
15426,3.109205237394038e-06
15427,3.731046284872846e-06
15428,8.705774664703308e-06
15429,4.352887332351654e-06
15430,4.352887332351654e-06
15431,6.8402515222668845e-06
15432,4.974728379830461e-06
15433,4.352887332351654e-06
15434,4.352887332351654e-06
15435,3.731046284872846e-06
15436,3.731046284872846e-06
15437,1.9277072471843036e-05
15438,6.8402515222668845e-06
15439,1.803339037688542e-05
15440,5.596569427309269e-06
15441,3.731046284872846e-06
15442,7.462092569745692e-06
15443,4.352887332351654e-06
15444,4.974728379830461e-06
15445,3.731046284872846e-06
15446,3.109205237394038e-06
15447,4.352887332351654e-06
15448,1.3680503044533769e-05
15449,1.3680503044533769e-05
15450,4.974728379830461e-06
15451,4.352887332351654e-06
15452,3.109205237394038e-06
15453,6.8402515222668845e-06
15454,5.596569427309269e-06
15455,6.8402515222668845e-06
15456,5.596569427309269e-06
15457,6.8402515222668845e-06
15458,9.327615712182115e-06
15459,1.3058661997054962e-05
15460,3.109205237394038e-06
15461,1.6789708281927806e-05
15462,6.8402515222668845e-06
15463,8.0839336172245e-06
15464,6.218410474788076e-06
15465,3.109205237394038e-06
15466,3.731046284872846e-06
15467,1.865523142436423e-05
15468,5.596569427309269e-06
15469,6.8402515222668845e-06
15470,4.352887332351654e-06
15471,5.596569427309269e-06
15472,4.974728379830461e-06
15473,4.352887332351654e-06
15474,3.109205237394038e-06
15475,1.057129780713973e-05
15476,3.731046284872846e-06
15477,9.327615712182115e-06
15478,3.731046284872846e-06
15479,9.327615712182115e-06
15480,4.352887332351654e-06
15481,6.8402515222668845e-06
15482,3.731046284872846e-06
15483,1.3058661997054962e-05
15484,4.352887332351654e-06
15485,7.462092569745692e-06
15486,6.218410474788076e-06
15487,4.352887332351654e-06
15488,3.109205237394038e-06
15489,4.974728379830461e-06
15490,6.218410474788076e-06
15491,1.7411549329406615e-05
15492,3.731046284872846e-06
15493,3.731046284872846e-06
15494,7.462092569745692e-06
15495,4.352887332351654e-06
15496,5.596569427309269e-06
15497,3.109205237394038e-06
15498,6.218410474788076e-06
15499,4.352887332351654e-06
15500,1.865523142436423e-05
15501,5.596569427309269e-06
15502,4.352887332351654e-06
15503,1.6167867234449e-05
15504,1.4302344092012576e-05
15505,6.8402515222668845e-06
15506,1.3680503044533769e-05
15507,3.109205237394038e-06
15508,8.705774664703308e-06
15509,8.0839336172245e-06
15510,8.0839336172245e-06
15511,3.109205237394038e-06
15512,3.731046284872846e-06
15513,4.974728379830461e-06
15514,4.352887332351654e-06
15515,5.596569427309269e-06
15516,3.109205237394038e-06
15517,9.327615712182115e-06
15518,6.8402515222668845e-06
15519,3.109205237394038e-06
15520,5.596569427309269e-06
15521,9.949456759660923e-06
15522,4.352887332351654e-06
15523,5.596569427309269e-06
15524,5.596569427309269e-06
15525,1.554602618697019e-05
15526,3.731046284872846e-06
15527,3.731046284872846e-06
15528,3.731046284872846e-06
15529,3.731046284872846e-06
15530,5.596569427309269e-06
15531,4.352887332351654e-06
15532,7.462092569745692e-06
15533,1.2436820949576152e-05
15534,9.949456759660923e-06
15535,1.1193138854618537e-05
15536,8.0839336172245e-06
15537,1.057129780713973e-05
15538,6.218410474788076e-06
15539,9.327615712182115e-06
15540,3.731046284872846e-06
15541,8.705774664703308e-06
15542,9.327615712182115e-06
15543,9.327615712182115e-06
15544,1.3680503044533769e-05
15545,5.596569427309269e-06
15546,8.0839336172245e-06
15547,8.0839336172245e-06
15548,6.8402515222668845e-06
15549,7.462092569745692e-06
15550,8.705774664703308e-06
15551,5.596569427309269e-06
15552,1.9277072471843036e-05
15553,4.352887332351654e-06
15554,7.462092569745692e-06
15555,8.0839336172245e-06
15556,1.4924185139491384e-05
15557,1.057129780713973e-05
15558,1.1193138854618537e-05
15559,3.731046284872846e-06
15560,1.2436820949576152e-05
15561,5.596569427309269e-06
15562,1.1193138854618537e-05
15563,3.731046284872846e-06
15564,3.109205237394038e-06
15565,2.4873641899152306e-06
15566,3.731046284872846e-06
15567,1.1193138854618537e-05
15568,6.218410474788076e-06
15569,4.352887332351654e-06
15570,6.218410474788076e-06
15571,3.109205237394038e-06
15572,1.1193138854618537e-05
15573,9.327615712182115e-06
15574,1.1814979902097345e-05
15575,1.2436820949576152e-05
15576,5.596569427309269e-06
15577,6.8402515222668845e-06
15578,5.596569427309269e-06
15579,4.352887332351654e-06
15580,3.109205237394038e-06
15581,8.705774664703308e-06
15582,7.462092569745692e-06
15583,1.3680503044533769e-05
15584,4.974728379830461e-06
15585,6.218410474788076e-06
15586,7.462092569745692e-06
15587,6.218410474788076e-06
15588,3.731046284872846e-06
15589,3.109205237394038e-06
15590,5.596569427309269e-06
15591,3.731046284872846e-06
15592,1.3058661997054962e-05
15593,6.8402515222668845e-06
15594,5.596569427309269e-06
15595,4.974728379830461e-06
15596,6.218410474788076e-06
15597,8.0839336172245e-06
15598,7.462092569745692e-06
15599,5.596569427309269e-06
15600,8.0839336172245e-06
15601,5.596569427309269e-06
15602,7.462092569745692e-06
15603,3.109205237394038e-06
15604,5.596569427309269e-06
15605,3.731046284872846e-06
15606,1.6167867234449e-05
15607,3.109205237394038e-06
15608,3.109205237394038e-06
15609,8.705774664703308e-06
15610,4.974728379830461e-06
15611,7.462092569745692e-06
15612,3.731046284872846e-06
15613,4.352887332351654e-06
15614,3.731046284872846e-06
15615,8.705774664703308e-06
15616,3.731046284872846e-06
15617,3.731046284872846e-06
15618,1.2436820949576152e-05
15619,2.4873641899152306e-06
15620,2.0520754566800654e-05
15621,6.218410474788076e-06
15622,6.218410474788076e-06
15623,1.2436820949576152e-05
15624,6.8402515222668845e-06
15625,4.352887332351654e-06
15626,1.1193138854618537e-05
15627,1.057129780713973e-05
15628,4.352887332351654e-06
15629,7.462092569745692e-06
15630,2.4873641899152306e-06
15631,1.2436820949576152e-05
15632,1.865523142436423e-05
15633,8.0839336172245e-06
15634,6.8402515222668845e-06
15635,3.731046284872846e-06
15636,1.803339037688542e-05
15637,7.462092569745692e-06
15638,5.596569427309269e-06
15639,3.731046284872846e-06
15640,3.109205237394038e-06
15641,4.974728379830461e-06
15642,2.4873641899152306e-06
15643,3.109205237394038e-06
15644,3.731046284872846e-06
15645,6.218410474788076e-06
15646,3.731046284872846e-06
15647,9.949456759660923e-06
15648,5.596569427309269e-06
15649,9.949456759660923e-06
15650,3.109205237394038e-06
15651,2.362995980419469e-05
15652,9.949456759660923e-06
15653,8.0839336172245e-06
15654,1.3680503044533769e-05
15655,1.2436820949576152e-05
15656,3.731046284872846e-06
15657,1.057129780713973e-05
15658,4.352887332351654e-06
15659,3.109205237394038e-06
15660,9.327615712182115e-06
15661,2.5495482946631114e-05
15662,4.352887332351654e-06
15663,1.057129780713973e-05
15664,5.596569427309269e-06
15665,9.949456759660923e-06
15666,3.109205237394038e-06
15667,3.109205237394038e-06
15668,1.4924185139491384e-05
15669,4.352887332351654e-06
15670,3.109205237394038e-06
15671,8.705774664703308e-06
15672,4.974728379830461e-06
15673,3.109205237394038e-06
15674,4.974728379830461e-06
15675,6.218410474788076e-06
15676,4.974728379830461e-06
15677,4.352887332351654e-06
15678,9.949456759660923e-06
15679,1.9898913519321845e-05
15680,5.596569427309269e-06
15681,6.218410474788076e-06
15682,3.109205237394038e-06
15683,3.731046284872846e-06
15684,8.0839336172245e-06
15685,3.109205237394038e-06
15686,3.731046284872846e-06
15687,9.327615712182115e-06
15688,3.731046284872846e-06
15689,1.4302344092012576e-05
15690,1.1193138854618537e-05
15691,6.218410474788076e-06
15692,3.731046284872846e-06
15693,3.109205237394038e-06
15694,8.0839336172245e-06
15695,3.109205237394038e-06
15696,4.974728379830461e-06
15697,4.352887332351654e-06
15698,3.731046284872846e-06
15699,2.5495482946631114e-05
15700,6.218410474788076e-06
15701,5.596569427309269e-06
15702,5.596569427309269e-06
15703,1.2436820949576152e-05
15704,9.949456759660923e-06
15705,6.218410474788076e-06
15706,4.974728379830461e-06
15707,4.974728379830461e-06
15708,6.218410474788076e-06
15709,4.352887332351654e-06
15710,4.974728379830461e-06
15711,3.731046284872846e-06
15712,7.462092569745692e-06
15713,6.8402515222668845e-06
15714,8.0839336172245e-06
15715,2.4873641899152306e-06
15716,4.352887332351654e-06
15717,3.109205237394038e-06
15718,4.352887332351654e-06
15719,6.8402515222668845e-06
15720,4.974728379830461e-06
15721,2.4873641899152306e-06
15722,4.974728379830461e-06
15723,2.4873641899152306e-06
15724,5.596569427309269e-06
15725,7.462092569745692e-06
15726,4.974728379830461e-06
15727,3.109205237394038e-06
15728,8.0839336172245e-06
15729,3.109205237394038e-06
15730,3.109205237394038e-06
15731,9.327615712182115e-06
15732,4.352887332351654e-06
15733,4.974728379830461e-06
15734,8.0839336172245e-06
15735,4.352887332351654e-06
15736,5.596569427309269e-06
15737,6.218410474788076e-06
15738,1.4924185139491384e-05
15739,4.974728379830461e-06
15740,5.596569427309269e-06
15741,4.352887332351654e-06
15742,9.327615712182115e-06
15743,3.109205237394038e-06
15744,6.8402515222668845e-06
15745,3.109205237394038e-06
15746,4.352887332351654e-06
15747,8.705774664703308e-06
15748,4.974728379830461e-06
15749,6.218410474788076e-06
15750,3.109205237394038e-06
15751,3.109205237394038e-06
15752,3.731046284872846e-06
15753,5.596569427309269e-06
15754,6.218410474788076e-06
15755,4.974728379830461e-06
15756,7.462092569745692e-06
15757,6.8402515222668845e-06
15758,9.327615712182115e-06
15759,4.974728379830461e-06
15760,1.6167867234449e-05
15761,3.731046284872846e-06
15762,4.974728379830461e-06
15763,8.705774664703308e-06
15764,3.109205237394038e-06
15765,3.731046284872846e-06
15766,3.109205237394038e-06
15767,2.6117323994109923e-05
15768,4.974728379830461e-06
15769,3.109205237394038e-06
15770,4.352887332351654e-06
15771,3.731046284872846e-06
15772,3.731046284872846e-06
15773,8.705774664703308e-06
15774,1.554602618697019e-05
15775,3.109205237394038e-06
15776,4.974728379830461e-06
15777,6.218410474788076e-06
15778,3.731046284872846e-06
15779,1.057129780713973e-05
15780,4.974728379830461e-06
15781,6.218410474788076e-06
15782,3.731046284872846e-06
15783,5.596569427309269e-06
15784,3.731046284872846e-06
15785,1.1193138854618537e-05
15786,4.352887332351654e-06
15787,3.731046284872846e-06
15788,3.731046284872846e-06
15789,3.731046284872846e-06
15790,7.462092569745692e-06
15791,4.974728379830461e-06
15792,1.2436820949576152e-05
15793,1.9898913519321845e-05
15794,4.974728379830461e-06
15795,1.4302344092012576e-05
15796,3.731046284872846e-06
15797,1.2436820949576153e-06
15798,7.462092569745692e-06
15799,9.949456759660923e-06
15800,1.7411549329406615e-05
15801,6.218410474788076e-06
15802,3.731046284872846e-06
15803,3.731046284872846e-06
15804,3.109205237394038e-06
15805,1.6789708281927806e-05
15806,9.327615712182115e-06
15807,2.4873641899152306e-06
15808,8.0839336172245e-06
15809,3.731046284872846e-06
15810,4.352887332351654e-06
15811,3.109205237394038e-06
15812,9.949456759660923e-06
15813,4.352887332351654e-06
15814,1.057129780713973e-05
15815,6.218410474788076e-06
15816,8.0839336172245e-06
15817,3.109205237394038e-06
15818,1.2436820949576152e-05
15819,1.057129780713973e-05
15820,9.327615712182115e-06
15821,8.705774664703308e-06
15822,8.705774664703308e-06
15823,8.705774664703308e-06
15824,3.731046284872846e-06
15825,1.554602618697019e-05
15826,4.352887332351654e-06
15827,6.8402515222668845e-06
15828,3.731046284872846e-06
15829,5.596569427309269e-06
15830,4.352887332351654e-06
15831,3.109205237394038e-06
15832,5.596569427309269e-06
15833,6.8402515222668845e-06
15834,7.462092569745692e-06
15835,4.974728379830461e-06
15836,3.109205237394038e-06
15837,1.1814979902097345e-05
15838,7.462092569745692e-06
15839,4.352887332351654e-06
15840,3.109205237394038e-06
15841,6.218410474788076e-06
15842,4.974728379830461e-06
15843,6.8402515222668845e-06
15844,3.731046284872846e-06
15845,8.0839336172245e-06
15846,3.109205237394038e-06
15847,7.462092569745692e-06
15848,2.4873641899152306e-06
15849,1.3058661997054962e-05
15850,7.462092569745692e-06
15851,4.974728379830461e-06
15852,1.1193138854618537e-05
15853,5.596569427309269e-06
15854,3.731046284872846e-06
15855,8.705774664703308e-06
15856,5.596569427309269e-06
15857,5.596569427309269e-06
15858,1.865523142436423e-05
15859,3.109205237394038e-06
15860,9.327615712182115e-06
15861,3.731046284872846e-06
15862,5.596569427309269e-06
15863,1.057129780713973e-05
15864,5.596569427309269e-06
15865,4.352887332351654e-06
15866,6.218410474788076e-06
15867,3.109205237394038e-06
15868,3.109205237394038e-06
15869,6.218410474788076e-06
15870,7.462092569745692e-06
15871,8.0839336172245e-06
15872,4.974728379830461e-06
15873,4.352887332351654e-06
15874,1.9898913519321845e-05
15875,4.974728379830461e-06
15876,2.5495482946631114e-05
15877,4.974728379830461e-06
15878,3.731046284872846e-06
15879,1.1193138854618537e-05
15880,3.731046284872846e-06
15881,8.0839336172245e-06
15882,3.109205237394038e-06
15883,5.596569427309269e-06
15884,1.865523142436423e-05
15885,4.974728379830461e-06
15886,9.327615712182115e-06
15887,1.057129780713973e-05
15888,8.705774664703308e-06
15889,9.949456759660923e-06
15890,2.2386277709237075e-05
15891,3.731046284872846e-06
15892,3.731046284872846e-06
15893,1.6789708281927806e-05
15894,5.596569427309269e-06
15895,4.974728379830461e-06
15896,6.8402515222668845e-06
15897,1.6789708281927806e-05
15898,4.974728379830461e-06
15899,3.109205237394038e-06
15900,7.462092569745692e-06
15901,9.327615712182115e-06
15902,5.596569427309269e-06
15903,3.109205237394038e-06
15904,3.109205237394038e-06
15905,3.731046284872846e-06
15906,6.8402515222668845e-06
15907,7.462092569745692e-06
15908,3.109205237394038e-06
15909,3.109205237394038e-06
15910,8.705774664703308e-06
15911,3.731046284872846e-06
15912,4.352887332351654e-06
15913,2.4873641899152306e-06
15914,4.352887332351654e-06
15915,1.057129780713973e-05
15916,4.352887332351654e-06
15917,4.974728379830461e-06
15918,4.974728379830461e-06
15919,1.3680503044533769e-05
15920,4.974728379830461e-06
15921,3.731046284872846e-06
15922,4.352887332351654e-06
15923,1.865523142436423e-06
15924,3.109205237394038e-06
15925,4.352887332351654e-06
15926,6.218410474788076e-06
15927,4.352887332351654e-06
15928,8.705774664703308e-06
15929,6.218410474788076e-06
15930,1.7411549329406615e-05
15931,4.352887332351654e-06
15932,4.352887332351654e-06
15933,5.596569427309269e-06
15934,4.352887332351654e-06
15935,4.352887332351654e-06
15936,3.109205237394038e-06
15937,1.057129780713973e-05
15938,3.731046284872846e-06
15939,3.731046284872846e-06
15940,3.109205237394038e-06
15941,3.731046284872846e-06
15942,5.596569427309269e-06
15943,3.731046284872846e-06
15944,3.109205237394038e-06
15945,2.3008118756715884e-05
15946,6.218410474788076e-06
15947,1.7411549329406615e-05
15948,6.218410474788076e-06
15949,6.8402515222668845e-06
15950,4.352887332351654e-06
15951,4.974728379830461e-06
15952,1.7411549329406615e-05
15953,9.949456759660923e-06
15954,8.705774664703308e-06
15955,4.352887332351654e-06
15956,1.3680503044533769e-05
15957,1.7411549329406615e-05
15958,4.974728379830461e-06
15959,3.731046284872846e-06
15960,1.6167867234449e-05
15961,3.109205237394038e-06
15962,1.3680503044533769e-05
15963,1.2436820949576152e-05
15964,6.218410474788076e-06
15965,6.218410474788076e-06
15966,4.974728379830461e-06
15967,9.327615712182115e-06
15968,1.1193138854618537e-05
15969,1.057129780713973e-05
15970,1.1193138854618537e-05
15971,6.8402515222668845e-06
15972,6.8402515222668845e-06
15973,4.352887332351654e-06
15974,7.462092569745692e-06
15975,3.109205237394038e-06
15976,2.4873641899152306e-06
15977,4.352887332351654e-06
15978,1.4924185139491384e-05
15979,8.0839336172245e-06
15980,1.3680503044533769e-05
15981,6.8402515222668845e-06
15982,3.109205237394038e-06
15983,3.731046284872846e-06
15984,5.596569427309269e-06
15985,4.974728379830461e-06
15986,3.731046284872846e-06
15987,3.109205237394038e-06
15988,8.705774664703308e-06
15989,9.327615712182115e-06
15990,6.8402515222668845e-06
15991,3.731046284872846e-06
15992,3.2335734468898e-05
15993,3.109205237394038e-06
15994,5.596569427309269e-06
15995,2.4873641899152306e-06
15996,3.731046284872846e-06
15997,2.114259561427946e-05
15998,6.8402515222668845e-06
15999,8.0839336172245e-06
16000,7.462092569745692e-06
16001,3.109205237394038e-06
16002,1.803339037688542e-05
16003,9.327615712182115e-06
16004,2.4873641899152306e-06
16005,3.731046284872846e-06
16006,9.949456759660923e-06
16007,6.8402515222668845e-06
16008,5.596569427309269e-06
16009,2.4873641899152306e-06
16010,9.327615712182115e-06
16011,9.327615712182115e-06
16012,3.731046284872846e-06
16013,6.8402515222668845e-06
16014,6.8402515222668845e-06
16015,4.974728379830461e-06
16016,3.109205237394038e-06
16017,1.2436820949576152e-05
16018,5.596569427309269e-06
16019,9.949456759660923e-06
16020,4.974728379830461e-06
16021,6.8402515222668845e-06
16022,3.109205237394038e-06
16023,1.1814979902097345e-05
16024,6.218410474788076e-06
16025,3.109205237394038e-06
16026,5.596569427309269e-06
16027,3.109205237394038e-06
16028,6.218410474788076e-06
16029,9.949456759660923e-06
16030,3.109205237394038e-06
16031,1.057129780713973e-05
16032,4.974728379830461e-06
16033,2.4873641899152306e-06
16034,1.2436820949576152e-05
16035,3.109205237394038e-06
16036,6.8402515222668845e-06
16037,4.974728379830461e-06
16038,3.109205237394038e-06
16039,6.8402515222668845e-06
16040,6.218410474788076e-06
16041,8.705774664703308e-06
16042,6.218410474788076e-06
16043,1.3680503044533769e-05
16044,8.705774664703308e-06
16045,1.3680503044533769e-05
16046,3.731046284872846e-06
16047,3.109205237394038e-06
16048,4.974728379830461e-06
16049,3.731046284872846e-06
16050,9.949456759660923e-06
16051,4.352887332351654e-06
16052,2.42518008516735e-05
16053,7.462092569745692e-06
16054,5.596569427309269e-06
16055,3.109205237394038e-06
16056,1.1814979902097345e-05
16057,9.327615712182115e-06
16058,4.974728379830461e-06
16059,5.596569427309269e-06
16060,8.705774664703308e-06
16061,8.705774664703308e-06
16062,3.731046284872846e-06
16063,4.352887332351654e-06
16064,3.731046284872846e-06
16065,1.865523142436423e-06
16066,3.109205237394038e-06
16067,4.974728379830461e-06
16068,4.974728379830461e-06
16069,8.705774664703308e-06
16070,7.462092569745692e-06
16071,4.352887332351654e-06
16072,9.949456759660923e-06
16073,7.462092569745692e-06
16074,3.731046284872846e-06
16075,4.352887332351654e-06
16076,3.731046284872846e-06
16077,8.0839336172245e-06
16078,3.731046284872846e-06
16079,6.8402515222668845e-06
16080,8.0839336172245e-06
16081,3.109205237394038e-06
16082,6.218410474788076e-06
16083,8.0839336172245e-06
16084,3.731046284872846e-06
16085,3.109205237394038e-06
16086,6.8402515222668845e-06
16087,3.109205237394038e-06
16088,7.462092569745692e-06
16089,3.109205237394038e-06
16090,4.974728379830461e-06
16091,2.0520754566800654e-05
16092,1.6789708281927806e-05
16093,4.352887332351654e-06
16094,9.949456759660923e-06
16095,3.109205237394038e-06
16096,3.109205237394038e-06
16097,3.731046284872846e-06
16098,6.8402515222668845e-06
16099,3.731046284872846e-06
16100,1.057129780713973e-05
16101,3.109205237394038e-06
16102,3.109205237394038e-06
16103,8.705774664703308e-06
16104,3.731046284872846e-06
16105,3.731046284872846e-06
16106,3.109205237394038e-06
16107,3.731046284872846e-06
16108,3.109205237394038e-06
16109,2.4873641899152306e-06
16110,6.218410474788076e-06
16111,5.596569427309269e-06
16112,6.8402515222668845e-06
16113,9.327615712182115e-06
16114,9.327615712182115e-06
16115,3.109205237394038e-06
16116,3.109205237394038e-06
16117,1.6167867234449e-05
16118,8.705774664703308e-06
16119,4.974728379830461e-06
16120,1.057129780713973e-05
16121,3.731046284872846e-06
16122,2.4873641899152306e-06
16123,6.218410474788076e-06
16124,4.352887332351654e-06
16125,1.4924185139491384e-05
16126,3.109205237394038e-06
16127,9.327615712182115e-06
16128,4.352887332351654e-06
16129,6.218410474788076e-06
16130,8.0839336172245e-06
16131,3.109205237394038e-06
16132,4.1663350181080114e-05
16133,3.109205237394038e-06
16134,4.974728379830461e-06
16135,6.8402515222668845e-06
16136,5.596569427309269e-06
16137,2.4873641899152306e-06
16138,4.974728379830461e-06
16139,3.731046284872846e-06
16140,3.109205237394038e-06
16141,9.327615712182115e-06
16142,9.949456759660923e-06
16143,3.731046284872846e-06
16144,5.596569427309269e-06
16145,5.596569427309269e-06
16146,6.8402515222668845e-06
16147,3.731046284872846e-06
16148,1.7411549329406615e-05
16149,3.109205237394038e-06
16150,5.596569427309269e-06
16151,1.4924185139491384e-05
16152,5.596569427309269e-06
16153,1.4924185139491384e-05
16154,1.6789708281927806e-05
16155,4.974728379830461e-06
16156,6.8402515222668845e-06
16157,4.352887332351654e-06
16158,3.731046284872846e-06
16159,5.596569427309269e-06
16160,4.974728379830461e-06
16161,9.949456759660923e-06
16162,4.352887332351654e-06
16163,1.2436820949576152e-05
16164,6.218410474788076e-06
16165,2.4873641899152306e-06
16166,4.974728379830461e-06
16167,7.462092569745692e-06
16168,4.974728379830461e-06
16169,4.352887332351654e-06
16170,5.596569427309269e-06
16171,5.596569427309269e-06
16172,4.352887332351654e-06
16173,3.109205237394038e-06
16174,3.731046284872846e-06
16175,8.705774664703308e-06
16176,3.731046284872846e-06
16177,3.109205237394038e-06
16178,1.057129780713973e-05
16179,3.731046284872846e-06
16180,5.596569427309269e-06
16181,4.352887332351654e-06
16182,2.0520754566800654e-05
16183,4.974728379830461e-06
16184,6.8402515222668845e-06
16185,8.705774664703308e-06
16186,3.731046284872846e-06
16187,4.974728379830461e-06
16188,9.949456759660923e-06
16189,6.218410474788076e-06
16190,3.109205237394038e-06
16191,6.218410474788076e-06
16192,3.109205237394038e-06
16193,7.462092569745692e-06
16194,3.109205237394038e-06
16195,3.109205237394038e-06
16196,6.218410474788076e-06
16197,6.218410474788076e-06
16198,3.109205237394038e-06
16199,8.0839336172245e-06
16200,9.327615712182115e-06
16201,6.218410474788076e-06
16202,1.554602618697019e-05
16203,6.8402515222668845e-06
16204,8.0839336172245e-06
16205,8.705774664703308e-06
16206,6.218410474788076e-06
16207,1.057129780713973e-05
16208,8.705774664703308e-06
16209,8.705774664703308e-06
16210,3.109205237394038e-06
16211,3.731046284872846e-06
16212,4.974728379830461e-06
16213,3.109205237394038e-06
16214,3.109205237394038e-06
16215,3.109205237394038e-06
16216,3.109205237394038e-06
16217,7.462092569745692e-06
16218,3.109205237394038e-06
16219,3.109205237394038e-06
16220,3.109205237394038e-06
16221,3.109205237394038e-06
16222,3.109205237394038e-06
16223,3.109205237394038e-06
16224,3.109205237394038e-06
16225,3.109205237394038e-06
16226,3.109205237394038e-06
16227,3.731046284872846e-06
16228,6.218410474788076e-06
16229,6.218410474788076e-06
16230,3.109205237394038e-06
16231,3.109205237394038e-06
16232,3.109205237394038e-06
16233,6.8402515222668845e-06
16234,3.109205237394038e-06
16235,3.109205237394038e-06
16236,3.109205237394038e-06
16237,3.109205237394038e-06
16238,3.109205237394038e-06
16239,3.109205237394038e-06
16240,3.109205237394038e-06
16241,3.109205237394038e-06
16242,3.109205237394038e-06
16243,3.109205237394038e-06
16244,4.0419668086122496e-05
16245,3.109205237394038e-06
16246,2.0520754566800654e-05
16247,8.705774664703308e-06
16248,3.109205237394038e-06
16249,1.2436820949576152e-05
16250,4.352887332351654e-06
16251,1.3058661997054962e-05
16252,7.462092569745692e-06
16253,9.327615712182115e-06
16254,3.109205237394038e-06
16255,3.109205237394038e-06
16256,7.462092569745692e-06
16257,6.8402515222668845e-06
16258,6.218410474788076e-06
16259,6.218410474788076e-06
16260,4.352887332351654e-06
16261,3.109205237394038e-05
16262,8.0839336172245e-06
16263,4.352887332351654e-06
16264,3.109205237394038e-06
16265,9.949456759660923e-06
16266,6.218410474788076e-06
16267,3.109205237394038e-06
16268,4.974728379830461e-06
16269,4.352887332351654e-06
16270,4.352887332351654e-06
16271,3.109205237394038e-06
16272,4.974728379830461e-06
16273,6.218410474788076e-06
16274,3.109205237394038e-06
16275,3.109205237394038e-06
16276,3.109205237394038e-06
16277,2.42518008516735e-05
16278,3.109205237394038e-06
16279,8.705774664703308e-06
16280,3.109205237394038e-06
16281,7.462092569745692e-06
16282,3.731046284872846e-06
16283,6.218410474788076e-06
16284,3.731046284872846e-06
16285,2.2386277709237075e-05
16286,1.3058661997054962e-05
16287,8.0839336172245e-06
16288,2.4873641899152305e-05
16289,1.057129780713973e-05
16290,1.057129780713973e-05
16291,9.949456759660923e-06
16292,4.974728379830461e-06
16293,1.1814979902097345e-05
16294,9.949456759660923e-06
16295,5.596569427309269e-06
16296,8.705774664703308e-06
16297,1.1814979902097345e-05
16298,1.1814979902097345e-05
16299,2.0520754566800654e-05
16300,1.2436820949576152e-05
16301,9.949456759660923e-06
16302,2.4873641899152305e-05
16303,2.2386277709237075e-05
16304,2.42518008516735e-05
16305,3.6688621801249655e-05
16306,3.171389342141919e-05
16307,6.8402515222668845e-06
16308,8.705774664703308e-06
16309,4.352887332351654e-06
16310,8.0839336172245e-06
16311,1.3058661997054962e-05
16312,3.109205237394038e-06
16313,1.1193138854618537e-05
16314,5.596569427309269e-06
16315,4.974728379830461e-06
16316,3.109205237394038e-06
16317,3.109205237394038e-06
16318,6.218410474788076e-06
16319,3.109205237394038e-06
16320,3.109205237394038e-06
16321,3.109205237394038e-06
16322,3.109205237394038e-06
16323,3.109205237394038e-06
16324,3.109205237394038e-06
16325,3.109205237394038e-06
16326,4.352887332351654e-06
16327,4.352887332351654e-06
16328,4.352887332351654e-06
16329,3.109205237394038e-06
16330,6.8402515222668845e-06
16331,8.0839336172245e-06
16332,3.109205237394038e-06
16333,4.352887332351654e-06
16334,3.109205237394038e-06
16335,6.218410474788076e-06
16336,3.109205237394038e-06
16337,3.109205237394038e-06
16338,3.109205237394038e-06
16339,4.352887332351654e-06
16340,3.731046284872846e-06
16341,9.327615712182115e-06
16342,3.109205237394038e-06
16343,7.462092569745692e-06
16344,4.352887332351654e-06
16345,3.109205237394038e-06
16346,3.731046284872846e-06
16347,3.109205237394038e-06
16348,4.352887332351654e-06
16349,4.352887332351654e-06
16350,5.596569427309269e-06
16351,3.731046284872846e-06
16352,3.109205237394038e-06
16353,4.352887332351654e-06
16354,4.352887332351654e-06
16355,9.949456759660923e-06
16356,3.109205237394038e-06
16357,3.731046284872846e-06
16358,3.109205237394038e-06
16359,3.109205237394038e-06
16360,3.731046284872846e-06
16361,3.109205237394038e-06
16362,3.109205237394038e-06
16363,3.109205237394038e-06
16364,3.109205237394038e-06
16365,6.218410474788076e-06
16366,3.109205237394038e-06
16367,3.109205237394038e-06
16368,3.109205237394038e-06
16369,3.109205237394038e-06
16370,3.109205237394038e-06
16371,3.109205237394038e-06
16372,5.596569427309269e-06
16373,5.596569427309269e-06
16374,5.596569427309269e-06
16375,3.109205237394038e-06
16376,1.2436820949576152e-05
16377,4.352887332351654e-06
16378,3.109205237394038e-06
16379,3.109205237394038e-06
16380,3.109205237394038e-06
16381,3.109205237394038e-06
16382,3.109205237394038e-06
16383,2.6117323994109923e-05
16384,3.109205237394038e-06
16385,1.2436820949576152e-05
16386,3.109205237394038e-06
16387,3.109205237394038e-06
16388,3.109205237394038e-06
16389,3.109205237394038e-06
16390,3.109205237394038e-06
16391,3.109205237394038e-06
16392,3.109205237394038e-06
16393,3.109205237394038e-06
16394,3.109205237394038e-06
16395,3.109205237394038e-06
16396,6.8402515222668845e-06
16397,4.974728379830461e-06
16398,3.109205237394038e-06
16399,3.109205237394038e-06
16400,3.109205237394038e-06
16401,3.109205237394038e-06
16402,3.731046284872846e-06
16403,3.731046284872846e-06
16404,5.596569427309269e-06
16405,4.974728379830461e-06
16406,1.057129780713973e-05
16407,5.596569427309269e-06
16408,1.6167867234449e-05
16409,3.109205237394038e-06
16410,3.109205237394038e-06
16411,8.705774664703308e-06
16412,4.974728379830461e-06
16413,4.974728379830461e-06
16414,4.974728379830461e-06
16415,3.731046284872846e-06
16416,7.462092569745692e-06
16417,3.109205237394038e-06
16418,9.327615712182115e-06
16419,4.974728379830461e-06
16420,6.8402515222668845e-06
16421,6.218410474788076e-06
16422,3.731046284872846e-06
16423,8.705774664703308e-06
16424,5.596569427309269e-06
16425,1.803339037688542e-05
16426,3.109205237394038e-06
16427,3.109205237394038e-06
16428,3.109205237394038e-06
16429,4.352887332351654e-06
16430,6.218410474788076e-06
16431,8.705774664703308e-06
16432,3.109205237394038e-06
16433,3.109205237394038e-06
16434,6.218410474788076e-06
16435,2.673916504158873e-05
16436,3.109205237394038e-06
16437,4.974728379830461e-06
16438,6.218410474788076e-06
16439,3.109205237394038e-06
16440,3.109205237394038e-06
16441,3.109205237394038e-06
16442,3.109205237394038e-06
16443,9.327615712182115e-06
16444,8.705774664703308e-06
16445,4.352887332351654e-06
16446,4.352887332351654e-06
16447,3.109205237394038e-06
16448,3.109205237394038e-06
16449,1.4302344092012576e-05
16450,4.352887332351654e-06
16451,3.109205237394038e-06
16452,6.218410474788076e-06
16453,6.8402515222668845e-06
16454,3.109205237394038e-06
16455,4.352887332351654e-06
16456,1.3058661997054962e-05
16457,3.109205237394038e-06
16458,7.462092569745692e-06
16459,6.8402515222668845e-06
16460,6.218410474788076e-06
16461,3.109205237394038e-06
16462,1.554602618697019e-05
16463,3.109205237394038e-06
16464,5.596569427309269e-06
16465,1.1193138854618537e-05
16466,3.109205237394038e-06
16467,9.327615712182115e-06
16468,3.109205237394038e-06
16469,4.974728379830461e-06
16470,4.974728379830461e-06
16471,3.109205237394038e-06
16472,7.462092569745692e-06
16473,3.109205237394038e-06
16474,2.2386277709237075e-05
16475,3.109205237394038e-06
16476,3.109205237394038e-06
16477,6.218410474788076e-06
16478,4.974728379830461e-06
16479,5.596569427309269e-06
16480,3.109205237394038e-06
16481,4.974728379830461e-06
16482,3.731046284872846e-06
16483,3.109205237394038e-06
16484,3.109205237394038e-06
16485,3.109205237394038e-06
16486,1.057129780713973e-05
16487,5.596569427309269e-06
16488,3.109205237394038e-06
16489,3.109205237394038e-06
16490,6.8402515222668845e-06
16491,3.731046284872846e-06
16492,3.731046284872846e-06
16493,3.731046284872846e-06
16494,3.109205237394038e-06
16495,3.109205237394038e-06
16496,3.109205237394038e-06
16497,3.109205237394038e-06
16498,3.109205237394038e-06
16499,1.057129780713973e-05
16500,4.352887332351654e-06
16501,4.974728379830461e-06
16502,3.109205237394038e-06
16503,7.462092569745692e-06
16504,6.8402515222668845e-06
16505,4.974728379830461e-06
16506,5.596569427309269e-06
16507,4.974728379830461e-06
16508,1.6789708281927806e-05
16509,3.109205237394038e-06
16510,6.8402515222668845e-06
16511,3.109205237394038e-06
16512,9.949456759660923e-06
16513,2.4873641899152306e-06
16514,3.731046284872846e-06
16515,9.327615712182115e-06
16516,1.3680503044533769e-05
16517,4.352887332351654e-06
16518,7.462092569745692e-06
16519,1.1814979902097345e-05
16520,4.352887332351654e-06
16521,1.3680503044533769e-05
16522,1.3680503044533769e-05
16523,5.596569427309269e-06
16524,3.109205237394038e-06
16525,3.731046284872846e-06
16526,3.731046284872846e-06
16527,4.352887332351654e-06
16528,4.974728379830461e-06
16529,3.109205237394038e-06
16530,5.596569427309269e-06
16531,4.352887332351654e-06
16532,2.4873641899152306e-06
16533,7.462092569745692e-06
16534,3.109205237394038e-06
16535,3.109205237394038e-06
16536,6.218410474788076e-06
16537,7.462092569745692e-06
16538,3.109205237394038e-06
16539,3.109205237394038e-06
16540,5.596569427309269e-06
16541,4.974728379830461e-06
16542,1.3680503044533769e-05
16543,6.218410474788076e-06
16544,4.974728379830461e-06
16545,3.2335734468898e-05
16546,8.0839336172245e-06
16547,6.8402515222668845e-06
16548,2.6117323994109923e-05
16549,3.109205237394038e-06
16550,3.109205237394038e-06
16551,8.705774664703308e-06
16552,7.462092569745692e-06
16553,3.109205237394038e-06
16554,6.8402515222668845e-06
16555,6.218410474788076e-06
16556,3.731046284872846e-06
16557,5.596569427309269e-06
16558,3.731046284872846e-06
16559,5.596569427309269e-06
16560,4.974728379830461e-06
16561,1.803339037688542e-05
16562,5.596569427309269e-06
16563,3.109205237394038e-06
16564,4.974728379830461e-06
16565,3.109205237394038e-06
16566,3.109205237394038e-06
16567,8.0839336172245e-06
16568,5.596569427309269e-06
16569,1.3058661997054962e-05
16570,5.596569427309269e-06
16571,5.596569427309269e-06
16572,1.057129780713973e-05
16573,8.0839336172245e-06
16574,4.352887332351654e-06
16575,6.218410474788076e-06
16576,4.974728379830461e-06
16577,9.327615712182115e-06
16578,1.2436820949576152e-05
16579,4.352887332351654e-06
16580,8.0839336172245e-06
16581,3.109205237394038e-06
16582,5.596569427309269e-06
16583,3.731046284872846e-06
16584,4.352887332351654e-06
16585,4.974728379830461e-06
16586,3.731046284872846e-06
16587,5.596569427309269e-06
16588,9.327615712182115e-06
16589,4.974728379830461e-06
16590,6.218410474788076e-06
16591,4.352887332351654e-06
16592,3.109205237394038e-06
16593,3.731046284872846e-06
16594,1.865523142436423e-06
16595,4.352887332351654e-05
16596,8.705774664703308e-06
16597,1.1193138854618537e-05
16598,6.218410474788076e-06
16599,3.731046284872846e-06
16600,2.4873641899152306e-06
16601,4.352887332351654e-06
16602,1.803339037688542e-05
16603,6.218410474788076e-06
16604,3.731046284872846e-06
16605,4.352887332351654e-06
16606,1.865523142436423e-05
16607,8.705774664703308e-06
16608,1.1193138854618537e-05
16609,1.554602618697019e-05
16610,5.596569427309269e-06
16611,4.352887332351654e-06
16612,7.462092569745692e-06
16613,7.462092569745692e-06
16614,4.352887332351654e-06
16615,3.109205237394038e-06
16616,3.109205237394038e-06
16617,3.731046284872846e-06
16618,1.6789708281927806e-05
16619,4.352887332351654e-06
16620,5.596569427309269e-06
16621,4.352887332351654e-06
16622,1.1814979902097345e-05
16623,3.731046284872846e-06
16624,1.057129780713973e-05
16625,6.8402515222668845e-06
16626,9.327615712182115e-06
16627,3.731046284872846e-06
16628,8.0839336172245e-06
16629,6.218410474788076e-06
16630,4.352887332351654e-06
16631,2.4873641899152306e-06
16632,4.352887332351654e-06
16633,1.3680503044533769e-05
16634,6.8402515222668845e-06
16635,1.865523142436423e-05
16636,4.352887332351654e-06
16637,1.057129780713973e-05
16638,9.327615712182115e-06
16639,4.974728379830461e-06
16640,9.949456759660923e-06
16641,1.4924185139491384e-05
16642,2.176443666175827e-05
16643,1.7411549329406615e-05
16644,2.2386277709237075e-05
16645,1.4924185139491384e-05
16646,1.6789708281927806e-05
16647,2.176443666175827e-05
16648,1.803339037688542e-05
16649,4.352887332351654e-06
16650,2.4873641899152306e-06
16651,3.109205237394038e-06
16652,1.1814979902097345e-05
16653,3.731046284872846e-06
16654,3.731046284872846e-06
16655,4.974728379830461e-06
16656,4.974728379830461e-06
16657,7.462092569745692e-06
16658,4.352887332351654e-06
16659,4.974728379830461e-06
16660,8.705774664703308e-06
16661,9.327615712182115e-06
16662,4.352887332351654e-06
16663,5.596569427309269e-06
16664,4.352887332351654e-06
16665,6.8402515222668845e-06
16666,6.218410474788076e-06
16667,2.4873641899152306e-06
16668,4.352887332351654e-06
16669,1.1814979902097345e-05
16670,4.974728379830461e-06
16671,3.109205237394038e-06
16672,5.596569427309269e-06
16673,5.596569427309269e-06
16674,9.949456759660923e-06
16675,3.109205237394038e-06
16676,6.8402515222668845e-06
16677,1.6167867234449e-05
16678,6.218410474788076e-06
16679,4.352887332351654e-06
16680,4.352887332351654e-06
16681,3.731046284872846e-06
16682,6.8402515222668845e-06
16683,3.109205237394038e-06
16684,6.8402515222668845e-06
16685,4.974728379830461e-06
16686,5.596569427309269e-06
16687,3.109205237394038e-06
16688,3.109205237394038e-06
16689,2.4873641899152306e-06
16690,3.731046284872846e-06
16691,5.596569427309269e-06
16692,3.109205237394038e-06
16693,7.462092569745692e-06
16694,3.109205237394038e-06
16695,8.705774664703308e-06
16696,8.0839336172245e-06
16697,4.352887332351654e-06
16698,1.803339037688542e-05
16699,7.462092569745692e-06
16700,8.0839336172245e-06
16701,1.3680503044533769e-05
16702,8.705774664703308e-06
16703,6.8402515222668845e-06
16704,6.8402515222668845e-06
16705,3.109205237394038e-06
16706,2.4873641899152306e-06
16707,6.8402515222668845e-06
16708,4.974728379830461e-06
16709,4.352887332351654e-06
16710,1.4302344092012576e-05
16711,3.109205237394038e-06
16712,4.974728379830461e-06
16713,4.352887332351654e-06
16714,4.974728379830461e-06
16715,3.731046284872846e-06
16716,1.3058661997054962e-05
16717,3.731046284872846e-06
16718,6.8402515222668845e-06
16719,4.974728379830461e-06
16720,4.352887332351654e-06
16721,5.596569427309269e-06
16722,2.4873641899152306e-06
16723,5.596569427309269e-06
16724,3.731046284872846e-06
16725,1.1814979902097345e-05
16726,3.109205237394038e-06
16727,3.109205237394038e-06
16728,7.462092569745692e-06
16729,3.109205237394038e-06
16730,3.731046284872846e-06
16731,1.1193138854618537e-05
16732,3.109205237394038e-06
16733,4.352887332351654e-06
16734,1.1814979902097345e-05
16735,7.462092569745692e-06
16736,1.1193138854618537e-05
16737,1.803339037688542e-05
16738,3.731046284872846e-06
16739,7.462092569745692e-06
16740,4.352887332351654e-06
16741,8.0839336172245e-06
16742,4.974728379830461e-06
16743,6.218410474788076e-06
16744,3.731046284872846e-06
16745,5.596569427309269e-06
16746,4.352887332351654e-06
16747,9.949456759660923e-06
16748,8.705774664703308e-06
16749,1.2436820949576152e-05
16750,1.1814979902097345e-05
16751,4.974728379830461e-06
16752,4.974728379830461e-06
16753,8.0839336172245e-06
16754,6.218410474788076e-06
16755,6.8402515222668845e-06
16756,3.731046284872846e-06
16757,4.352887332351654e-06
16758,8.0839336172245e-06
16759,6.8402515222668845e-06
16760,4.352887332351654e-06
16761,3.731046284872846e-06
16762,3.109205237394038e-06
16763,2.176443666175827e-05
16764,9.949456759660923e-06
16765,3.731046284872846e-06
16766,4.352887332351654e-06
16767,4.974728379830461e-06
16768,1.4302344092012576e-05
16769,1.4924185139491384e-05
16770,2.4873641899152306e-06
16771,3.731046284872846e-06
16772,9.949456759660923e-06
16773,3.731046284872846e-06
16774,3.731046284872846e-06
16775,3.109205237394038e-06
16776,4.352887332351654e-06
16777,3.109205237394038e-06
16778,4.974728379830461e-06
16779,4.352887332351654e-06
16780,6.218410474788076e-06
16781,7.462092569745692e-06
16782,5.596569427309269e-06
16783,3.731046284872846e-06
16784,1.3680503044533769e-05
16785,3.109205237394038e-06
16786,2.0520754566800654e-05
16787,4.974728379830461e-06
16788,9.949456759660923e-06
16789,4.974728379830461e-06
16790,3.109205237394038e-06
16791,6.8402515222668845e-06
16792,6.218410474788076e-06
16793,6.218410474788076e-06
16794,3.109205237394038e-06
16795,5.596569427309269e-06
16796,4.974728379830461e-06
16797,3.731046284872846e-06
16798,6.218410474788076e-06
16799,1.2436820949576152e-05
16800,3.109205237394038e-06
16801,3.731046284872846e-06
16802,3.731046284872846e-06
16803,3.109205237394038e-06
16804,9.949456759660923e-06
16805,2.4873641899152306e-06
16806,3.731046284872846e-06
16807,1.2436820949576152e-05
16808,1.057129780713973e-05
16809,3.109205237394038e-06
16810,7.462092569745692e-06
16811,4.974728379830461e-06
16812,1.1814979902097345e-05
16813,1.4924185139491384e-05
16814,6.218410474788076e-06
16815,4.974728379830461e-06
16816,4.352887332351654e-06
16817,3.109205237394038e-06
16818,3.109205237394038e-06
16819,3.109205237394038e-06
16820,3.731046284872846e-06
16821,3.731046284872846e-06
16822,3.109205237394038e-06
16823,7.462092569745692e-06
16824,3.109205237394038e-06
16825,6.218410474788076e-06
16826,1.3680503044533769e-05
16827,9.949456759660923e-06
16828,3.109205237394038e-06
16829,3.109205237394038e-06
16830,3.731046284872846e-06
16831,3.731046284872846e-06
16832,4.974728379830461e-06
16833,4.974728379830461e-06
16834,3.731046284872846e-06
16835,3.109205237394038e-06
16836,3.731046284872846e-06
16837,4.352887332351654e-06
16838,6.8402515222668845e-06
16839,3.109205237394038e-06
16840,3.731046284872846e-06
16841,5.596569427309269e-06
16842,6.8402515222668845e-06
16843,4.974728379830461e-06
16844,1.1814979902097345e-05
16845,6.218410474788076e-06
16846,3.731046284872846e-06
16847,4.974728379830461e-06
16848,4.352887332351654e-06
16849,8.0839336172245e-06
16850,3.109205237394038e-06
16851,4.974728379830461e-06
16852,4.974728379830461e-06
16853,8.0839336172245e-06
16854,7.462092569745692e-06
16855,9.327615712182115e-06
16856,4.974728379830461e-06
16857,8.0839336172245e-06
16858,6.218410474788076e-06
16859,3.109205237394038e-06
16860,7.462092569745692e-06
16861,1.6789708281927806e-05
16862,1.4924185139491384e-05
16863,3.109205237394038e-06
16864,1.1814979902097345e-05
16865,1.4924185139491384e-05
16866,7.462092569745692e-06
16867,5.596569427309269e-06
16868,6.218410474788076e-06
16869,3.109205237394038e-06
16870,4.352887332351654e-06
16871,3.731046284872846e-06
16872,4.352887332351654e-06
16873,3.731046284872846e-06
16874,1.6789708281927806e-05
16875,3.109205237394038e-06
16876,3.109205237394038e-06
16877,3.109205237394038e-06
16878,2.4873641899152306e-06
16879,1.4302344092012576e-05
16880,2.4873641899152306e-06
16881,1.4924185139491384e-05
16882,8.705774664703308e-06
16883,4.974728379830461e-06
16884,2.4873641899152306e-06
16885,3.731046284872846e-06
16886,6.218410474788076e-06
16887,3.109205237394038e-06
16888,7.462092569745692e-06
16889,4.974728379830461e-06
16890,3.731046284872846e-06
16891,5.596569427309269e-06
16892,5.596569427309269e-06
16893,3.731046284872846e-06
16894,8.705774664703308e-06
16895,3.109205237394038e-06
16896,3.109205237394038e-06
16897,3.109205237394038e-06
16898,9.949456759660923e-06
16899,1.865523142436423e-05
16900,7.462092569745692e-06
16901,1.3680503044533769e-05
16902,3.109205237394038e-06
16903,4.352887332351654e-06
16904,6.218410474788076e-06
16905,6.8402515222668845e-06
16906,1.1193138854618537e-05
16907,4.352887332351654e-06
16908,3.731046284872846e-06
16909,6.218410474788076e-06
16910,6.218410474788076e-06
16911,6.218410474788076e-06
16912,5.596569427309269e-06
16913,6.218410474788076e-06
16914,6.218410474788076e-06
16915,6.218410474788076e-06
16916,6.218410474788076e-06
16917,6.218410474788076e-06
16918,3.109205237394038e-06
16919,6.218410474788076e-06
16920,6.218410474788076e-06
16921,6.218410474788076e-06
16922,6.218410474788076e-06
16923,6.218410474788076e-06
16924,6.8402515222668845e-06
16925,3.109205237394038e-06
16926,3.109205237394038e-06
16927,4.352887332351654e-06
16928,3.731046284872846e-06
16929,1.865523142436423e-06
16930,3.731046284872846e-06
16931,7.462092569745692e-06
16932,5.596569427309269e-06
16933,6.8402515222668845e-06
16934,8.0839336172245e-06
16935,1.3058661997054962e-05
16936,8.0839336172245e-06
16937,6.8402515222668845e-06
16938,4.974728379830461e-06
16939,4.352887332351654e-06
16940,5.596569427309269e-06
16941,3.731046284872846e-06
16942,8.705774664703308e-06
16943,5.596569427309269e-06
16944,6.218410474788076e-06
16945,2.4873641899152306e-06
16946,6.218410474788076e-06
16947,3.109205237394038e-06
16948,6.218410474788076e-06
16949,6.218410474788076e-06
16950,4.352887332351654e-06
16951,3.109205237394038e-06
16952,6.8402515222668845e-06
16953,1.1193138854618537e-05
16954,1.1193138854618537e-05
16955,1.1814979902097345e-05
16956,6.8402515222668845e-06
16957,3.731046284872846e-06
16958,4.974728379830461e-06
16959,1.865523142436423e-05
16960,4.352887332351654e-06
16961,3.109205237394038e-06
16962,4.352887332351654e-06
16963,4.352887332351654e-06
16964,3.731046284872846e-06
16965,9.949456759660923e-06
16966,7.462092569745692e-06
16967,4.352887332351654e-06
16968,4.352887332351654e-06
16969,5.596569427309269e-06
16970,8.0839336172245e-06
16971,4.352887332351654e-06
16972,2.4873641899152306e-06
16973,1.2436820949576152e-05
16974,3.109205237394038e-06
16975,1.554602618697019e-05
16976,1.1814979902097345e-05
16977,3.109205237394038e-06
16978,6.218410474788076e-06
16979,1.6789708281927806e-05
16980,3.731046284872846e-06
16981,6.8402515222668845e-06
16982,3.109205237394038e-06
16983,3.109205237394038e-06
16984,4.352887332351654e-06
16985,3.109205237394038e-06
16986,3.109205237394038e-06
16987,6.218410474788076e-06
16988,3.731046284872846e-06
16989,3.731046284872846e-06
16990,8.0839336172245e-06
16991,3.731046284872846e-06
16992,1.2436820949576152e-05
16993,3.109205237394038e-06
16994,6.8402515222668845e-06
16995,3.109205237394038e-06
16996,4.352887332351654e-06
16997,9.327615712182115e-06
16998,3.109205237394038e-06
16999,3.731046284872846e-06
17000,5.596569427309269e-06
17001,3.109205237394038e-06
17002,4.974728379830461e-06
17003,3.731046284872846e-06
17004,3.731046284872846e-06
17005,4.352887332351654e-06
17006,3.109205237394038e-06
17007,3.731046284872846e-06
17008,8.705774664703308e-06
17009,1.1193138854618537e-05
17010,1.4302344092012576e-05
17011,4.352887332351654e-06
17012,9.949456759660923e-06
17013,6.218410474788076e-06
17014,3.731046284872846e-06
17015,1.3058661997054962e-05
17016,4.974728379830461e-06
17017,1.1814979902097345e-05
17018,3.731046284872846e-06
17019,8.0839336172245e-06
17020,4.974728379830461e-06
17021,6.218410474788076e-06
17022,3.731046284872846e-06
17023,5.596569427309269e-06
17024,6.218410474788076e-06
17025,3.109205237394038e-06
17026,3.109205237394038e-06
17027,4.352887332351654e-06
17028,8.705774664703308e-06
17029,3.109205237394038e-06
17030,3.731046284872846e-06
17031,6.8402515222668845e-06
17032,4.352887332351654e-06
17033,6.218410474788076e-06
17034,4.352887332351654e-06
17035,1.057129780713973e-05
17036,3.109205237394038e-06
17037,5.596569427309269e-06
17038,1.4924185139491384e-05
17039,4.974728379830461e-06
17040,4.352887332351654e-06
17041,1.9277072471843036e-05
17042,5.596569427309269e-06
17043,3.731046284872846e-06
17044,9.327615712182115e-06
17045,8.0839336172245e-06
17046,7.462092569745692e-06
17047,1.865523142436423e-06
17048,4.352887332351654e-06
17049,1.1193138854618537e-05
17050,5.596569427309269e-06
17051,3.731046284872846e-06
17052,3.109205237394038e-06
17053,5.596569427309269e-06
17054,6.218410474788076e-06
17055,6.8402515222668845e-06
17056,3.109205237394038e-06
17057,6.8402515222668845e-06
17058,1.803339037688542e-05
17059,3.109205237394038e-06
17060,3.109205237394038e-06
17061,1.6789708281927806e-05
17062,6.218410474788076e-06
17063,3.731046284872846e-06
17064,5.596569427309269e-06
17065,3.109205237394038e-06
17066,8.705774664703308e-06
17067,3.109205237394038e-06
17068,6.218410474788076e-06
17069,4.974728379830461e-06
17070,3.731046284872846e-06
17071,3.731046284872846e-06
17072,3.731046284872846e-06
17073,1.2436820949576152e-05
17074,2.4873641899152306e-06
17075,8.0839336172245e-06
17076,1.3058661997054962e-05
17077,7.462092569745692e-06
17078,3.109205237394038e-06
17079,6.218410474788076e-06
17080,5.596569427309269e-06
17081,6.218410474788076e-06
17082,3.109205237394038e-06
17083,4.352887332351654e-06
17084,8.0839336172245e-06
17085,3.731046284872846e-06
17086,3.731046284872846e-06
17087,3.731046284872846e-06
17088,3.731046284872846e-06
17089,4.352887332351654e-06
17090,9.327615712182115e-06
17091,3.109205237394038e-06
17092,6.218410474788076e-06
17093,5.596569427309269e-06
17094,6.8402515222668845e-06
17095,5.596569427309269e-06
17096,3.109205237394038e-06
17097,3.109205237394038e-06
17098,4.974728379830461e-06
17099,3.731046284872846e-06
17100,4.974728379830461e-06
17101,2.4873641899152306e-06
17102,4.352887332351654e-06
17103,3.731046284872846e-06
17104,2.176443666175827e-05
17105,8.0839336172245e-06
17106,1.2436820949576153e-06
17107,4.974728379830461e-06
17108,3.109205237394038e-06
17109,4.974728379830461e-06
17110,6.218410474788076e-06
17111,3.109205237394038e-06
17112,5.596569427309269e-06
17113,3.731046284872846e-06
17114,4.352887332351654e-06
17115,3.109205237394038e-06
17116,8.0839336172245e-06
17117,3.109205237394038e-06
17118,8.705774664703308e-06
17119,3.109205237394038e-06
17120,3.109205237394038e-06
17121,5.596569427309269e-06
17122,7.462092569745692e-06
17123,1.1814979902097345e-05
17124,6.218410474788076e-06
17125,3.109205237394038e-06
17126,3.731046284872846e-06
17127,9.327615712182115e-06
17128,4.974728379830461e-06
17129,4.974728379830461e-06
17130,1.3680503044533769e-05
17131,3.109205237394038e-06
17132,3.731046284872846e-06
17133,6.8402515222668845e-06
17134,5.596569427309269e-06
17135,6.8402515222668845e-06
17136,4.352887332351654e-06
17137,3.731046284872846e-06
17138,1.057129780713973e-05
17139,3.109205237394038e-06
17140,1.7411549329406615e-05
17141,4.352887332351654e-06
17142,3.109205237394038e-06
17143,6.8402515222668845e-06
17144,6.8402515222668845e-06
17145,7.462092569745692e-06
17146,3.109205237394038e-06
17147,7.462092569745692e-06
17148,3.109205237394038e-06
17149,4.352887332351654e-06
17150,4.352887332351654e-06
17151,4.352887332351654e-06
17152,7.462092569745692e-06
17153,1.1193138854618537e-05
17154,8.0839336172245e-06
17155,7.462092569745692e-06
17156,5.596569427309269e-06
17157,1.803339037688542e-05
17158,8.705774664703308e-06
17159,8.705774664703308e-06
17160,3.109205237394038e-06
17161,6.8402515222668845e-06
17162,2.4873641899152306e-06
17163,6.8402515222668845e-06
17164,1.7411549329406615e-05
17165,2.42518008516735e-05
17166,3.109205237394038e-06
17167,3.109205237394038e-06
17168,1.057129780713973e-05
17169,4.352887332351654e-06
17170,4.352887332351654e-06
17171,1.865523142436423e-05
17172,4.352887332351654e-06
17173,3.109205237394038e-06
17174,4.352887332351654e-06
17175,3.731046284872846e-06
17176,3.731046284872846e-06
17177,3.109205237394038e-06
17178,4.974728379830461e-06
17179,3.109205237394038e-06
17180,3.731046284872846e-06
17181,3.109205237394038e-06
17182,3.109205237394038e-06
17183,3.731046284872846e-06
17184,3.731046284872846e-06
17185,3.109205237394038e-06
17186,1.2436820949576152e-05
17187,6.218410474788076e-06
17188,4.974728379830461e-06
17189,3.731046284872846e-06
17190,3.109205237394038e-06
17191,6.8402515222668845e-06
17192,1.4924185139491384e-05
17193,4.974728379830461e-06
17194,1.3058661997054962e-05
17195,3.731046284872846e-06
17196,4.352887332351654e-06
17197,4.974728379830461e-06
17198,3.731046284872846e-06
17199,3.109205237394038e-06
17200,8.705774664703308e-06
17201,8.0839336172245e-06
17202,4.974728379830461e-06
17203,3.109205237394038e-06
17204,9.327615712182115e-06
17205,9.949456759660923e-06
17206,1.4924185139491384e-05
17207,2.4873641899152306e-06
17208,3.731046284872846e-06
17209,4.974728379830461e-06
17210,3.731046284872846e-06
17211,3.731046284872846e-06
17212,5.596569427309269e-06
17213,5.596569427309269e-06
17214,8.705774664703308e-06
17215,1.4924185139491384e-05
17216,3.109205237394038e-06
17217,9.949456759660923e-06
17218,5.596569427309269e-06
17219,4.974728379830461e-06
17220,1.057129780713973e-05
17221,8.0839336172245e-06
17222,7.462092569745692e-06
17223,4.974728379830461e-06
17224,9.949456759660923e-06
17225,2.4873641899152306e-06
17226,6.218410474788076e-06
17227,5.596569427309269e-06
17228,3.731046284872846e-06
17229,6.218410474788076e-06
17230,4.352887332351654e-06
17231,3.731046284872846e-06
17232,1.1193138854618537e-05
17233,3.731046284872846e-06
17234,1.4924185139491384e-05
17235,3.731046284872846e-06
17236,3.109205237394038e-06
17237,3.109205237394038e-06
17238,3.109205237394038e-06
17239,3.731046284872846e-06
17240,6.218410474788076e-06
17241,1.865523142436423e-06
17242,3.731046284872846e-06
17243,3.109205237394038e-06
17244,3.109205237394038e-06
17245,2.4873641899152306e-06
17246,4.974728379830461e-06
17247,4.974728379830461e-06
17248,7.462092569745692e-06
17249,5.596569427309269e-06
17250,3.731046284872846e-06
17251,5.596569427309269e-06
17252,5.596569427309269e-06
17253,6.8402515222668845e-06
17254,3.109205237394038e-06
17255,7.462092569745692e-06
17256,6.218410474788076e-06
17257,3.109205237394038e-06
17258,4.352887332351654e-06
17259,1.554602618697019e-05
17260,4.352887332351654e-06
17261,5.596569427309269e-06
17262,8.705774664703308e-06
17263,1.1193138854618537e-05
17264,1.4924185139491384e-05
17265,2.673916504158873e-05
17266,3.109205237394038e-06
17267,3.109205237394038e-06
17268,4.974728379830461e-06
17269,4.352887332351654e-06
17270,3.731046284872846e-06
17271,1.2436820949576152e-05
17272,6.218410474788076e-06
17273,9.949456759660923e-06
17274,6.8402515222668845e-06
17275,1.3058661997054962e-05
17276,3.109205237394038e-06
17277,7.462092569745692e-06
17278,4.974728379830461e-06
17279,8.705774664703308e-06
17280,3.109205237394038e-06
17281,4.974728379830461e-06
17282,4.352887332351654e-06
17283,3.109205237394038e-06
17284,6.8402515222668845e-06
17285,9.949456759660923e-06
17286,3.731046284872846e-06
17287,1.554602618697019e-05
17288,4.352887332351654e-06
17289,5.596569427309269e-06
17290,3.109205237394038e-06
17291,1.1814979902097345e-05
17292,4.974728379830461e-06
17293,7.462092569745692e-06
17294,7.462092569745692e-06
17295,3.109205237394038e-06
17296,6.218410474788076e-06
17297,3.109205237394038e-06
17298,3.109205237394038e-06
17299,3.109205237394038e-06
17300,5.596569427309269e-06
17301,1.057129780713973e-05
17302,6.8402515222668845e-06
17303,2.4873641899152306e-06
17304,4.974728379830461e-06
17305,3.109205237394038e-06
17306,1.057129780713973e-05
17307,3.731046284872846e-06
17308,4.352887332351654e-06
17309,4.352887332351654e-06
17310,1.3058661997054962e-05
17311,3.731046284872846e-06
17312,7.462092569745692e-06
17313,2.4873641899152306e-06
17314,3.731046284872846e-06
17315,1.1193138854618537e-05
17316,4.974728379830461e-06
17317,8.705774664703308e-06
17318,1.1193138854618537e-05
17319,3.109205237394038e-06
17320,3.109205237394038e-06
17321,4.974728379830461e-06
17322,3.731046284872846e-06
17323,3.109205237394038e-06
17324,5.596569427309269e-06
17325,3.109205237394038e-06
17326,3.109205237394038e-06
17327,9.949456759660923e-06
17328,1.057129780713973e-05
17329,4.974728379830461e-06
17330,3.109205237394038e-06
17331,3.731046284872846e-06
17332,5.596569427309269e-06
17333,3.731046284872846e-06
17334,3.731046284872846e-06
17335,5.596569427309269e-06
17336,3.109205237394038e-06
17337,3.109205237394038e-06
17338,3.109205237394038e-06
17339,4.352887332351654e-06
17340,6.8402515222668845e-06
17341,4.352887332351654e-06
17342,4.974728379830461e-06
17343,3.731046284872846e-06
17344,3.109205237394038e-06
17345,3.109205237394038e-06
17346,6.8402515222668845e-06
17347,6.218410474788076e-06
17348,8.0839336172245e-06
17349,1.7411549329406615e-05
17350,8.0839336172245e-06
17351,8.705774664703308e-06
17352,8.0839336172245e-06
17353,4.0419668086122496e-05
17354,4.352887332351654e-06
17355,4.352887332351654e-06
17356,1.1193138854618537e-05
17357,4.974728379830461e-06
17358,1.7411549329406615e-05
17359,1.057129780713973e-05
17360,8.0839336172245e-06
17361,1.2436820949576153e-06
17362,1.057129780713973e-05
17363,6.218410474788076e-06
17364,3.109205237394038e-06
17365,1.1193138854618537e-05
17366,3.109205237394038e-06
17367,2.362995980419469e-05
17368,8.0839336172245e-06
17369,6.218410474788076e-06
17370,1.7411549329406615e-05
17371,2.4873641899152306e-06
17372,2.2386277709237075e-05
17373,3.109205237394038e-06
17374,3.731046284872846e-06
17375,1.6789708281927806e-05
17376,3.731046284872846e-06
17377,7.462092569745692e-06
17378,4.974728379830461e-06
17379,1.2436820949576152e-05
17380,8.705774664703308e-06
17381,9.327615712182115e-06
17382,1.803339037688542e-05
17383,5.596569427309269e-06
17384,4.352887332351654e-06
17385,1.1814979902097345e-05
17386,6.8402515222668845e-06
17387,4.974728379830461e-06
17388,6.218410474788076e-06
17389,1.3680503044533769e-05
17390,3.109205237394038e-06
17391,4.352887332351654e-06
17392,2.4873641899152306e-06
17393,1.4302344092012576e-05
17394,3.731046284872846e-06
17395,3.731046284872846e-06
17396,3.731046284872846e-06
17397,5.596569427309269e-06
17398,3.109205237394038e-06
17399,7.462092569745692e-06
17400,3.731046284872846e-06
17401,7.462092569745692e-06
17402,3.731046284872846e-06
17403,4.974728379830461e-06
17404,5.596569427309269e-06
17405,3.109205237394038e-06
17406,3.109205237394038e-06
17407,1.6789708281927806e-05
17408,6.218410474788076e-06
17409,5.596569427309269e-06
17410,4.974728379830461e-06
17411,4.974728379830461e-06
17412,2.4873641899152306e-06
17413,3.731046284872846e-06
17414,4.352887332351654e-06
17415,5.596569427309269e-06
17416,5.596569427309269e-06
17417,7.462092569745692e-06
17418,4.974728379830461e-06
17419,3.109205237394038e-06
17420,3.731046284872846e-06
17421,1.865523142436423e-06
17422,8.705774664703308e-06
17423,3.109205237394038e-06
17424,9.327615712182115e-06
17425,3.731046284872846e-06
17426,5.596569427309269e-06
17427,2.7982847136546344e-05
17428,2.0520754566800654e-05
17429,5.596569427309269e-06
17430,8.0839336172245e-06
17431,3.731046284872846e-06
17432,3.731046284872846e-06
17433,3.731046284872846e-06
17434,5.596569427309269e-06
17435,3.731046284872846e-06
17436,1.4302344092012576e-05
17437,1.2436820949576152e-05
17438,5.596569427309269e-06
17439,6.218410474788076e-06
17440,6.8402515222668845e-06
17441,8.0839336172245e-06
17442,1.3058661997054962e-05
17443,7.462092569745692e-06
17444,3.109205237394038e-06
17445,3.109205237394038e-06
17446,5.596569427309269e-06
17447,3.731046284872846e-06
17448,3.109205237394038e-06
17449,4.352887332351654e-06
17450,5.596569427309269e-06
17451,3.731046284872846e-06
17452,1.865523142436423e-06
17453,4.352887332351654e-06
17454,1.554602618697019e-05
17455,3.731046284872846e-06
17456,4.352887332351654e-06
17457,3.109205237394038e-06
17458,4.352887332351654e-06
17459,3.731046284872846e-06
17460,5.596569427309269e-06
17461,8.705774664703308e-06
17462,5.596569427309269e-06
17463,3.731046284872846e-06
17464,3.109205237394038e-06
17465,3.731046284872846e-06
17466,4.352887332351654e-06
17467,5.596569427309269e-06
17468,3.109205237394038e-06
17469,4.974728379830461e-06
17470,3.109205237394038e-06
17471,6.8402515222668845e-06
17472,5.596569427309269e-06
17473,3.109205237394038e-06
17474,2.7982847136546344e-05
17475,7.462092569745692e-06
17476,3.109205237394038e-06
17477,4.974728379830461e-06
17478,2.4873641899152306e-06
17479,3.731046284872846e-06
17480,6.8402515222668845e-06
17481,4.974728379830461e-06
17482,3.731046284872846e-06
17483,3.109205237394038e-06
17484,6.218410474788076e-06
17485,5.596569427309269e-06
17486,3.109205237394038e-06
17487,3.731046284872846e-06
17488,4.352887332351654e-06
17489,1.1193138854618537e-05
17490,1.3680503044533769e-05
17491,3.731046284872846e-06
17492,7.462092569745692e-06
17493,3.731046284872846e-06
17494,4.974728379830461e-06
17495,2.0520754566800654e-05
17496,5.596569427309269e-06
17497,1.2436820949576152e-05
17498,9.327615712182115e-06
17499,3.731046284872846e-06
17500,1.4924185139491384e-05
17501,4.974728379830461e-06
17502,9.327615712182115e-06
17503,6.218410474788076e-06
17504,9.327615712182115e-06
17505,3.731046284872846e-06
17506,4.974728379830461e-06
17507,3.109205237394038e-06
17508,3.109205237394038e-06
17509,4.352887332351654e-06
17510,6.8402515222668845e-06
17511,3.731046284872846e-06
17512,3.731046284872846e-06
17513,3.109205237394038e-06
17514,9.327615712182115e-06
17515,4.974728379830461e-06
17516,4.352887332351654e-06
17517,3.731046284872846e-06
17518,3.109205237394038e-06
17519,1.1814979902097345e-05
17520,3.109205237394038e-06
17521,3.109205237394038e-06
17522,3.731046284872846e-06
17523,2.4873641899152306e-06
17524,1.865523142436423e-06
17525,4.974728379830461e-06
17526,3.109205237394038e-06
17527,4.352887332351654e-06
17528,3.731046284872846e-06
17529,6.218410474788076e-06
17530,8.705774664703308e-06
17531,4.974728379830461e-06
17532,4.352887332351654e-06
17533,8.705774664703308e-06
17534,1.3058661997054962e-05
17535,6.218410474788076e-06
17536,4.352887332351654e-06
17537,1.1193138854618537e-05
17538,3.731046284872846e-06
17539,8.0839336172245e-06
17540,3.109205237394038e-06
17541,8.705774664703308e-06
17542,3.731046284872846e-06
17543,3.109205237394038e-06
17544,3.731046284872846e-06
17545,6.8402515222668845e-06
17546,4.352887332351654e-06
17547,1.9898913519321845e-05
17548,4.352887332351654e-06
17549,8.0839336172245e-06
17550,3.109205237394038e-06
17551,1.2436820949576152e-05
17552,3.731046284872846e-06
17553,1.1193138854618537e-05
17554,1.1814979902097345e-05
17555,6.8402515222668845e-06
17556,1.3058661997054962e-05
17557,4.352887332351654e-06
17558,3.109205237394038e-06
17559,1.6789708281927806e-05
17560,3.731046284872846e-06
17561,4.974728379830461e-06
17562,9.949456759660923e-06
17563,3.731046284872846e-06
17564,4.352887332351654e-06
17565,1.057129780713973e-05
17566,2.4873641899152306e-06
17567,7.462092569745692e-06
17568,6.218410474788076e-06
17569,3.731046284872846e-06
17570,8.705774664703308e-06
17571,9.327615712182115e-06
17572,3.109205237394038e-06
17573,5.596569427309269e-06
17574,5.596569427309269e-06
17575,4.974728379830461e-06
17576,5.596569427309269e-06
17577,4.352887332351654e-06
17578,6.8402515222668845e-06
17579,5.596569427309269e-06
17580,2.4873641899152306e-06
17581,4.974728379830461e-06
17582,3.109205237394038e-06
17583,3.731046284872846e-06
17584,8.705774664703308e-06
17585,3.109205237394038e-06
17586,6.8402515222668845e-06
17587,1.3680503044533769e-05
17588,4.352887332351654e-06
17589,4.974728379830461e-06
17590,8.0839336172245e-06
17591,6.8402515222668845e-06
17592,2.4873641899152306e-06
17593,9.327615712182115e-06
17594,4.974728379830461e-06
17595,2.4873641899152306e-06
17596,4.352887332351654e-06
17597,3.109205237394038e-06
17598,6.218410474788076e-06
17599,1.865523142436423e-06
17600,5.596569427309269e-06
17601,3.109205237394038e-06
17602,3.109205237394038e-06
17603,3.731046284872846e-06
17604,3.731046284872846e-06
17605,4.352887332351654e-06
17606,8.705774664703308e-06
17607,9.327615712182115e-06
17608,3.109205237394038e-06
17609,4.352887332351654e-06
17610,4.974728379830461e-06
17611,3.731046284872846e-06
17612,4.974728379830461e-06
17613,8.705774664703308e-06
17614,3.109205237394038e-06
17615,3.109205237394038e-06
17616,4.352887332351654e-06
17617,4.974728379830461e-06
17618,3.109205237394038e-06
17619,3.109205237394038e-06
17620,4.352887332351654e-06
17621,3.731046284872846e-06
17622,5.596569427309269e-06
17623,3.731046284872846e-06
17624,4.974728379830461e-06
17625,3.731046284872846e-06
17626,7.462092569745692e-06
17627,1.4924185139491384e-05
17628,5.596569427309269e-06
17629,6.8402515222668845e-06
17630,4.974728379830461e-06
17631,3.109205237394038e-06
17632,6.8402515222668845e-06
17633,8.0839336172245e-06
17634,2.4873641899152306e-06
17635,3.731046284872846e-06
17636,6.218410474788076e-06
17637,3.109205237394038e-06
17638,6.8402515222668845e-06
17639,4.352887332351654e-06
17640,6.218410474788076e-06
17641,8.705774664703308e-06
17642,1.865523142436423e-06
17643,8.0839336172245e-06
17644,4.352887332351654e-06
17645,8.0839336172245e-06
17646,5.596569427309269e-06
17647,5.596569427309269e-06
17648,2.4873641899152306e-06
17649,5.596569427309269e-06
17650,7.462092569745692e-06
17651,3.109205237394038e-06
17652,3.109205237394038e-06
17653,5.596569427309269e-06
17654,3.731046284872846e-06
17655,1.2436820949576152e-05
17656,3.731046284872846e-06
17657,2.4873641899152306e-06
17658,1.803339037688542e-05
17659,3.731046284872846e-06
17660,7.462092569745692e-06
17661,9.949456759660923e-06
17662,1.057129780713973e-05
17663,5.596569427309269e-06
17664,1.1193138854618537e-05
17665,5.596569427309269e-06
17666,8.0839336172245e-06
17667,4.352887332351654e-06
17668,5.596569427309269e-06
17669,6.8402515222668845e-06
17670,6.218410474788076e-06
17671,8.0839336172245e-06
17672,1.1814979902097345e-05
17673,3.731046284872846e-06
17674,3.109205237394038e-06
17675,6.8402515222668845e-06
17676,3.731046284872846e-06
17677,1.057129780713973e-05
17678,4.352887332351654e-06
17679,9.949456759660923e-06
17680,7.462092569745692e-06
17681,3.109205237394038e-06
17682,3.109205237394038e-06
17683,3.731046284872846e-06
17684,3.109205237394038e-06
17685,4.352887332351654e-06
17686,3.109205237394038e-06
17687,3.109205237394038e-06
17688,3.731046284872846e-06
17689,6.8402515222668845e-06
17690,3.731046284872846e-06
17691,3.109205237394038e-06
17692,3.109205237394038e-06
17693,3.731046284872846e-06
17694,5.596569427309269e-06
17695,1.6789708281927806e-05
17696,3.731046284872846e-06
17697,4.352887332351654e-06
17698,3.109205237394038e-06
17699,3.109205237394038e-06
17700,3.109205237394038e-06
17701,6.8402515222668845e-06
17702,9.327615712182115e-06
17703,6.8402515222668845e-06
17704,3.731046284872846e-06
17705,3.109205237394038e-06
17706,3.109205237394038e-06
17707,7.462092569745692e-06
17708,3.731046284872846e-06
17709,4.974728379830461e-06
17710,1.2436820949576152e-05
17711,4.352887332351654e-06
17712,4.352887332351654e-06
17713,3.109205237394038e-06
17714,4.352887332351654e-06
17715,4.974728379830461e-06
17716,4.352887332351654e-06
17717,3.109205237394038e-06
17718,6.218410474788076e-06
17719,4.352887332351654e-06
17720,5.596569427309269e-06
17721,9.327615712182115e-06
17722,4.352887332351654e-06
17723,4.352887332351654e-06
17724,5.596569427309269e-06
17725,7.462092569745692e-06
17726,4.352887332351654e-06
17727,3.731046284872846e-06
17728,4.352887332351654e-06
17729,6.8402515222668845e-06
17730,1.4302344092012576e-05
17731,3.731046284872846e-06
17732,6.8402515222668845e-06
17733,8.705774664703308e-06
17734,3.109205237394038e-06
17735,5.596569427309269e-06
17736,8.0839336172245e-06
17737,4.974728379830461e-06
17738,3.109205237394038e-06
17739,9.327615712182115e-06
17740,1.057129780713973e-05
17741,3.109205237394038e-06
17742,3.109205237394038e-06
17743,4.974728379830461e-06
17744,8.0839336172245e-06
17745,5.596569427309269e-06
17746,3.731046284872846e-06
17747,5.596569427309269e-06
17748,5.596569427309269e-06
17749,3.109205237394038e-06
17750,3.109205237394038e-06
17751,1.865523142436423e-06
17752,4.352887332351654e-06
17753,8.0839336172245e-06
17754,3.109205237394038e-06
17755,3.731046284872846e-06
17756,4.974728379830461e-06
17757,6.218410474788076e-06
17758,6.218410474788076e-06
17759,4.352887332351654e-06
17760,3.731046284872846e-06
17761,3.109205237394038e-06
17762,5.596569427309269e-06
17763,5.596569427309269e-06
17764,5.596569427309269e-06
17765,3.731046284872846e-06
17766,4.974728379830461e-06
17767,3.109205237394038e-06
17768,6.8402515222668845e-06
17769,5.596569427309269e-06
17770,6.218410474788076e-06
17771,3.731046284872846e-06
17772,3.109205237394038e-06
17773,1.057129780713973e-05
17774,4.352887332351654e-06
17775,6.8402515222668845e-06
17776,3.109205237394038e-06
17777,3.109205237394038e-06
17778,3.731046284872846e-06
17779,8.0839336172245e-06
17780,4.352887332351654e-06
17781,6.218410474788076e-06
17782,3.731046284872846e-06
17783,3.109205237394038e-06
17784,8.0839336172245e-06
17785,8.705774664703308e-06
17786,4.974728379830461e-06
17787,3.731046284872846e-06
17788,2.4873641899152306e-06
17789,5.596569427309269e-06
17790,8.705774664703308e-06
17791,3.731046284872846e-06
17792,3.109205237394038e-06
17793,5.596569427309269e-06
17794,2.2386277709237075e-05
17795,3.109205237394038e-06
17796,3.109205237394038e-06
17797,9.327615712182115e-06
17798,3.731046284872846e-06
17799,8.0839336172245e-06
17800,6.218410474788076e-06
17801,4.352887332351654e-06
17802,3.731046284872846e-06
17803,3.109205237394038e-06
17804,3.109205237394038e-06
17805,2.4873641899152306e-06
17806,5.596569427309269e-06
17807,7.462092569745692e-06
17808,6.8402515222668845e-06
17809,1.057129780713973e-05
17810,3.731046284872846e-06
17811,3.109205237394038e-06
17812,4.352887332351654e-06
17813,7.462092569745692e-06
17814,1.1814979902097345e-05
17815,8.0839336172245e-06
17816,4.974728379830461e-06
17817,9.949456759660923e-06
17818,3.109205237394038e-06
17819,3.109205237394038e-06
17820,8.0839336172245e-06
17821,1.554602618697019e-05
17822,3.109205237394038e-06
17823,2.4873641899152306e-06
17824,5.596569427309269e-06
17825,3.109205237394038e-06
17826,3.731046284872846e-06
17827,3.109205237394038e-06
17828,3.731046284872846e-06
17829,4.974728379830461e-06
17830,6.218410474788076e-06
17831,3.731046284872846e-06
17832,6.218410474788076e-06
17833,3.109205237394038e-06
17834,3.109205237394038e-06
17835,3.731046284872846e-06
17836,4.974728379830461e-06
17837,1.1193138854618537e-05
17838,1.057129780713973e-05
17839,5.596569427309269e-06
17840,4.974728379830461e-06
17841,9.327615712182115e-06
17842,3.109205237394038e-06
17843,5.596569427309269e-06
17844,1.2436820949576152e-05
17845,7.462092569745692e-06
17846,3.109205237394038e-06
17847,3.109205237394038e-06
17848,4.352887332351654e-06
17849,1.803339037688542e-05
17850,3.731046284872846e-06
17851,8.705774664703308e-06
17852,3.109205237394038e-06
17853,4.352887332351654e-06
17854,6.218410474788076e-06
17855,3.731046284872846e-06
17856,5.596569427309269e-06
17857,3.731046284872846e-06
17858,9.949456759660923e-06
17859,1.1814979902097345e-05
17860,1.1814979902097345e-05
17861,6.218410474788076e-06
17862,3.109205237394038e-06
17863,3.109205237394038e-06
17864,4.974728379830461e-06
17865,3.109205237394038e-06
17866,4.974728379830461e-06
17867,5.596569427309269e-06
17868,2.4873641899152306e-06
17869,3.731046284872846e-06
17870,7.462092569745692e-06
17871,3.109205237394038e-06
17872,8.705774664703308e-06
17873,3.109205237394038e-06
17874,5.596569427309269e-06
17875,6.8402515222668845e-06
17876,5.596569427309269e-06
17877,1.3058661997054962e-05
17878,2.4873641899152306e-06
17879,6.218410474788076e-06
17880,4.974728379830461e-06
17881,7.462092569745692e-06
17882,7.462092569745692e-06
17883,6.218410474788076e-06
17884,3.109205237394038e-06
17885,6.8402515222668845e-06
17886,3.109205237394038e-06
17887,1.2436820949576152e-05
17888,6.8402515222668845e-06
17889,3.731046284872846e-06
17890,1.057129780713973e-05
17891,4.352887332351654e-06
17892,3.731046284872846e-06
17893,6.8402515222668845e-06
17894,4.352887332351654e-06
17895,6.218410474788076e-06
17896,3.731046284872846e-06
17897,3.109205237394038e-06
17898,8.0839336172245e-06
17899,6.218410474788076e-06
17900,8.0839336172245e-06
17901,7.462092569745692e-06
17902,5.596569427309269e-06
17903,6.218410474788076e-06
17904,3.731046284872846e-06
17905,3.109205237394038e-06
17906,3.731046284872846e-06
17907,2.114259561427946e-05
17908,2.4873641899152306e-06
17909,3.731046284872846e-06
17910,6.218410474788076e-06
17911,1.057129780713973e-05
17912,4.352887332351654e-06
17913,4.352887332351654e-06
17914,4.352887332351654e-06
17915,4.352887332351654e-06
17916,9.949456759660923e-06
17917,4.352887332351654e-06
17918,2.4873641899152306e-06
17919,7.462092569745692e-06
17920,3.109205237394038e-06
17921,3.109205237394038e-06
17922,3.731046284872846e-06
17923,3.731046284872846e-06
17924,4.974728379830461e-06
17925,4.352887332351654e-06
17926,3.109205237394038e-06
17927,4.352887332351654e-06
17928,4.974728379830461e-06
17929,8.0839336172245e-06
17930,3.109205237394038e-06
17931,6.8402515222668845e-06
17932,3.731046284872846e-06
17933,1.1193138854618537e-05
17934,9.327615712182115e-06
17935,3.731046284872846e-06
17936,8.0839336172245e-06
17937,3.109205237394038e-06
17938,5.596569427309269e-06
17939,6.218410474788076e-06
17940,3.731046284872846e-06
17941,4.352887332351654e-06
17942,8.0839336172245e-06
17943,6.8402515222668845e-06
17944,6.8402515222668845e-06
17945,3.9175985991164885e-05
17946,8.0839336172245e-06
17947,8.0839336172245e-06
17948,2.3008118756715884e-05
17949,3.109205237394038e-06
17950,6.8402515222668845e-06
17951,5.596569427309269e-06
17952,3.731046284872846e-06
17953,2.4873641899152306e-06
17954,3.731046284872846e-06
17955,4.352887332351654e-06
17956,1.057129780713973e-05
17957,8.705774664703308e-06
17958,1.1814979902097345e-05
17959,6.8402515222668845e-06
17960,4.974728379830461e-06
17961,3.731046284872846e-06
17962,3.731046284872846e-06
17963,8.0839336172245e-06
17964,4.974728379830461e-06
17965,3.731046284872846e-06
17966,6.8402515222668845e-06
17967,5.596569427309269e-06
17968,5.596569427309269e-06
17969,3.109205237394038e-06
17970,4.974728379830461e-06
17971,3.731046284872846e-06
17972,4.974728379830461e-06
17973,3.109205237394038e-06
17974,3.731046284872846e-06
17975,4.974728379830461e-06
17976,6.218410474788076e-06
17977,3.109205237394038e-06
17978,3.731046284872846e-06
17979,7.462092569745692e-06
17980,4.352887332351654e-06
17981,3.731046284872846e-06
17982,1.2436820949576152e-05
17983,4.352887332351654e-06
17984,7.462092569745692e-06
17985,8.0839336172245e-06
17986,6.218410474788076e-06
17987,2.4873641899152306e-06
17988,5.596569427309269e-06
17989,9.949456759660923e-06
17990,3.109205237394038e-06
17991,6.218410474788076e-06
17992,2.5495482946631114e-05
17993,3.731046284872846e-06
17994,4.352887332351654e-06
17995,3.731046284872846e-06
17996,1.057129780713973e-05
17997,6.218410474788076e-06
17998,7.462092569745692e-06
17999,4.974728379830461e-06
18000,3.109205237394038e-06
18001,6.8402515222668845e-06
18002,5.596569427309269e-06
18003,9.327615712182115e-06
18004,3.731046284872846e-06
18005,8.705774664703308e-06
18006,3.109205237394038e-06
18007,4.974728379830461e-06
18008,5.596569427309269e-06
18009,3.109205237394038e-06
18010,6.8402515222668845e-06
18011,3.109205237394038e-06
18012,3.109205237394038e-06
18013,8.705774664703308e-06
18014,7.462092569745692e-06
18015,4.352887332351654e-06
18016,7.462092569745692e-06
18017,3.109205237394038e-06
18018,4.352887332351654e-06
18019,3.109205237394038e-06
18020,8.705774664703308e-06
18021,1.1193138854618537e-05
18022,3.731046284872846e-06
18023,1.2436820949576152e-05
18024,3.731046284872846e-06
18025,3.731046284872846e-06
18026,3.731046284872846e-06
18027,3.109205237394038e-06
18028,6.8402515222668845e-06
18029,6.218410474788076e-06
18030,9.949456759660923e-06
18031,6.8402515222668845e-06
18032,3.731046284872846e-06
18033,1.865523142436423e-06
18034,5.596569427309269e-06
18035,3.109205237394038e-06
18036,8.0839336172245e-06
18037,3.731046284872846e-06
18038,3.731046284872846e-06
18039,6.8402515222668845e-06
18040,3.109205237394038e-06
18041,7.462092569745692e-06
18042,3.731046284872846e-06
18043,3.731046284872846e-06
18044,4.352887332351654e-06
18045,3.109205237394038e-06
18046,3.731046284872846e-06
18047,1.6167867234449e-05
18048,1.3680503044533769e-05
18049,4.974728379830461e-06
18050,9.327615712182115e-06
18051,6.218410474788076e-06
18052,3.109205237394038e-06
18053,3.731046284872846e-06
18054,2.2386277709237075e-05
18055,4.352887332351654e-06
18056,2.4873641899152306e-06
18057,6.218410474788076e-06
18058,1.1193138854618537e-05
18059,4.352887332351654e-06
18060,1.4302344092012576e-05
18061,6.8402515222668845e-06
18062,4.974728379830461e-06
18063,4.352887332351654e-06
18064,3.731046284872846e-06
18065,5.596569427309269e-06
18066,3.109205237394038e-06
18067,6.218410474788076e-06
18068,8.0839336172245e-06
18069,4.352887332351654e-06
18070,4.974728379830461e-06
18071,3.109205237394038e-06
18072,3.731046284872846e-06
18073,3.731046284872846e-06
18074,3.731046284872846e-06
18075,1.865523142436423e-05
18076,3.731046284872846e-06
18077,8.705774664703308e-06
18078,1.3058661997054962e-05
18079,9.949456759660923e-06
18080,9.327615712182115e-06
18081,4.352887332351654e-06
18082,3.109205237394038e-06
18083,2.4873641899152306e-06
18084,3.109205237394038e-06
18085,6.218410474788076e-06
18086,1.1193138854618537e-05
18087,3.109205237394038e-06
18088,8.0839336172245e-06
18089,4.974728379830461e-06
18090,6.8402515222668845e-06
18091,3.731046284872846e-06
18092,4.352887332351654e-06
18093,6.8402515222668845e-06
18094,5.596569427309269e-06
18095,4.352887332351654e-06
18096,4.974728379830461e-06
18097,4.974728379830461e-06
18098,3.731046284872846e-06
18099,4.352887332351654e-06
18100,8.705774664703308e-06
18101,5.596569427309269e-06
18102,4.974728379830461e-06
18103,7.462092569745692e-06
18104,1.6789708281927806e-05
18105,4.352887332351654e-06
18106,3.731046284872846e-06
18107,3.731046284872846e-06
18108,7.462092569745692e-06
18109,4.974728379830461e-06
18110,7.462092569745692e-06
18111,8.705774664703308e-06
18112,5.596569427309269e-06
18113,4.352887332351654e-06
18114,3.109205237394038e-06
18115,3.731046284872846e-06
18116,6.8402515222668845e-06
18117,4.352887332351654e-06
18118,7.462092569745692e-06
18119,3.731046284872846e-06
18120,6.8402515222668845e-06
18121,4.974728379830461e-06
18122,6.218410474788076e-06
18123,5.596569427309269e-06
18124,6.8402515222668845e-06
18125,6.218410474788076e-06
18126,3.109205237394038e-06
18127,1.1814979902097345e-05
18128,1.4302344092012576e-05
18129,1.2436820949576152e-05
18130,5.596569427309269e-06
18131,3.731046284872846e-06
18132,9.949456759660923e-06
18133,1.4302344092012576e-05
18134,3.731046284872846e-06
18135,3.731046284872846e-06
18136,5.596569427309269e-06
18137,4.352887332351654e-06
18138,3.109205237394038e-06
18139,3.109205237394038e-06
18140,9.327615712182115e-06
18141,2.4873641899152306e-06
18142,4.352887332351654e-06
18143,3.109205237394038e-06
18144,3.731046284872846e-06
18145,1.1193138854618537e-05
18146,4.352887332351654e-06
18147,4.352887332351654e-06
18148,8.0839336172245e-06
18149,8.705774664703308e-06
18150,3.357941656385561e-05
18151,5.596569427309269e-06
18152,5.596569427309269e-06
18153,3.731046284872846e-06
18154,3.731046284872846e-06
18155,1.4302344092012576e-05
18156,1.554602618697019e-05
18157,4.352887332351654e-06
18158,4.352887332351654e-06
18159,4.974728379830461e-06
18160,7.462092569745692e-06
18161,1.057129780713973e-05
18162,5.596569427309269e-06
18163,3.731046284872846e-06
18164,4.352887332351654e-06
18165,6.8402515222668845e-06
18166,4.974728379830461e-06
18167,3.109205237394038e-06
18168,4.974728379830461e-06
18169,3.109205237394038e-06
18170,8.705774664703308e-06
18171,4.352887332351654e-06
18172,6.218410474788076e-06
18173,1.2436820949576152e-05
18174,5.596569427309269e-06
18175,8.705774664703308e-06
18176,9.949456759660923e-06
18177,5.596569427309269e-06
18178,3.109205237394038e-06
18179,4.974728379830461e-06
18180,3.109205237394038e-06
18181,4.352887332351654e-06
18182,3.109205237394038e-06
18183,4.352887332351654e-06
18184,3.109205237394038e-06
18185,4.352887332351654e-06
18186,2.4873641899152306e-06
18187,9.949456759660923e-06
18188,9.949456759660923e-06
18189,3.109205237394038e-06
18190,3.731046284872846e-06
18191,4.352887332351654e-06
18192,3.109205237394038e-06
18193,3.731046284872846e-06
18194,5.596569427309269e-06
18195,3.109205237394038e-06
18196,4.352887332351654e-06
18197,4.352887332351654e-06
18198,5.596569427309269e-06
18199,3.731046284872846e-06
18200,1.057129780713973e-05
18201,1.057129780713973e-05
18202,3.109205237394038e-06
18203,3.731046284872846e-06
18204,5.596569427309269e-06
18205,3.731046284872846e-06
18206,5.596569427309269e-06
18207,5.596569427309269e-06
18208,6.8402515222668845e-06
18209,1.3680503044533769e-05
18210,1.1814979902097345e-05
18211,3.109205237394038e-06
18212,3.731046284872846e-06
18213,3.109205237394038e-06
18214,3.109205237394038e-06
18215,3.731046284872846e-06
18216,3.109205237394038e-06
18217,1.6167867234449e-05
18218,8.705774664703308e-06
18219,4.974728379830461e-06
18220,5.596569427309269e-06
18221,8.0839336172245e-06
18222,7.462092569745692e-06
18223,3.731046284872846e-06
18224,3.731046284872846e-06
18225,4.974728379830461e-06
18226,4.352887332351654e-06
18227,3.109205237394038e-06
18228,3.731046284872846e-06
18229,3.109205237394038e-06
18230,3.109205237394038e-06
18231,3.731046284872846e-06
18232,4.352887332351654e-06
18233,4.352887332351654e-06
18234,5.596569427309269e-06
18235,4.352887332351654e-06
18236,3.731046284872846e-06
18237,7.462092569745692e-06
18238,3.109205237394038e-06
18239,1.554602618697019e-05
18240,5.596569427309269e-06
18241,1.3058661997054962e-05
18242,7.462092569745692e-06
18243,4.352887332351654e-06
18244,1.865523142436423e-06
18245,1.865523142436423e-06
18246,3.109205237394038e-06
18247,6.218410474788076e-06
18248,3.731046284872846e-06
18249,2.4873641899152306e-06
18250,3.109205237394038e-06
18251,4.352887332351654e-06
18252,2.4873641899152306e-06
18253,2.4873641899152306e-06
18254,1.865523142436423e-06
18255,4.974728379830461e-06
18256,7.462092569745692e-06
18257,4.974728379830461e-06
18258,3.109205237394038e-06
18259,4.974728379830461e-06
18260,3.731046284872846e-06
18261,3.109205237394038e-06
18262,8.0839336172245e-06
18263,4.974728379830461e-06
18264,2.4873641899152306e-06
18265,3.109205237394038e-06
18266,3.109205237394038e-06
18267,4.352887332351654e-06
18268,8.705774664703308e-06
18269,3.109205237394038e-06
18270,3.731046284872846e-06
18271,4.974728379830461e-06
18272,5.596569427309269e-06
18273,3.109205237394038e-06
18274,3.109205237394038e-06
18275,3.109205237394038e-06
18276,1.1814979902097345e-05
18277,4.974728379830461e-06
18278,1.057129780713973e-05
18279,3.731046284872846e-06
18280,3.109205237394038e-06
18281,4.974728379830461e-06
18282,6.218410474788076e-06
18283,2.4873641899152306e-06
18284,3.731046284872846e-06
18285,3.731046284872846e-06
18286,3.731046284872846e-06
18287,3.731046284872846e-06
18288,1.4302344092012576e-05
18289,4.352887332351654e-06
18290,3.109205237394038e-06
18291,3.731046284872846e-06
18292,3.420125761133442e-05
18293,8.0839336172245e-06
18294,3.109205237394038e-06
18295,3.109205237394038e-06
18296,4.352887332351654e-06
18297,6.218410474788076e-06
18298,6.8402515222668845e-06
18299,4.352887332351654e-06
18300,8.705774664703308e-06
18301,3.109205237394038e-06
18302,6.8402515222668845e-06
18303,4.352887332351654e-06
18304,4.352887332351654e-06
18305,4.974728379830461e-06
18306,4.974728379830461e-06
18307,1.1814979902097345e-05
18308,3.731046284872846e-06
18309,6.218410474788076e-06
18310,3.731046284872846e-06
18311,3.109205237394038e-06
18312,4.352887332351654e-06
18313,2.4873641899152306e-06
18314,4.352887332351654e-06
18315,3.109205237394038e-06
18316,3.731046284872846e-06
18317,4.974728379830461e-06
18318,4.352887332351654e-06
18319,6.8402515222668845e-06
18320,3.731046284872846e-06
18321,3.109205237394038e-06
18322,3.731046284872846e-06
18323,7.462092569745692e-06
18324,4.352887332351654e-06
18325,4.352887332351654e-06
18326,9.327615712182115e-06
18327,4.352887332351654e-06
18328,2.4873641899152306e-06
18329,2.4873641899152306e-06
18330,5.596569427309269e-06
18331,3.109205237394038e-06
18332,5.596569427309269e-06
18333,4.352887332351654e-06
18334,3.731046284872846e-06
18335,3.731046284872846e-06
18336,3.731046284872846e-06
18337,3.109205237394038e-06
18338,3.109205237394038e-06
18339,6.218410474788076e-06
18340,3.109205237394038e-06
18341,4.974728379830461e-06
18342,5.596569427309269e-06
18343,3.731046284872846e-06
18344,2.4873641899152306e-06
18345,9.327615712182115e-06
18346,3.109205237394038e-06
18347,5.596569427309269e-06
18348,3.731046284872846e-06
18349,4.352887332351654e-06
18350,4.352887332351654e-06
18351,4.974728379830461e-06
18352,5.596569427309269e-06
18353,3.109205237394038e-06
18354,7.462092569745692e-06
18355,4.974728379830461e-06
18356,3.731046284872846e-06
18357,3.731046284872846e-06
18358,8.705774664703308e-06
18359,3.109205237394038e-06
18360,8.705774664703308e-06
18361,4.974728379830461e-06
18362,4.352887332351654e-06
18363,4.352887332351654e-06
18364,4.974728379830461e-06
18365,3.731046284872846e-06
18366,4.352887332351654e-06
18367,3.109205237394038e-06
18368,5.596569427309269e-06
18369,4.974728379830461e-06
18370,3.109205237394038e-06
18371,4.974728379830461e-06
18372,4.352887332351654e-06
18373,3.109205237394038e-06
18374,6.218410474788076e-06
18375,3.109205237394038e-06
18376,3.109205237394038e-06
18377,4.974728379830461e-06
18378,1.6167867234449e-05
18379,3.109205237394038e-06
18380,1.3680503044533769e-05
18381,3.731046284872846e-06
18382,4.974728379830461e-06
18383,3.731046284872846e-06
18384,3.109205237394038e-06
18385,3.109205237394038e-06
18386,8.705774664703308e-06
18387,4.974728379830461e-06
18388,4.974728379830461e-06
18389,9.949456759660923e-06
18390,3.109205237394038e-06
18391,5.596569427309269e-06
18392,6.8402515222668845e-06
18393,8.0839336172245e-06
18394,2.4873641899152306e-06
18395,3.731046284872846e-06
18396,3.109205237394038e-06
18397,4.974728379830461e-06
18398,4.352887332351654e-06
18399,5.596569427309269e-06
18400,3.109205237394038e-06
18401,4.352887332351654e-06
18402,3.109205237394038e-06
18403,3.109205237394038e-06
18404,4.974728379830461e-06
18405,3.731046284872846e-06
18406,4.974728379830461e-06
18407,1.865523142436423e-06
18408,9.327615712182115e-06
18409,9.327615712182115e-06
18410,3.109205237394038e-06
18411,1.4302344092012576e-05
18412,4.974728379830461e-06
18413,3.109205237394038e-06
18414,4.352887332351654e-06
18415,3.109205237394038e-06
18416,6.218410474788076e-06
18417,8.0839336172245e-06
18418,3.731046284872846e-06
18419,4.352887332351654e-06
18420,3.731046284872846e-06
18421,3.109205237394038e-06
18422,5.596569427309269e-06
18423,7.462092569745692e-06
18424,1.7411549329406615e-05
18425,3.109205237394038e-06
18426,3.731046284872846e-06
18427,2.4873641899152306e-06
18428,1.4924185139491384e-05
18429,6.218410474788076e-06
18430,3.109205237394038e-06
18431,1.3680503044533769e-05
18432,3.109205237394038e-06
18433,2.4873641899152306e-06
18434,3.731046284872846e-06
18435,3.109205237394038e-06
18436,6.218410474788076e-06
18437,6.218410474788076e-06
18438,3.731046284872846e-06
18439,3.731046284872846e-06
18440,2.4873641899152306e-06
18441,4.974728379830461e-06
18442,3.109205237394038e-06
18443,3.109205237394038e-06
18444,6.8402515222668845e-06
18445,7.462092569745692e-06
18446,6.8402515222668845e-06
18447,6.8402515222668845e-06
18448,3.109205237394038e-06
18449,1.057129780713973e-05
18450,6.218410474788076e-06
18451,5.596569427309269e-06
18452,3.731046284872846e-06
18453,3.731046284872846e-06
18454,1.057129780713973e-05
18455,2.4873641899152306e-06
18456,3.109205237394038e-06
18457,4.352887332351654e-06
18458,2.4873641899152306e-06
18459,7.462092569745692e-06
18460,5.596569427309269e-06
18461,6.218410474788076e-06
18462,6.218410474788076e-06
18463,8.0839336172245e-06
18464,6.8402515222668845e-06
18465,3.109205237394038e-06
18466,4.974728379830461e-06
18467,3.109205237394038e-06
18468,3.731046284872846e-06
18469,3.109205237394038e-06
18470,3.731046284872846e-06
18471,4.352887332351654e-06
18472,4.352887332351654e-06
18473,3.109205237394038e-06
18474,3.731046284872846e-06
18475,6.8402515222668845e-06
18476,3.109205237394038e-06
18477,4.974728379830461e-06
18478,4.974728379830461e-06
18479,6.218410474788076e-06
18480,5.596569427309269e-06
18481,3.731046284872846e-06
18482,8.0839336172245e-06
18483,4.974728379830461e-06
18484,4.974728379830461e-06
18485,4.974728379830461e-06
18486,8.0839336172245e-06
18487,3.109205237394038e-06
18488,2.4873641899152306e-06
18489,4.974728379830461e-06
18490,3.109205237394038e-06
18491,4.974728379830461e-06
18492,3.731046284872846e-06
18493,5.596569427309269e-06
18494,1.3058661997054962e-05
18495,4.352887332351654e-06
18496,2.4873641899152306e-06
18497,3.109205237394038e-06
18498,3.109205237394038e-06
18499,2.673916504158873e-05
18500,6.8402515222668845e-06
18501,9.949456759660923e-06
18502,3.731046284872846e-06
18503,4.352887332351654e-06
18504,5.596569427309269e-06
18505,8.0839336172245e-06
18506,4.352887332351654e-06
18507,4.352887332351654e-06
18508,3.731046284872846e-06
18509,3.731046284872846e-06
18510,3.109205237394038e-06
18511,4.352887332351654e-06
18512,5.596569427309269e-06
18513,4.352887332351654e-06
18514,3.109205237394038e-06
18515,3.109205237394038e-06
18516,3.731046284872846e-06
18517,8.0839336172245e-06
18518,3.731046284872846e-06
18519,9.327615712182115e-06
18520,7.462092569745692e-06
18521,1.057129780713973e-05
18522,3.731046284872846e-06
18523,3.731046284872846e-06
18524,3.731046284872846e-06
18525,3.109205237394038e-06
18526,8.0839336172245e-06
18527,3.731046284872846e-06
18528,8.0839336172245e-06
18529,2.4873641899152306e-06
18530,4.974728379830461e-06
18531,9.949456759660923e-06
18532,5.596569427309269e-06
18533,8.705774664703308e-06
18534,8.705774664703308e-06
18535,6.218410474788076e-06
18536,5.596569427309269e-06
18537,3.731046284872846e-06
18538,3.731046284872846e-06
18539,2.4873641899152306e-06
18540,6.218410474788076e-06
18541,3.731046284872846e-06
18542,3.109205237394038e-06
18543,3.731046284872846e-06
18544,1.1193138854618537e-05
18545,3.109205237394038e-06
18546,3.109205237394038e-06
18547,5.596569427309269e-06
18548,3.731046284872846e-06
18549,3.731046284872846e-06
18550,4.974728379830461e-06
18551,4.352887332351654e-06
18552,4.974728379830461e-06
18553,3.731046284872846e-06
18554,3.109205237394038e-06
18555,4.352887332351654e-06
18556,3.109205237394038e-06
18557,6.8402515222668845e-06
18558,5.596569427309269e-06
18559,4.352887332351654e-06
18560,4.352887332351654e-06
18561,4.974728379830461e-06
18562,3.109205237394038e-06
18563,4.974728379830461e-06
18564,6.218410474788076e-06
18565,5.596569427309269e-06
18566,3.109205237394038e-06
18567,4.352887332351654e-06
18568,3.109205237394038e-06
18569,3.109205237394038e-06
18570,3.109205237394038e-06
18571,5.596569427309269e-06
18572,1.057129780713973e-05
18573,5.596569427309269e-06
18574,3.109205237394038e-06
18575,3.109205237394038e-06
18576,4.352887332351654e-06
18577,4.352887332351654e-06
18578,3.109205237394038e-06
18579,3.109205237394038e-06
18580,4.974728379830461e-06
18581,6.218410474788076e-06
18582,6.218410474788076e-06
18583,5.596569427309269e-06
18584,3.109205237394038e-06
18585,4.352887332351654e-06
18586,4.352887332351654e-06
18587,6.218410474788076e-06
18588,3.109205237394038e-06
18589,4.974728379830461e-06
18590,2.4873641899152306e-06
18591,3.731046284872846e-06
18592,5.596569427309269e-06
18593,3.731046284872846e-06
18594,8.705774664703308e-06
18595,4.352887332351654e-06
18596,9.949456759660923e-06
18597,4.974728379830461e-06
18598,4.974728379830461e-06
18599,5.596569427309269e-06
18600,4.352887332351654e-06
18601,3.109205237394038e-06
18602,3.731046284872846e-06
18603,3.731046284872846e-06
18604,4.974728379830461e-06
18605,3.109205237394038e-06
18606,4.974728379830461e-06
18607,6.218410474788076e-06
18608,3.109205237394038e-06
18609,6.218410474788076e-06
18610,1.4924185139491384e-05
18611,4.974728379830461e-06
18612,4.352887332351654e-06
18613,8.0839336172245e-06
18614,4.352887332351654e-06
18615,4.974728379830461e-06
18616,3.731046284872846e-06
18617,3.109205237394038e-06
18618,3.109205237394038e-06
18619,5.596569427309269e-06
18620,1.865523142436423e-05
18621,4.974728379830461e-06
18622,8.705774664703308e-06
18623,3.109205237394038e-06
18624,6.8402515222668845e-06
18625,9.949456759660923e-06
18626,9.327615712182115e-06
18627,7.462092569745692e-06
18628,5.596569427309269e-06
18629,3.731046284872846e-06
18630,3.109205237394038e-06
18631,6.218410474788076e-06
18632,4.352887332351654e-06
18633,6.8402515222668845e-06
18634,3.109205237394038e-06
18635,1.4302344092012576e-05
18636,4.352887332351654e-06
18637,3.731046284872846e-06
18638,6.218410474788076e-06
18639,4.352887332351654e-06
18640,8.705774664703308e-06
18641,1.554602618697019e-05
18642,4.352887332351654e-06
18643,6.218410474788076e-06
18644,3.109205237394038e-06
18645,3.109205237394038e-06
18646,1.3680503044533769e-05
18647,2.4873641899152306e-06
18648,4.352887332351654e-06
18649,4.974728379830461e-06
18650,6.218410474788076e-06
18651,4.352887332351654e-06
18652,8.0839336172245e-06
18653,1.554602618697019e-05
18654,6.8402515222668845e-06
18655,3.109205237394038e-06
18656,8.0839336172245e-06
18657,3.109205237394038e-06
18658,4.974728379830461e-06
18659,5.596569427309269e-06
18660,6.8402515222668845e-06
18661,3.731046284872846e-06
18662,3.731046284872846e-06
18663,4.352887332351654e-06
18664,8.705774664703308e-06
18665,3.109205237394038e-06
18666,3.731046284872846e-06
18667,4.352887332351654e-06
18668,4.352887332351654e-06
18669,3.109205237394038e-06
18670,3.109205237394038e-06
18671,3.109205237394038e-06
18672,4.974728379830461e-06
18673,6.8402515222668845e-06
18674,4.352887332351654e-06
18675,3.109205237394038e-06
18676,4.974728379830461e-06
18677,1.2436820949576153e-06
18678,1.057129780713973e-05
18679,3.109205237394038e-06
18680,3.109205237394038e-06
18681,1.865523142436423e-06
18682,7.462092569745692e-06
18683,4.352887332351654e-06
18684,3.109205237394038e-06
18685,7.462092569745692e-06
18686,3.109205237394038e-06
18687,3.109205237394038e-06
18688,3.109205237394038e-06
18689,3.109205237394038e-06
18690,8.705774664703308e-06
18691,3.109205237394038e-06
18692,4.352887332351654e-06
18693,7.462092569745692e-06
18694,6.8402515222668845e-06
18695,3.109205237394038e-06
18696,5.596569427309269e-06
18697,6.8402515222668845e-06
18698,4.352887332351654e-06
18699,4.974728379830461e-06
18700,2.4873641899152306e-06
18701,6.8402515222668845e-06
18702,3.731046284872846e-06
18703,3.109205237394038e-06
18704,4.352887332351654e-06
18705,4.352887332351654e-06
18706,1.1193138854618537e-05
18707,5.596569427309269e-06
18708,2.7361006089067538e-05
18709,5.596569427309269e-06
18710,4.352887332351654e-06
18711,3.731046284872846e-06
18712,8.0839336172245e-06
18713,8.0839336172245e-06
18714,3.731046284872846e-06
18715,6.218410474788076e-06
18716,6.218410474788076e-06
18717,9.949456759660923e-06
18718,4.352887332351654e-06
18719,4.352887332351654e-06
18720,3.731046284872846e-06
18721,4.974728379830461e-06
18722,3.109205237394038e-06
18723,3.109205237394038e-06
18724,1.865523142436423e-05
18725,1.803339037688542e-05
18726,1.6167867234449e-05
18727,1.865523142436423e-05
18728,1.6789708281927806e-05
18729,1.6167867234449e-05
18730,1.6789708281927806e-05
18731,1.6167867234449e-05
18732,1.6789708281927806e-05
18733,4.352887332351654e-05
18734,3.979782703864369e-05
18735,1.6167867234449e-05
18736,1.6167867234449e-05
18737,3.109205237394038e-06
18738,4.352887332351654e-06
18739,4.974728379830461e-06
18740,1.1814979902097345e-05
18741,3.109205237394038e-06
18742,3.109205237394038e-06
18743,3.731046284872846e-06
18744,3.731046284872846e-06
18745,3.109205237394038e-06
18746,3.109205237394038e-06
18747,6.8402515222668845e-06
18748,6.8402515222668845e-06
18749,1.057129780713973e-05
18750,5.596569427309269e-06
18751,8.0839336172245e-06
18752,6.218410474788076e-06
18753,3.731046284872846e-06
18754,3.109205237394038e-06
18755,9.949456759660923e-06
18756,3.731046284872846e-06
18757,3.109205237394038e-06
18758,3.731046284872846e-06
18759,3.731046284872846e-06
18760,4.352887332351654e-06
18761,5.596569427309269e-06
18762,4.974728379830461e-06
18763,1.057129780713973e-05
18764,3.731046284872846e-06
18765,3.109205237394038e-06
18766,5.596569427309269e-06
18767,9.327615712182115e-06
18768,4.352887332351654e-06
18769,6.218410474788076e-06
18770,3.731046284872846e-06
18771,4.974728379830461e-06
18772,4.974728379830461e-06
18773,3.109205237394038e-06
18774,3.731046284872846e-06
18775,3.109205237394038e-06
18776,4.974728379830461e-06
18777,3.109205237394038e-06
18778,3.731046284872846e-06
18779,8.0839336172245e-06
18780,3.731046284872846e-06
18781,3.731046284872846e-06
18782,7.462092569745692e-06
18783,3.109205237394038e-06
18784,6.218410474788076e-06
18785,3.109205237394038e-06
18786,3.109205237394038e-06
18787,4.974728379830461e-06
18788,4.352887332351654e-06
18789,3.109205237394038e-06
18790,6.218410474788076e-06
18791,3.109205237394038e-06
18792,3.109205237394038e-06
18793,2.4873641899152306e-06
18794,3.731046284872846e-06
18795,3.109205237394038e-06
18796,3.109205237394038e-06
18797,3.109205237394038e-06
18798,4.974728379830461e-06
18799,3.109205237394038e-06
18800,3.109205237394038e-06
18801,4.974728379830461e-06
18802,3.731046284872846e-06
18803,3.731046284872846e-06
18804,2.4873641899152306e-06
18805,4.974728379830461e-06
18806,2.4873641899152306e-06
18807,3.109205237394038e-06
18808,4.352887332351654e-06
18809,1.865523142436423e-06
18810,6.218410474788076e-06
18811,6.8402515222668845e-06
18812,3.109205237394038e-06
18813,3.731046284872846e-06
18814,6.218410474788076e-06
18815,4.352887332351654e-06
18816,4.352887332351654e-06
18817,6.218410474788076e-06
18818,4.974728379830461e-06
18819,1.057129780713973e-05
18820,4.974728379830461e-06
18821,6.218410474788076e-06
18822,3.109205237394038e-06
18823,7.462092569745692e-06
18824,3.731046284872846e-06
18825,3.109205237394038e-06
18826,4.352887332351654e-06
18827,6.8402515222668845e-06
18828,5.596569427309269e-06
18829,4.352887332351654e-06
18830,4.974728379830461e-06
18831,4.352887332351654e-06
18832,5.596569427309269e-06
18833,3.731046284872846e-06
18834,4.974728379830461e-06
18835,6.8402515222668845e-06
18836,3.109205237394038e-06
18837,3.731046284872846e-06
18838,4.974728379830461e-06
18839,3.731046284872846e-06
18840,9.949456759660923e-06
18841,3.109205237394038e-06
18842,3.731046284872846e-06
18843,8.0839336172245e-06
18844,3.109205237394038e-06
18845,3.731046284872846e-06
18846,1.4924185139491384e-05
18847,3.731046284872846e-06
18848,5.596569427309269e-06
18849,4.352887332351654e-06
18850,1.865523142436423e-06
18851,9.327615712182115e-06
18852,8.0839336172245e-06
18853,3.109205237394038e-06
18854,8.705774664703308e-06
18855,4.974728379830461e-06
18856,9.327615712182115e-06
18857,3.109205237394038e-06
18858,1.865523142436423e-06
18859,6.218410474788076e-06
18860,3.109205237394038e-06
18861,6.218410474788076e-06
18862,3.731046284872846e-06
18863,5.596569427309269e-06
18864,7.462092569745692e-06
18865,3.109205237394038e-06
18866,3.109205237394038e-06
18867,8.0839336172245e-06
18868,3.731046284872846e-06
18869,4.974728379830461e-06
18870,1.1193138854618537e-05
18871,3.109205237394038e-06
18872,6.8402515222668845e-06
18873,3.731046284872846e-06
18874,4.352887332351654e-06
18875,2.4873641899152306e-06
18876,2.4873641899152306e-06
18877,3.109205237394038e-06
18878,3.731046284872846e-06
18879,3.109205237394038e-06
18880,3.109205237394038e-06
18881,4.352887332351654e-06
18882,3.109205237394038e-06
18883,9.327615712182115e-06
18884,6.218410474788076e-06
18885,4.352887332351654e-06
18886,6.8402515222668845e-06
18887,4.974728379830461e-06
18888,3.731046284872846e-06
18889,4.974728379830461e-06
18890,3.731046284872846e-06
18891,3.109205237394038e-06
18892,3.109205237394038e-06
18893,3.109205237394038e-06
18894,4.352887332351654e-06
18895,4.974728379830461e-06
18896,3.731046284872846e-06
18897,3.731046284872846e-06
18898,1.1193138854618537e-05
18899,5.596569427309269e-06
18900,6.218410474788076e-06
18901,3.109205237394038e-06
18902,3.731046284872846e-06
18903,3.109205237394038e-06
18904,3.731046284872846e-06
18905,3.109205237394038e-06
18906,6.218410474788076e-06
18907,3.731046284872846e-06
18908,6.218410474788076e-06
18909,3.731046284872846e-06
18910,3.109205237394038e-06
18911,4.352887332351654e-06
18912,3.109205237394038e-06
18913,8.0839336172245e-06
18914,5.596569427309269e-06
18915,3.731046284872846e-06
18916,6.218410474788076e-06
18917,6.218410474788076e-06
18918,7.462092569745692e-06
18919,6.218410474788076e-06
18920,8.0839336172245e-06
18921,4.974728379830461e-06
18922,4.974728379830461e-06
18923,3.731046284872846e-06
18924,4.974728379830461e-06
18925,4.352887332351654e-06
18926,6.218410474788076e-06
18927,3.109205237394038e-06
18928,3.109205237394038e-06
18929,4.974728379830461e-06
18930,4.974728379830461e-06
18931,4.974728379830461e-06
18932,4.974728379830461e-06
18933,6.218410474788076e-06
18934,3.109205237394038e-06
18935,6.218410474788076e-06
18936,7.462092569745692e-06
18937,3.731046284872846e-06
18938,3.731046284872846e-06
18939,4.352887332351654e-06
18940,3.731046284872846e-06
18941,2.4873641899152306e-06
18942,4.352887332351654e-06
18943,3.109205237394038e-06
18944,4.352887332351654e-06
18945,8.0839336172245e-06
18946,3.109205237394038e-06
18947,3.109205237394038e-06
18948,1.4924185139491384e-05
18949,5.596569427309269e-06
18950,4.974728379830461e-06
18951,3.731046284872846e-06
18952,7.462092569745692e-06
18953,8.0839336172245e-06
18954,9.327615712182115e-06
18955,3.109205237394038e-06
18956,8.0839336172245e-06
18957,4.352887332351654e-06
18958,4.352887332351654e-06
18959,1.3680503044533769e-05
18960,6.218410474788076e-06
18961,8.0839336172245e-06
18962,4.974728379830461e-06
18963,4.974728379830461e-06
18964,1.554602618697019e-05
18965,6.218410474788076e-06
18966,3.731046284872846e-06
18967,7.462092569745692e-06
18968,3.109205237394038e-06
18969,3.109205237394038e-06
18970,3.731046284872846e-06
18971,8.0839336172245e-06
18972,4.352887332351654e-06
18973,3.109205237394038e-06
18974,3.731046284872846e-06
18975,5.596569427309269e-06
18976,1.1814979902097345e-05
18977,4.352887332351654e-06
18978,5.596569427309269e-06
18979,5.596569427309269e-06
18980,5.596569427309269e-06
18981,5.596569427309269e-06
18982,6.8402515222668845e-06
18983,4.352887332351654e-06
18984,4.974728379830461e-06
18985,1.1814979902097345e-05
18986,4.352887332351654e-06
18987,4.352887332351654e-06
18988,1.1814979902097345e-05
18989,1.3058661997054962e-05
18990,3.731046284872846e-06
18991,5.596569427309269e-06
18992,4.974728379830461e-06
18993,6.8402515222668845e-06
18994,5.596569427309269e-06
18995,1.3680503044533769e-05
18996,4.974728379830461e-06
18997,6.8402515222668845e-06
18998,3.109205237394038e-06
18999,3.109205237394038e-06
19000,8.705774664703308e-06
19001,3.731046284872846e-06
19002,4.352887332351654e-06
19003,4.352887332351654e-06
19004,9.949456759660923e-06
19005,3.731046284872846e-06
19006,2.4873641899152306e-06
19007,1.057129780713973e-05
19008,6.218410474788076e-06
19009,8.0839336172245e-06
19010,3.731046284872846e-06
19011,2.4873641899152306e-06
19012,6.8402515222668845e-06
19013,3.109205237394038e-06
19014,4.352887332351654e-06
19015,5.596569427309269e-06
19016,4.974728379830461e-06
19017,3.731046284872846e-06
19018,4.352887332351654e-06
19019,3.109205237394038e-06
19020,3.109205237394038e-06
19021,3.109205237394038e-06
19022,3.109205237394038e-06
19023,3.731046284872846e-06
19024,3.731046284872846e-06
19025,5.596569427309269e-06
19026,3.109205237394038e-06
19027,4.352887332351654e-06
19028,4.974728379830461e-06
19029,3.731046284872846e-06
19030,2.4873641899152306e-06
19031,5.596569427309269e-06
19032,9.327615712182115e-06
19033,6.218410474788076e-06
19034,3.109205237394038e-06
19035,3.731046284872846e-06
19036,3.731046284872846e-06
19037,4.974728379830461e-06
19038,3.109205237394038e-06
19039,3.731046284872846e-06
19040,8.0839336172245e-06
19041,4.352887332351654e-06
19042,2.4873641899152306e-06
19043,5.596569427309269e-06
19044,3.109205237394038e-06
19045,2.4873641899152306e-06
19046,4.352887332351654e-06
19047,3.731046284872846e-06
19048,3.109205237394038e-06
19049,3.109205237394038e-06
19050,2.4873641899152306e-06
19051,3.731046284872846e-06
19052,2.4873641899152306e-06
19053,3.109205237394038e-06
19054,6.218410474788076e-06
19055,5.596569427309269e-06
19056,3.109205237394038e-06
19057,4.352887332351654e-06
19058,3.109205237394038e-06
19059,4.352887332351654e-06
19060,4.974728379830461e-06
19061,5.596569427309269e-06
19062,6.8402515222668845e-06
19063,4.352887332351654e-06
19064,2.4873641899152306e-06
19065,4.352887332351654e-06
19066,4.352887332351654e-06
19067,3.109205237394038e-06
19068,4.974728379830461e-06
19069,3.731046284872846e-06
19070,4.352887332351654e-06
19071,3.731046284872846e-06
19072,6.8402515222668845e-06
19073,4.974728379830461e-06
19074,2.114259561427946e-05
19075,4.974728379830461e-06
19076,3.109205237394038e-06
19077,3.109205237394038e-06
19078,5.596569427309269e-06
19079,3.731046284872846e-06
19080,3.731046284872846e-06
19081,3.109205237394038e-06
19082,3.109205237394038e-06
19083,3.109205237394038e-06
19084,1.3680503044533769e-05
19085,4.974728379830461e-06
19086,6.8402515222668845e-06
19087,9.327615712182115e-06
19088,3.109205237394038e-06
19089,4.352887332351654e-06
19090,3.109205237394038e-06
19091,4.352887332351654e-06
19092,2.4873641899152306e-06
19093,4.352887332351654e-06
19094,5.596569427309269e-06
19095,1.1814979902097345e-05
19096,3.731046284872846e-06
19097,4.974728379830461e-06
19098,3.731046284872846e-06
19099,8.0839336172245e-06
19100,2.4873641899152306e-06
19101,3.731046284872846e-06
19102,3.731046284872846e-06
19103,4.974728379830461e-06
19104,8.705774664703308e-06
19105,6.8402515222668845e-06
19106,4.352887332351654e-06
19107,4.352887332351654e-06
19108,3.731046284872846e-06
19109,1.865523142436423e-06
19110,6.218410474788076e-06
19111,4.352887332351654e-06
19112,9.949456759660923e-06
19113,4.352887332351654e-06
19114,4.974728379830461e-06
19115,6.218410474788076e-06
19116,3.109205237394038e-06
19117,8.705774664703308e-06
19118,5.596569427309269e-06
19119,4.352887332351654e-06
19120,9.949456759660923e-06
19121,6.8402515222668845e-06
19122,6.218410474788076e-06
19123,3.731046284872846e-06
19124,3.109205237394038e-06
19125,3.731046284872846e-06
19126,3.731046284872846e-06
19127,5.596569427309269e-06
19128,3.731046284872846e-06
19129,4.352887332351654e-06
19130,1.2436820949576152e-05
19131,3.109205237394038e-06
19132,4.974728379830461e-06
19133,5.596569427309269e-06
19134,3.731046284872846e-06
19135,3.731046284872846e-06
19136,4.352887332351654e-06
19137,3.731046284872846e-06
19138,4.352887332351654e-06
19139,2.4873641899152306e-06
19140,7.462092569745692e-06
19141,3.109205237394038e-06
19142,3.109205237394038e-06
19143,3.731046284872846e-06
19144,5.596569427309269e-06
19145,3.731046284872846e-06
19146,5.596569427309269e-06
19147,3.109205237394038e-06
19148,3.109205237394038e-06
19149,1.2436820949576152e-05
19150,2.4873641899152306e-06
19151,3.731046284872846e-06
19152,3.109205237394038e-06
19153,4.974728379830461e-06
19154,4.352887332351654e-06
19155,4.352887332351654e-06
19156,4.352887332351654e-06
19157,3.109205237394038e-06
19158,2.4873641899152306e-06
19159,2.4873641899152306e-06
19160,4.352887332351654e-06
19161,4.974728379830461e-06
19162,3.109205237394038e-06
19163,3.731046284872846e-06
19164,3.731046284872846e-06
19165,3.109205237394038e-06
19166,4.974728379830461e-06
19167,4.352887332351654e-06
19168,4.974728379830461e-06
19169,3.109205237394038e-06
19170,8.0839336172245e-06
19171,6.218410474788076e-06
19172,3.109205237394038e-06
19173,6.218410474788076e-06
19174,4.974728379830461e-06
19175,9.327615712182115e-06
19176,8.705774664703308e-06
19177,5.596569427309269e-06
19178,5.596569427309269e-06
19179,4.352887332351654e-06
19180,3.109205237394038e-06
19181,7.462092569745692e-06
19182,3.731046284872846e-06
19183,6.218410474788076e-06
19184,3.109205237394038e-06
19185,3.731046284872846e-06
19186,3.109205237394038e-06
19187,9.949456759660923e-06
19188,6.218410474788076e-06
19189,4.352887332351654e-06
19190,5.596569427309269e-06
19191,4.974728379830461e-06
19192,5.596569427309269e-06
19193,3.109205237394038e-06
19194,9.327615712182115e-06
19195,3.109205237394038e-06
19196,3.109205237394038e-06
19197,3.109205237394038e-06
19198,4.352887332351654e-06
19199,3.731046284872846e-06
19200,3.109205237394038e-06
19201,5.596569427309269e-06
19202,8.705774664703308e-06
19203,1.865523142436423e-06
19204,3.109205237394038e-06
19205,7.462092569745692e-06
19206,5.596569427309269e-06
19207,3.109205237394038e-06
19208,3.731046284872846e-06
19209,8.0839336172245e-06
19210,4.352887332351654e-06
19211,4.352887332351654e-06
19212,7.462092569745692e-06
19213,4.974728379830461e-06
19214,4.352887332351654e-06
19215,3.0470211326461574e-05
19216,4.352887332351654e-06
19217,4.352887332351654e-06
19218,4.352887332351654e-06
19219,4.352887332351654e-06
19220,5.596569427309269e-06
19221,2.4873641899152305e-05
19222,4.352887332351654e-06
19223,4.352887332351654e-06
19224,4.352887332351654e-06
19225,4.352887332351654e-06
19226,4.352887332351654e-06
19227,4.352887332351654e-06
19228,4.352887332351654e-06
19229,4.352887332351654e-06
19230,4.352887332351654e-06
19231,4.352887332351654e-06
19232,5.596569427309269e-06
19233,4.974728379830461e-06
19234,8.0839336172245e-06
19235,2.4873641899152306e-06
19236,3.109205237394038e-06
19237,4.974728379830461e-06
19238,7.462092569745692e-06
19239,3.731046284872846e-06
19240,4.352887332351654e-06
19241,8.0839336172245e-06
19242,6.8402515222668845e-06
19243,5.596569427309269e-06
19244,3.731046284872846e-06
19245,3.109205237394038e-06
19246,3.109205237394038e-06
19247,3.109205237394038e-06
19248,3.731046284872846e-06
19249,4.974728379830461e-06
19250,4.974728379830461e-06
19251,4.352887332351654e-06
19252,3.109205237394038e-06
19253,4.352887332351654e-06
19254,5.596569427309269e-06
19255,3.109205237394038e-06
19256,2.4873641899152306e-06
19257,9.949456759660923e-06
19258,6.218410474788076e-06
19259,3.109205237394038e-06
19260,3.731046284872846e-06
19261,3.109205237394038e-06
19262,4.974728379830461e-06
19263,6.218410474788076e-06
19264,1.6167867234449e-05
19265,1.2436820949576153e-06
19266,4.352887332351654e-06
19267,9.949456759660923e-06
19268,2.4873641899152306e-06
19269,3.109205237394038e-06
19270,4.352887332351654e-06
19271,3.731046284872846e-06
19272,4.352887332351654e-06
19273,1.057129780713973e-05
19274,6.218410474788076e-06
19275,3.109205237394038e-06
19276,4.352887332351654e-06
19277,9.327615712182115e-06
19278,3.109205237394038e-06
19279,9.327615712182115e-06
19280,3.109205237394038e-06
19281,2.4873641899152306e-06
19282,1.1193138854618537e-05
19283,3.731046284872846e-06
19284,4.352887332351654e-06
19285,7.462092569745692e-06
19286,3.109205237394038e-06
19287,3.731046284872846e-06
19288,8.0839336172245e-06
19289,3.731046284872846e-06
19290,3.109205237394038e-06
19291,6.8402515222668845e-06
19292,4.974728379830461e-06
19293,3.109205237394038e-06
19294,3.731046284872846e-06
19295,4.974728379830461e-06
19296,4.974728379830461e-06
19297,7.462092569745692e-06
19298,2.4873641899152306e-06
19299,4.352887332351654e-06
19300,3.109205237394038e-06
19301,3.109205237394038e-06
19302,3.109205237394038e-06
19303,4.974728379830461e-06
19304,3.109205237394038e-06
19305,4.352887332351654e-06
19306,1.057129780713973e-05
19307,6.8402515222668845e-06
19308,4.974728379830461e-06
19309,3.109205237394038e-06
19310,4.974728379830461e-06
19311,4.352887332351654e-06
19312,4.352887332351654e-06
19313,4.974728379830461e-06
19314,3.109205237394038e-06
19315,4.974728379830461e-06
19316,4.352887332351654e-06
19317,3.731046284872846e-06
19318,3.731046284872846e-06
19319,3.109205237394038e-06
19320,3.731046284872846e-06
19321,4.974728379830461e-06
19322,5.596569427309269e-06
19323,3.731046284872846e-06
19324,6.218410474788076e-06
19325,3.731046284872846e-06
19326,2.4873641899152306e-06
19327,3.109205237394038e-06
19328,4.974728379830461e-06
19329,4.974728379830461e-06
19330,4.352887332351654e-06
19331,5.596569427309269e-06
19332,2.4873641899152306e-06
19333,4.352887332351654e-06
19334,3.109205237394038e-06
19335,5.596569427309269e-06
19336,3.109205237394038e-06
19337,3.109205237394038e-06
19338,6.218410474788076e-06
19339,3.109205237394038e-06
19340,5.596569427309269e-06
19341,6.8402515222668845e-06
19342,4.352887332351654e-06
19343,6.218410474788076e-06
19344,3.731046284872846e-06
19345,3.731046284872846e-06
19346,6.218410474788076e-06
19347,3.109205237394038e-06
19348,7.462092569745692e-06
19349,3.109205237394038e-06
19350,4.974728379830461e-06
19351,3.109205237394038e-06
19352,4.974728379830461e-06
19353,7.462092569745692e-06
19354,4.974728379830461e-06
19355,3.731046284872846e-06
19356,8.705774664703308e-06
19357,4.352887332351654e-06
19358,4.352887332351654e-06
19359,3.731046284872846e-06
19360,3.731046284872846e-06
19361,6.8402515222668845e-06
19362,2.4873641899152306e-06
19363,8.0839336172245e-06
19364,3.109205237394038e-06
19365,8.0839336172245e-06
19366,3.109205237394038e-06
19367,4.352887332351654e-06
19368,4.974728379830461e-06
19369,4.352887332351654e-06
19370,4.352887332351654e-06
19371,3.109205237394038e-06
19372,3.731046284872846e-06
19373,9.327615712182115e-06
19374,5.596569427309269e-06
19375,6.8402515222668845e-06
19376,3.109205237394038e-06
19377,4.352887332351654e-06
19378,4.352887332351654e-06
19379,3.731046284872846e-06
19380,5.596569427309269e-06
19381,2.4873641899152306e-06
19382,2.4873641899152306e-06
19383,3.731046284872846e-06
19384,3.731046284872846e-06
19385,6.218410474788076e-06
19386,3.731046284872846e-06
19387,8.0839336172245e-06
19388,3.731046284872846e-06
19389,6.218410474788076e-06
19390,3.109205237394038e-06
19391,4.352887332351654e-06
19392,3.731046284872846e-06
19393,4.974728379830461e-06
19394,5.596569427309269e-06
19395,6.218410474788076e-06
19396,1.9898913519321845e-05
19397,5.596569427309269e-06
19398,6.8402515222668845e-06
19399,3.731046284872846e-06
19400,6.218410474788076e-06
19401,3.109205237394038e-06
19402,7.462092569745692e-06
19403,7.462092569745692e-06
19404,3.731046284872846e-06
19405,3.731046284872846e-06
19406,3.109205237394038e-06
19407,4.352887332351654e-06
19408,3.731046284872846e-06
19409,2.4873641899152306e-06
19410,4.974728379830461e-06
19411,4.352887332351654e-06
19412,4.974728379830461e-06
19413,8.705774664703308e-06
19414,3.731046284872846e-06
19415,3.109205237394038e-06
19416,3.109205237394038e-06
19417,4.974728379830461e-06
19418,3.109205237394038e-06
19419,3.731046284872846e-06
19420,6.218410474788076e-06
19421,4.352887332351654e-06
19422,3.109205237394038e-06
19423,6.8402515222668845e-06
19424,2.4873641899152306e-06
19425,3.109205237394038e-06
19426,4.352887332351654e-06
19427,4.352887332351654e-06
19428,4.352887332351654e-06
19429,3.109205237394038e-06
19430,1.1193138854618537e-05
19431,1.4302344092012576e-05
19432,6.8402515222668845e-06
19433,3.731046284872846e-06
19434,3.109205237394038e-06
19435,4.974728379830461e-06
19436,3.731046284872846e-06
19437,3.109205237394038e-06
19438,3.109205237394038e-06
19439,1.865523142436423e-06
19440,3.109205237394038e-06
19441,5.596569427309269e-06
19442,3.109205237394038e-06
19443,2.4873641899152306e-06
19444,1.057129780713973e-05
19445,5.596569427309269e-06
19446,9.327615712182115e-06
19447,3.109205237394038e-06
19448,4.974728379830461e-06
19449,3.109205237394038e-06
19450,3.731046284872846e-06
19451,4.974728379830461e-06
19452,4.352887332351654e-06
19453,3.731046284872846e-06
19454,7.462092569745692e-06
19455,4.352887332351654e-06
19456,3.109205237394038e-06
19457,3.109205237394038e-06
19458,3.109205237394038e-06
19459,3.731046284872846e-06
19460,3.109205237394038e-06
19461,3.109205237394038e-06
19462,3.109205237394038e-06
19463,3.109205237394038e-06
19464,6.8402515222668845e-06
19465,3.109205237394038e-06
19466,3.731046284872846e-06
19467,3.109205237394038e-06
19468,3.731046284872846e-06
19469,1.3058661997054962e-05
19470,4.974728379830461e-06
19471,3.109205237394038e-06
19472,3.109205237394038e-06
19473,4.352887332351654e-06
19474,6.218410474788076e-06
19475,4.352887332351654e-06
19476,3.109205237394038e-06
19477,8.705774664703308e-06
19478,4.974728379830461e-06
19479,3.109205237394038e-06
19480,4.352887332351654e-06
19481,4.974728379830461e-06
19482,5.596569427309269e-06
19483,3.109205237394038e-06
19484,4.352887332351654e-06
19485,3.109205237394038e-06
19486,4.974728379830461e-06
19487,4.974728379830461e-06
19488,4.352887332351654e-06
19489,6.218410474788076e-06
19490,4.352887332351654e-06
19491,3.109205237394038e-06
19492,6.8402515222668845e-06
19493,4.974728379830461e-06
19494,9.327615712182115e-06
19495,3.109205237394038e-06
19496,3.731046284872846e-06
19497,7.462092569745692e-06
19498,3.109205237394038e-06
19499,3.731046284872846e-06
19500,2.4873641899152306e-06
19501,3.109205237394038e-06
19502,2.4873641899152306e-06
19503,4.974728379830461e-06
19504,4.352887332351654e-06
19505,3.731046284872846e-06
19506,4.352887332351654e-06
19507,3.109205237394038e-06
19508,2.4873641899152306e-06
19509,3.109205237394038e-06
19510,3.109205237394038e-06
19511,5.596569427309269e-06
19512,6.218410474788076e-06
19513,2.4873641899152306e-06
19514,8.0839336172245e-06
19515,6.8402515222668845e-06
19516,3.109205237394038e-06
19517,2.4873641899152306e-06
19518,3.109205237394038e-06
19519,6.218410474788076e-06
19520,3.109205237394038e-06
19521,3.109205237394038e-06
19522,4.352887332351654e-06
19523,4.974728379830461e-06
19524,4.974728379830461e-06
19525,4.352887332351654e-06
19526,3.109205237394038e-06
19527,3.731046284872846e-06
19528,3.731046284872846e-06
19529,6.218410474788076e-06
19530,3.731046284872846e-06
19531,4.974728379830461e-06
19532,4.352887332351654e-06
19533,4.974728379830461e-06
19534,3.731046284872846e-06
19535,4.974728379830461e-06
19536,6.218410474788076e-06
19537,3.731046284872846e-06
19538,4.352887332351654e-06
19539,3.109205237394038e-06
19540,3.109205237394038e-06
19541,6.218410474788076e-06
19542,3.109205237394038e-06
19543,8.0839336172245e-06
19544,3.109205237394038e-06
19545,3.731046284872846e-06
19546,3.109205237394038e-06
19547,2.4873641899152306e-06
19548,3.731046284872846e-06
19549,3.731046284872846e-06
19550,6.218410474788076e-06
19551,2.4873641899152306e-06
19552,4.352887332351654e-06
19553,3.109205237394038e-06
19554,3.109205237394038e-06
19555,3.109205237394038e-06
19556,3.731046284872846e-06
19557,4.352887332351654e-06
19558,4.974728379830461e-06
19559,4.352887332351654e-06
19560,6.8402515222668845e-06
19561,3.109205237394038e-06
19562,2.4873641899152306e-06
19563,4.974728379830461e-06
19564,3.109205237394038e-06
19565,3.731046284872846e-06
19566,4.352887332351654e-06
19567,3.731046284872846e-06
19568,3.109205237394038e-06
19569,1.865523142436423e-06
19570,3.731046284872846e-06
19571,2.4873641899152306e-06
19572,4.352887332351654e-06
19573,5.596569427309269e-06
19574,1.1814979902097345e-05
19575,4.352887332351654e-06
19576,2.4873641899152306e-06
19577,4.352887332351654e-06
19578,4.352887332351654e-06
19579,6.8402515222668845e-06
19580,6.218410474788076e-06
19581,7.462092569745692e-06
19582,3.109205237394038e-06
19583,4.352887332351654e-06
19584,7.462092569745692e-06
19585,5.596569427309269e-06
19586,3.731046284872846e-06
19587,6.218410474788076e-06
19588,4.352887332351654e-06
19589,7.462092569745692e-06
19590,4.352887332351654e-06
19591,3.109205237394038e-06
19592,3.109205237394038e-06
19593,3.109205237394038e-06
19594,3.109205237394038e-06
19595,9.327615712182115e-06
19596,3.731046284872846e-06
19597,3.109205237394038e-06
19598,3.109205237394038e-06
19599,3.109205237394038e-06
19600,4.352887332351654e-06
19601,5.596569427309269e-06
19602,3.109205237394038e-06
19603,8.0839336172245e-06
19604,3.109205237394038e-06
19605,3.731046284872846e-06
19606,2.4873641899152306e-06
19607,6.218410474788076e-06
19608,4.974728379830461e-06
19609,3.109205237394038e-06
19610,6.8402515222668845e-06
19611,3.109205237394038e-06
19612,4.974728379830461e-06
19613,3.109205237394038e-06
19614,4.974728379830461e-06
19615,4.974728379830461e-06
19616,4.974728379830461e-06
19617,3.731046284872846e-06
19618,2.4873641899152306e-06
19619,4.352887332351654e-06
19620,3.731046284872846e-06
19621,4.974728379830461e-06
19622,3.109205237394038e-06
19623,4.352887332351654e-06
19624,5.596569427309269e-06
19625,3.109205237394038e-06
19626,8.0839336172245e-06
19627,4.352887332351654e-06
19628,2.4873641899152306e-06
19629,3.731046284872846e-06
19630,3.109205237394038e-06
19631,3.731046284872846e-06
19632,7.462092569745692e-06
19633,3.731046284872846e-06
19634,3.109205237394038e-06
19635,6.8402515222668845e-06
19636,6.8402515222668845e-06
19637,2.4873641899152306e-06
19638,5.596569427309269e-06
19639,6.8402515222668845e-06
19640,9.949456759660923e-06
19641,1.9277072471843036e-05
19642,6.218410474788076e-06
19643,8.705774664703308e-06
19644,3.731046284872846e-06
19645,3.109205237394038e-06
19646,3.109205237394038e-06
19647,5.596569427309269e-06
19648,3.731046284872846e-06
19649,6.218410474788076e-06
19650,3.109205237394038e-06
19651,5.596569427309269e-06
19652,7.462092569745692e-06
19653,3.731046284872846e-06
19654,3.731046284872846e-06
19655,8.0839336172245e-06
19656,4.352887332351654e-06
19657,4.352887332351654e-06
19658,3.109205237394038e-06
19659,3.109205237394038e-06
19660,4.352887332351654e-06
19661,2.4873641899152306e-06
19662,3.731046284872846e-06
19663,9.949456759660923e-06
19664,9.327615712182115e-06
19665,5.596569427309269e-06
19666,2.4873641899152306e-06
19667,3.731046284872846e-06
19668,6.218410474788076e-06
19669,6.218410474788076e-06
19670,8.0839336172245e-06
19671,6.218410474788076e-06
19672,5.596569427309269e-06
19673,2.4873641899152306e-06
19674,3.731046284872846e-06
19675,6.218410474788076e-06
19676,6.8402515222668845e-06
19677,4.352887332351654e-06
19678,3.731046284872846e-06
19679,2.4873641899152306e-06
19680,4.352887332351654e-06
19681,4.352887332351654e-06
19682,3.731046284872846e-06
19683,3.109205237394038e-06
19684,3.109205237394038e-06
19685,4.352887332351654e-06
19686,6.218410474788076e-06
19687,3.731046284872846e-06
19688,3.109205237394038e-06
19689,3.109205237394038e-06
19690,4.974728379830461e-06
19691,4.352887332351654e-06
19692,3.109205237394038e-06
19693,4.974728379830461e-06
19694,6.218410474788076e-06
19695,4.974728379830461e-06
19696,5.596569427309269e-06
19697,3.109205237394038e-06
19698,7.462092569745692e-06
19699,4.352887332351654e-06
19700,1.2436820949576153e-06
19701,4.974728379830461e-06
19702,4.352887332351654e-06
19703,5.596569427309269e-06
19704,4.974728379830461e-06
19705,7.462092569745692e-06
19706,6.218410474788076e-06
19707,6.8402515222668845e-06
19708,3.109205237394038e-06
19709,4.974728379830461e-06
19710,3.109205237394038e-06
19711,5.596569427309269e-06
19712,4.352887332351654e-06
19713,3.731046284872846e-06
19714,3.731046284872846e-06
19715,3.109205237394038e-06
19716,4.352887332351654e-06
19717,3.109205237394038e-06
19718,3.109205237394038e-06
19719,8.0839336172245e-06
19720,4.352887332351654e-06
19721,9.327615712182115e-06
19722,2.4873641899152306e-06
19723,3.109205237394038e-06
19724,3.109205237394038e-06
19725,3.109205237394038e-06
19726,4.352887332351654e-06
19727,4.974728379830461e-06
19728,5.596569427309269e-06
19729,3.109205237394038e-06
19730,3.109205237394038e-06
19731,3.731046284872846e-06
19732,3.109205237394038e-06
19733,3.109205237394038e-06
19734,8.0839336172245e-06
19735,3.731046284872846e-06
19736,3.731046284872846e-06
19737,4.352887332351654e-06
19738,4.352887332351654e-06
19739,5.596569427309269e-06
19740,9.949456759660923e-06
19741,4.974728379830461e-06
19742,4.974728379830461e-06
19743,3.109205237394038e-06
19744,3.731046284872846e-06
19745,5.596569427309269e-06
19746,3.109205237394038e-06
19747,4.352887332351654e-06
19748,4.352887332351654e-06
19749,6.218410474788076e-06
19750,3.109205237394038e-06
19751,4.352887332351654e-06
19752,4.352887332351654e-06
19753,3.731046284872846e-06
19754,4.974728379830461e-06
19755,9.327615712182115e-06
19756,8.705774664703308e-06
19757,3.109205237394038e-06
19758,4.352887332351654e-06
19759,3.109205237394038e-06
19760,5.596569427309269e-06
19761,4.974728379830461e-06
19762,4.974728379830461e-06
19763,4.974728379830461e-06
19764,4.974728379830461e-06
19765,3.731046284872846e-06
19766,5.596569427309269e-06
19767,5.596569427309269e-06
19768,3.731046284872846e-06
19769,6.218410474788076e-06
19770,3.109205237394038e-06
19771,4.974728379830461e-06
19772,3.109205237394038e-06
19773,2.4873641899152306e-06
19774,3.109205237394038e-06
19775,3.109205237394038e-06
19776,1.2436820949576153e-06
19777,3.731046284872846e-06
19778,3.109205237394038e-06
19779,4.974728379830461e-06
19780,3.109205237394038e-06
19781,4.352887332351654e-06
19782,3.109205237394038e-06
19783,4.352887332351654e-06
19784,4.352887332351654e-06
19785,3.731046284872846e-06
19786,3.731046284872846e-06
19787,3.109205237394038e-06
19788,3.109205237394038e-06
19789,4.352887332351654e-06
19790,5.596569427309269e-06
19791,5.596569427309269e-06
19792,4.974728379830461e-06
19793,6.218410474788076e-06
19794,6.8402515222668845e-06
19795,1.3058661997054962e-05
19796,3.109205237394038e-06
19797,9.327615712182115e-06
19798,4.974728379830461e-06
19799,4.352887332351654e-06
19800,4.352887332351654e-06
19801,2.4873641899152306e-06
19802,5.596569427309269e-06
19803,4.974728379830461e-06
19804,4.352887332351654e-06
19805,2.4873641899152306e-06
19806,3.109205237394038e-06
19807,4.352887332351654e-06
19808,3.109205237394038e-06
19809,3.109205237394038e-06
19810,5.596569427309269e-06
19811,4.352887332351654e-06
19812,3.731046284872846e-06
19813,3.731046284872846e-06
19814,4.352887332351654e-06
19815,2.4873641899152306e-06
19816,4.974728379830461e-06
19817,3.109205237394038e-06
19818,3.731046284872846e-06
19819,3.731046284872846e-06
19820,3.109205237394038e-06
19821,4.352887332351654e-06
19822,5.596569427309269e-06
19823,6.8402515222668845e-06
19824,1.057129780713973e-05
19825,2.4873641899152306e-06
19826,5.596569427309269e-06
19827,4.974728379830461e-06
19828,3.109205237394038e-06
19829,4.352887332351654e-06
19830,3.109205237394038e-06
19831,3.109205237394038e-06
19832,6.218410474788076e-06
19833,3.109205237394038e-06
19834,8.705774664703308e-06
19835,3.731046284872846e-06
19836,3.109205237394038e-06
19837,3.731046284872846e-06
19838,3.109205237394038e-06
19839,6.8402515222668845e-06
19840,3.109205237394038e-06
19841,4.352887332351654e-06
19842,4.974728379830461e-06
19843,3.109205237394038e-06
19844,3.731046284872846e-06
19845,4.974728379830461e-06
19846,4.352887332351654e-06
19847,3.731046284872846e-06
19848,5.596569427309269e-06
19849,4.352887332351654e-06
19850,3.731046284872846e-06
19851,4.974728379830461e-06
19852,5.596569427309269e-06
19853,4.352887332351654e-06
19854,3.731046284872846e-06
19855,1.1193138854618537e-05
19856,4.352887332351654e-06
19857,3.731046284872846e-06
19858,5.596569427309269e-06
19859,5.596569427309269e-06
19860,3.109205237394038e-06
19861,3.109205237394038e-06
19862,5.596569427309269e-06
19863,4.974728379830461e-06
19864,4.352887332351654e-06
19865,2.4873641899152306e-06
19866,3.731046284872846e-06
19867,3.731046284872846e-06
19868,4.352887332351654e-06
19869,2.4873641899152306e-06
19870,4.352887332351654e-06
19871,4.352887332351654e-06
19872,4.352887332351654e-06
19873,3.109205237394038e-06
19874,3.109205237394038e-06
19875,3.109205237394038e-06
19876,3.731046284872846e-06
19877,8.0839336172245e-06
19878,3.731046284872846e-06
19879,6.218410474788076e-06
19880,3.731046284872846e-06
19881,2.4873641899152306e-06
19882,6.218410474788076e-06
19883,1.865523142436423e-06
19884,3.109205237394038e-06
19885,8.0839336172245e-06
19886,3.109205237394038e-06
19887,6.218410474788076e-06
19888,6.8402515222668845e-06
19889,4.352887332351654e-06
19890,3.109205237394038e-06
19891,7.462092569745692e-06
19892,6.218410474788076e-06
19893,4.974728379830461e-06
19894,4.352887332351654e-06
19895,6.218410474788076e-06
19896,4.352887332351654e-06
19897,6.8402515222668845e-06
19898,3.731046284872846e-06
19899,3.109205237394038e-06
19900,4.352887332351654e-06
19901,3.731046284872846e-06
19902,3.109205237394038e-06
19903,3.109205237394038e-06
19904,4.974728379830461e-06
19905,3.109205237394038e-06
19906,3.731046284872846e-06
19907,5.596569427309269e-06
19908,3.109205237394038e-06
19909,4.352887332351654e-06
19910,8.0839336172245e-06
19911,2.4873641899152306e-06
19912,3.109205237394038e-06
19913,3.731046284872846e-06
19914,3.109205237394038e-06
19915,4.352887332351654e-06
19916,4.352887332351654e-06
19917,4.974728379830461e-06
19918,8.705774664703308e-06
19919,3.731046284872846e-06
19920,4.974728379830461e-06
19921,4.352887332351654e-06
19922,3.731046284872846e-06
19923,3.109205237394038e-06
19924,4.974728379830461e-06
19925,4.974728379830461e-06
19926,4.352887332351654e-06
19927,3.731046284872846e-06
19928,3.109205237394038e-06
19929,4.352887332351654e-06
19930,4.352887332351654e-06
19931,3.109205237394038e-06
19932,4.352887332351654e-06
19933,9.327615712182115e-06
19934,3.109205237394038e-06
19935,4.352887332351654e-06
19936,4.974728379830461e-06
19937,6.218410474788076e-06
19938,3.109205237394038e-06
19939,3.731046284872846e-06
19940,2.4873641899152306e-06
19941,3.109205237394038e-06
19942,3.731046284872846e-06
19943,6.218410474788076e-06
19944,5.596569427309269e-06
19945,4.352887332351654e-06
19946,3.109205237394038e-06
19947,2.4873641899152306e-06
19948,4.352887332351654e-06
19949,5.596569427309269e-06
19950,2.4873641899152306e-06
19951,3.731046284872846e-06
19952,3.109205237394038e-06
19953,2.4873641899152306e-06
19954,9.327615712182115e-06
19955,3.731046284872846e-06
19956,7.462092569745692e-06
19957,3.109205237394038e-06
19958,3.731046284872846e-06
19959,2.4873641899152306e-06
19960,6.8402515222668845e-06
19961,3.731046284872846e-06
19962,4.352887332351654e-06
19963,3.109205237394038e-06
19964,8.705774664703308e-06
19965,2.4873641899152306e-06
19966,3.731046284872846e-06
19967,4.352887332351654e-06
19968,3.731046284872846e-06
19969,3.109205237394038e-06
19970,2.4873641899152306e-06
19971,2.4873641899152306e-06
19972,2.4873641899152306e-06
19973,7.462092569745692e-06
19974,2.4873641899152306e-06
19975,3.731046284872846e-06
19976,4.352887332351654e-06
19977,4.974728379830461e-06
19978,4.352887332351654e-06
19979,4.974728379830461e-06
19980,5.596569427309269e-06
19981,3.109205237394038e-06
19982,7.462092569745692e-06
19983,3.731046284872846e-06
19984,6.218410474788076e-06
19985,7.462092569745692e-06
19986,1.057129780713973e-05
19987,5.596569427309269e-06
19988,6.218410474788076e-06
19989,3.731046284872846e-06
19990,3.731046284872846e-06
19991,3.731046284872846e-06
19992,5.596569427309269e-06
19993,3.109205237394038e-06
19994,3.109205237394038e-06
19995,3.109205237394038e-06
19996,4.974728379830461e-06
19997,3.109205237394038e-06
19998,3.731046284872846e-06
19999,3.731046284872846e-06
20000,5.596569427309269e-06
20001,3.731046284872846e-06
20002,3.731046284872846e-06
20003,5.596569427309269e-06
20004,3.109205237394038e-06
20005,2.4873641899152306e-06
20006,3.109205237394038e-06
20007,3.731046284872846e-06
20008,3.109205237394038e-06
20009,3.109205237394038e-06
20010,4.352887332351654e-06
20011,5.596569427309269e-06
20012,6.218410474788076e-06
20013,2.4873641899152306e-06
20014,3.109205237394038e-06
20015,2.4873641899152306e-06
20016,5.596569427309269e-06
20017,3.109205237394038e-06
20018,2.4873641899152306e-06
20019,4.352887332351654e-06
20020,3.731046284872846e-06
20021,3.731046284872846e-06
20022,1.1814979902097345e-05
20023,3.731046284872846e-06
20024,3.731046284872846e-06
20025,3.109205237394038e-06
20026,3.109205237394038e-06
20027,4.352887332351654e-06
20028,3.731046284872846e-06
20029,4.352887332351654e-06
20030,3.109205237394038e-06
20031,3.109205237394038e-06
20032,5.596569427309269e-06
20033,3.109205237394038e-06
20034,3.109205237394038e-06
20035,8.0839336172245e-06
20036,3.109205237394038e-06
20037,4.974728379830461e-06
20038,4.974728379830461e-06
20039,4.352887332351654e-06
20040,3.109205237394038e-06
20041,1.4924185139491384e-05
20042,6.218410474788076e-06
20043,5.596569427309269e-06
20044,3.109205237394038e-06
20045,3.731046284872846e-06
20046,3.731046284872846e-06
20047,2.4873641899152306e-06
20048,3.109205237394038e-06
20049,3.731046284872846e-06
20050,7.462092569745692e-06
20051,4.352887332351654e-06
20052,3.731046284872846e-06
20053,3.731046284872846e-06
20054,3.731046284872846e-06
20055,2.4873641899152306e-06
20056,3.109205237394038e-06
20057,4.352887332351654e-06
20058,6.8402515222668845e-06
20059,3.731046284872846e-06
20060,3.109205237394038e-06
20061,6.8402515222668845e-06
20062,3.109205237394038e-06
20063,3.731046284872846e-06
20064,3.731046284872846e-06
20065,3.731046284872846e-06
20066,3.109205237394038e-06
20067,3.109205237394038e-06
20068,3.109205237394038e-06
20069,4.974728379830461e-06
20070,4.352887332351654e-06
20071,4.352887332351654e-06
20072,3.109205237394038e-06
20073,1.865523142436423e-06
20074,4.352887332351654e-06
20075,5.596569427309269e-06
20076,1.865523142436423e-06
20077,4.352887332351654e-06
20078,2.4873641899152306e-06
20079,3.731046284872846e-06
20080,4.974728379830461e-06
20081,3.109205237394038e-06
20082,8.0839336172245e-06
20083,4.352887332351654e-06
20084,4.352887332351654e-06
20085,4.352887332351654e-06
20086,6.218410474788076e-06
20087,6.218410474788076e-06
20088,2.4873641899152306e-06
20089,4.352887332351654e-06
20090,4.352887332351654e-06
20091,3.731046284872846e-06
20092,3.109205237394038e-06
20093,3.109205237394038e-06
20094,1.2436820949576153e-06
20095,3.109205237394038e-06
20096,3.731046284872846e-06
20097,1.865523142436423e-06
20098,4.352887332351654e-06
20099,5.596569427309269e-06
20100,1.865523142436423e-06
20101,4.974728379830461e-06
20102,3.109205237394038e-06
20103,3.109205237394038e-06
20104,3.731046284872846e-06
20105,2.4873641899152306e-06
20106,8.0839336172245e-06
20107,3.109205237394038e-06
20108,3.109205237394038e-06
20109,2.4873641899152306e-06
20110,3.109205237394038e-06
20111,3.109205237394038e-06
20112,3.109205237394038e-06
20113,5.596569427309269e-06
20114,7.462092569745692e-06
20115,5.596569427309269e-06
20116,4.352887332351654e-06
20117,1.865523142436423e-06
20118,3.109205237394038e-06
20119,4.352887332351654e-06
20120,5.596569427309269e-06
20121,3.731046284872846e-06
20122,2.4873641899152306e-06
20123,2.4873641899152306e-06
20124,3.109205237394038e-06
20125,3.109205237394038e-06
20126,3.109205237394038e-06
20127,3.109205237394038e-06
20128,3.731046284872846e-06
20129,4.352887332351654e-06
20130,3.109205237394038e-06
20131,9.949456759660923e-06
20132,4.352887332351654e-06
20133,8.0839336172245e-06
20134,3.109205237394038e-06
20135,3.109205237394038e-06
20136,3.109205237394038e-06
20137,5.596569427309269e-06
20138,4.352887332351654e-06
20139,4.352887332351654e-06
20140,5.596569427309269e-06
20141,3.731046284872846e-06
20142,4.974728379830461e-06
20143,3.731046284872846e-06
20144,3.109205237394038e-06
20145,2.4873641899152306e-06
20146,4.352887332351654e-06
20147,4.352887332351654e-06
20148,3.109205237394038e-06
20149,4.352887332351654e-06
20150,4.352887332351654e-06
20151,4.974728379830461e-06
20152,3.731046284872846e-06
20153,3.109205237394038e-06
20154,4.352887332351654e-06
20155,3.109205237394038e-06
20156,3.731046284872846e-06
20157,3.731046284872846e-06
20158,3.731046284872846e-06
20159,9.327615712182115e-06
20160,4.974728379830461e-06
20161,3.731046284872846e-06
20162,3.109205237394038e-06
20163,4.352887332351654e-06
20164,4.352887332351654e-06
20165,3.109205237394038e-06
20166,3.731046284872846e-06
20167,4.974728379830461e-06
20168,3.731046284872846e-06
20169,3.731046284872846e-06
20170,4.974728379830461e-06
20171,1.865523142436423e-06
20172,4.352887332351654e-06
20173,4.974728379830461e-06
20174,3.731046284872846e-06
20175,2.4873641899152306e-06
20176,3.109205237394038e-06
20177,3.109205237394038e-06
20178,6.218410474788076e-06
20179,4.974728379830461e-06
20180,3.109205237394038e-06
20181,3.109205237394038e-06
20182,9.327615712182115e-06
20183,3.731046284872846e-06
20184,4.352887332351654e-06
20185,3.731046284872846e-06
20186,4.974728379830461e-06
20187,3.731046284872846e-06
20188,3.109205237394038e-06
20189,3.731046284872846e-06
20190,8.0839336172245e-06
20191,4.352887332351654e-06
20192,2.4873641899152306e-06
20193,4.352887332351654e-06
20194,4.352887332351654e-06
20195,6.218410474788076e-06
20196,5.596569427309269e-06
20197,2.4873641899152306e-06
20198,3.109205237394038e-06
20199,5.596569427309269e-06
20200,3.109205237394038e-06
20201,3.109205237394038e-06
20202,3.109205237394038e-06
20203,3.109205237394038e-06
20204,3.109205237394038e-06
20205,3.109205237394038e-06
20206,3.731046284872846e-06
20207,4.352887332351654e-06
20208,4.974728379830461e-06
20209,8.0839336172245e-06
20210,3.109205237394038e-06
20211,3.109205237394038e-06
20212,3.731046284872846e-06
20213,3.109205237394038e-06
20214,1.1193138854618537e-05
20215,3.109205237394038e-06
20216,4.974728379830461e-06
20217,2.4873641899152306e-06
20218,8.0839336172245e-06
20219,4.974728379830461e-06
20220,3.109205237394038e-06
20221,3.109205237394038e-06
20222,3.109205237394038e-06
20223,3.109205237394038e-06
20224,3.109205237394038e-06
20225,4.974728379830461e-06
20226,3.109205237394038e-06
20227,2.4873641899152306e-06
20228,3.731046284872846e-06
20229,4.352887332351654e-06
20230,4.974728379830461e-06
20231,3.109205237394038e-06
20232,3.731046284872846e-06
20233,3.109205237394038e-06
20234,4.352887332351654e-06
20235,3.109205237394038e-06
20236,3.731046284872846e-06
20237,3.731046284872846e-06
20238,1.865523142436423e-06
20239,2.4873641899152306e-06
20240,4.352887332351654e-06
20241,3.109205237394038e-06
20242,3.109205237394038e-06
20243,3.731046284872846e-06
20244,4.352887332351654e-06
20245,3.109205237394038e-06
20246,3.109205237394038e-06
20247,4.352887332351654e-06
20248,6.8402515222668845e-06
20249,3.109205237394038e-06
20250,3.109205237394038e-06
20251,3.109205237394038e-06
20252,6.8402515222668845e-06
20253,4.352887332351654e-06
20254,8.0839336172245e-06
20255,3.731046284872846e-06
20256,4.352887332351654e-06
20257,4.352887332351654e-06
20258,4.974728379830461e-06
20259,3.731046284872846e-06
20260,8.0839336172245e-06
20261,3.109205237394038e-06
20262,4.352887332351654e-06
20263,3.731046284872846e-06
20264,4.352887332351654e-06
20265,5.596569427309269e-06
20266,3.109205237394038e-06
20267,3.731046284872846e-06
20268,2.4873641899152306e-06
20269,3.731046284872846e-06
20270,3.109205237394038e-06
20271,4.352887332351654e-06
20272,3.109205237394038e-06
20273,3.109205237394038e-06
20274,3.731046284872846e-06
20275,5.596569427309269e-06
20276,8.705774664703308e-06
20277,3.109205237394038e-06
20278,1.865523142436423e-06
20279,4.352887332351654e-06
20280,3.109205237394038e-06
20281,3.731046284872846e-06
20282,2.4873641899152306e-06
20283,1.2436820949576153e-06
20284,2.4873641899152306e-06
20285,3.109205237394038e-06
20286,5.596569427309269e-06
20287,3.109205237394038e-06
20288,3.109205237394038e-06
20289,6.218410474788076e-06
20290,3.109205237394038e-06
20291,3.109205237394038e-06
20292,3.109205237394038e-06
20293,3.109205237394038e-06
20294,6.8402515222668845e-06
20295,4.352887332351654e-06
20296,4.352887332351654e-06
20297,3.109205237394038e-06
20298,2.4873641899152306e-06
20299,4.352887332351654e-06
20300,4.974728379830461e-06
20301,4.352887332351654e-06
20302,3.731046284872846e-06
20303,4.352887332351654e-06
20304,4.352887332351654e-06
20305,2.4873641899152306e-06
20306,4.352887332351654e-06
20307,4.352887332351654e-06
20308,1.554602618697019e-05
20309,3.731046284872846e-06
20310,3.109205237394038e-06
20311,3.109205237394038e-06
20312,3.109205237394038e-06
20313,3.109205237394038e-06
20314,3.731046284872846e-06
20315,1.865523142436423e-06
20316,6.8402515222668845e-06
20317,3.731046284872846e-06
20318,3.731046284872846e-06
20319,1.865523142436423e-06
20320,3.109205237394038e-06
20321,2.4873641899152306e-06
20322,3.109205237394038e-06
20323,1.2436820949576153e-06
20324,3.731046284872846e-06
20325,4.352887332351654e-06
20326,9.949456759660923e-06
20327,7.462092569745692e-06
20328,3.731046284872846e-06
20329,6.218410474788076e-06
20330,4.352887332351654e-06
20331,3.731046284872846e-06
20332,6.218410474788076e-06
20333,6.8402515222668845e-06
20334,4.352887332351654e-06
20335,1.4924185139491384e-05
20336,6.8402515222668845e-06
20337,8.705774664703308e-06
20338,1.9898913519321845e-05
20339,9.949456759660923e-06
20340,5.596569427309269e-06
20341,1.3058661997054962e-05
20342,9.327615712182115e-06
20343,1.803339037688542e-05
20344,4.974728379830461e-06
20345,3.109205237394038e-06
20346,5.596569427309269e-06
20347,6.218410474788076e-06
20348,3.731046284872846e-06
20349,3.109205237394038e-06
20350,2.4873641899152306e-06
20351,3.731046284872846e-06
20352,4.352887332351654e-06
20353,8.0839336172245e-06
20354,3.731046284872846e-06
20355,3.731046284872846e-06
20356,2.4873641899152306e-06
20357,4.352887332351654e-06
20358,3.109205237394038e-06
20359,6.8402515222668845e-06
20360,4.352887332351654e-06
20361,6.8402515222668845e-06
20362,3.731046284872846e-06
20363,3.731046284872846e-06
20364,4.352887332351654e-06
20365,4.352887332351654e-06
20366,1.3680503044533769e-05
20367,4.352887332351654e-06
20368,4.352887332351654e-06
20369,3.731046284872846e-06
20370,3.109205237394038e-06
20371,3.731046284872846e-06
20372,3.731046284872846e-06
20373,3.731046284872846e-06
20374,3.109205237394038e-06
20375,3.109205237394038e-06
20376,4.974728379830461e-06
20377,3.109205237394038e-06
20378,3.731046284872846e-06
20379,4.352887332351654e-06
20380,3.109205237394038e-06
20381,3.731046284872846e-06
20382,4.974728379830461e-06
20383,6.8402515222668845e-06
20384,3.109205237394038e-06
20385,4.352887332351654e-06
20386,3.109205237394038e-06
20387,5.596569427309269e-06
20388,6.218410474788076e-06
20389,6.8402515222668845e-06
20390,4.352887332351654e-06
20391,3.109205237394038e-06
20392,3.109205237394038e-06
20393,3.109205237394038e-06
20394,4.974728379830461e-06
20395,6.8402515222668845e-06
20396,6.218410474788076e-06
20397,4.974728379830461e-06
20398,3.109205237394038e-06
20399,6.218410474788076e-06
20400,3.731046284872846e-06
20401,5.596569427309269e-06
20402,3.109205237394038e-06
20403,3.109205237394038e-06
20404,3.109205237394038e-06
20405,3.109205237394038e-06
20406,3.109205237394038e-06
20407,3.109205237394038e-06
20408,2.4873641899152306e-06
20409,3.109205237394038e-06
20410,4.352887332351654e-06
20411,4.352887332351654e-06
20412,3.731046284872846e-06
20413,8.0839336172245e-06
20414,4.352887332351654e-06
20415,6.218410474788076e-06
20416,3.109205237394038e-06
20417,4.352887332351654e-06
20418,3.731046284872846e-06
20419,3.731046284872846e-06
20420,3.109205237394038e-06
20421,4.974728379830461e-06
20422,4.974728379830461e-06
20423,4.352887332351654e-06
20424,6.218410474788076e-06
20425,7.462092569745692e-06
20426,4.974728379830461e-06
20427,4.974728379830461e-06
20428,6.8402515222668845e-06
20429,1.1814979902097345e-05
20430,3.731046284872846e-06
20431,3.731046284872846e-06
20432,3.731046284872846e-06
20433,3.731046284872846e-06
20434,3.109205237394038e-06
20435,3.109205237394038e-06
20436,3.109205237394038e-06
20437,4.352887332351654e-06
20438,3.109205237394038e-06
20439,3.109205237394038e-06
20440,6.8402515222668845e-06
20441,5.596569427309269e-06
20442,6.218410474788076e-06
20443,4.352887332351654e-06
20444,3.731046284872846e-06
20445,5.596569427309269e-06
20446,3.109205237394038e-06
20447,4.352887332351654e-06
20448,3.731046284872846e-06
20449,4.974728379830461e-06
20450,4.352887332351654e-06
20451,3.109205237394038e-06
20452,2.4873641899152306e-06
20453,3.109205237394038e-06
20454,3.731046284872846e-06
20455,3.731046284872846e-06
20456,4.352887332351654e-06
20457,4.352887332351654e-06
20458,2.4873641899152306e-06
20459,4.352887332351654e-06
20460,4.352887332351654e-06
20461,2.4873641899152306e-06
20462,3.109205237394038e-06
20463,3.731046284872846e-06
20464,4.974728379830461e-06
20465,3.731046284872846e-06
20466,3.731046284872846e-06
20467,3.731046284872846e-06
20468,4.352887332351654e-06
20469,2.4873641899152306e-06
20470,4.974728379830461e-06
20471,5.596569427309269e-06
20472,3.109205237394038e-06
20473,3.109205237394038e-06
20474,3.731046284872846e-06
20475,2.4873641899152306e-06
20476,3.109205237394038e-06
20477,3.109205237394038e-06
20478,3.731046284872846e-06
20479,4.352887332351654e-06
20480,4.974728379830461e-06
20481,4.352887332351654e-06
20482,4.352887332351654e-06
20483,3.109205237394038e-06
20484,1.1193138854618537e-05
20485,3.109205237394038e-06
20486,6.8402515222668845e-06
20487,6.218410474788076e-06
20488,2.4873641899152306e-06
20489,4.352887332351654e-06
20490,3.731046284872846e-06
20491,2.4873641899152306e-06
20492,3.731046284872846e-06
20493,2.4873641899152306e-06
20494,4.352887332351654e-06
20495,2.4873641899152306e-06
20496,3.731046284872846e-06
20497,3.109205237394038e-06
20498,3.731046284872846e-06
20499,3.109205237394038e-06
20500,3.731046284872846e-06
20501,3.109205237394038e-06
20502,3.109205237394038e-06
20503,4.974728379830461e-06
20504,3.731046284872846e-06
20505,3.731046284872846e-06
20506,3.109205237394038e-06
20507,2.4873641899152306e-06
20508,4.974728379830461e-06
20509,1.865523142436423e-06
20510,2.4873641899152306e-06
20511,3.731046284872846e-06
20512,3.109205237394038e-06
20513,3.109205237394038e-06
20514,3.109205237394038e-06
20515,6.218410474788076e-06
20516,3.109205237394038e-06
20517,3.731046284872846e-06
20518,4.352887332351654e-06
20519,3.109205237394038e-06
20520,3.731046284872846e-06
20521,6.218410474788076e-06
20522,4.974728379830461e-06
20523,3.109205237394038e-06
20524,3.731046284872846e-06
20525,5.596569427309269e-06
20526,3.731046284872846e-06
20527,3.731046284872846e-06
20528,3.109205237394038e-06
20529,4.352887332351654e-06
20530,3.109205237394038e-06
20531,3.109205237394038e-06
20532,5.596569427309269e-06
20533,3.109205237394038e-06
20534,3.731046284872846e-06
20535,4.974728379830461e-06
20536,3.731046284872846e-06
20537,3.109205237394038e-06
20538,6.218410474788076e-06
20539,3.109205237394038e-06
20540,3.731046284872846e-06
20541,3.109205237394038e-06
20542,4.352887332351654e-06
20543,3.109205237394038e-06
20544,4.974728379830461e-06
20545,4.352887332351654e-06
20546,3.109205237394038e-06
20547,3.109205237394038e-06
20548,2.4873641899152306e-06
20549,3.109205237394038e-06
20550,1.865523142436423e-06
20551,3.731046284872846e-06
20552,3.731046284872846e-06
20553,4.974728379830461e-06
20554,3.731046284872846e-06
20555,3.109205237394038e-06
20556,3.109205237394038e-06
20557,4.352887332351654e-06
20558,3.731046284872846e-06
20559,5.596569427309269e-06
20560,3.109205237394038e-06
20561,3.109205237394038e-06
20562,4.352887332351654e-06
20563,1.865523142436423e-06
20564,3.109205237394038e-06
20565,5.596569427309269e-06
20566,3.731046284872846e-06
20567,5.596569427309269e-06
20568,3.731046284872846e-06
20569,4.352887332351654e-06
20570,4.974728379830461e-06
20571,6.218410474788076e-06
20572,4.974728379830461e-06
20573,3.731046284872846e-06
20574,3.731046284872846e-06
20575,3.731046284872846e-06
20576,3.731046284872846e-06
20577,3.731046284872846e-06
20578,3.731046284872846e-06
20579,3.731046284872846e-06
20580,3.731046284872846e-06
20581,3.731046284872846e-06
20582,3.731046284872846e-06
20583,8.705774664703308e-06
20584,2.4873641899152306e-06
20585,3.109205237394038e-06
20586,3.731046284872846e-06
20587,3.109205237394038e-06
20588,3.731046284872846e-06
20589,3.731046284872846e-06
20590,7.462092569745692e-06
20591,3.109205237394038e-06
20592,3.731046284872846e-06
20593,8.705774664703308e-06
20594,3.109205237394038e-06
20595,3.109205237394038e-06
20596,3.109205237394038e-06
20597,4.974728379830461e-06
20598,3.109205237394038e-06
20599,7.462092569745692e-06
20600,3.731046284872846e-06
20601,4.352887332351654e-06
20602,3.731046284872846e-06
20603,3.731046284872846e-06
20604,2.4873641899152306e-06
20605,3.109205237394038e-06
20606,3.731046284872846e-06
20607,3.731046284872846e-06
20608,3.731046284872846e-06
20609,5.596569427309269e-06
20610,3.731046284872846e-06
20611,5.596569427309269e-06
20612,4.974728379830461e-06
20613,2.4873641899152306e-06
20614,3.109205237394038e-06
20615,2.4873641899152306e-06
20616,3.731046284872846e-06
20617,4.974728379830461e-06
20618,3.109205237394038e-06
20619,8.0839336172245e-06
20620,5.596569427309269e-06
20621,3.731046284872846e-06
20622,5.596569427309269e-06
20623,3.109205237394038e-06
20624,3.731046284872846e-06
20625,3.109205237394038e-06
20626,3.109205237394038e-06
20627,3.731046284872846e-06
20628,3.109205237394038e-06
20629,3.109205237394038e-06
20630,4.352887332351654e-06
20631,9.327615712182115e-06
20632,3.109205237394038e-06
20633,3.109205237394038e-06
20634,3.109205237394038e-06
20635,8.0839336172245e-06
20636,3.731046284872846e-06
20637,3.731046284872846e-06
20638,2.4873641899152306e-06
20639,3.109205237394038e-06
20640,5.596569427309269e-06
20641,4.352887332351654e-06
20642,3.109205237394038e-06
20643,2.4873641899152306e-06
20644,4.974728379830461e-06
20645,3.109205237394038e-06
20646,3.109205237394038e-06
20647,5.596569427309269e-06
20648,4.352887332351654e-06
20649,3.109205237394038e-06
20650,2.4873641899152306e-06
20651,3.109205237394038e-06
20652,9.327615712182115e-06
20653,3.109205237394038e-06
20654,3.731046284872846e-06
20655,3.731046284872846e-06
20656,3.109205237394038e-06
20657,3.731046284872846e-06
20658,3.109205237394038e-06
20659,8.705774664703308e-06
20660,3.109205237394038e-06
20661,3.731046284872846e-06
20662,6.8402515222668845e-06
20663,2.4873641899152306e-06
20664,3.731046284872846e-06
20665,3.109205237394038e-06
20666,3.731046284872846e-06
20667,3.109205237394038e-06
20668,3.109205237394038e-06
20669,3.109205237394038e-06
20670,4.352887332351654e-06
20671,6.218410474788076e-06
20672,1.1814979902097345e-05
20673,3.109205237394038e-06
20674,3.109205237394038e-06
20675,3.109205237394038e-06
20676,3.109205237394038e-06
20677,3.109205237394038e-06
20678,8.705774664703308e-06
20679,2.4873641899152306e-06
20680,3.109205237394038e-06
20681,4.352887332351654e-06
20682,3.731046284872846e-06
20683,3.109205237394038e-06
20684,3.731046284872846e-06
20685,3.731046284872846e-06
20686,3.109205237394038e-06
20687,3.109205237394038e-06
20688,3.109205237394038e-06
20689,3.731046284872846e-06
20690,3.109205237394038e-06
20691,8.705774664703308e-06
20692,4.352887332351654e-06
20693,4.974728379830461e-06
20694,3.731046284872846e-06
20695,4.352887332351654e-06
20696,4.352887332351654e-06
20697,3.731046284872846e-06
20698,6.8402515222668845e-06
20699,3.731046284872846e-06
20700,3.109205237394038e-06
20701,3.109205237394038e-06
20702,3.731046284872846e-06
20703,4.352887332351654e-06
20704,3.109205237394038e-06
20705,3.731046284872846e-06
20706,3.731046284872846e-06
20707,6.218410474788076e-06
20708,3.109205237394038e-06
20709,4.352887332351654e-06
20710,3.109205237394038e-06
20711,3.109205237394038e-06
20712,3.109205237394038e-06
20713,4.974728379830461e-06
20714,6.218410474788076e-06
20715,3.731046284872846e-06
20716,6.218410474788076e-06
20717,6.218410474788076e-06
20718,6.218410474788076e-06
20719,3.731046284872846e-06
20720,3.109205237394038e-06
20721,5.596569427309269e-06
20722,1.865523142436423e-06
20723,1.865523142436423e-06
20724,3.109205237394038e-06
20725,4.352887332351654e-06
20726,5.596569427309269e-06
20727,3.109205237394038e-06
20728,5.596569427309269e-06
20729,6.218410474788076e-06
20730,3.731046284872846e-06
20731,3.109205237394038e-06
20732,3.731046284872846e-06
20733,6.8402515222668845e-06
20734,3.109205237394038e-06
20735,5.596569427309269e-06
20736,3.109205237394038e-06
20737,3.109205237394038e-06
20738,3.731046284872846e-06
20739,3.109205237394038e-06
20740,4.352887332351654e-06
20741,3.731046284872846e-06
20742,3.731046284872846e-06
20743,3.109205237394038e-06
20744,3.731046284872846e-06
20745,4.974728379830461e-06
20746,3.109205237394038e-06
20747,2.4873641899152306e-06
20748,3.109205237394038e-06
20749,1.865523142436423e-06
20750,4.974728379830461e-06
20751,3.109205237394038e-06
20752,3.109205237394038e-06
20753,3.731046284872846e-06
20754,3.109205237394038e-06
20755,3.109205237394038e-06
20756,3.731046284872846e-06
20757,3.731046284872846e-06
20758,3.109205237394038e-06
20759,3.731046284872846e-06
20760,3.731046284872846e-06
20761,4.352887332351654e-06
20762,2.4873641899152306e-06
20763,2.4873641899152306e-06
20764,7.462092569745692e-06
20765,2.4873641899152306e-06
20766,2.4873641899152306e-06
20767,6.218410474788077e-07
20768,4.974728379830461e-06
20769,3.109205237394038e-06
20770,1.865523142436423e-06
20771,2.4873641899152306e-06
20772,8.705774664703308e-06
20773,3.109205237394038e-06
20774,3.109205237394038e-06
20775,3.109205237394038e-06
20776,3.731046284872846e-06
20777,3.109205237394038e-06
20778,3.109205237394038e-06
20779,3.109205237394038e-06
20780,1.865523142436423e-06
20781,3.731046284872846e-06
20782,1.2436820949576153e-06
20783,3.109205237394038e-06
20784,1.1193138854618537e-05
20785,4.974728379830461e-06
20786,3.731046284872846e-06
20787,3.731046284872846e-06
20788,3.731046284872846e-06
20789,3.109205237394038e-06
20790,3.731046284872846e-06
20791,7.462092569745692e-06
20792,6.8402515222668845e-06
20793,3.109205237394038e-06
20794,8.0839336172245e-06
20795,3.731046284872846e-06
20796,6.8402515222668845e-06
20797,3.109205237394038e-06
20798,3.109205237394038e-06
20799,3.109205237394038e-06
20800,4.352887332351654e-06
20801,4.974728379830461e-06
20802,6.218410474788076e-06
20803,3.731046284872846e-06
20804,4.352887332351654e-06
20805,3.731046284872846e-06
20806,3.109205237394038e-06
20807,3.109205237394038e-06
20808,4.974728379830461e-06
20809,3.109205237394038e-06
20810,5.596569427309269e-06
20811,3.109205237394038e-06
20812,5.596569427309269e-06
20813,3.109205237394038e-06
20814,6.8402515222668845e-06
20815,3.731046284872846e-06
20816,3.109205237394038e-06
20817,4.974728379830461e-06
20818,4.974728379830461e-06
20819,3.109205237394038e-06
20820,2.4873641899152306e-06
20821,3.731046284872846e-06
20822,3.109205237394038e-06
20823,4.352887332351654e-06
20824,3.109205237394038e-06
20825,4.974728379830461e-06
20826,3.731046284872846e-06
20827,2.4873641899152306e-06
20828,3.731046284872846e-06
20829,4.352887332351654e-06
20830,3.731046284872846e-06
20831,3.109205237394038e-06
20832,3.731046284872846e-06
20833,2.4873641899152306e-06
20834,5.596569427309269e-06
20835,3.109205237394038e-06
20836,4.352887332351654e-06
20837,6.218410474788076e-06
20838,3.731046284872846e-06
20839,4.352887332351654e-06
20840,3.109205237394038e-06
20841,3.109205237394038e-06
20842,1.2436820949576153e-06
20843,3.109205237394038e-06
20844,3.109205237394038e-06
20845,4.974728379830461e-06
20846,3.109205237394038e-06
20847,4.352887332351654e-06
20848,3.731046284872846e-06
20849,3.731046284872846e-06
20850,3.731046284872846e-06
20851,3.109205237394038e-06
20852,2.4873641899152306e-06
20853,3.109205237394038e-06
20854,2.4873641899152306e-06
20855,3.731046284872846e-06
20856,3.109205237394038e-06
20857,3.109205237394038e-06
20858,3.109205237394038e-06
20859,3.109205237394038e-06
20860,2.4873641899152306e-06
20861,3.731046284872846e-06
20862,3.109205237394038e-06
20863,3.731046284872846e-06
20864,3.731046284872846e-06
20865,4.974728379830461e-06
20866,3.109205237394038e-06
20867,2.4873641899152306e-06
20868,3.109205237394038e-06
20869,3.731046284872846e-06
20870,4.352887332351654e-06
20871,3.109205237394038e-06
20872,4.352887332351654e-06
20873,4.974728379830461e-06
20874,3.109205237394038e-06
20875,4.974728379830461e-06
20876,3.109205237394038e-06
20877,3.109205237394038e-06
20878,3.731046284872846e-06
20879,3.109205237394038e-06
20880,4.974728379830461e-06
20881,4.352887332351654e-06
20882,5.596569427309269e-06
20883,5.596569427309269e-06
20884,6.8402515222668845e-06
20885,3.731046284872846e-06
20886,3.109205237394038e-06
20887,2.4873641899152306e-06
20888,3.109205237394038e-06
20889,3.109205237394038e-06
20890,3.731046284872846e-06
20891,3.109205237394038e-06
20892,3.109205237394038e-06
20893,3.731046284872846e-06
20894,3.109205237394038e-06
20895,3.731046284872846e-06
20896,3.109205237394038e-06
20897,3.109205237394038e-06
20898,2.4873641899152306e-06
20899,4.352887332351654e-06
20900,3.109205237394038e-06
20901,3.109205237394038e-06
20902,4.974728379830461e-06
20903,2.4873641899152306e-06
20904,2.4873641899152306e-06
20905,3.731046284872846e-06
20906,3.731046284872846e-06
20907,3.731046284872846e-06
20908,4.974728379830461e-06
20909,3.109205237394038e-06
20910,3.731046284872846e-06
20911,3.109205237394038e-06
20912,3.109205237394038e-06
20913,2.4873641899152306e-06
20914,3.731046284872846e-06
20915,3.731046284872846e-06
20916,3.731046284872846e-06
20917,3.109205237394038e-06
20918,3.731046284872846e-06
20919,9.949456759660923e-06
20920,3.731046284872846e-06
20921,2.4873641899152306e-06
20922,4.352887332351654e-06
20923,3.731046284872846e-06
20924,3.109205237394038e-06
20925,5.596569427309269e-06
20926,5.596569427309269e-06
20927,3.109205237394038e-06
20928,3.109205237394038e-06
20929,1.2436820949576153e-06
20930,3.731046284872846e-06
20931,3.731046284872846e-06
20932,3.109205237394038e-06
20933,4.352887332351654e-06
20934,3.109205237394038e-06
20935,3.731046284872846e-06
20936,3.109205237394038e-06
20937,4.352887332351654e-06
20938,3.731046284872846e-06
20939,6.218410474788076e-06
20940,3.731046284872846e-06
20941,3.109205237394038e-06
20942,2.4873641899152306e-06
20943,3.109205237394038e-06
20944,4.352887332351654e-06
20945,2.4873641899152306e-06
20946,1.865523142436423e-06
20947,3.109205237394038e-06
20948,3.109205237394038e-06
20949,4.974728379830461e-06
20950,3.109205237394038e-06
20951,3.731046284872846e-06
20952,3.109205237394038e-06
20953,4.974728379830461e-06
20954,4.352887332351654e-06
20955,3.731046284872846e-06
20956,4.352887332351654e-06
20957,3.731046284872846e-06
20958,3.109205237394038e-06
20959,3.109205237394038e-06
20960,3.109205237394038e-06
20961,4.352887332351654e-06
20962,4.352887332351654e-06
20963,6.8402515222668845e-06
20964,3.109205237394038e-06
20965,3.731046284872846e-06
20966,3.109205237394038e-06
20967,4.352887332351654e-06
20968,4.352887332351654e-06
20969,3.109205237394038e-06
20970,2.4873641899152306e-06
20971,3.731046284872846e-06
20972,3.109205237394038e-06
20973,3.109205237394038e-06
20974,3.109205237394038e-06
20975,3.109205237394038e-06
20976,4.974728379830461e-06
20977,3.109205237394038e-06
20978,4.352887332351654e-06
20979,7.462092569745692e-06
20980,3.731046284872846e-06
20981,3.109205237394038e-06
20982,3.109205237394038e-06
20983,3.109205237394038e-06
20984,2.4873641899152306e-06
20985,3.109205237394038e-06
20986,3.109205237394038e-06
20987,3.731046284872846e-06
20988,3.109205237394038e-06
20989,3.731046284872846e-06
20990,3.109205237394038e-06
20991,3.109205237394038e-06
20992,3.109205237394038e-06
20993,3.109205237394038e-06
20994,2.4873641899152306e-06
20995,3.109205237394038e-06
20996,4.352887332351654e-06
20997,4.352887332351654e-06
20998,3.109205237394038e-06
20999,4.352887332351654e-06
21000,2.4873641899152306e-06
21001,3.109205237394038e-06
21002,3.109205237394038e-06
21003,3.731046284872846e-06
21004,3.109205237394038e-06
21005,1.2436820949576153e-06
21006,3.731046284872846e-06
21007,3.109205237394038e-06
21008,3.109205237394038e-06
21009,3.109205237394038e-06
21010,3.731046284872846e-06
21011,5.596569427309269e-06
21012,3.109205237394038e-06
21013,3.109205237394038e-06
21014,3.109205237394038e-06
21015,4.352887332351654e-06
21016,2.4873641899152306e-06
21017,3.731046284872846e-06
21018,4.352887332351654e-06
21019,3.109205237394038e-06
21020,1.865523142436423e-06
21021,2.4873641899152306e-06
21022,3.109205237394038e-06
21023,3.731046284872846e-06
21024,3.109205237394038e-06
21025,3.109205237394038e-06
21026,4.352887332351654e-06
21027,3.731046284872846e-06
21028,3.109205237394038e-06
21029,3.109205237394038e-06
21030,3.109205237394038e-06
21031,3.109205237394038e-06
21032,4.974728379830461e-06
21033,3.109205237394038e-06
21034,3.731046284872846e-06
21035,3.109205237394038e-06
21036,2.4873641899152306e-06
21037,2.4873641899152306e-06
21038,3.109205237394038e-06
21039,3.109205237394038e-06
21040,3.109205237394038e-06
21041,3.109205237394038e-06
21042,3.731046284872846e-06
21043,5.596569427309269e-06
21044,4.352887332351654e-06
21045,3.731046284872846e-06
21046,4.352887332351654e-06
21047,3.109205237394038e-06
21048,3.109205237394038e-06
21049,3.109205237394038e-06
21050,3.109205237394038e-06
21051,3.731046284872846e-06
21052,3.109205237394038e-06
21053,4.352887332351654e-06
21054,4.974728379830461e-06
21055,4.352887332351654e-06
21056,3.731046284872846e-06
21057,3.731046284872846e-06
21058,4.352887332351654e-06
21059,3.731046284872846e-06
21060,3.109205237394038e-06
21061,3.109205237394038e-06
21062,2.4873641899152306e-06
21063,3.109205237394038e-06
21064,7.462092569745692e-06
21065,3.109205237394038e-06
21066,2.4873641899152306e-06
21067,1.865523142436423e-06
21068,3.731046284872846e-06
21069,3.109205237394038e-06
21070,3.731046284872846e-06
21071,1.865523142436423e-06
21072,3.731046284872846e-06
21073,4.352887332351654e-06
21074,3.731046284872846e-06
21075,3.109205237394038e-06
21076,3.109205237394038e-06
21077,3.109205237394038e-06
21078,3.109205237394038e-06
21079,6.218410474788076e-06
21080,7.462092569745692e-06
21081,7.462092569745692e-06
21082,3.109205237394038e-06
21083,2.4873641899152306e-06
21084,3.109205237394038e-06
21085,3.731046284872846e-06
21086,1.2436820949576153e-06
21087,3.109205237394038e-06
21088,3.109205237394038e-06
21089,3.109205237394038e-06
21090,7.462092569745692e-06
21091,3.731046284872846e-06
21092,7.462092569745692e-06
21093,4.352887332351654e-06
21094,4.974728379830461e-06
21095,3.109205237394038e-06
21096,3.109205237394038e-06
21097,3.109205237394038e-06
21098,3.109205237394038e-06
21099,4.352887332351654e-06
21100,3.109205237394038e-06
21101,3.109205237394038e-06
21102,3.109205237394038e-06
21103,4.352887332351654e-06
21104,3.109205237394038e-06
21105,3.109205237394038e-06
21106,2.4873641899152306e-06
21107,3.109205237394038e-06
21108,3.109205237394038e-06
21109,1.865523142436423e-06
21110,3.109205237394038e-06
21111,1.865523142436423e-06
21112,3.731046284872846e-06
21113,3.731046284872846e-06
21114,4.974728379830461e-06
21115,3.731046284872846e-06
21116,3.109205237394038e-06
21117,4.352887332351654e-06
21118,6.218410474788076e-06
21119,2.4873641899152306e-06
21120,4.352887332351654e-06
21121,2.4873641899152306e-06
21122,3.109205237394038e-06
21123,3.731046284872846e-06
21124,3.109205237394038e-06
21125,3.731046284872846e-06
21126,3.109205237394038e-06
21127,3.731046284872846e-06
21128,4.974728379830461e-06
21129,3.731046284872846e-06
21130,3.731046284872846e-06
21131,3.109205237394038e-06
21132,3.731046284872846e-06
21133,3.109205237394038e-06
21134,3.109205237394038e-06
21135,3.731046284872846e-06
21136,6.8402515222668845e-06
21137,2.4873641899152306e-06
21138,3.109205237394038e-06
21139,4.974728379830461e-06
21140,3.731046284872846e-06
21141,4.974728379830461e-06
21142,3.109205237394038e-06
21143,3.109205237394038e-06
21144,3.109205237394038e-06
21145,3.731046284872846e-06
21146,4.352887332351654e-06
21147,2.4873641899152306e-06
21148,2.4873641899152306e-06
21149,3.109205237394038e-06
21150,3.109205237394038e-06
21151,3.109205237394038e-06
21152,3.109205237394038e-06
21153,3.109205237394038e-06
21154,1.2436820949576152e-05
21155,3.109205237394038e-06
21156,3.731046284872846e-06
21157,3.731046284872846e-06
21158,3.109205237394038e-06
21159,3.731046284872846e-06
21160,2.4873641899152306e-06
21161,3.731046284872846e-06
21162,2.4873641899152306e-06
21163,3.109205237394038e-06
21164,3.109205237394038e-06
21165,1.2436820949576153e-06
21166,3.109205237394038e-06
21167,3.109205237394038e-06
21168,3.109205237394038e-06
21169,3.109205237394038e-06
21170,7.462092569745692e-06
21171,3.731046284872846e-06
21172,3.109205237394038e-06
21173,2.4873641899152306e-06
21174,8.0839336172245e-06
21175,3.109205237394038e-06
21176,3.109205237394038e-06
21177,4.352887332351654e-06
21178,3.109205237394038e-06
21179,5.596569427309269e-06
21180,4.974728379830461e-06
21181,3.109205237394038e-06
21182,4.352887332351654e-06
21183,3.731046284872846e-06
21184,3.109205237394038e-06
21185,4.352887332351654e-06
21186,1.865523142436423e-06
21187,1.865523142436423e-06
21188,3.731046284872846e-06
21189,3.109205237394038e-06
21190,3.731046284872846e-06
21191,3.731046284872846e-06
21192,3.731046284872846e-06
21193,3.109205237394038e-06
21194,3.109205237394038e-06
21195,3.109205237394038e-06
21196,3.731046284872846e-06
21197,3.109205237394038e-06
21198,3.109205237394038e-06
21199,3.731046284872846e-06
21200,3.731046284872846e-06
21201,3.109205237394038e-06
21202,4.352887332351654e-06
21203,3.731046284872846e-06
21204,3.109205237394038e-06
21205,1.865523142436423e-05
21206,3.731046284872846e-06
21207,2.4873641899152306e-06
21208,4.974728379830461e-06
21209,5.596569427309269e-06
21210,3.731046284872846e-06
21211,2.4873641899152306e-06
21212,3.109205237394038e-06
21213,3.731046284872846e-06
21214,3.109205237394038e-06
21215,3.109205237394038e-06
21216,4.352887332351654e-06
21217,4.352887332351654e-06
21218,3.731046284872846e-06
21219,3.109205237394038e-06
21220,3.731046284872846e-06
21221,3.731046284872846e-06
21222,3.731046284872846e-06
21223,3.109205237394038e-06
21224,6.218410474788076e-06
21225,3.731046284872846e-06
21226,4.974728379830461e-06
21227,4.352887332351654e-06
21228,3.109205237394038e-06
21229,3.109205237394038e-06
21230,3.731046284872846e-06
21231,6.8402515222668845e-06
21232,6.218410474788076e-06
21233,1.865523142436423e-06
21234,6.218410474788076e-06
21235,6.218410474788076e-06
21236,4.974728379830461e-06
21237,3.109205237394038e-06
21238,4.974728379830461e-06
21239,4.352887332351654e-06
21240,3.731046284872846e-06
21241,1.865523142436423e-06
21242,4.974728379830461e-06
21243,3.731046284872846e-06
21244,3.731046284872846e-06
21245,4.352887332351654e-06
21246,3.109205237394038e-06
21247,3.109205237394038e-06
21248,6.218410474788077e-07
21249,3.109205237394038e-06
21250,3.109205237394038e-06
21251,3.109205237394038e-06
21252,2.4873641899152306e-06
21253,3.109205237394038e-06
21254,5.596569427309269e-06
21255,3.109205237394038e-06
21256,4.974728379830461e-06
21257,3.109205237394038e-06
21258,2.4873641899152306e-06
21259,1.2436820949576153e-06
21260,3.109205237394038e-06
21261,5.596569427309269e-06
21262,4.352887332351654e-06
21263,2.4873641899152306e-06
21264,3.109205237394038e-06
21265,4.352887332351654e-06
21266,4.974728379830461e-06
21267,3.109205237394038e-06
21268,3.731046284872846e-06
21269,2.4873641899152306e-06
21270,3.109205237394038e-06
21271,7.462092569745692e-06
21272,7.462092569745692e-06
21273,7.462092569745692e-06
21274,7.462092569745692e-06
21275,7.462092569745692e-06
21276,4.974728379830461e-06
21277,4.352887332351654e-06
21278,3.731046284872846e-06
21279,4.352887332351654e-06
21280,8.0839336172245e-06
21281,3.109205237394038e-06
21282,4.352887332351654e-06
21283,3.109205237394038e-06
21284,3.731046284872846e-06
21285,3.109205237394038e-06
21286,2.4873641899152306e-06
21287,2.4873641899152306e-06
21288,3.109205237394038e-06
21289,3.109205237394038e-06
