Sample,word_ID_full,topic,p
1016,1,159-4-4-2-1,1.55460261869702e-05_1.55460261869702e-05_1.55460261869702e-05_1.55460261869702e-05_1.55460261869702e-05
1016,2,147-11-4-2-1,3.10920523739404e-06_3.10920523739404e-06_3.10920523739404e-06_3.10920523739404e-06_3.10920523739404e-06
1016,3,142-42-12-1-1,6.21841047478808e-06_6.21841047478808e-06_6.21841047478808e-06_6.21841047478808e-06_6.21841047478808e-06
1016,4,8-7-4-2-1,3.10920523739404e-06_3.10920523739404e-06_3.10920523739404e-06_3.10920523739404e-06_3.10920523739404e-06
1016,5,235-34-11-1-1,8.0839336172245e-06_8.0839336172245e-06_8.0839336172245e-06_8.0839336172245e-06_8.0839336172245e-06
1016,6,1-1-1-1-1,4.35288733235165e-06_4.35288733235165e-06_4.35288733235165e-06_4.35288733235165e-06_4.35288733235165e-06
1016,7,75-1-1-1-1,3.10920523739404e-06_3.10920523739404e-06_3.10920523739404e-06_3.10920523739404e-06_3.10920523739404e-06
1016,8,75-1-1-1-1,4.35288733235165e-06_4.35288733235165e-06_4.35288733235165e-06_4.35288733235165e-06_4.35288733235165e-06
1016,9,8-7-4-2-1,9.94945675966092e-06_9.94945675966092e-06_9.94945675966092e-06_9.94945675966092e-06_9.94945675966092e-06
1016,10,98-27-8-1-1,3.73104628487285e-06_3.73104628487285e-06_3.73104628487285e-06_3.73104628487285e-06_3.73104628487285e-06
1016,11,235-34-11-1-1,3.10920523739404e-06_3.10920523739404e-06_3.10920523739404e-06_3.10920523739404e-06_3.10920523739404e-06
1016,12,109-28-5-1-1,5.59656942730927e-06_5.59656942730927e-06_5.59656942730927e-06_5.59656942730927e-06_5.59656942730927e-06
1016,13,185-41-9-2-1,3.10920523739404e-06_3.10920523739404e-06_3.10920523739404e-06_3.10920523739404e-06_3.10920523739404e-06
1016,14,75-1-1-1-1,5.59656942730927e-06_5.59656942730927e-06_5.59656942730927e-06_5.59656942730927e-06_5.59656942730927e-06
1016,15,161-36-10-1-1,1.6167867234449e-05_1.6167867234449e-05_1.6167867234449e-05_1.6167867234449e-05_1.6167867234449e-05
1016,16,75-1-1-1-1,3.10920523739404e-06_3.10920523739404e-06_3.10920523739404e-06_3.10920523739404e-06_3.10920523739404e-06
1016,17,221-35-4-2-1,3.10920523739404e-06_3.10920523739404e-06_3.10920523739404e-06_3.10920523739404e-06_3.10920523739404e-06
1016,18,132-42-12-1-1,3.73104628487285e-06_3.73104628487285e-06_3.73104628487285e-06_3.73104628487285e-06_3.73104628487285e-06
1016,19,147-11-4-2-1,3.73104628487285e-06_3.73104628487285e-06_3.73104628487285e-06_3.73104628487285e-06_3.73104628487285e-06
1016,20,194-31-9-2-1,6.21841047478808e-06_6.21841047478808e-06_6.21841047478808e-06_6.21841047478808e-06_6.21841047478808e-06
1016,21,161-36-10-1-1,2.42518008516735e-05_2.42518008516735e-05_2.42518008516735e-05_2.42518008516735e-05_2.42518008516735e-05
1016,22,65-1-1-1-1,1.74115493294066e-05_1.74115493294066e-05_1.74115493294066e-05_1.74115493294066e-05_1.74115493294066e-05
1016,23,67-2-2-2-1,1.36805030445338e-05_1.36805030445338e-05_1.36805030445338e-05_1.36805030445338e-05_1.36805030445338e-05
1016,24,98-27-8-1-1,3.73104628487285e-06_3.73104628487285e-06_3.73104628487285e-06_3.73104628487285e-06_3.73104628487285e-06
1016,25,161-36-10-1-1,2.05207545668007e-05_2.05207545668007e-05_2.05207545668007e-05_2.05207545668007e-05_2.05207545668007e-05
1016,26,235-34-11-1-1,3.10920523739404e-06_3.10920523739404e-06_3.10920523739404e-06_3.10920523739404e-06_3.10920523739404e-06
1016,27,161-36-10-1-1,3.10920523739404e-06_3.10920523739404e-06_3.10920523739404e-06_3.10920523739404e-06_3.10920523739404e-06
1016,28,161-36-10-1-1,3.10920523739404e-06_3.10920523739404e-06_3.10920523739404e-06_3.10920523739404e-06_3.10920523739404e-06
1016,29,123-41-9-2-1,3.10920523739404e-06_3.10920523739404e-06_3.10920523739404e-06_3.10920523739404e-06_3.10920523739404e-06
1016,30,8-7-4-2-1,2.48736418991523e-06_2.48736418991523e-06_2.48736418991523e-06_2.48736418991523e-06_2.48736418991523e-06
1016,31,47-22-8-1-1,2.48736418991523e-06_2.48736418991523e-06_2.48736418991523e-06_2.48736418991523e-06_2.48736418991523e-06
1016,32,8-7-4-2-1,7.46209256974569e-06_7.46209256974569e-06_7.46209256974569e-06_7.46209256974569e-06_7.46209256974569e-06
1016,33,98-27-8-1-1,4.35288733235165e-06_4.35288733235165e-06_4.35288733235165e-06_4.35288733235165e-06_4.35288733235165e-06
1016,34,152-32-10-1-1,5.59656942730927e-06_5.59656942730927e-06_5.59656942730927e-06_5.59656942730927e-06_5.59656942730927e-06
1016,35,67-2-2-2-1,1.6167867234449e-05_1.6167867234449e-05_1.6167867234449e-05_1.6167867234449e-05_1.6167867234449e-05
1016,37,161-36-10-1-1,6.21841047478808e-06_6.21841047478808e-06_6.21841047478808e-06_6.21841047478808e-06_6.21841047478808e-06
1016,38,161-36-10-1-1,4.16633501810801e-05_4.16633501810801e-05_4.16633501810801e-05_4.16633501810801e-05_4.16633501810801e-05
1016,39,185-41-9-2-1,5.59656942730927e-06_5.59656942730927e-06_5.59656942730927e-06_5.59656942730927e-06_5.59656942730927e-06
1016,40,161-36-10-1-1,9.32761571218212e-06_9.32761571218212e-06_9.32761571218212e-06_9.32761571218212e-06_9.32761571218212e-06
1016,41,132-42-12-1-1,3.73104628487285e-06_3.73104628487285e-06_3.73104628487285e-06_3.73104628487285e-06_3.73104628487285e-06
1016,42,161-36-10-1-1,2.17644366617583e-05_2.17644366617583e-05_2.17644366617583e-05_2.17644366617583e-05_2.17644366617583e-05
1016,43,161-36-10-1-1,1.67897082819278e-05_1.67897082819278e-05_1.67897082819278e-05_1.67897082819278e-05_1.67897082819278e-05
1016,44,8-7-4-2-1,3.10920523739404e-06_3.10920523739404e-06_3.10920523739404e-06_3.10920523739404e-06_3.10920523739404e-06
1016,45,1-1-1-1-1,0.000182199426911291_0.000182199426911291_0.000182199426911291_0.000182199426911291_0.000182199426911291
1016,47,153-18-4-2-1,4.97472837983046e-06_4.97472837983046e-06_4.97472837983046e-06_4.97472837983046e-06_4.97472837983046e-06
1016,48,185-41-9-2-1,4.35288733235165e-06_4.35288733235165e-06_4.35288733235165e-06_4.35288733235165e-06_4.35288733235165e-06
1016,49,18-12-8-1-1,8.0839336172245e-06_8.0839336172245e-06_8.0839336172245e-06_8.0839336172245e-06_8.0839336172245e-06
1016,51,27-8-3-1-1,0.000138670553587774_0.000138670553587774_0.000138670553587774_0.000138670553587774_0.000138670553587774
1016,52,175-20-9-2-1,4.29070322760377e-05_4.29070322760377e-05_4.29070322760377e-05_4.29070322760377e-05_4.29070322760377e-05
1016,53,142-42-12-1-1,3.10920523739404e-06_3.10920523739404e-06_3.10920523739404e-06_3.10920523739404e-06_3.10920523739404e-06
1016,54,132-42-12-1-1,3.73104628487285e-06_3.73104628487285e-06_3.73104628487285e-06_3.73104628487285e-06_3.73104628487285e-06
1016,55,172-40-4-2-1,3.10920523739404e-06_3.10920523739404e-06_3.10920523739404e-06_3.10920523739404e-06_3.10920523739404e-06
1016,56,174-15-9-2-1,4.47725554184741e-05_4.47725554184741e-05_4.47725554184741e-05_4.47725554184741e-05_4.47725554184741e-05
1016,57,174-15-9-2-1,6.09404226529231e-05_6.09404226529231e-05_6.09404226529231e-05_6.09404226529231e-05_6.09404226529231e-05
1016,58,172-40-4-2-1,2.48736418991523e-06_2.48736418991523e-06_2.48736418991523e-06_2.48736418991523e-06_2.48736418991523e-06
1016,59,81-9-7-1-1,7.52427667449357e-05_7.52427667449357e-05_7.52427667449357e-05_7.52427667449357e-05_7.52427667449357e-05
1016,60,66-29-2-2-1,6.21841047478808e-05_6.21841047478808e-05_6.21841047478808e-05_6.21841047478808e-05_6.21841047478808e-05
1016,61,235-34-11-1-1,3.10920523739404e-05_3.10920523739404e-05_3.10920523739404e-05_3.10920523739404e-05_3.10920523739404e-05
1016,62,134-29-2-2-1,0.000100116408644088_0.000100116408644088_0.000100116408644088_0.000100116408644088_0.000100116408644088
1016,63,134-29-2-2-1,4.72599196083894e-05_4.72599196083894e-05_4.72599196083894e-05_4.72599196083894e-05_4.72599196083894e-05
1016,64,172-40-4-2-1,3.73104628487285e-06_3.73104628487285e-06_3.73104628487285e-06_3.73104628487285e-06_3.73104628487285e-06
1016,65,134-29-2-2-1,5.78312174155291e-05_5.78312174155291e-05_5.78312174155291e-05_5.78312174155291e-05_5.78312174155291e-05
1016,66,160-30-1-1-1,3.10920523739404e-06_3.10920523739404e-06_3.10920523739404e-06_3.10920523739404e-06_3.10920523739404e-06
1016,67,134-29-2-2-1,5.22346479882198e-05_5.22346479882198e-05_5.22346479882198e-05_5.22346479882198e-05_5.22346479882198e-05
1016,68,134-29-2-2-1,7.02680383651053e-05_7.02680383651053e-05_7.02680383651053e-05_7.02680383651053e-05_7.02680383651053e-05
1016,69,134-29-2-2-1,5.41001711306563e-05_5.41001711306563e-05_5.41001711306563e-05_5.41001711306563e-05_5.41001711306563e-05
1016,70,235-34-11-1-1,2.36299598041947e-05_2.36299598041947e-05_2.36299598041947e-05_2.36299598041947e-05_2.36299598041947e-05
1016,71,134-29-2-2-1,7.08898794125841e-05_7.08898794125841e-05_7.08898794125841e-05_7.08898794125841e-05_7.08898794125841e-05
1016,72,3-3-3-1-1,0.00220629203645481_0.00220629203645481_0.00220629203645481_0.00220629203645481_0.00220629203645481
1016,73,209-35-4-2-1,2.05207545668007e-05_2.05207545668007e-05_2.05207545668007e-05_2.05207545668007e-05_2.05207545668007e-05
1016,74,185-41-9-2-1,2.48736418991523e-06_2.48736418991523e-06_2.48736418991523e-06_2.48736418991523e-06_2.48736418991523e-06
1016,75,185-41-9-2-1,3.10920523739404e-06_3.10920523739404e-06_3.10920523739404e-06_3.10920523739404e-06_3.10920523739404e-06
1016,76,129-21-4-2-1,1.49241851394914e-05_1.49241851394914e-05_1.49241851394914e-05_1.49241851394914e-05_1.49241851394914e-05
1016,77,129-21-4-2-1,3.73104628487285e-06_3.73104628487285e-06_3.73104628487285e-06_3.73104628487285e-06_3.73104628487285e-06
1016,78,172-40-4-2-1,3.10920523739404e-06_3.10920523739404e-06_3.10920523739404e-06_3.10920523739404e-06_3.10920523739404e-06
1016,79,114-40-4-2-1,4.35288733235165e-06_4.35288733235165e-06_4.35288733235165e-06_4.35288733235165e-06_4.35288733235165e-06
1016,80,199-19-9-2-1,3.73104628487285e-06_3.73104628487285e-06_3.73104628487285e-06_3.73104628487285e-06_3.73104628487285e-06
1016,81,4-4-4-2-1,7.46209256974569e-06_7.46209256974569e-06_7.46209256974569e-06_7.46209256974569e-06_7.46209256974569e-06
1016,82,199-19-9-2-1,5.59656942730927e-06_5.59656942730927e-06_5.59656942730927e-06_5.59656942730927e-06_5.59656942730927e-06
1016,83,55-22-8-1-1,3.10920523739404e-06_3.10920523739404e-06_3.10920523739404e-06_3.10920523739404e-06_3.10920523739404e-06
1016,84,203-11-4-2-1,3.73104628487285e-06_3.73104628487285e-06_3.73104628487285e-06_3.73104628487285e-06_3.73104628487285e-06
1016,85,66-29-2-2-1,3.10920523739404e-06_3.10920523739404e-06_3.10920523739404e-06_3.10920523739404e-06_3.10920523739404e-06
1016,86,42-13-6-2-1,8.27048593146814e-05_8.27048593146814e-05_8.27048593146814e-05_8.27048593146814e-05_8.27048593146814e-05
1016,87,74-31-9-2-1,1.11931388546185e-05_1.11931388546185e-05_1.11931388546185e-05_1.11931388546185e-05_1.11931388546185e-05
1016,88,196-14-4-2-1,6.84025152226688e-06_6.84025152226688e-06_6.84025152226688e-06_6.84025152226688e-06_6.84025152226688e-06
1016,90,168-2-2-2-1,2.23862777092371e-05_2.23862777092371e-05_2.23862777092371e-05_2.23862777092371e-05_2.23862777092371e-05
1016,91,122-16-2-2-1,4.97472837983046e-06_4.97472837983046e-06_4.97472837983046e-06_4.97472837983046e-06_4.97472837983046e-06
1016,92,127-30-1-1-1,4.35288733235165e-06_4.35288733235165e-06_4.35288733235165e-06_4.35288733235165e-06_4.35288733235165e-06
1016,94,235-34-11-1-1,3.10920523739404e-06_3.10920523739404e-06_3.10920523739404e-06_3.10920523739404e-06_3.10920523739404e-06
1016,95,185-41-9-2-1,3.73104628487285e-06_3.73104628487285e-06_3.73104628487285e-06_3.73104628487285e-06_3.73104628487285e-06
1016,96,133-12-8-1-1,3.10920523739404e-06_3.10920523739404e-06_3.10920523739404e-06_3.10920523739404e-06_3.10920523739404e-06
1016,97,4-4-4-2-1,6.21841047478808e-06_6.21841047478808e-06_6.21841047478808e-06_6.21841047478808e-06_6.21841047478808e-06
1016,98,19-3-3-1-1,0.00139727683368488_0.00139727683368488_0.00139727683368488_0.00139727683368488_0.00139727683368488
1016,99,214-26-4-2-1,2.73610060890675e-05_2.73610060890675e-05_2.73610060890675e-05_2.73610060890675e-05_2.73610060890675e-05
1016,101,8-7-4-2-1,9.32761571218212e-06_9.32761571218212e-06_9.32761571218212e-06_9.32761571218212e-06_9.32761571218212e-06
1016,102,185-41-9-2-1,3.10920523739404e-06_3.10920523739404e-06_3.10920523739404e-06_3.10920523739404e-06_3.10920523739404e-06
1016,103,149-16-2-2-1,8.0839336172245e-06_8.0839336172245e-06_8.0839336172245e-06_8.0839336172245e-06_8.0839336172245e-06
1016,104,172-40-4-2-1,3.73104628487285e-06_3.73104628487285e-06_3.73104628487285e-06_3.73104628487285e-06_3.73104628487285e-06
1016,105,185-41-9-2-1,4.35288733235165e-06_4.35288733235165e-06_4.35288733235165e-06_4.35288733235165e-06_4.35288733235165e-06
1016,106,22-13-6-2-1,0.000523590161977156_0.000523590161977156_0.000523590161977156_0.000523590161977156_0.000523590161977156
1016,107,35-20-9-2-1,1.36805030445338e-05_1.36805030445338e-05_1.36805030445338e-05_1.36805030445338e-05_1.36805030445338e-05
1016,108,129-21-4-2-1,0.000125611891590719_0.000125611891590719_0.000125611891590719_0.000125611891590719_0.000125611891590719
1016,109,221-35-4-2-1,4.97472837983046e-06_4.97472837983046e-06_4.97472837983046e-06_4.97472837983046e-06_4.97472837983046e-06
1016,110,37-11-4-2-1,3.10920523739404e-06_3.10920523739404e-06_3.10920523739404e-06_3.10920523739404e-06_3.10920523739404e-06
1016,111,129-21-4-2-1,4.97472837983046e-06_4.97472837983046e-06_4.97472837983046e-06_4.97472837983046e-06_4.97472837983046e-06
1016,112,140-42-12-1-1,3.73104628487285e-06_3.73104628487285e-06_3.73104628487285e-06_3.73104628487285e-06_3.73104628487285e-06
1016,113,133-12-8-1-1,5.59656942730927e-06_5.59656942730927e-06_5.59656942730927e-06_5.59656942730927e-06_5.59656942730927e-06
1016,114,161-36-10-1-1,1.9277072471843e-05_1.9277072471843e-05_1.9277072471843e-05_1.9277072471843e-05_1.9277072471843e-05
1016,115,230-14-4-2-1,2.17644366617583e-05_2.17644366617583e-05_2.17644366617583e-05_2.17644366617583e-05_2.17644366617583e-05
1016,116,57-7-4-2-1,1.05712978071397e-05_1.05712978071397e-05_1.05712978071397e-05_1.05712978071397e-05_1.05712978071397e-05
1016,117,175-20-9-2-1,5.59656942730927e-06_5.59656942730927e-06_5.59656942730927e-06_5.59656942730927e-06_5.59656942730927e-06
1016,118,160-30-1-1-1,8.0839336172245e-06_8.0839336172245e-06_8.0839336172245e-06_8.0839336172245e-06_8.0839336172245e-06
1016,119,87-34-11-1-1,0.000444616348947347_0.000444616348947347_0.000444616348947347_0.000444616348947347_0.000444616348947347
1016,120,68-30-1-1-1,9.32761571218212e-06_9.32761571218212e-06_9.32761571218212e-06_9.32761571218212e-06_9.32761571218212e-06
1016,121,224-39-11-1-1,5.59656942730927e-06_5.59656942730927e-06_5.59656942730927e-06_5.59656942730927e-06_5.59656942730927e-06
1016,122,142-42-12-1-1,3.10920523739404e-06_3.10920523739404e-06_3.10920523739404e-06_3.10920523739404e-06_3.10920523739404e-06
1016,123,161-36-10-1-1,4.35288733235165e-06_4.35288733235165e-06_4.35288733235165e-06_4.35288733235165e-06_4.35288733235165e-06
1016,124,112-14-4-2-1,3.10920523739404e-06_3.10920523739404e-06_3.10920523739404e-06_3.10920523739404e-06_3.10920523739404e-06
1016,125,183-23-8-1-1,6.84025152226688e-06_6.84025152226688e-06_6.84025152226688e-06_6.84025152226688e-06_6.84025152226688e-06
1016,126,227-41-9-2-1,6.21841047478808e-06_6.21841047478808e-06_6.21841047478808e-06_6.21841047478808e-06_6.21841047478808e-06
1016,127,142-42-12-1-1,1.49241851394914e-05_1.49241851394914e-05_1.49241851394914e-05_1.49241851394914e-05_1.49241851394914e-05
1016,128,235-34-11-1-1,1.3058661997055e-05_1.3058661997055e-05_1.3058661997055e-05_1.3058661997055e-05_1.3058661997055e-05
1016,129,224-39-11-1-1,6.84025152226688e-06_6.84025152226688e-06_6.84025152226688e-06_6.84025152226688e-06_6.84025152226688e-06
1016,130,112-14-4-2-1,7.46209256974569e-06_7.46209256974569e-06_7.46209256974569e-06_7.46209256974569e-06_7.46209256974569e-06
1016,131,84-2-2-2-1,7.7730130934851e-05_7.7730130934851e-05_7.7730130934851e-05_7.7730130934851e-05_7.7730130934851e-05
1016,132,8-7-4-2-1,6.84025152226688e-06_6.84025152226688e-06_6.84025152226688e-06_6.84025152226688e-06_6.84025152226688e-06
1016,133,196-14-4-2-1,4.35288733235165e-06_4.35288733235165e-06_4.35288733235165e-06_4.35288733235165e-06_4.35288733235165e-06
1016,134,142-42-12-1-1,3.10920523739404e-06_3.10920523739404e-06_3.10920523739404e-06_3.10920523739404e-06_3.10920523739404e-06
1016,135,180-40-4-2-1,3.10920523739404e-06_3.10920523739404e-06_3.10920523739404e-06_3.10920523739404e-06_3.10920523739404e-06
1016,136,150-30-1-1-1,9.94945675966092e-06_9.94945675966092e-06_9.94945675966092e-06_9.94945675966092e-06_9.94945675966092e-06
1016,137,180-40-4-2-1,3.73104628487285e-06_3.73104628487285e-06_3.73104628487285e-06_3.73104628487285e-06_3.73104628487285e-06
1016,138,129-21-4-2-1,3.73104628487285e-05_3.73104628487285e-05_3.73104628487285e-05_3.73104628487285e-05_3.73104628487285e-05
1016,139,63-27-8-1-1,3.73104628487285e-06_3.73104628487285e-06_3.73104628487285e-06_3.73104628487285e-06_3.73104628487285e-06
1016,140,230-14-4-2-1,1.86552314243642e-05_1.86552314243642e-05_1.86552314243642e-05_1.86552314243642e-05_1.86552314243642e-05
1016,141,40-23-8-1-1,3.10920523739404e-06_3.10920523739404e-06_3.10920523739404e-06_3.10920523739404e-06_3.10920523739404e-06
1016,142,172-40-4-2-1,4.97472837983046e-06_4.97472837983046e-06_4.97472837983046e-06_4.97472837983046e-06_4.97472837983046e-06
1016,143,185-41-9-2-1,6.84025152226688e-06_6.84025152226688e-06_6.84025152226688e-06_6.84025152226688e-06_6.84025152226688e-06
1016,144,133-12-8-1-1,4.35288733235165e-06_4.35288733235165e-06_4.35288733235165e-06_4.35288733235165e-06_4.35288733235165e-06
1016,146,17-11-4-2-1,4.35288733235165e-06_4.35288733235165e-06_4.35288733235165e-06_4.35288733235165e-06_4.35288733235165e-06
1016,147,156-37-4-2-1,4.35288733235165e-06_4.35288733235165e-06_4.35288733235165e-06_4.35288733235165e-06_4.35288733235165e-06
1016,148,186-15-9-2-1,8.02174951247662e-05_8.02174951247662e-05_8.02174951247662e-05_8.02174951247662e-05_8.02174951247662e-05
1016,149,172-40-4-2-1,3.10920523739404e-06_3.10920523739404e-06_3.10920523739404e-06_3.10920523739404e-06_3.10920523739404e-06
1016,150,22-13-6-2-1,4.10415091336013e-05_4.10415091336013e-05_4.10415091336013e-05_4.10415091336013e-05_4.10415091336013e-05
1016,151,4-4-4-2-1,6.21841047478808e-06_6.21841047478808e-06_6.21841047478808e-06_6.21841047478808e-06_6.21841047478808e-06
1016,152,207-29-2-2-1,0.000444616348947347_0.000444616348947347_0.000444616348947347_0.000444616348947347_0.000444616348947347
1016,153,172-40-4-2-1,3.73104628487285e-06_3.73104628487285e-06_3.73104628487285e-06_3.73104628487285e-06_3.73104628487285e-06
1016,154,172-40-4-2-1,3.10920523739404e-06_3.10920523739404e-06_3.10920523739404e-06_3.10920523739404e-06_3.10920523739404e-06
1016,155,11-4-4-2-1,3.10920523739404e-06_3.10920523739404e-06_3.10920523739404e-06_3.10920523739404e-06_3.10920523739404e-06
1016,156,237-44-12-1-1,2.23862777092371e-05_2.23862777092371e-05_2.23862777092371e-05_2.23862777092371e-05_2.23862777092371e-05
1016,157,129-21-4-2-1,1.36805030445338e-05_1.36805030445338e-05_1.36805030445338e-05_1.36805030445338e-05_1.36805030445338e-05
1016,158,185-41-9-2-1,3.73104628487285e-06_3.73104628487285e-06_3.73104628487285e-06_3.73104628487285e-06_3.73104628487285e-06
1016,159,8-7-4-2-1,3.10920523739404e-06_3.10920523739404e-06_3.10920523739404e-06_3.10920523739404e-06_3.10920523739404e-06
1016,160,159-4-4-2-1,4.04196680861225e-05_4.04196680861225e-05_4.04196680861225e-05_4.04196680861225e-05_4.04196680861225e-05
1016,161,68-30-1-1-1,6.21841047478808e-06_6.21841047478808e-06_6.21841047478808e-06_6.21841047478808e-06_6.21841047478808e-06
1016,162,237-44-12-1-1,6.21841047478808e-06_6.21841047478808e-06_6.21841047478808e-06_6.21841047478808e-06_6.21841047478808e-06
1016,163,140-42-12-1-1,4.97472837983046e-06_4.97472837983046e-06_4.97472837983046e-06_4.97472837983046e-06_4.97472837983046e-06
1016,164,140-42-12-1-1,4.97472837983046e-06_4.97472837983046e-06_4.97472837983046e-06_4.97472837983046e-06_4.97472837983046e-06
1016,165,118-36-10-1-1,5.59656942730927e-06_5.59656942730927e-06_5.59656942730927e-06_5.59656942730927e-06_5.59656942730927e-06
1016,166,128-7-4-2-1,3.10920523739404e-06_3.10920523739404e-06_3.10920523739404e-06_3.10920523739404e-06_3.10920523739404e-06
1016,167,142-42-12-1-1,3.10920523739404e-06_3.10920523739404e-06_3.10920523739404e-06_3.10920523739404e-06_3.10920523739404e-06
1016,168,122-16-2-2-1,3.73104628487285e-06_3.73104628487285e-06_3.73104628487285e-06_3.73104628487285e-06_3.73104628487285e-06
1016,169,95-37-4-2-1,3.85541449436861e-05_3.85541449436861e-05_3.85541449436861e-05_3.85541449436861e-05_3.85541449436861e-05
1016,170,167-18-4-2-1,3.10920523739404e-06_3.10920523739404e-06_3.10920523739404e-06_3.10920523739404e-06_3.10920523739404e-06
1016,171,185-41-9-2-1,4.35288733235165e-06_4.35288733235165e-06_4.35288733235165e-06_4.35288733235165e-06_4.35288733235165e-06
1016,172,167-18-4-2-1,3.10920523739404e-06_3.10920523739404e-06_3.10920523739404e-06_3.10920523739404e-06_3.10920523739404e-06
1016,173,27-8-3-1-1,4.41507143709953e-05_4.41507143709953e-05_4.41507143709953e-05_4.41507143709953e-05_4.41507143709953e-05
1016,174,23-10-2-2-1,2.17644366617583e-05_2.17644366617583e-05_2.17644366617583e-05_2.17644366617583e-05_2.17644366617583e-05
1016,175,46-2-2-2-1,0.000646092848330481_0.000646092848330481_0.000646092848330481_0.000646092848330481_0.000646092848330481
1016,176,199-19-9-2-1,4.35288733235165e-06_4.35288733235165e-06_4.35288733235165e-06_4.35288733235165e-06_4.35288733235165e-06
1016,177,122-16-2-2-1,3.10920523739404e-06_3.10920523739404e-06_3.10920523739404e-06_3.10920523739404e-06_3.10920523739404e-06
1016,178,135-41-9-2-1,6.21841047478808e-05_6.21841047478808e-05_6.21841047478808e-05_6.21841047478808e-05_6.21841047478808e-05
1016,179,154-25-8-1-1,3.10920523739404e-05_3.10920523739404e-05_3.10920523739404e-05_3.10920523739404e-05_3.10920523739404e-05
1016,180,129-21-4-2-1,4.97472837983046e-06_4.97472837983046e-06_4.97472837983046e-06_4.97472837983046e-06_4.97472837983046e-06
1016,181,196-14-4-2-1,3.73104628487285e-06_3.73104628487285e-06_3.73104628487285e-06_3.73104628487285e-06_3.73104628487285e-06
1016,182,140-42-12-1-1,6.84025152226688e-06_6.84025152226688e-06_6.84025152226688e-06_6.84025152226688e-06_6.84025152226688e-06
1016,183,121-39-11-1-1,4.35288733235165e-06_4.35288733235165e-06_4.35288733235165e-06_4.35288733235165e-06_4.35288733235165e-06
1016,184,133-12-8-1-1,6.21841047478808e-06_6.21841047478808e-06_6.21841047478808e-06_6.21841047478808e-06_6.21841047478808e-06
1016,185,25-10-2-2-1,3.73104628487285e-06_3.73104628487285e-06_3.73104628487285e-06_3.73104628487285e-06_3.73104628487285e-06
1016,186,188-14-4-2-1,4.35288733235165e-06_4.35288733235165e-06_4.35288733235165e-06_4.35288733235165e-06_4.35288733235165e-06
1016,187,235-34-11-1-1,2.23862777092371e-05_2.23862777092371e-05_2.23862777092371e-05_2.23862777092371e-05_2.23862777092371e-05
1016,188,209-35-4-2-1,4.35288733235165e-06_4.35288733235165e-06_4.35288733235165e-06_4.35288733235165e-06_4.35288733235165e-06
1016,189,235-34-11-1-1,3.10920523739404e-06_3.10920523739404e-06_3.10920523739404e-06_3.10920523739404e-06_3.10920523739404e-06
1016,190,235-34-11-1-1,6.21841047478808e-06_6.21841047478808e-06_6.21841047478808e-06_6.21841047478808e-06_6.21841047478808e-06
1016,191,68-30-1-1-1,1.98989135193218e-05_1.98989135193218e-05_1.98989135193218e-05_1.98989135193218e-05_1.98989135193218e-05
1016,192,129-21-4-2-1,3.10920523739404e-06_3.10920523739404e-06_3.10920523739404e-06_3.10920523739404e-06_3.10920523739404e-06
1016,193,172-40-4-2-1,3.73104628487285e-06_3.73104628487285e-06_3.73104628487285e-06_3.73104628487285e-06_3.73104628487285e-06
1016,194,224-39-11-1-1,5.59656942730927e-06_5.59656942730927e-06_5.59656942730927e-06_5.59656942730927e-06_5.59656942730927e-06
1016,195,45-5-5-1-1,3.73104628487285e-06_3.73104628487285e-06_3.73104628487285e-06_3.73104628487285e-06_3.73104628487285e-06
1016,196,222-35-4-2-1,9.32761571218212e-06_9.32761571218212e-06_9.32761571218212e-06_9.32761571218212e-06_9.32761571218212e-06
1016,197,156-37-4-2-1,4.97472837983046e-06_4.97472837983046e-06_4.97472837983046e-06_4.97472837983046e-06_4.97472837983046e-06
1016,198,153-18-4-2-1,3.73104628487285e-06_3.73104628487285e-06_3.73104628487285e-06_3.73104628487285e-06_3.73104628487285e-06
1016,199,186-15-9-2-1,2.67391650415887e-05_2.67391650415887e-05_2.67391650415887e-05_2.67391650415887e-05_2.67391650415887e-05
1016,200,178-44-12-1-1,3.73104628487285e-06_3.73104628487285e-06_3.73104628487285e-06_3.73104628487285e-06_3.73104628487285e-06
1016,201,51-22-8-1-1,3.85541449436861e-05_3.85541449436861e-05_3.85541449436861e-05_3.85541449436861e-05_3.85541449436861e-05
1016,202,207-29-2-2-1,0.000243761690611693_0.000243761690611693_0.000243761690611693_0.000243761690611693_0.000243761690611693
1016,203,222-35-4-2-1,2.54954829466311e-05_2.54954829466311e-05_2.54954829466311e-05_2.54954829466311e-05_2.54954829466311e-05
1016,204,229-5-5-1-1,0.000165409718629363_0.000165409718629363_0.000165409718629363_0.000165409718629363_0.000165409718629363
1016,205,175-20-9-2-1,5.59656942730927e-06_5.59656942730927e-06_5.59656942730927e-06_5.59656942730927e-06_5.59656942730927e-06
1016,206,68-30-1-1-1,4.97472837983046e-06_4.97472837983046e-06_4.97472837983046e-06_4.97472837983046e-06_4.97472837983046e-06
1016,207,185-41-9-2-1,3.10920523739404e-06_3.10920523739404e-06_3.10920523739404e-06_3.10920523739404e-06_3.10920523739404e-06
1016,208,228-17-10-1-1,2.67391650415887e-05_2.67391650415887e-05_2.67391650415887e-05_2.67391650415887e-05_2.67391650415887e-05
1016,209,207-29-2-2-1,0.000337659688780993_0.000337659688780993_0.000337659688780993_0.000337659688780993_0.000337659688780993
1016,210,51-22-8-1-1,9.32761571218212e-06_9.32761571218212e-06_9.32761571218212e-06_9.32761571218212e-06_9.32761571218212e-06
1016,211,68-30-1-1-1,2.61173239941099e-05_2.61173239941099e-05_2.61173239941099e-05_2.61173239941099e-05_2.61173239941099e-05
1016,212,129-21-4-2-1,1.11931388546185e-05_1.11931388546185e-05_1.11931388546185e-05_1.11931388546185e-05_1.11931388546185e-05
1016,214,236-42-12-1-1,3.73104628487285e-06_3.73104628487285e-06_3.73104628487285e-06_3.73104628487285e-06_3.73104628487285e-06
1016,215,212-41-9-2-1,4.97472837983046e-06_4.97472837983046e-06_4.97472837983046e-06_4.97472837983046e-06_4.97472837983046e-06
1016,216,142-42-12-1-1,3.10920523739404e-06_3.10920523739404e-06_3.10920523739404e-06_3.10920523739404e-06_3.10920523739404e-06
1016,217,129-21-4-2-1,3.10920523739404e-06_3.10920523739404e-06_3.10920523739404e-06_3.10920523739404e-06_3.10920523739404e-06
1016,218,57-7-4-2-1,3.10920523739404e-06_3.10920523739404e-06_3.10920523739404e-06_3.10920523739404e-06_3.10920523739404e-06
1016,219,185-41-9-2-1,7.46209256974569e-06_7.46209256974569e-06_7.46209256974569e-06_7.46209256974569e-06_7.46209256974569e-06
1016,221,141-42-12-1-1,0.000243139849564214_0.000243139849564214_0.000243139849564214_0.000243139849564214_0.000243139849564214
1016,222,19-3-3-1-1,0.000597589246627134_0.000597589246627134_0.000597589246627134_0.000597589246627134_0.000597589246627134
1016,223,51-22-8-1-1,8.0839336172245e-06_8.0839336172245e-06_8.0839336172245e-06_8.0839336172245e-06_8.0839336172245e-06
1016,224,22-13-6-2-1,0.000103847454928961_0.000103847454928961_0.000103847454928961_0.000103847454928961_0.000103847454928961
1016,225,129-21-4-2-1,5.65875353205715e-05_5.65875353205715e-05_5.65875353205715e-05_5.65875353205715e-05_5.65875353205715e-05
1016,226,129-21-4-2-1,9.94945675966092e-06_9.94945675966092e-06_9.94945675966092e-06_9.94945675966092e-06_9.94945675966092e-06
1016,227,185-41-9-2-1,3.10920523739404e-06_3.10920523739404e-06_3.10920523739404e-06_3.10920523739404e-06_3.10920523739404e-06
1016,228,224-39-11-1-1,3.73104628487285e-06_3.73104628487285e-06_3.73104628487285e-06_3.73104628487285e-06_3.73104628487285e-06
1016,229,68-30-1-1-1,3.73104628487285e-06_3.73104628487285e-06_3.73104628487285e-06_3.73104628487285e-06_3.73104628487285e-06
1016,230,224-39-11-1-1,3.10920523739404e-06_3.10920523739404e-06_3.10920523739404e-06_3.10920523739404e-06_3.10920523739404e-06
1016,231,66-29-2-2-1,3.73104628487285e-06_3.73104628487285e-06_3.73104628487285e-06_3.73104628487285e-06_3.73104628487285e-06
1016,232,68-30-1-1-1,9.94945675966092e-06_9.94945675966092e-06_9.94945675966092e-06_9.94945675966092e-06_9.94945675966092e-06
1016,233,8-7-4-2-1,3.73104628487285e-06_3.73104628487285e-06_3.73104628487285e-06_3.73104628487285e-06_3.73104628487285e-06
1016,234,174-15-9-2-1,8.70577466470331e-06_8.70577466470331e-06_8.70577466470331e-06_8.70577466470331e-06_8.70577466470331e-06
1016,235,180-40-4-2-1,4.35288733235165e-06_4.35288733235165e-06_4.35288733235165e-06_4.35288733235165e-06_4.35288733235165e-06
1016,236,196-14-4-2-1,8.0839336172245e-06_8.0839336172245e-06_8.0839336172245e-06_8.0839336172245e-06_8.0839336172245e-06
1016,237,191-37-4-2-1,2.48736418991523e-06_2.48736418991523e-06_2.48736418991523e-06_2.48736418991523e-06_2.48736418991523e-06
1016,238,185-41-9-2-1,5.59656942730927e-06_5.59656942730927e-06_5.59656942730927e-06_5.59656942730927e-06_5.59656942730927e-06
1016,239,171-18-4-2-1,5.59656942730927e-06_5.59656942730927e-06_5.59656942730927e-06_5.59656942730927e-06_5.59656942730927e-06
1016,240,4-4-4-2-1,9.32761571218212e-06_9.32761571218212e-06_9.32761571218212e-06_9.32761571218212e-06_9.32761571218212e-06
1016,241,172-40-4-2-1,8.0839336172245e-06_8.0839336172245e-06_8.0839336172245e-06_8.0839336172245e-06_8.0839336172245e-06
1016,242,95-37-4-2-1,1.05712978071397e-05_1.05712978071397e-05_1.05712978071397e-05_1.05712978071397e-05_1.05712978071397e-05
1016,243,236-42-12-1-1,4.35288733235165e-06_4.35288733235165e-06_4.35288733235165e-06_4.35288733235165e-06_4.35288733235165e-06
1016,244,141-42-12-1-1,0.00017224997015163_0.00017224997015163_0.00017224997015163_0.00017224997015163_0.00017224997015163
1016,245,14-9-7-1-1,0.00027112269670076_0.00027112269670076_0.00027112269670076_0.00027112269670076_0.00027112269670076
1016,246,118-36-10-1-1,2.30081187567159e-05_2.30081187567159e-05_2.30081187567159e-05_2.30081187567159e-05_2.30081187567159e-05
1016,247,154-25-8-1-1,1.74115493294066e-05_1.74115493294066e-05_1.74115493294066e-05_1.74115493294066e-05_1.74115493294066e-05
1016,248,176-20-9-2-1,3.73104628487285e-06_3.73104628487285e-06_3.73104628487285e-06_3.73104628487285e-06_3.73104628487285e-06
1016,249,188-14-4-2-1,3.10920523739404e-06_3.10920523739404e-06_3.10920523739404e-06_3.10920523739404e-06_3.10920523739404e-06
1016,251,212-41-9-2-1,3.10920523739404e-06_3.10920523739404e-06_3.10920523739404e-06_3.10920523739404e-06_3.10920523739404e-06
1016,252,142-42-12-1-1,3.10920523739404e-06_3.10920523739404e-06_3.10920523739404e-06_3.10920523739404e-06_3.10920523739404e-06
1016,253,175-20-9-2-1,3.73104628487285e-06_3.73104628487285e-06_3.73104628487285e-06_3.73104628487285e-06_3.73104628487285e-06
1016,254,236-42-12-1-1,4.35288733235165e-06_4.35288733235165e-06_4.35288733235165e-06_4.35288733235165e-06_4.35288733235165e-06
1016,255,84-2-2-2-1,3.2335734468898e-05_3.2335734468898e-05_3.2335734468898e-05_3.2335734468898e-05_3.2335734468898e-05
1016,256,46-2-2-2-1,0.000208938591952879_0.000208938591952879_0.000208938591952879_0.000208938591952879_0.000208938591952879
1016,257,127-30-1-1-1,1.49241851394914e-05_1.49241851394914e-05_1.49241851394914e-05_1.49241851394914e-05_1.49241851394914e-05
1016,258,17-11-4-2-1,1.05712978071397e-05_1.05712978071397e-05_1.05712978071397e-05_1.05712978071397e-05_1.05712978071397e-05
1016,259,205-12-8-1-1,1.24368209495762e-05_1.24368209495762e-05_1.24368209495762e-05_1.24368209495762e-05_1.24368209495762e-05
1016,260,122-16-2-2-1,6.21841047478808e-06_6.21841047478808e-06_6.21841047478808e-06_6.21841047478808e-06_6.21841047478808e-06
1016,261,75-1-1-1-1,4.35288733235165e-06_4.35288733235165e-06_4.35288733235165e-06_4.35288733235165e-06_4.35288733235165e-06
1016,262,228-17-10-1-1,3.10920523739404e-06_3.10920523739404e-06_3.10920523739404e-06_3.10920523739404e-06_3.10920523739404e-06
1016,263,213-15-9-2-1,3.73104628487285e-06_3.73104628487285e-06_3.73104628487285e-06_3.73104628487285e-06_3.73104628487285e-06
1016,264,23-10-2-2-1,3.5444939706292e-05_3.5444939706292e-05_3.5444939706292e-05_3.5444939706292e-05_3.5444939706292e-05
1016,265,46-2-2-2-1,0.000461406057229275_0.000461406057229275_0.000461406057229275_0.000461406057229275_0.000461406057229275
1016,266,51-22-8-1-1,4.35288733235165e-06_4.35288733235165e-06_4.35288733235165e-06_4.35288733235165e-06_4.35288733235165e-06
1016,267,196-14-4-2-1,2.54954829466311e-05_2.54954829466311e-05_2.54954829466311e-05_2.54954829466311e-05_2.54954829466311e-05
1016,268,229-5-5-1-1,9.76290444541728e-05_9.76290444541728e-05_9.76290444541728e-05_9.76290444541728e-05_9.76290444541728e-05
1016,269,129-21-4-2-1,5.59656942730927e-06_5.59656942730927e-06_5.59656942730927e-06_5.59656942730927e-06_5.59656942730927e-06
1016,271,229-5-5-1-1,5.09909658932622e-05_5.09909658932622e-05_5.09909658932622e-05_5.09909658932622e-05_5.09909658932622e-05
1016,272,140-42-12-1-1,4.35288733235165e-06_4.35288733235165e-06_4.35288733235165e-06_4.35288733235165e-06_4.35288733235165e-06
1016,273,185-41-9-2-1,3.73104628487285e-06_3.73104628487285e-06_3.73104628487285e-06_3.73104628487285e-06_3.73104628487285e-06
1016,274,35-20-9-2-1,3.73104628487285e-06_3.73104628487285e-06_3.73104628487285e-06_3.73104628487285e-06_3.73104628487285e-06
1016,275,39-22-8-1-1,3.10920523739404e-06_3.10920523739404e-06_3.10920523739404e-06_3.10920523739404e-06_3.10920523739404e-06
1016,276,220-22-8-1-1,4.35288733235165e-06_4.35288733235165e-06_4.35288733235165e-06_4.35288733235165e-06_4.35288733235165e-06
1016,277,160-30-1-1-1,4.97472837983046e-06_4.97472837983046e-06_4.97472837983046e-06_4.97472837983046e-06_4.97472837983046e-06
1016,278,179-26-4-2-1,4.35288733235165e-06_4.35288733235165e-06_4.35288733235165e-06_4.35288733235165e-06_4.35288733235165e-06
1016,279,203-11-4-2-1,7.46209256974569e-06_7.46209256974569e-06_7.46209256974569e-06_7.46209256974569e-06_7.46209256974569e-06
1016,280,142-42-12-1-1,0.000580177697297728_0.000580177697297728_0.000580177697297728_0.000580177697297728_0.000580177697297728
1016,281,172-40-4-2-1,3.73104628487285e-06_3.73104628487285e-06_3.73104628487285e-06_3.73104628487285e-06_3.73104628487285e-06
1016,282,173-5-5-1-1,0.00100427329167827_0.00100427329167827_0.00100427329167827_0.00100427329167827_0.00100427329167827
1016,283,39-22-8-1-1,1.3058661997055e-05_1.3058661997055e-05_1.3058661997055e-05_1.3058661997055e-05_1.3058661997055e-05
1016,284,177-7-4-2-1,7.46209256974569e-06_7.46209256974569e-06_7.46209256974569e-06_7.46209256974569e-06_7.46209256974569e-06
1016,285,176-20-9-2-1,6.84025152226688e-06_6.84025152226688e-06_6.84025152226688e-06_6.84025152226688e-06_6.84025152226688e-06
1016,286,224-39-11-1-1,3.73104628487285e-06_3.73104628487285e-06_3.73104628487285e-06_3.73104628487285e-06_3.73104628487285e-06
1016,287,98-27-8-1-1,3.10920523739404e-06_3.10920523739404e-06_3.10920523739404e-06_3.10920523739404e-06_3.10920523739404e-06
1016,288,224-39-11-1-1,7.46209256974569e-06_7.46209256974569e-06_7.46209256974569e-06_7.46209256974569e-06_7.46209256974569e-06
1016,290,185-41-9-2-1,3.10920523739404e-06_3.10920523739404e-06_3.10920523739404e-06_3.10920523739404e-06_3.10920523739404e-06
1016,291,153-18-4-2-1,3.73104628487285e-06_3.73104628487285e-06_3.73104628487285e-06_3.73104628487285e-06_3.73104628487285e-06
1016,292,185-41-9-2-1,3.73104628487285e-06_3.73104628487285e-06_3.73104628487285e-06_3.73104628487285e-06_3.73104628487285e-06
1016,293,185-41-9-2-1,4.35288733235165e-06_4.35288733235165e-06_4.35288733235165e-06_4.35288733235165e-06_4.35288733235165e-06
1016,294,128-7-4-2-1,3.10920523739404e-06_3.10920523739404e-06_3.10920523739404e-06_3.10920523739404e-06_3.10920523739404e-06
1016,295,8-7-4-2-1,3.10920523739404e-06_3.10920523739404e-06_3.10920523739404e-06_3.10920523739404e-06_3.10920523739404e-06
1016,297,8-7-4-2-1,3.10920523739404e-06_3.10920523739404e-06_3.10920523739404e-06_3.10920523739404e-06_3.10920523739404e-06
1016,299,185-41-9-2-1,3.10920523739404e-06_3.10920523739404e-06_3.10920523739404e-06_3.10920523739404e-06_3.10920523739404e-06
1016,300,8-7-4-2-1,8.0839336172245e-06_8.0839336172245e-06_8.0839336172245e-06_8.0839336172245e-06_8.0839336172245e-06
1016,301,57-7-4-2-1,8.70577466470331e-06_8.70577466470331e-06_8.70577466470331e-06_8.70577466470331e-06_8.70577466470331e-06
1016,303,161-36-10-1-1,4.97472837983046e-06_4.97472837983046e-06_4.97472837983046e-06_4.97472837983046e-06_4.97472837983046e-06
1016,305,212-41-9-2-1,2.48736418991523e-06_2.48736418991523e-06_2.48736418991523e-06_2.48736418991523e-06_2.48736418991523e-06
1016,306,213-15-9-2-1,5.59656942730927e-06_5.59656942730927e-06_5.59656942730927e-06_5.59656942730927e-06_5.59656942730927e-06
1016,307,8-7-4-2-1,8.0839336172245e-06_8.0839336172245e-06_8.0839336172245e-06_8.0839336172245e-06_8.0839336172245e-06
1016,308,185-41-9-2-1,4.35288733235165e-06_4.35288733235165e-06_4.35288733235165e-06_4.35288733235165e-06_4.35288733235165e-06
1016,309,185-41-9-2-1,4.35288733235165e-06_4.35288733235165e-06_4.35288733235165e-06_4.35288733235165e-06_4.35288733235165e-06
1016,310,209-35-4-2-1,4.35288733235165e-06_4.35288733235165e-06_4.35288733235165e-06_4.35288733235165e-06_4.35288733235165e-06
1016,311,212-41-9-2-1,5.59656942730927e-06_5.59656942730927e-06_5.59656942730927e-06_5.59656942730927e-06_5.59656942730927e-06
1016,312,55-22-8-1-1,9.94945675966092e-06_9.94945675966092e-06_9.94945675966092e-06_9.94945675966092e-06_9.94945675966092e-06
1016,313,57-7-4-2-1,8.0839336172245e-06_8.0839336172245e-06_8.0839336172245e-06_8.0839336172245e-06_8.0839336172245e-06
1016,314,224-39-11-1-1,5.59656942730927e-06_5.59656942730927e-06_5.59656942730927e-06_5.59656942730927e-06_5.59656942730927e-06
1016,315,224-39-11-1-1,4.35288733235165e-06_4.35288733235165e-06_4.35288733235165e-06_4.35288733235165e-06_4.35288733235165e-06
1016,316,142-42-12-1-1,4.35288733235165e-06_4.35288733235165e-06_4.35288733235165e-06_4.35288733235165e-06_4.35288733235165e-06
1016,317,8-7-4-2-1,5.59656942730927e-06_5.59656942730927e-06_5.59656942730927e-06_5.59656942730927e-06_5.59656942730927e-06
1016,318,8-7-4-2-1,3.73104628487285e-06_3.73104628487285e-06_3.73104628487285e-06_3.73104628487285e-06_3.73104628487285e-06
1016,319,236-42-12-1-1,5.59656942730927e-06_5.59656942730927e-06_5.59656942730927e-06_5.59656942730927e-06_5.59656942730927e-06
1016,320,226-32-10-1-1,1.11931388546185e-05_1.11931388546185e-05_1.11931388546185e-05_1.11931388546185e-05_1.11931388546185e-05
1016,321,161-36-10-1-1,6.84025152226688e-06_6.84025152226688e-06_6.84025152226688e-06_6.84025152226688e-06_6.84025152226688e-06
1016,322,8-7-4-2-1,4.35288733235165e-06_4.35288733235165e-06_4.35288733235165e-06_4.35288733235165e-06_4.35288733235165e-06
1016,323,172-40-4-2-1,2.48736418991523e-06_2.48736418991523e-06_2.48736418991523e-06_2.48736418991523e-06_2.48736418991523e-06
1016,324,142-42-12-1-1,9.94945675966092e-06_9.94945675966092e-06_9.94945675966092e-06_9.94945675966092e-06_9.94945675966092e-06
1016,325,153-18-4-2-1,3.10920523739404e-06_3.10920523739404e-06_3.10920523739404e-06_3.10920523739404e-06_3.10920523739404e-06
1016,326,153-18-4-2-1,3.10920523739404e-06_3.10920523739404e-06_3.10920523739404e-06_3.10920523739404e-06_3.10920523739404e-06
1016,327,205-12-8-1-1,6.84025152226688e-06_6.84025152226688e-06_6.84025152226688e-06_6.84025152226688e-06_6.84025152226688e-06
1016,328,177-7-4-2-1,8.0839336172245e-06_8.0839336172245e-06_8.0839336172245e-06_8.0839336172245e-06_8.0839336172245e-06
1016,329,194-31-9-2-1,6.21841047478808e-06_6.21841047478808e-06_6.21841047478808e-06_6.21841047478808e-06_6.21841047478808e-06
1016,330,140-42-12-1-1,1.11931388546185e-05_1.11931388546185e-05_1.11931388546185e-05_1.11931388546185e-05_1.11931388546185e-05
1016,331,203-11-4-2-1,1.18149799020973e-05_1.18149799020973e-05_1.18149799020973e-05_1.18149799020973e-05_1.18149799020973e-05
1016,332,177-7-4-2-1,6.84025152226688e-06_6.84025152226688e-06_6.84025152226688e-06_6.84025152226688e-06_6.84025152226688e-06
1016,333,153-18-4-2-1,7.46209256974569e-06_7.46209256974569e-06_7.46209256974569e-06_7.46209256974569e-06_7.46209256974569e-06
1016,334,212-41-9-2-1,3.73104628487285e-06_3.73104628487285e-06_3.73104628487285e-06_3.73104628487285e-06_3.73104628487285e-06
1016,335,224-39-11-1-1,4.35288733235165e-06_4.35288733235165e-06_4.35288733235165e-06_4.35288733235165e-06_4.35288733235165e-06
1016,336,224-39-11-1-1,6.21841047478808e-06_6.21841047478808e-06_6.21841047478808e-06_6.21841047478808e-06_6.21841047478808e-06
1016,337,167-18-4-2-1,4.97472837983046e-06_4.97472837983046e-06_4.97472837983046e-06_4.97472837983046e-06_4.97472837983046e-06
1016,338,185-41-9-2-1,6.21841047478808e-06_6.21841047478808e-06_6.21841047478808e-06_6.21841047478808e-06_6.21841047478808e-06
1016,339,153-18-4-2-1,9.32761571218212e-06_9.32761571218212e-06_9.32761571218212e-06_9.32761571218212e-06_9.32761571218212e-06
1016,340,8-7-4-2-1,4.35288733235165e-06_4.35288733235165e-06_4.35288733235165e-06_4.35288733235165e-06_4.35288733235165e-06
1016,341,228-17-10-1-1,4.35288733235165e-06_4.35288733235165e-06_4.35288733235165e-06_4.35288733235165e-06_4.35288733235165e-06
1016,342,153-18-4-2-1,3.10920523739404e-06_3.10920523739404e-06_3.10920523739404e-06_3.10920523739404e-06_3.10920523739404e-06
1016,343,118-36-10-1-1,4.97472837983046e-06_4.97472837983046e-06_4.97472837983046e-06_4.97472837983046e-06_4.97472837983046e-06
1016,344,142-42-12-1-1,0.000384297767341903_0.000384297767341903_0.000384297767341903_0.000384297767341903_0.000384297767341903
1016,345,118-36-10-1-1,3.73104628487285e-06_3.73104628487285e-06_3.73104628487285e-06_3.73104628487285e-06_3.73104628487285e-06
1016,346,234-24-7-1-1,7.39990846499781e-05_7.39990846499781e-05_7.39990846499781e-05_7.39990846499781e-05_7.39990846499781e-05
1016,347,118-36-10-1-1,4.35288733235165e-06_4.35288733235165e-06_4.35288733235165e-06_4.35288733235165e-06_4.35288733235165e-06
1016,348,236-42-12-1-1,5.59656942730927e-06_5.59656942730927e-06_5.59656942730927e-06_5.59656942730927e-06_5.59656942730927e-06
1016,349,205-12-8-1-1,8.0839336172245e-06_8.0839336172245e-06_8.0839336172245e-06_8.0839336172245e-06_8.0839336172245e-06
1016,350,236-42-12-1-1,2.23862777092371e-05_2.23862777092371e-05_2.23862777092371e-05_2.23862777092371e-05_2.23862777092371e-05
1016,351,236-42-12-1-1,4.35288733235165e-06_4.35288733235165e-06_4.35288733235165e-06_4.35288733235165e-06_4.35288733235165e-06
1016,352,236-42-12-1-1,6.84025152226688e-06_6.84025152226688e-06_6.84025152226688e-06_6.84025152226688e-06_6.84025152226688e-06
1016,353,236-42-12-1-1,4.35288733235165e-06_4.35288733235165e-06_4.35288733235165e-06_4.35288733235165e-06_4.35288733235165e-06
1016,354,236-42-12-1-1,4.35288733235165e-06_4.35288733235165e-06_4.35288733235165e-06_4.35288733235165e-06_4.35288733235165e-06
1016,355,236-42-12-1-1,4.35288733235165e-06_4.35288733235165e-06_4.35288733235165e-06_4.35288733235165e-06_4.35288733235165e-06
1016,356,205-12-8-1-1,6.21841047478808e-06_6.21841047478808e-06_6.21841047478808e-06_6.21841047478808e-06_6.21841047478808e-06
1016,357,133-12-8-1-1,3.10920523739404e-06_3.10920523739404e-06_3.10920523739404e-06_3.10920523739404e-06_3.10920523739404e-06
1016,358,122-16-2-2-1,4.97472837983046e-06_4.97472837983046e-06_4.97472837983046e-06_4.97472837983046e-06_4.97472837983046e-06
1016,359,95-37-4-2-1,1.9277072471843e-05_1.9277072471843e-05_1.9277072471843e-05_1.9277072471843e-05_1.9277072471843e-05
1016,360,236-42-12-1-1,4.35288733235165e-06_4.35288733235165e-06_4.35288733235165e-06_4.35288733235165e-06_4.35288733235165e-06
1016,361,129-21-4-2-1,2.98483702789828e-05_2.98483702789828e-05_2.98483702789828e-05_2.98483702789828e-05_2.98483702789828e-05
1016,362,216-19-9-2-1,8.0839336172245e-06_8.0839336172245e-06_8.0839336172245e-06_8.0839336172245e-06_8.0839336172245e-06
1016,363,114-40-4-2-1,5.59656942730927e-06_5.59656942730927e-06_5.59656942730927e-06_5.59656942730927e-06_5.59656942730927e-06
1016,364,134-29-2-2-1,1.49241851394914e-05_1.49241851394914e-05_1.49241851394914e-05_1.49241851394914e-05_1.49241851394914e-05
1016,365,236-42-12-1-1,2.48736418991523e-05_2.48736418991523e-05_2.48736418991523e-05_2.48736418991523e-05_2.48736418991523e-05
1016,366,236-42-12-1-1,3.10920523739404e-06_3.10920523739404e-06_3.10920523739404e-06_3.10920523739404e-06_3.10920523739404e-06
1016,367,161-36-10-1-1,3.73104628487285e-06_3.73104628487285e-06_3.73104628487285e-06_3.73104628487285e-06_3.73104628487285e-06
1016,368,191-37-4-2-1,3.10920523739404e-06_3.10920523739404e-06_3.10920523739404e-06_3.10920523739404e-06_3.10920523739404e-06
1016,369,213-15-9-2-1,4.22851912285589e-05_4.22851912285589e-05_4.22851912285589e-05_4.22851912285589e-05_4.22851912285589e-05
1016,370,236-42-12-1-1,1.36805030445338e-05_1.36805030445338e-05_1.36805030445338e-05_1.36805030445338e-05_1.36805030445338e-05
1016,371,84-2-2-2-1,0.000184686791101206_0.000184686791101206_0.000184686791101206_0.000184686791101206_0.000184686791101206
1016,372,235-34-11-1-1,8.0839336172245e-06_8.0839336172245e-06_8.0839336172245e-06_8.0839336172245e-06_8.0839336172245e-06
1016,373,235-34-11-1-1,8.0839336172245e-06_8.0839336172245e-06_8.0839336172245e-06_8.0839336172245e-06_8.0839336172245e-06
1016,375,159-4-4-2-1,3.10920523739404e-06_3.10920523739404e-06_3.10920523739404e-06_3.10920523739404e-06_3.10920523739404e-06
1016,376,17-11-4-2-1,1.18149799020973e-05_1.18149799020973e-05_1.18149799020973e-05_1.18149799020973e-05_1.18149799020973e-05
1016,377,95-37-4-2-1,3.73104628487285e-06_3.73104628487285e-06_3.73104628487285e-06_3.73104628487285e-06_3.73104628487285e-06
1016,378,231-34-11-1-1,0.000838863573048912_0.000838863573048912_0.000838863573048912_0.000838863573048912_0.000838863573048912
1016,379,227-41-9-2-1,3.73104628487285e-06_3.73104628487285e-06_3.73104628487285e-06_3.73104628487285e-06_3.73104628487285e-06
1016,380,187-2-2-2-1,0.00361165280375691_0.00361165280375691_0.00361165280375691_0.00361165280375691_0.00361165280375691
1016,381,129-21-4-2-1,7.46209256974569e-06_7.46209256974569e-06_7.46209256974569e-06_7.46209256974569e-06_7.46209256974569e-06
1016,382,122-16-2-2-1,7.46209256974569e-06_7.46209256974569e-06_7.46209256974569e-06_7.46209256974569e-06_7.46209256974569e-06
1016,383,83-33-5-1-1,1.05712978071397e-05_1.05712978071397e-05_1.05712978071397e-05_1.05712978071397e-05_1.05712978071397e-05
1016,384,122-16-2-2-1,3.10920523739404e-06_3.10920523739404e-06_3.10920523739404e-06_3.10920523739404e-06_3.10920523739404e-06
1016,385,66-29-2-2-1,4.35288733235165e-06_4.35288733235165e-06_4.35288733235165e-06_4.35288733235165e-06_4.35288733235165e-06
1016,386,202-37-4-2-1,5.59656942730927e-06_5.59656942730927e-06_5.59656942730927e-06_5.59656942730927e-06_5.59656942730927e-06
1016,387,42-13-6-2-1,4.29070322760377e-05_4.29070322760377e-05_4.29070322760377e-05_4.29070322760377e-05_4.29070322760377e-05
1016,388,216-19-9-2-1,6.21841047478808e-06_6.21841047478808e-06_6.21841047478808e-06_6.21841047478808e-06_6.21841047478808e-06
1016,389,196-14-4-2-1,3.73104628487285e-06_3.73104628487285e-06_3.73104628487285e-06_3.73104628487285e-06_3.73104628487285e-06
1016,390,172-40-4-2-1,3.10920523739404e-06_3.10920523739404e-06_3.10920523739404e-06_3.10920523739404e-06_3.10920523739404e-06
1016,391,202-37-4-2-1,6.21841047478808e-06_6.21841047478808e-06_6.21841047478808e-06_6.21841047478808e-06_6.21841047478808e-06
1016,392,202-37-4-2-1,3.73104628487285e-06_3.73104628487285e-06_3.73104628487285e-06_3.73104628487285e-06_3.73104628487285e-06
1016,393,46-2-2-2-1,0.00105526425757154_0.00105526425757154_0.00105526425757154_0.00105526425757154_0.00105526425757154
1016,394,51-22-8-1-1,1.80333903768854e-05_1.80333903768854e-05_1.80333903768854e-05_1.80333903768854e-05_1.80333903768854e-05
1016,395,185-41-9-2-1,3.73104628487285e-06_3.73104628487285e-06_3.73104628487285e-06_3.73104628487285e-06_3.73104628487285e-06
1016,396,22-13-6-2-1,0.000192148883670952_0.000192148883670952_0.000192148883670952_0.000192148883670952_0.000192148883670952
1016,397,167-18-4-2-1,4.97472837983046e-06_4.97472837983046e-06_4.97472837983046e-06_4.97472837983046e-06_4.97472837983046e-06
1016,398,237-44-12-1-1,9.88727265491304e-05_9.88727265491304e-05_9.88727265491304e-05_9.88727265491304e-05_9.88727265491304e-05
1016,400,203-11-4-2-1,2.42518008516735e-05_2.42518008516735e-05_2.42518008516735e-05_2.42518008516735e-05_2.42518008516735e-05
1016,401,148-29-2-2-1,1.11931388546185e-05_1.11931388546185e-05_1.11931388546185e-05_1.11931388546185e-05_1.11931388546185e-05
1016,402,185-41-9-2-1,3.10920523739404e-06_3.10920523739404e-06_3.10920523739404e-06_3.10920523739404e-06_3.10920523739404e-06
1016,403,196-14-4-2-1,1.43023440920126e-05_1.43023440920126e-05_1.43023440920126e-05_1.43023440920126e-05_1.43023440920126e-05
1016,404,196-14-4-2-1,1.05712978071397e-05_1.05712978071397e-05_1.05712978071397e-05_1.05712978071397e-05_1.05712978071397e-05
1016,405,196-14-4-2-1,1.24368209495762e-05_1.24368209495762e-05_1.24368209495762e-05_1.24368209495762e-05_1.24368209495762e-05
1016,406,196-14-4-2-1,1.55460261869702e-05_1.55460261869702e-05_1.55460261869702e-05_1.55460261869702e-05_1.55460261869702e-05
1016,407,196-14-4-2-1,2.23862777092371e-05_2.23862777092371e-05_2.23862777092371e-05_2.23862777092371e-05_2.23862777092371e-05
1016,408,196-14-4-2-1,1.11931388546185e-05_1.11931388546185e-05_1.11931388546185e-05_1.11931388546185e-05_1.11931388546185e-05
1016,409,134-29-2-2-1,4.97472837983046e-06_4.97472837983046e-06_4.97472837983046e-06_4.97472837983046e-06_4.97472837983046e-06
1016,410,196-14-4-2-1,2.30081187567159e-05_2.30081187567159e-05_2.30081187567159e-05_2.30081187567159e-05_2.30081187567159e-05
1016,411,223-40-4-2-1,1.9277072471843e-05_1.9277072471843e-05_1.9277072471843e-05_1.9277072471843e-05_1.9277072471843e-05
1016,412,128-7-4-2-1,6.84025152226688e-06_6.84025152226688e-06_6.84025152226688e-06_6.84025152226688e-06_6.84025152226688e-06
1016,413,161-36-10-1-1,5.59656942730927e-06_5.59656942730927e-06_5.59656942730927e-06_5.59656942730927e-06_5.59656942730927e-06
1016,414,200-15-9-2-1,6.84025152226688e-06_6.84025152226688e-06_6.84025152226688e-06_6.84025152226688e-06_6.84025152226688e-06
1016,415,140-42-12-1-1,3.73104628487285e-06_3.73104628487285e-06_3.73104628487285e-06_3.73104628487285e-06_3.73104628487285e-06
1016,416,196-14-4-2-1,3.79323038962073e-05_3.79323038962073e-05_3.79323038962073e-05_3.79323038962073e-05_3.79323038962073e-05
1016,417,196-14-4-2-1,2.73610060890675e-05_2.73610060890675e-05_2.73610060890675e-05_2.73610060890675e-05_2.73610060890675e-05
1016,418,196-14-4-2-1,3.35794165638556e-05_3.35794165638556e-05_3.35794165638556e-05_3.35794165638556e-05_3.35794165638556e-05
1016,419,147-11-4-2-1,3.17138934214192e-05_3.17138934214192e-05_3.17138934214192e-05_3.17138934214192e-05_3.17138934214192e-05
1016,420,177-7-4-2-1,4.78817606558682e-05_4.78817606558682e-05_4.78817606558682e-05_4.78817606558682e-05_4.78817606558682e-05
1016,421,177-7-4-2-1,5.34783300831775e-05_5.34783300831775e-05_5.34783300831775e-05_5.34783300831775e-05_5.34783300831775e-05
1016,422,196-14-4-2-1,6.52933099852748e-05_6.52933099852748e-05_6.52933099852748e-05_6.52933099852748e-05_6.52933099852748e-05
1016,423,58-13-6-2-1,9.57635213117364e-05_9.57635213117364e-05_9.57635213117364e-05_9.57635213117364e-05_9.57635213117364e-05
1016,424,67-2-2-2-1,0.000152351056632308_0.000152351056632308_0.000152351056632308_0.000152351056632308_0.000152351056632308
1016,425,134-29-2-2-1,0.000778544991443467_0.000778544991443467_0.000778544991443467_0.000778544991443467_0.000778544991443467
1016,426,227-41-9-2-1,3.73104628487285e-06_3.73104628487285e-06_3.73104628487285e-06_3.73104628487285e-06_3.73104628487285e-06
1016,427,66-29-2-2-1,3.10920523739404e-06_3.10920523739404e-06_3.10920523739404e-06_3.10920523739404e-06_3.10920523739404e-06
1016,428,209-35-4-2-1,3.10920523739404e-06_3.10920523739404e-06_3.10920523739404e-06_3.10920523739404e-06_3.10920523739404e-06
1016,429,134-29-2-2-1,0.000737503482309866_0.000737503482309866_0.000737503482309866_0.000737503482309866_0.000737503482309866
1016,430,235-34-11-1-1,5.59656942730927e-06_5.59656942730927e-06_5.59656942730927e-06_5.59656942730927e-06_5.59656942730927e-06
1016,431,1-1-1-1-1,6.21841047478808e-06_6.21841047478808e-06_6.21841047478808e-06_6.21841047478808e-06_6.21841047478808e-06
1016,433,140-42-12-1-1,3.73104628487285e-06_3.73104628487285e-06_3.73104628487285e-06_3.73104628487285e-06_3.73104628487285e-06
1016,434,39-22-8-1-1,7.83519719823298e-05_7.83519719823298e-05_7.83519719823298e-05_7.83519719823298e-05_7.83519719823298e-05
1016,435,209-35-4-2-1,1.11931388546185e-05_1.11931388546185e-05_1.11931388546185e-05_1.11931388546185e-05_1.11931388546185e-05
1016,436,66-29-2-2-1,4.35288733235165e-06_4.35288733235165e-06_4.35288733235165e-06_4.35288733235165e-06_4.35288733235165e-06
1016,438,212-41-9-2-1,3.73104628487285e-06_3.73104628487285e-06_3.73104628487285e-06_3.73104628487285e-06_3.73104628487285e-06
1016,439,66-29-2-2-1,4.35288733235165e-06_4.35288733235165e-06_4.35288733235165e-06_4.35288733235165e-06_4.35288733235165e-06
1016,440,142-42-12-1-1,3.10920523739404e-06_3.10920523739404e-06_3.10920523739404e-06_3.10920523739404e-06_3.10920523739404e-06
1016,441,237-44-12-1-1,4.97472837983046e-06_4.97472837983046e-06_4.97472837983046e-06_4.97472837983046e-06_4.97472837983046e-06
1016,442,209-35-4-2-1,3.73104628487285e-06_3.73104628487285e-06_3.73104628487285e-06_3.73104628487285e-06_3.73104628487285e-06
1016,444,209-35-4-2-1,4.35288733235165e-06_4.35288733235165e-06_4.35288733235165e-06_4.35288733235165e-06_4.35288733235165e-06
1016,445,235-34-11-1-1,9.94945675966092e-06_9.94945675966092e-06_9.94945675966092e-06_9.94945675966092e-06_9.94945675966092e-06
1016,446,75-1-1-1-1,4.97472837983046e-06_4.97472837983046e-06_4.97472837983046e-06_4.97472837983046e-06_4.97472837983046e-06
1016,447,228-17-10-1-1,4.97472837983046e-06_4.97472837983046e-06_4.97472837983046e-06_4.97472837983046e-06_4.97472837983046e-06
1016,448,4-4-4-2-1,3.10920523739404e-06_3.10920523739404e-06_3.10920523739404e-06_3.10920523739404e-06_3.10920523739404e-06
1016,449,142-42-12-1-1,3.10920523739404e-06_3.10920523739404e-06_3.10920523739404e-06_3.10920523739404e-06_3.10920523739404e-06
1016,450,142-42-12-1-1,8.70577466470331e-06_8.70577466470331e-06_8.70577466470331e-06_8.70577466470331e-06_8.70577466470331e-06
1016,451,235-34-11-1-1,5.59656942730927e-06_5.59656942730927e-06_5.59656942730927e-06_5.59656942730927e-06_5.59656942730927e-06
1016,453,236-42-12-1-1,4.35288733235165e-06_4.35288733235165e-06_4.35288733235165e-06_4.35288733235165e-06_4.35288733235165e-06
1016,454,142-42-12-1-1,4.35288733235165e-06_4.35288733235165e-06_4.35288733235165e-06_4.35288733235165e-06_4.35288733235165e-06
1016,455,142-42-12-1-1,3.10920523739404e-06_3.10920523739404e-06_3.10920523739404e-06_3.10920523739404e-06_3.10920523739404e-06
1016,456,142-42-12-1-1,6.84025152226688e-06_6.84025152226688e-06_6.84025152226688e-06_6.84025152226688e-06_6.84025152226688e-06
1016,457,235-34-11-1-1,6.84025152226688e-06_6.84025152226688e-06_6.84025152226688e-06_6.84025152226688e-06_6.84025152226688e-06
1016,458,142-42-12-1-1,3.10920523739404e-06_3.10920523739404e-06_3.10920523739404e-06_3.10920523739404e-06_3.10920523739404e-06
1016,459,129-21-4-2-1,2.42518008516735e-05_2.42518008516735e-05_2.42518008516735e-05_2.42518008516735e-05_2.42518008516735e-05
1016,460,191-37-4-2-1,1.05712978071397e-05_1.05712978071397e-05_1.05712978071397e-05_1.05712978071397e-05_1.05712978071397e-05
1016,461,112-14-4-2-1,1.05712978071397e-05_1.05712978071397e-05_1.05712978071397e-05_1.05712978071397e-05_1.05712978071397e-05
1016,462,76-4-4-2-1,7.46209256974569e-06_7.46209256974569e-06_7.46209256974569e-06_7.46209256974569e-06_7.46209256974569e-06
1016,463,213-15-9-2-1,4.97472837983046e-06_4.97472837983046e-06_4.97472837983046e-06_4.97472837983046e-06_4.97472837983046e-06
1016,464,177-7-4-2-1,9.94945675966092e-06_9.94945675966092e-06_9.94945675966092e-06_9.94945675966092e-06_9.94945675966092e-06
1016,465,175-20-9-2-1,2.48736418991523e-06_2.48736418991523e-06_2.48736418991523e-06_2.48736418991523e-06_2.48736418991523e-06
1016,466,209-35-4-2-1,5.59656942730927e-06_5.59656942730927e-06_5.59656942730927e-06_5.59656942730927e-06_5.59656942730927e-06
1016,467,180-40-4-2-1,2.48736418991523e-06_2.48736418991523e-06_2.48736418991523e-06_2.48736418991523e-06_2.48736418991523e-06
1016,468,188-14-4-2-1,4.35288733235165e-06_4.35288733235165e-06_4.35288733235165e-06_4.35288733235165e-06_4.35288733235165e-06
1016,469,231-34-11-1-1,0.000838241732001433_0.000838241732001433_0.000838241732001433_0.000838241732001433_0.000838241732001433
1016,470,25-10-2-2-1,0.000125611891590719_0.000125611891590719_0.000125611891590719_0.000125611891590719_0.000125611891590719
1016,471,236-42-12-1-1,4.35288733235165e-06_4.35288733235165e-06_4.35288733235165e-06_4.35288733235165e-06_4.35288733235165e-06
1016,472,142-42-12-1-1,3.10920523739404e-06_3.10920523739404e-06_3.10920523739404e-06_3.10920523739404e-06_3.10920523739404e-06
1016,473,142-42-12-1-1,3.10920523739404e-06_3.10920523739404e-06_3.10920523739404e-06_3.10920523739404e-06_3.10920523739404e-06
1016,474,84-2-2-2-1,4.5394396465953e-05_4.5394396465953e-05_4.5394396465953e-05_4.5394396465953e-05_4.5394396465953e-05
1016,475,142-42-12-1-1,3.10920523739404e-06_3.10920523739404e-06_3.10920523739404e-06_3.10920523739404e-06_3.10920523739404e-06
1016,476,179-26-4-2-1,5.59656942730927e-06_5.59656942730927e-06_5.59656942730927e-06_5.59656942730927e-06_5.59656942730927e-06
1016,477,84-2-2-2-1,0.000233190392804553_0.000233190392804553_0.000233190392804553_0.000233190392804553_0.000233190392804553
1016,478,68-30-1-1-1,1.24368209495762e-05_1.24368209495762e-05_1.24368209495762e-05_1.24368209495762e-05_1.24368209495762e-05
1016,479,196-14-4-2-1,4.35288733235165e-06_4.35288733235165e-06_4.35288733235165e-06_4.35288733235165e-06_4.35288733235165e-06
1016,480,8-7-4-2-1,3.73104628487285e-06_3.73104628487285e-06_3.73104628487285e-06_3.73104628487285e-06_3.73104628487285e-06
1016,481,216-19-9-2-1,3.10920523739404e-06_3.10920523739404e-06_3.10920523739404e-06_3.10920523739404e-06_3.10920523739404e-06
1016,482,49-22-8-1-1,5.59656942730927e-06_5.59656942730927e-06_5.59656942730927e-06_5.59656942730927e-06_5.59656942730927e-06
1016,483,127-30-1-1-1,4.97472837983046e-06_4.97472837983046e-06_4.97472837983046e-06_4.97472837983046e-06_4.97472837983046e-06
1016,484,150-30-1-1-1,9.82508855016516e-05_9.82508855016516e-05_9.82508855016516e-05_9.82508855016516e-05_9.82508855016516e-05
1016,485,51-22-8-1-1,3.10920523739404e-06_3.10920523739404e-06_3.10920523739404e-06_3.10920523739404e-06_3.10920523739404e-06
1016,486,132-42-12-1-1,0.000411658773430971_0.000411658773430971_0.000411658773430971_0.000411658773430971_0.000411658773430971
1016,487,98-27-8-1-1,1.67897082819278e-05_1.67897082819278e-05_1.67897082819278e-05_1.67897082819278e-05_1.67897082819278e-05
1016,488,118-36-10-1-1,4.97472837983046e-06_4.97472837983046e-06_4.97472837983046e-06_4.97472837983046e-06_4.97472837983046e-06
1016,489,237-44-12-1-1,4.97472837983046e-06_4.97472837983046e-06_4.97472837983046e-06_4.97472837983046e-06_4.97472837983046e-06
1016,490,141-42-12-1-1,3.10920523739404e-06_3.10920523739404e-06_3.10920523739404e-06_3.10920523739404e-06_3.10920523739404e-06
1016,491,132-42-12-1-1,1.86552314243642e-05_1.86552314243642e-05_1.86552314243642e-05_1.86552314243642e-05_1.86552314243642e-05
1016,492,236-42-12-1-1,3.10920523739404e-06_3.10920523739404e-06_3.10920523739404e-06_3.10920523739404e-06_3.10920523739404e-06
1016,493,132-42-12-1-1,1.67897082819278e-05_1.67897082819278e-05_1.67897082819278e-05_1.67897082819278e-05_1.67897082819278e-05
1016,494,49-22-8-1-1,5.59656942730927e-06_5.59656942730927e-06_5.59656942730927e-06_5.59656942730927e-06_5.59656942730927e-06
1016,495,132-42-12-1-1,1.6167867234449e-05_1.6167867234449e-05_1.6167867234449e-05_1.6167867234449e-05_1.6167867234449e-05
1016,496,25-10-2-2-1,5.59656942730927e-06_5.59656942730927e-06_5.59656942730927e-06_5.59656942730927e-06_5.59656942730927e-06
1016,497,132-42-12-1-1,1.6167867234449e-05_1.6167867234449e-05_1.6167867234449e-05_1.6167867234449e-05_1.6167867234449e-05
1016,498,132-42-12-1-1,1.67897082819278e-05_1.67897082819278e-05_1.67897082819278e-05_1.67897082819278e-05_1.67897082819278e-05
1016,499,113-31-9-2-1,4.22851912285589e-05_4.22851912285589e-05_4.22851912285589e-05_4.22851912285589e-05_4.22851912285589e-05
1016,500,132-42-12-1-1,1.6167867234449e-05_1.6167867234449e-05_1.6167867234449e-05_1.6167867234449e-05_1.6167867234449e-05
1016,501,236-42-12-1-1,3.10920523739404e-06_3.10920523739404e-06_3.10920523739404e-06_3.10920523739404e-06_3.10920523739404e-06
1016,502,132-42-12-1-1,1.80333903768854e-05_1.80333903768854e-05_1.80333903768854e-05_1.80333903768854e-05_1.80333903768854e-05
1016,503,132-42-12-1-1,1.67897082819278e-05_1.67897082819278e-05_1.67897082819278e-05_1.67897082819278e-05_1.67897082819278e-05
1016,504,47-22-8-1-1,4.97472837983046e-06_4.97472837983046e-06_4.97472837983046e-06_4.97472837983046e-06_4.97472837983046e-06
1016,505,46-2-2-2-1,0.000184686791101206_0.000184686791101206_0.000184686791101206_0.000184686791101206_0.000184686791101206
1016,506,172-40-4-2-1,4.35288733235165e-06_4.35288733235165e-06_4.35288733235165e-06_4.35288733235165e-06_4.35288733235165e-06
1016,507,177-7-4-2-1,4.97472837983046e-06_4.97472837983046e-06_4.97472837983046e-06_4.97472837983046e-06_4.97472837983046e-06
1016,508,1-1-1-1-1,3.73104628487285e-06_3.73104628487285e-06_3.73104628487285e-06_3.73104628487285e-06_3.73104628487285e-06
1016,509,229-5-5-1-1,4.78817606558682e-05_4.78817606558682e-05_4.78817606558682e-05_4.78817606558682e-05_4.78817606558682e-05
1016,510,4-4-4-2-1,6.21841047478808e-06_6.21841047478808e-06_6.21841047478808e-06_6.21841047478808e-06_6.21841047478808e-06
1016,511,122-16-2-2-1,7.46209256974569e-06_7.46209256974569e-06_7.46209256974569e-06_7.46209256974569e-06_7.46209256974569e-06
1016,512,149-16-2-2-1,3.29575755163768e-05_3.29575755163768e-05_3.29575755163768e-05_3.29575755163768e-05_3.29575755163768e-05
1016,513,207-29-2-2-1,0.000378701197914594_0.000378701197914594_0.000378701197914594_0.000378701197914594_0.000378701197914594
1016,514,83-33-5-1-1,1.6167867234449e-05_1.6167867234449e-05_1.6167867234449e-05_1.6167867234449e-05_1.6167867234449e-05
1016,515,142-42-12-1-1,3.10920523739404e-06_3.10920523739404e-06_3.10920523739404e-06_3.10920523739404e-06_3.10920523739404e-06
1016,516,185-41-9-2-1,2.48736418991523e-06_2.48736418991523e-06_2.48736418991523e-06_2.48736418991523e-06_2.48736418991523e-06
1016,517,142-42-12-1-1,3.10920523739404e-06_3.10920523739404e-06_3.10920523739404e-06_3.10920523739404e-06_3.10920523739404e-06
1016,518,1-1-1-1-1,3.73104628487285e-06_3.73104628487285e-06_3.73104628487285e-06_3.73104628487285e-06_3.73104628487285e-06
1016,519,142-42-12-1-1,3.10920523739404e-06_3.10920523739404e-06_3.10920523739404e-06_3.10920523739404e-06_3.10920523739404e-06
1016,520,122-16-2-2-1,6.21841047478808e-06_6.21841047478808e-06_6.21841047478808e-06_6.21841047478808e-06_6.21841047478808e-06
1016,521,122-16-2-2-1,7.46209256974569e-06_7.46209256974569e-06_7.46209256974569e-06_7.46209256974569e-06_7.46209256974569e-06
1016,522,222-35-4-2-1,3.10920523739404e-06_3.10920523739404e-06_3.10920523739404e-06_3.10920523739404e-06_3.10920523739404e-06
1016,523,172-40-4-2-1,6.21841047478808e-06_6.21841047478808e-06_6.21841047478808e-06_6.21841047478808e-06_6.21841047478808e-06
1016,524,129-21-4-2-1,4.35288733235165e-06_4.35288733235165e-06_4.35288733235165e-06_4.35288733235165e-06_4.35288733235165e-06
1016,525,39-22-8-1-1,1.11931388546185e-05_1.11931388546185e-05_1.11931388546185e-05_1.11931388546185e-05_1.11931388546185e-05
1016,526,84-2-2-2-1,8.89232697894695e-05_8.89232697894695e-05_8.89232697894695e-05_8.89232697894695e-05_8.89232697894695e-05
1016,527,133-12-8-1-1,3.10920523739404e-06_3.10920523739404e-06_3.10920523739404e-06_3.10920523739404e-06_3.10920523739404e-06
1016,528,214-26-4-2-1,3.10920523739404e-06_3.10920523739404e-06_3.10920523739404e-06_3.10920523739404e-06_3.10920523739404e-06
1016,529,46-2-2-2-1,0.000384297767341903_0.000384297767341903_0.000384297767341903_0.000384297767341903_0.000384297767341903
1016,530,1-1-1-1-1,3.10920523739404e-06_3.10920523739404e-06_3.10920523739404e-06_3.10920523739404e-06_3.10920523739404e-06
1016,531,22-13-6-2-1,7.95956540772874e-05_7.95956540772874e-05_7.95956540772874e-05_7.95956540772874e-05_7.95956540772874e-05
1016,532,35-20-9-2-1,3.10920523739404e-06_3.10920523739404e-06_3.10920523739404e-06_3.10920523739404e-06_3.10920523739404e-06
1016,533,129-21-4-2-1,1.05712978071397e-05_1.05712978071397e-05_1.05712978071397e-05_1.05712978071397e-05_1.05712978071397e-05
1016,538,153-18-4-2-1,1.86552314243642e-06_1.86552314243642e-06_1.86552314243642e-06_1.86552314243642e-06_1.86552314243642e-06
1016,539,129-21-4-2-1,1.55460261869702e-05_1.55460261869702e-05_1.55460261869702e-05_1.55460261869702e-05_1.55460261869702e-05
1016,540,112-14-4-2-1,1.3058661997055e-05_1.3058661997055e-05_1.3058661997055e-05_1.3058661997055e-05_1.3058661997055e-05
1016,541,8-7-4-2-1,8.70577466470331e-06_8.70577466470331e-06_8.70577466470331e-06_8.70577466470331e-06_8.70577466470331e-06
1016,542,213-15-9-2-1,3.73104628487285e-06_3.73104628487285e-06_3.73104628487285e-06_3.73104628487285e-06_3.73104628487285e-06
1016,543,84-2-2-2-1,0.000249980101086481_0.000249980101086481_0.000249980101086481_0.000249980101086481_0.000249980101086481
1016,544,46-2-2-2-1,0.000131830302065507_0.000131830302065507_0.000131830302065507_0.000131830302065507_0.000131830302065507
1016,545,212-41-9-2-1,8.0839336172245e-06_8.0839336172245e-06_8.0839336172245e-06_8.0839336172245e-06_8.0839336172245e-06
1016,546,153-18-4-2-1,4.97472837983046e-06_4.97472837983046e-06_4.97472837983046e-06_4.97472837983046e-06_4.97472837983046e-06
1016,547,142-42-12-1-1,3.10920523739404e-06_3.10920523739404e-06_3.10920523739404e-06_3.10920523739404e-06_3.10920523739404e-06
1016,548,1-1-1-1-1,3.73104628487285e-06_3.73104628487285e-06_3.73104628487285e-06_3.73104628487285e-06_3.73104628487285e-06
1016,549,142-42-12-1-1,3.10920523739404e-06_3.10920523739404e-06_3.10920523739404e-06_3.10920523739404e-06_3.10920523739404e-06
1016,552,25-10-2-2-1,5.59656942730927e-06_5.59656942730927e-06_5.59656942730927e-06_5.59656942730927e-06_5.59656942730927e-06
1016,554,57-7-4-2-1,6.84025152226688e-06_6.84025152226688e-06_6.84025152226688e-06_6.84025152226688e-06_6.84025152226688e-06
1016,555,84-2-2-2-1,0.000136805030445338_0.000136805030445338_0.000136805030445338_0.000136805030445338_0.000136805030445338
1016,556,167-18-4-2-1,4.35288733235165e-06_4.35288733235165e-06_4.35288733235165e-06_4.35288733235165e-06_4.35288733235165e-06
1016,557,46-2-2-2-1,0.000136805030445338_0.000136805030445338_0.000136805030445338_0.000136805030445338_0.000136805030445338
1016,558,228-17-10-1-1,6.84025152226688e-06_6.84025152226688e-06_6.84025152226688e-06_6.84025152226688e-06_6.84025152226688e-06
1016,559,185-41-9-2-1,5.59656942730927e-06_5.59656942730927e-06_5.59656942730927e-06_5.59656942730927e-06_5.59656942730927e-06
1016,560,140-42-12-1-1,4.97472837983046e-06_4.97472837983046e-06_4.97472837983046e-06_4.97472837983046e-06_4.97472837983046e-06
1016,561,205-12-8-1-1,5.59656942730927e-06_5.59656942730927e-06_5.59656942730927e-06_5.59656942730927e-06_5.59656942730927e-06
1016,562,142-42-12-1-1,3.10920523739404e-06_3.10920523739404e-06_3.10920523739404e-06_3.10920523739404e-06_3.10920523739404e-06
1016,563,185-41-9-2-1,4.35288733235165e-06_4.35288733235165e-06_4.35288733235165e-06_4.35288733235165e-06_4.35288733235165e-06
1016,564,25-10-2-2-1,6.21841047478808e-06_6.21841047478808e-06_6.21841047478808e-06_6.21841047478808e-06_6.21841047478808e-06
1016,565,132-42-12-1-1,0.000123746368448283_0.000123746368448283_0.000123746368448283_0.000123746368448283_0.000123746368448283
1016,566,135-41-9-2-1,0.000152972897679787_0.000152972897679787_0.000152972897679787_0.000152972897679787_0.000152972897679787
1016,567,168-2-2-2-1,1.18149799020973e-05_1.18149799020973e-05_1.18149799020973e-05_1.18149799020973e-05_1.18149799020973e-05
1016,568,1-1-1-1-1,4.97472837983046e-06_4.97472837983046e-06_4.97472837983046e-06_4.97472837983046e-06_4.97472837983046e-06
1016,569,203-11-4-2-1,3.10920523739404e-06_3.10920523739404e-06_3.10920523739404e-06_3.10920523739404e-06_3.10920523739404e-06
1016,570,122-16-2-2-1,2.48736418991523e-06_2.48736418991523e-06_2.48736418991523e-06_2.48736418991523e-06_2.48736418991523e-06
1016,571,132-42-12-1-1,0.000140536076730211_0.000140536076730211_0.000140536076730211_0.000140536076730211_0.000140536076730211
1016,572,221-35-4-2-1,4.35288733235165e-06_4.35288733235165e-06_4.35288733235165e-06_4.35288733235165e-06_4.35288733235165e-06
1016,573,150-30-1-1-1,0.000116284275878537_0.000116284275878537_0.000116284275878537_0.000116284275878537_0.000116284275878537
1016,574,196-14-4-2-1,4.97472837983046e-06_4.97472837983046e-06_4.97472837983046e-06_4.97472837983046e-06_4.97472837983046e-06
1016,575,140-42-12-1-1,4.97472837983046e-06_4.97472837983046e-06_4.97472837983046e-06_4.97472837983046e-06_4.97472837983046e-06
1016,576,140-42-12-1-1,4.97472837983046e-06_4.97472837983046e-06_4.97472837983046e-06_4.97472837983046e-06_4.97472837983046e-06
1016,577,185-41-9-2-1,3.10920523739404e-06_3.10920523739404e-06_3.10920523739404e-06_3.10920523739404e-06_3.10920523739404e-06
1016,578,25-10-2-2-1,3.10920523739404e-06_3.10920523739404e-06_3.10920523739404e-06_3.10920523739404e-06_3.10920523739404e-06
1016,579,140-42-12-1-1,7.52427667449357e-05_7.52427667449357e-05_7.52427667449357e-05_7.52427667449357e-05_7.52427667449357e-05
1016,580,27-8-3-1-1,2.98483702789828e-05_2.98483702789828e-05_2.98483702789828e-05_2.98483702789828e-05_2.98483702789828e-05
1016,581,228-17-10-1-1,4.35288733235165e-06_4.35288733235165e-06_4.35288733235165e-06_4.35288733235165e-06_4.35288733235165e-06
1016,582,129-21-4-2-1,3.10920523739404e-06_3.10920523739404e-06_3.10920523739404e-06_3.10920523739404e-06_3.10920523739404e-06
1016,583,189-12-8-1-1,8.0839336172245e-06_8.0839336172245e-06_8.0839336172245e-06_8.0839336172245e-06_8.0839336172245e-06
1016,584,132-42-12-1-1,8.64359055995543e-05_8.64359055995543e-05_8.64359055995543e-05_8.64359055995543e-05_8.64359055995543e-05
1016,585,236-42-12-1-1,8.0839336172245e-06_8.0839336172245e-06_8.0839336172245e-06_8.0839336172245e-06_8.0839336172245e-06
1016,587,236-42-12-1-1,1.55460261869702e-05_1.55460261869702e-05_1.55460261869702e-05_1.55460261869702e-05_1.55460261869702e-05
1016,588,236-42-12-1-1,4.35288733235165e-06_4.35288733235165e-06_4.35288733235165e-06_4.35288733235165e-06_4.35288733235165e-06
1016,589,236-42-12-1-1,3.60667807537708e-05_3.60667807537708e-05_3.60667807537708e-05_3.60667807537708e-05_3.60667807537708e-05
1016,590,172-40-4-2-1,6.84025152226688e-06_6.84025152226688e-06_6.84025152226688e-06_6.84025152226688e-06_6.84025152226688e-06
1016,591,236-42-12-1-1,8.0839336172245e-06_8.0839336172245e-06_8.0839336172245e-06_8.0839336172245e-06_8.0839336172245e-06
1016,592,234-24-7-1-1,1.11931388546185e-05_1.11931388546185e-05_1.11931388546185e-05_1.11931388546185e-05_1.11931388546185e-05
1016,593,235-34-11-1-1,1.49241851394914e-05_1.49241851394914e-05_1.49241851394914e-05_1.49241851394914e-05_1.49241851394914e-05
1016,594,123-41-9-2-1,6.84025152226688e-06_6.84025152226688e-06_6.84025152226688e-06_6.84025152226688e-06_6.84025152226688e-06
1016,595,95-37-4-2-1,3.10920523739404e-06_3.10920523739404e-06_3.10920523739404e-06_3.10920523739404e-06_3.10920523739404e-06
1016,596,236-42-12-1-1,8.0839336172245e-06_8.0839336172245e-06_8.0839336172245e-06_8.0839336172245e-06_8.0839336172245e-06
1016,597,101-9-7-1-1,2.48736418991523e-05_2.48736418991523e-05_2.48736418991523e-05_2.48736418991523e-05_2.48736418991523e-05
1016,599,133-12-8-1-1,3.73104628487285e-06_3.73104628487285e-06_3.73104628487285e-06_3.73104628487285e-06_3.73104628487285e-06
1016,602,196-14-4-2-1,5.59656942730927e-06_5.59656942730927e-06_5.59656942730927e-06_5.59656942730927e-06_5.59656942730927e-06
1016,603,26-15-9-2-1,3.10920523739404e-06_3.10920523739404e-06_3.10920523739404e-06_3.10920523739404e-06_3.10920523739404e-06
1016,604,236-42-12-1-1,4.35288733235165e-06_4.35288733235165e-06_4.35288733235165e-06_4.35288733235165e-06_4.35288733235165e-06
1016,605,236-42-12-1-1,4.35288733235165e-06_4.35288733235165e-06_4.35288733235165e-06_4.35288733235165e-06_4.35288733235165e-06
1016,606,122-16-2-2-1,3.73104628487285e-06_3.73104628487285e-06_3.73104628487285e-06_3.73104628487285e-06_3.73104628487285e-06
1016,607,154-25-8-1-1,3.10920523739404e-05_3.10920523739404e-05_3.10920523739404e-05_3.10920523739404e-05_3.10920523739404e-05
1016,608,185-41-9-2-1,3.10920523739404e-06_3.10920523739404e-06_3.10920523739404e-06_3.10920523739404e-06_3.10920523739404e-06
1016,609,180-40-4-2-1,5.59656942730927e-06_5.59656942730927e-06_5.59656942730927e-06_5.59656942730927e-06_5.59656942730927e-06
1016,610,185-41-9-2-1,1.43023440920126e-05_1.43023440920126e-05_1.43023440920126e-05_1.43023440920126e-05_1.43023440920126e-05
1016,611,236-42-12-1-1,3.04702113264616e-05_3.04702113264616e-05_3.04702113264616e-05_3.04702113264616e-05_3.04702113264616e-05
1016,612,236-42-12-1-1,4.35288733235165e-06_4.35288733235165e-06_4.35288733235165e-06_4.35288733235165e-06_4.35288733235165e-06
1016,613,84-2-2-2-1,0.000129342937875592_0.000129342937875592_0.000129342937875592_0.000129342937875592_0.000129342937875592
1016,614,191-37-4-2-1,4.97472837983046e-06_4.97472837983046e-06_4.97472837983046e-06_4.97472837983046e-06_4.97472837983046e-06
1016,615,186-15-9-2-1,4.22851912285589e-05_4.22851912285589e-05_4.22851912285589e-05_4.22851912285589e-05_4.22851912285589e-05
1016,616,26-15-9-2-1,4.35288733235165e-06_4.35288733235165e-06_4.35288733235165e-06_4.35288733235165e-06_4.35288733235165e-06
1016,617,17-11-4-2-1,2.30081187567159e-05_2.30081187567159e-05_2.30081187567159e-05_2.30081187567159e-05_2.30081187567159e-05
1016,618,146-2-2-2-1,0.00244694452182911_0.00244694452182911_0.00244694452182911_0.00244694452182911_0.00244694452182911
1016,619,212-41-9-2-1,4.97472837983046e-06_4.97472837983046e-06_4.97472837983046e-06_4.97472837983046e-06_4.97472837983046e-06
1016,620,189-12-8-1-1,3.10920523739404e-06_3.10920523739404e-06_3.10920523739404e-06_3.10920523739404e-06_3.10920523739404e-06
1016,621,140-42-12-1-1,4.35288733235165e-06_4.35288733235165e-06_4.35288733235165e-06_4.35288733235165e-06_4.35288733235165e-06
1016,622,185-41-9-2-1,2.48736418991523e-06_2.48736418991523e-06_2.48736418991523e-06_2.48736418991523e-06_2.48736418991523e-06
1016,623,118-36-10-1-1,3.73104628487285e-06_3.73104628487285e-06_3.73104628487285e-06_3.73104628487285e-06_3.73104628487285e-06
1016,624,209-35-4-2-1,4.97472837983046e-06_4.97472837983046e-06_4.97472837983046e-06_4.97472837983046e-06_4.97472837983046e-06
1016,625,39-22-8-1-1,1.9277072471843e-05_1.9277072471843e-05_1.9277072471843e-05_1.9277072471843e-05_1.9277072471843e-05
1016,626,122-16-2-2-1,3.10920523739404e-06_3.10920523739404e-06_3.10920523739404e-06_3.10920523739404e-06_3.10920523739404e-06
1016,627,185-41-9-2-1,4.35288733235165e-06_4.35288733235165e-06_4.35288733235165e-06_4.35288733235165e-06_4.35288733235165e-06
1016,628,122-16-2-2-1,3.10920523739404e-06_3.10920523739404e-06_3.10920523739404e-06_3.10920523739404e-06_3.10920523739404e-06
1016,629,9-8-3-1-1,0.000920324750268635_0.000920324750268635_0.000920324750268635_0.000920324750268635_0.000920324750268635
1016,630,129-21-4-2-1,8.0839336172245e-06_8.0839336172245e-06_8.0839336172245e-06_8.0839336172245e-06_8.0839336172245e-06
1016,631,22-13-6-2-1,0.00016167867234449_0.00016167867234449_0.00016167867234449_0.00016167867234449_0.00016167867234449
1016,632,166-18-4-2-1,4.35288733235165e-06_4.35288733235165e-06_4.35288733235165e-06_4.35288733235165e-06_4.35288733235165e-06
1016,633,32-18-4-2-1,3.35794165638556e-05_3.35794165638556e-05_3.35794165638556e-05_3.35794165638556e-05_3.35794165638556e-05
1016,634,196-14-4-2-1,5.59656942730927e-06_5.59656942730927e-06_5.59656942730927e-06_5.59656942730927e-06_5.59656942730927e-06
1016,636,186-15-9-2-1,7.46209256974569e-06_7.46209256974569e-06_7.46209256974569e-06_7.46209256974569e-06_7.46209256974569e-06
1016,637,224-39-11-1-1,3.73104628487285e-06_3.73104628487285e-06_3.73104628487285e-06_3.73104628487285e-06_3.73104628487285e-06
1016,638,19-3-3-1-1,7.08898794125841e-05_7.08898794125841e-05_7.08898794125841e-05_7.08898794125841e-05_7.08898794125841e-05
1016,639,142-42-12-1-1,4.35288733235165e-06_4.35288733235165e-06_4.35288733235165e-06_4.35288733235165e-06_4.35288733235165e-06
1016,640,185-41-9-2-1,4.35288733235165e-06_4.35288733235165e-06_4.35288733235165e-06_4.35288733235165e-06_4.35288733235165e-06
1016,641,167-18-4-2-1,3.10920523739404e-06_3.10920523739404e-06_3.10920523739404e-06_3.10920523739404e-06_3.10920523739404e-06
1016,642,216-19-9-2-1,3.73104628487285e-06_3.73104628487285e-06_3.73104628487285e-06_3.73104628487285e-06_3.73104628487285e-06
1016,643,129-21-4-2-1,2.11425956142795e-05_2.11425956142795e-05_2.11425956142795e-05_2.11425956142795e-05_2.11425956142795e-05
1016,644,112-14-4-2-1,6.84025152226688e-06_6.84025152226688e-06_6.84025152226688e-06_6.84025152226688e-06_6.84025152226688e-06
1016,645,213-15-9-2-1,9.32761571218212e-06_9.32761571218212e-06_9.32761571218212e-06_9.32761571218212e-06_9.32761571218212e-06
1016,646,16-10-2-2-1,1.24368209495762e-05_1.24368209495762e-05_1.24368209495762e-05_1.24368209495762e-05_1.24368209495762e-05
1016,647,188-14-4-2-1,1.24368209495762e-05_1.24368209495762e-05_1.24368209495762e-05_1.24368209495762e-05_1.24368209495762e-05
1016,649,186-15-9-2-1,0.000243761690611693_0.000243761690611693_0.000243761690611693_0.000243761690611693_0.000243761690611693
1016,650,25-10-2-2-1,8.33267003621602e-05_8.33267003621602e-05_8.33267003621602e-05_8.33267003621602e-05_8.33267003621602e-05
1016,651,150-30-1-1-1,6.52933099852748e-05_6.52933099852748e-05_6.52933099852748e-05_6.52933099852748e-05_6.52933099852748e-05
1016,652,185-41-9-2-1,3.10920523739404e-06_3.10920523739404e-06_3.10920523739404e-06_3.10920523739404e-06_3.10920523739404e-06
1016,653,68-30-1-1-1,9.57635213117364e-05_9.57635213117364e-05_9.57635213117364e-05_9.57635213117364e-05_9.57635213117364e-05
1016,654,122-16-2-2-1,3.73104628487285e-06_3.73104628487285e-06_3.73104628487285e-06_3.73104628487285e-06_3.73104628487285e-06
1016,655,84-2-2-2-1,0.000139914235682732_0.000139914235682732_0.000139914235682732_0.000139914235682732_0.000139914235682732
1016,656,61-13-6-2-1,5.65875353205715e-05_5.65875353205715e-05_5.65875353205715e-05_5.65875353205715e-05_5.65875353205715e-05
1016,657,228-17-10-1-1,1.6167867234449e-05_1.6167867234449e-05_1.6167867234449e-05_1.6167867234449e-05_1.6167867234449e-05
1016,659,140-42-12-1-1,4.97472837983046e-06_4.97472837983046e-06_4.97472837983046e-06_4.97472837983046e-06_4.97472837983046e-06
1016,660,161-36-10-1-1,4.97472837983046e-06_4.97472837983046e-06_4.97472837983046e-06_4.97472837983046e-06_4.97472837983046e-06
1016,661,129-21-4-2-1,4.16633501810801e-05_4.16633501810801e-05_4.16633501810801e-05_4.16633501810801e-05_4.16633501810801e-05
1016,662,83-33-5-1-1,8.0839336172245e-06_8.0839336172245e-06_8.0839336172245e-06_8.0839336172245e-06_8.0839336172245e-06
1016,663,140-42-12-1-1,4.97472837983046e-06_4.97472837983046e-06_4.97472837983046e-06_4.97472837983046e-06_4.97472837983046e-06
1016,664,126-29-2-2-1,6.84025152226688e-06_6.84025152226688e-06_6.84025152226688e-06_6.84025152226688e-06_6.84025152226688e-06
1016,665,142-42-12-1-1,5.59656942730927e-06_5.59656942730927e-06_5.59656942730927e-06_5.59656942730927e-06_5.59656942730927e-06
1016,666,176-20-9-2-1,4.35288733235165e-06_4.35288733235165e-06_4.35288733235165e-06_4.35288733235165e-06_4.35288733235165e-06
1016,667,46-2-2-2-1,4.22851912285589e-05_4.22851912285589e-05_4.22851912285589e-05_4.22851912285589e-05_4.22851912285589e-05
1016,668,188-14-4-2-1,7.46209256974569e-06_7.46209256974569e-06_7.46209256974569e-06_7.46209256974569e-06_7.46209256974569e-06
1016,669,9-8-3-1-1,0.000107578501213834_0.000107578501213834_0.000107578501213834_0.000107578501213834_0.000107578501213834
1016,670,129-21-4-2-1,3.97978270386437e-05_3.97978270386437e-05_3.97978270386437e-05_3.97978270386437e-05_3.97978270386437e-05
1016,671,76-4-4-2-1,6.84025152226688e-06_6.84025152226688e-06_6.84025152226688e-06_6.84025152226688e-06_6.84025152226688e-06
1016,672,129-21-4-2-1,3.73104628487285e-06_3.73104628487285e-06_3.73104628487285e-06_3.73104628487285e-06_3.73104628487285e-06
1016,673,142-42-12-1-1,3.10920523739404e-06_3.10920523739404e-06_3.10920523739404e-06_3.10920523739404e-06_3.10920523739404e-06
1016,675,129-21-4-2-1,6.21841047478808e-06_6.21841047478808e-06_6.21841047478808e-06_6.21841047478808e-06_6.21841047478808e-06
1016,676,79-32-10-1-1,8.70577466470331e-06_8.70577466470331e-06_8.70577466470331e-06_8.70577466470331e-06_8.70577466470331e-06
1016,677,10-3-3-1-1,3.73104628487285e-05_3.73104628487285e-05_3.73104628487285e-05_3.73104628487285e-05_3.73104628487285e-05
1016,678,18-12-8-1-1,1.18149799020973e-05_1.18149799020973e-05_1.18149799020973e-05_1.18149799020973e-05_1.18149799020973e-05
1016,680,102-13-6-2-1,9.32761571218212e-06_9.32761571218212e-06_9.32761571218212e-06_9.32761571218212e-06_9.32761571218212e-06
1016,681,229-5-5-1-1,4.97472837983046e-05_4.97472837983046e-05_4.97472837983046e-05_4.97472837983046e-05_4.97472837983046e-05
1016,682,176-20-9-2-1,2.73610060890675e-05_2.73610060890675e-05_2.73610060890675e-05_2.73610060890675e-05_2.73610060890675e-05
1016,683,200-15-9-2-1,6.21841047478808e-06_6.21841047478808e-06_6.21841047478808e-06_6.21841047478808e-06_6.21841047478808e-06
1016,685,127-30-1-1-1,3.97978270386437e-05_3.97978270386437e-05_3.97978270386437e-05_3.97978270386437e-05_3.97978270386437e-05
1016,686,205-12-8-1-1,5.59656942730927e-06_5.59656942730927e-06_5.59656942730927e-06_5.59656942730927e-06_5.59656942730927e-06
1016,687,191-37-4-2-1,2.11425956142795e-05_2.11425956142795e-05_2.11425956142795e-05_2.11425956142795e-05_2.11425956142795e-05
1016,688,172-40-4-2-1,4.35288733235165e-06_4.35288733235165e-06_4.35288733235165e-06_4.35288733235165e-06_4.35288733235165e-06
1016,689,132-42-12-1-1,0.000110687706451228_0.000110687706451228_0.000110687706451228_0.000110687706451228_0.000110687706451228
1016,690,132-42-12-1-1,1.6167867234449e-05_1.6167867234449e-05_1.6167867234449e-05_1.6167867234449e-05_1.6167867234449e-05
1016,691,57-7-4-2-1,3.2335734468898e-05_3.2335734468898e-05_3.2335734468898e-05_3.2335734468898e-05_3.2335734468898e-05
1016,692,132-42-12-1-1,1.6167867234449e-05_1.6167867234449e-05_1.6167867234449e-05_1.6167867234449e-05_1.6167867234449e-05
1016,693,128-7-4-2-1,1.86552314243642e-06_1.86552314243642e-06_1.86552314243642e-06_1.86552314243642e-06_1.86552314243642e-06
1016,694,128-7-4-2-1,9.32761571218212e-06_9.32761571218212e-06_9.32761571218212e-06_9.32761571218212e-06_9.32761571218212e-06
1016,695,185-41-9-2-1,6.84025152226688e-06_6.84025152226688e-06_6.84025152226688e-06_6.84025152226688e-06_6.84025152226688e-06
1016,696,229-5-5-1-1,0.000140536076730211_0.000140536076730211_0.000140536076730211_0.000140536076730211_0.000140536076730211
1016,697,65-1-1-1-1,3.73104628487285e-06_3.73104628487285e-06_3.73104628487285e-06_3.73104628487285e-06_3.73104628487285e-06
1016,698,137-26-4-2-1,4.97472837983046e-06_4.97472837983046e-06_4.97472837983046e-06_4.97472837983046e-06_4.97472837983046e-06
1016,699,236-42-12-1-1,3.73104628487285e-06_3.73104628487285e-06_3.73104628487285e-06_3.73104628487285e-06_3.73104628487285e-06
1016,702,236-42-12-1-1,3.73104628487285e-06_3.73104628487285e-06_3.73104628487285e-06_3.73104628487285e-06_3.73104628487285e-06
1016,704,133-12-8-1-1,9.94945675966092e-06_9.94945675966092e-06_9.94945675966092e-06_9.94945675966092e-06_9.94945675966092e-06
1016,705,185-41-9-2-1,4.35288733235165e-06_4.35288733235165e-06_4.35288733235165e-06_4.35288733235165e-06_4.35288733235165e-06
1016,706,109-28-5-1-1,1.24368209495762e-05_1.24368209495762e-05_1.24368209495762e-05_1.24368209495762e-05_1.24368209495762e-05
1016,707,129-21-4-2-1,3.73104628487285e-06_3.73104628487285e-06_3.73104628487285e-06_3.73104628487285e-06_3.73104628487285e-06
1016,708,70-27-8-1-1,7.46209256974569e-06_7.46209256974569e-06_7.46209256974569e-06_7.46209256974569e-06_7.46209256974569e-06
1016,709,236-42-12-1-1,2.23862777092371e-05_2.23862777092371e-05_2.23862777092371e-05_2.23862777092371e-05_2.23862777092371e-05
1016,710,236-42-12-1-1,3.42012576113344e-05_3.42012576113344e-05_3.42012576113344e-05_3.42012576113344e-05_3.42012576113344e-05
1016,711,236-42-12-1-1,5.59656942730927e-06_5.59656942730927e-06_5.59656942730927e-06_5.59656942730927e-06_5.59656942730927e-06
1016,712,236-42-12-1-1,1.36805030445338e-05_1.36805030445338e-05_1.36805030445338e-05_1.36805030445338e-05_1.36805030445338e-05
1016,713,236-42-12-1-1,4.35288733235165e-06_4.35288733235165e-06_4.35288733235165e-06_4.35288733235165e-06_4.35288733235165e-06
1016,714,4-4-4-2-1,3.10920523739404e-06_3.10920523739404e-06_3.10920523739404e-06_3.10920523739404e-06_3.10920523739404e-06
1016,715,186-15-9-2-1,5.53438532256139e-05_5.53438532256139e-05_5.53438532256139e-05_5.53438532256139e-05_5.53438532256139e-05
1016,716,159-4-4-2-1,3.10920523739404e-06_3.10920523739404e-06_3.10920523739404e-06_3.10920523739404e-06_3.10920523739404e-06
1016,717,84-2-2-2-1,8.70577466470331e-05_8.70577466470331e-05_8.70577466470331e-05_8.70577466470331e-05_8.70577466470331e-05
1016,718,121-39-11-1-1,4.35288733235165e-06_4.35288733235165e-06_4.35288733235165e-06_4.35288733235165e-06_4.35288733235165e-06
1016,719,199-19-9-2-1,1.6167867234449e-05_1.6167867234449e-05_1.6167867234449e-05_1.6167867234449e-05_1.6167867234449e-05
1016,720,185-41-9-2-1,1.86552314243642e-06_1.86552314243642e-06_1.86552314243642e-06_1.86552314243642e-06_1.86552314243642e-06
1016,721,126-29-2-2-1,7.46209256974569e-06_7.46209256974569e-06_7.46209256974569e-06_7.46209256974569e-06_7.46209256974569e-06
1016,722,3-3-3-1-1,0.00151729215584829_0.00151729215584829_0.00151729215584829_0.00151729215584829_0.00151729215584829
1016,723,185-41-9-2-1,3.10920523739404e-06_3.10920523739404e-06_3.10920523739404e-06_3.10920523739404e-06_3.10920523739404e-06
1016,724,167-18-4-2-1,4.35288733235165e-06_4.35288733235165e-06_4.35288733235165e-06_4.35288733235165e-06_4.35288733235165e-06
1016,725,184-31-9-2-1,4.35288733235165e-06_4.35288733235165e-06_4.35288733235165e-06_4.35288733235165e-06_4.35288733235165e-06
1016,727,88-35-4-2-1,5.59656942730927e-06_5.59656942730927e-06_5.59656942730927e-06_5.59656942730927e-06_5.59656942730927e-06
1016,728,116-36-10-1-1,1.55460261869702e-05_1.55460261869702e-05_1.55460261869702e-05_1.55460261869702e-05_1.55460261869702e-05
1016,730,236-42-12-1-1,3.10920523739404e-06_3.10920523739404e-06_3.10920523739404e-06_3.10920523739404e-06_3.10920523739404e-06
1016,731,236-42-12-1-1,3.73104628487285e-06_3.73104628487285e-06_3.73104628487285e-06_3.73104628487285e-06_3.73104628487285e-06
1016,732,22-13-6-2-1,0.000370617264297369_0.000370617264297369_0.000370617264297369_0.000370617264297369_0.000370617264297369
1016,733,140-42-12-1-1,4.35288733235165e-06_4.35288733235165e-06_4.35288733235165e-06_4.35288733235165e-06_4.35288733235165e-06
1016,734,29-17-10-1-1,8.0839336172245e-06_8.0839336172245e-06_8.0839336172245e-06_8.0839336172245e-06_8.0839336172245e-06
1016,736,22-13-6-2-1,0.000105712978071397_0.000105712978071397_0.000105712978071397_0.000105712978071397_0.000105712978071397
1016,737,51-22-8-1-1,1.36805030445338e-05_1.36805030445338e-05_1.36805030445338e-05_1.36805030445338e-05_1.36805030445338e-05
1016,738,74-31-9-2-1,6.21841047478808e-06_6.21841047478808e-06_6.21841047478808e-06_6.21841047478808e-06_6.21841047478808e-06
1016,739,129-21-4-2-1,3.10920523739404e-06_3.10920523739404e-06_3.10920523739404e-06_3.10920523739404e-06_3.10920523739404e-06
1016,740,224-39-11-1-1,1.9277072471843e-05_1.9277072471843e-05_1.9277072471843e-05_1.9277072471843e-05_1.9277072471843e-05
1016,741,95-37-4-2-1,2.48736418991523e-06_2.48736418991523e-06_2.48736418991523e-06_2.48736418991523e-06_2.48736418991523e-06
1016,742,185-41-9-2-1,1.24368209495762e-06_1.24368209495762e-06_1.24368209495762e-06_1.24368209495762e-06_1.24368209495762e-06
1016,743,185-41-9-2-1,3.10920523739404e-06_3.10920523739404e-06_3.10920523739404e-06_3.10920523739404e-06_3.10920523739404e-06
1016,744,179-26-4-2-1,3.10920523739404e-06_3.10920523739404e-06_3.10920523739404e-06_3.10920523739404e-06_3.10920523739404e-06
1016,745,55-22-8-1-1,1.98989135193218e-05_1.98989135193218e-05_1.98989135193218e-05_1.98989135193218e-05_1.98989135193218e-05
1016,746,191-37-4-2-1,3.73104628487285e-06_3.73104628487285e-06_3.73104628487285e-06_3.73104628487285e-06_3.73104628487285e-06
1016,747,171-18-4-2-1,1.18149799020973e-05_1.18149799020973e-05_1.18149799020973e-05_1.18149799020973e-05_1.18149799020973e-05
1016,748,129-21-4-2-1,4.35288733235165e-06_4.35288733235165e-06_4.35288733235165e-06_4.35288733235165e-06_4.35288733235165e-06
1016,749,185-41-9-2-1,3.73104628487285e-06_3.73104628487285e-06_3.73104628487285e-06_3.73104628487285e-06_3.73104628487285e-06
1016,750,95-37-4-2-1,7.46209256974569e-06_7.46209256974569e-06_7.46209256974569e-06_7.46209256974569e-06_7.46209256974569e-06
1016,751,25-10-2-2-1,1.98989135193218e-05_1.98989135193218e-05_1.98989135193218e-05_1.98989135193218e-05_1.98989135193218e-05
1016,752,185-41-9-2-1,3.73104628487285e-06_3.73104628487285e-06_3.73104628487285e-06_3.73104628487285e-06_3.73104628487285e-06
1016,753,135-41-9-2-1,2.86046881840252e-05_2.86046881840252e-05_2.86046881840252e-05_2.86046881840252e-05_2.86046881840252e-05
1016,754,18-12-8-1-1,3.10920523739404e-06_3.10920523739404e-06_3.10920523739404e-06_3.10920523739404e-06_3.10920523739404e-06
1016,755,39-22-8-1-1,5.59656942730927e-06_5.59656942730927e-06_5.59656942730927e-06_5.59656942730927e-06_5.59656942730927e-06
1016,756,68-30-1-1-1,2.30081187567159e-05_2.30081187567159e-05_2.30081187567159e-05_2.30081187567159e-05_2.30081187567159e-05
1016,757,237-44-12-1-1,1.11931388546185e-05_1.11931388546185e-05_1.11931388546185e-05_1.11931388546185e-05_1.11931388546185e-05
1016,759,122-16-2-2-1,1.24368209495762e-05_1.24368209495762e-05_1.24368209495762e-05_1.24368209495762e-05_1.24368209495762e-05
1016,760,196-14-4-2-1,6.84025152226688e-06_6.84025152226688e-06_6.84025152226688e-06_6.84025152226688e-06_6.84025152226688e-06
1016,761,1-1-1-1-1,7.46209256974569e-06_7.46209256974569e-06_7.46209256974569e-06_7.46209256974569e-06_7.46209256974569e-06
1016,762,68-30-1-1-1,3.2335734468898e-05_3.2335734468898e-05_3.2335734468898e-05_3.2335734468898e-05_3.2335734468898e-05
1016,764,9-8-3-1-1,0.000158569467107096_0.000158569467107096_0.000158569467107096_0.000158569467107096_0.000158569467107096
1016,765,196-14-4-2-1,3.48230986588132e-05_3.48230986588132e-05_3.48230986588132e-05_3.48230986588132e-05_3.48230986588132e-05
1016,766,185-41-9-2-1,6.21841047478808e-06_6.21841047478808e-06_6.21841047478808e-06_6.21841047478808e-06_6.21841047478808e-06
1016,767,185-41-9-2-1,3.10920523739404e-06_3.10920523739404e-06_3.10920523739404e-06_3.10920523739404e-06_3.10920523739404e-06
1016,768,4-4-4-2-1,3.10920523739404e-06_3.10920523739404e-06_3.10920523739404e-06_3.10920523739404e-06_3.10920523739404e-06
1016,769,144-43-4-2-1,8.0839336172245e-06_8.0839336172245e-06_8.0839336172245e-06_8.0839336172245e-06_8.0839336172245e-06
1016,770,185-41-9-2-1,3.10920523739404e-06_3.10920523739404e-06_3.10920523739404e-06_3.10920523739404e-06_3.10920523739404e-06
1016,771,179-26-4-2-1,8.70577466470331e-06_8.70577466470331e-06_8.70577466470331e-06_8.70577466470331e-06_8.70577466470331e-06
1016,772,214-26-4-2-1,3.10920523739404e-06_3.10920523739404e-06_3.10920523739404e-06_3.10920523739404e-06_3.10920523739404e-06
1016,773,122-16-2-2-1,6.21841047478808e-06_6.21841047478808e-06_6.21841047478808e-06_6.21841047478808e-06_6.21841047478808e-06
1016,774,185-41-9-2-1,4.97472837983046e-06_4.97472837983046e-06_4.97472837983046e-06_4.97472837983046e-06_4.97472837983046e-06
1016,775,186-15-9-2-1,1.6167867234449e-05_1.6167867234449e-05_1.6167867234449e-05_1.6167867234449e-05_1.6167867234449e-05
1016,776,175-20-9-2-1,2.05207545668007e-05_2.05207545668007e-05_2.05207545668007e-05_2.05207545668007e-05_2.05207545668007e-05
1016,777,205-12-8-1-1,3.10920523739404e-06_3.10920523739404e-06_3.10920523739404e-06_3.10920523739404e-06_3.10920523739404e-06
1016,778,39-22-8-1-1,3.10920523739404e-06_3.10920523739404e-06_3.10920523739404e-06_3.10920523739404e-06_3.10920523739404e-06
1016,779,229-5-5-1-1,4.78817606558682e-05_4.78817606558682e-05_4.78817606558682e-05_4.78817606558682e-05_4.78817606558682e-05
1016,780,18-12-8-1-1,3.10920523739404e-06_3.10920523739404e-06_3.10920523739404e-06_3.10920523739404e-06_3.10920523739404e-06
1016,781,68-30-1-1-1,1.55460261869702e-05_1.55460261869702e-05_1.55460261869702e-05_1.55460261869702e-05_1.55460261869702e-05
1016,782,185-41-9-2-1,3.73104628487285e-06_3.73104628487285e-06_3.73104628487285e-06_3.73104628487285e-06_3.73104628487285e-06
1016,783,123-41-9-2-1,5.34783300831775e-05_5.34783300831775e-05_5.34783300831775e-05_5.34783300831775e-05_5.34783300831775e-05
1016,784,98-27-8-1-1,4.97472837983046e-06_4.97472837983046e-06_4.97472837983046e-06_4.97472837983046e-06_4.97472837983046e-06
1016,785,208-30-1-1-1,3.73104628487285e-06_3.73104628487285e-06_3.73104628487285e-06_3.73104628487285e-06_3.73104628487285e-06
1016,786,39-22-8-1-1,4.97472837983046e-06_4.97472837983046e-06_4.97472837983046e-06_4.97472837983046e-06_4.97472837983046e-06
1016,787,1-1-1-1-1,5.59656942730927e-06_5.59656942730927e-06_5.59656942730927e-06_5.59656942730927e-06_5.59656942730927e-06
1016,788,8-7-4-2-1,3.10920523739404e-06_3.10920523739404e-06_3.10920523739404e-06_3.10920523739404e-06_3.10920523739404e-06
1016,789,180-40-4-2-1,1.9277072471843e-05_1.9277072471843e-05_1.9277072471843e-05_1.9277072471843e-05_1.9277072471843e-05
1016,790,172-40-4-2-1,3.10920523739404e-06_3.10920523739404e-06_3.10920523739404e-06_3.10920523739404e-06_3.10920523739404e-06
1016,791,142-42-12-1-1,3.10920523739404e-06_3.10920523739404e-06_3.10920523739404e-06_3.10920523739404e-06_3.10920523739404e-06
1016,792,142-42-12-1-1,4.35288733235165e-06_4.35288733235165e-06_4.35288733235165e-06_4.35288733235165e-06_4.35288733235165e-06
1016,793,163-43-4-2-1,2.17644366617583e-05_2.17644366617583e-05_2.17644366617583e-05_2.17644366617583e-05_2.17644366617583e-05
1016,794,236-42-12-1-1,8.70577466470331e-06_8.70577466470331e-06_8.70577466470331e-06_8.70577466470331e-06_8.70577466470331e-06
1016,795,200-15-9-2-1,3.73104628487285e-06_3.73104628487285e-06_3.73104628487285e-06_3.73104628487285e-06_3.73104628487285e-06
1016,796,133-12-8-1-1,6.09404226529231e-05_6.09404226529231e-05_6.09404226529231e-05_6.09404226529231e-05_6.09404226529231e-05
1016,797,185-41-9-2-1,3.73104628487285e-06_3.73104628487285e-06_3.73104628487285e-06_3.73104628487285e-06_3.73104628487285e-06
1016,798,196-14-4-2-1,1.55460261869702e-05_1.55460261869702e-05_1.55460261869702e-05_1.55460261869702e-05_1.55460261869702e-05
1016,799,45-5-5-1-1,4.35288733235165e-06_4.35288733235165e-06_4.35288733235165e-06_4.35288733235165e-06_4.35288733235165e-06
1016,800,35-20-9-2-1,7.46209256974569e-06_7.46209256974569e-06_7.46209256974569e-06_7.46209256974569e-06_7.46209256974569e-06
1016,801,236-42-12-1-1,5.59656942730927e-06_5.59656942730927e-06_5.59656942730927e-06_5.59656942730927e-06_5.59656942730927e-06
1016,802,236-42-12-1-1,2.17644366617583e-05_2.17644366617583e-05_2.17644366617583e-05_2.17644366617583e-05_2.17644366617583e-05
1016,804,186-15-9-2-1,6.21841047478808e-05_6.21841047478808e-05_6.21841047478808e-05_6.21841047478808e-05_6.21841047478808e-05
1016,805,152-32-10-1-1,6.21841047478808e-06_6.21841047478808e-06_6.21841047478808e-06_6.21841047478808e-06_6.21841047478808e-06
1016,806,147-11-4-2-1,3.10920523739404e-06_3.10920523739404e-06_3.10920523739404e-06_3.10920523739404e-06_3.10920523739404e-06
1016,807,236-42-12-1-1,4.35288733235165e-06_4.35288733235165e-06_4.35288733235165e-06_4.35288733235165e-06_4.35288733235165e-06
1016,808,143-1-1-1-1,6.40496278903172e-05_6.40496278903172e-05_6.40496278903172e-05_6.40496278903172e-05_6.40496278903172e-05
1016,809,218-7-4-2-1,2.05207545668007e-05_2.05207545668007e-05_2.05207545668007e-05_2.05207545668007e-05_2.05207545668007e-05
1016,810,26-15-9-2-1,3.10920523739404e-06_3.10920523739404e-06_3.10920523739404e-06_3.10920523739404e-06_3.10920523739404e-06
1016,811,191-37-4-2-1,5.59656942730927e-06_5.59656942730927e-06_5.59656942730927e-06_5.59656942730927e-06_5.59656942730927e-06
1016,812,79-32-10-1-1,9.32761571218212e-06_9.32761571218212e-06_9.32761571218212e-06_9.32761571218212e-06_9.32761571218212e-06
1016,813,19-3-3-1-1,0.00164414772953397_0.00164414772953397_0.00164414772953397_0.00164414772953397_0.00164414772953397
1016,814,66-29-2-2-1,4.97472837983046e-06_4.97472837983046e-06_4.97472837983046e-06_4.97472837983046e-06_4.97472837983046e-06
1016,815,45-5-5-1-1,4.97472837983046e-06_4.97472837983046e-06_4.97472837983046e-06_4.97472837983046e-06_4.97472837983046e-06
1016,816,66-29-2-2-1,3.73104628487285e-06_3.73104628487285e-06_3.73104628487285e-06_3.73104628487285e-06_3.73104628487285e-06
1016,817,122-16-2-2-1,6.21841047478808e-06_6.21841047478808e-06_6.21841047478808e-06_6.21841047478808e-06_6.21841047478808e-06
1016,818,178-44-12-1-1,7.46209256974569e-06_7.46209256974569e-06_7.46209256974569e-06_7.46209256974569e-06_7.46209256974569e-06
1016,819,112-14-4-2-1,4.35288733235165e-06_4.35288733235165e-06_4.35288733235165e-06_4.35288733235165e-06_4.35288733235165e-06
1016,820,109-28-5-1-1,4.35288733235165e-06_4.35288733235165e-06_4.35288733235165e-06_4.35288733235165e-06_4.35288733235165e-06
1016,821,22-13-6-2-1,0.000494363632745652_0.000494363632745652_0.000494363632745652_0.000494363632745652_0.000494363632745652
1016,822,35-20-9-2-1,8.0839336172245e-06_8.0839336172245e-06_8.0839336172245e-06_8.0839336172245e-06_8.0839336172245e-06
1016,823,129-21-4-2-1,0.000193392565765909_0.000193392565765909_0.000193392565765909_0.000193392565765909_0.000193392565765909
1016,824,35-20-9-2-1,6.84025152226688e-06_6.84025152226688e-06_6.84025152226688e-06_6.84025152226688e-06_6.84025152226688e-06
1016,825,196-14-4-2-1,1.6167867234449e-05_1.6167867234449e-05_1.6167867234449e-05_1.6167867234449e-05_1.6167867234449e-05
1016,826,216-19-9-2-1,6.21841047478808e-06_6.21841047478808e-06_6.21841047478808e-06_6.21841047478808e-06_6.21841047478808e-06
1016,828,154-25-8-1-1,1.24368209495762e-05_1.24368209495762e-05_1.24368209495762e-05_1.24368209495762e-05_1.24368209495762e-05
1016,829,112-14-4-2-1,1.05712978071397e-05_1.05712978071397e-05_1.05712978071397e-05_1.05712978071397e-05_1.05712978071397e-05
1016,830,140-42-12-1-1,3.73104628487285e-06_3.73104628487285e-06_3.73104628487285e-06_3.73104628487285e-06_3.73104628487285e-06
1016,832,137-26-4-2-1,6.84025152226688e-06_6.84025152226688e-06_6.84025152226688e-06_6.84025152226688e-06_6.84025152226688e-06
1016,833,134-29-2-2-1,2.48736418991523e-06_2.48736418991523e-06_2.48736418991523e-06_2.48736418991523e-06_2.48736418991523e-06
1016,834,55-22-8-1-1,2.36299598041947e-05_2.36299598041947e-05_2.36299598041947e-05_2.36299598041947e-05_2.36299598041947e-05
1016,835,71-29-2-2-1,9.32761571218212e-06_9.32761571218212e-06_9.32761571218212e-06_9.32761571218212e-06_9.32761571218212e-06
1016,836,163-43-4-2-1,7.46209256974569e-06_7.46209256974569e-06_7.46209256974569e-06_7.46209256974569e-06_7.46209256974569e-06
1016,837,185-41-9-2-1,3.73104628487285e-06_3.73104628487285e-06_3.73104628487285e-06_3.73104628487285e-06_3.73104628487285e-06
1016,838,189-12-8-1-1,4.97472837983046e-06_4.97472837983046e-06_4.97472837983046e-06_4.97472837983046e-06_4.97472837983046e-06
1016,840,57-7-4-2-1,2.17644366617583e-05_2.17644366617583e-05_2.17644366617583e-05_2.17644366617583e-05_2.17644366617583e-05
1016,841,68-30-1-1-1,2.42518008516735e-05_2.42518008516735e-05_2.42518008516735e-05_2.42518008516735e-05_2.42518008516735e-05
1016,842,142-42-12-1-1,3.73104628487285e-06_3.73104628487285e-06_3.73104628487285e-06_3.73104628487285e-06_3.73104628487285e-06
1016,843,159-4-4-2-1,3.10920523739404e-06_3.10920523739404e-06_3.10920523739404e-06_3.10920523739404e-06_3.10920523739404e-06
1016,844,159-4-4-2-1,3.73104628487285e-06_3.73104628487285e-06_3.73104628487285e-06_3.73104628487285e-06_3.73104628487285e-06
1016,845,202-37-4-2-1,2.36299598041947e-05_2.36299598041947e-05_2.36299598041947e-05_2.36299598041947e-05_2.36299598041947e-05
1016,847,142-42-12-1-1,3.10920523739404e-06_3.10920523739404e-06_3.10920523739404e-06_3.10920523739404e-06_3.10920523739404e-06
1016,848,68-30-1-1-1,1.6167867234449e-05_1.6167867234449e-05_1.6167867234449e-05_1.6167867234449e-05_1.6167867234449e-05
1016,849,172-40-4-2-1,4.35288733235165e-06_4.35288733235165e-06_4.35288733235165e-06_4.35288733235165e-06_4.35288733235165e-06
1016,852,142-42-12-1-1,3.10920523739404e-06_3.10920523739404e-06_3.10920523739404e-06_3.10920523739404e-06_3.10920523739404e-06
1016,853,75-1-1-1-1,1.11931388546185e-05_1.11931388546185e-05_1.11931388546185e-05_1.11931388546185e-05_1.11931388546185e-05
1016,854,224-39-11-1-1,4.97472837983046e-06_4.97472837983046e-06_4.97472837983046e-06_4.97472837983046e-06_4.97472837983046e-06
1016,855,185-41-9-2-1,3.10920523739404e-06_3.10920523739404e-06_3.10920523739404e-06_3.10920523739404e-06_3.10920523739404e-06
1016,856,142-42-12-1-1,3.10920523739404e-06_3.10920523739404e-06_3.10920523739404e-06_3.10920523739404e-06_3.10920523739404e-06
1016,857,142-42-12-1-1,3.10920523739404e-06_3.10920523739404e-06_3.10920523739404e-06_3.10920523739404e-06_3.10920523739404e-06
1016,858,22-13-6-2-1,4.22851912285589e-05_4.22851912285589e-05_4.22851912285589e-05_4.22851912285589e-05_4.22851912285589e-05
1016,859,214-26-4-2-1,2.98483702789828e-05_2.98483702789828e-05_2.98483702789828e-05_2.98483702789828e-05_2.98483702789828e-05
1016,860,185-41-9-2-1,4.97472837983046e-06_4.97472837983046e-06_4.97472837983046e-06_4.97472837983046e-06_4.97472837983046e-06
1016,861,55-22-8-1-1,5.59656942730927e-06_5.59656942730927e-06_5.59656942730927e-06_5.59656942730927e-06_5.59656942730927e-06
1016,862,95-37-4-2-1,4.35288733235165e-06_4.35288733235165e-06_4.35288733235165e-06_4.35288733235165e-06_4.35288733235165e-06
1016,863,135-41-9-2-1,1.18149799020973e-05_1.18149799020973e-05_1.18149799020973e-05_1.18149799020973e-05_1.18149799020973e-05
1016,864,68-30-1-1-1,1.49241851394914e-05_1.49241851394914e-05_1.49241851394914e-05_1.49241851394914e-05_1.49241851394914e-05
1016,865,166-18-4-2-1,1.3058661997055e-05_1.3058661997055e-05_1.3058661997055e-05_1.3058661997055e-05_1.3058661997055e-05
1016,866,185-41-9-2-1,3.73104628487285e-06_3.73104628487285e-06_3.73104628487285e-06_3.73104628487285e-06_3.73104628487285e-06
1016,867,68-30-1-1-1,1.43023440920126e-05_1.43023440920126e-05_1.43023440920126e-05_1.43023440920126e-05_1.43023440920126e-05
1016,868,134-29-2-2-1,4.97472837983046e-06_4.97472837983046e-06_4.97472837983046e-06_4.97472837983046e-06_4.97472837983046e-06
1016,869,185-41-9-2-1,3.66886218012497e-05_3.66886218012497e-05_3.66886218012497e-05_3.66886218012497e-05_3.66886218012497e-05
1016,870,132-42-12-1-1,4.04196680861225e-05_4.04196680861225e-05_4.04196680861225e-05_4.04196680861225e-05_4.04196680861225e-05
1016,872,132-42-12-1-1,4.35288733235165e-05_4.35288733235165e-05_4.35288733235165e-05_4.35288733235165e-05_4.35288733235165e-05
1016,873,196-14-4-2-1,2.48736418991523e-06_2.48736418991523e-06_2.48736418991523e-06_2.48736418991523e-06_2.48736418991523e-06
1016,874,132-42-12-1-1,5.34783300831775e-05_5.34783300831775e-05_5.34783300831775e-05_5.34783300831775e-05_5.34783300831775e-05
1016,875,228-17-10-1-1,1.49241851394914e-05_1.49241851394914e-05_1.49241851394914e-05_1.49241851394914e-05_1.49241851394914e-05
1016,876,185-41-9-2-1,6.21841047478808e-06_6.21841047478808e-06_6.21841047478808e-06_6.21841047478808e-06_6.21841047478808e-06
1016,877,87-34-11-1-1,0.00015670394396466_0.00015670394396466_0.00015670394396466_0.00015670394396466_0.00015670394396466
1016,878,87-34-11-1-1,0.000157325785012138_0.000157325785012138_0.000157325785012138_0.000157325785012138_0.000157325785012138
1016,879,87-34-11-1-1,0.000157325785012138_0.000157325785012138_0.000157325785012138_0.000157325785012138_0.000157325785012138
1016,880,133-12-8-1-1,3.17138934214192e-05_3.17138934214192e-05_3.17138934214192e-05_3.17138934214192e-05_3.17138934214192e-05
1016,883,122-16-2-2-1,4.35288733235165e-06_4.35288733235165e-06_4.35288733235165e-06_4.35288733235165e-06_4.35288733235165e-06
1016,884,129-21-4-2-1,2.98483702789828e-05_2.98483702789828e-05_2.98483702789828e-05_2.98483702789828e-05_2.98483702789828e-05
1016,885,138-23-8-1-1,4.35288733235165e-06_4.35288733235165e-06_4.35288733235165e-06_4.35288733235165e-06_4.35288733235165e-06
1016,886,170-43-4-2-1,4.47725554184741e-05_4.47725554184741e-05_4.47725554184741e-05_4.47725554184741e-05_4.47725554184741e-05
1016,887,45-5-5-1-1,2.48736418991523e-06_2.48736418991523e-06_2.48736418991523e-06_2.48736418991523e-06_2.48736418991523e-06
1016,888,45-5-5-1-1,3.10920523739404e-06_3.10920523739404e-06_3.10920523739404e-06_3.10920523739404e-06_3.10920523739404e-06
1016,890,4-4-4-2-1,3.73104628487285e-06_3.73104628487285e-06_3.73104628487285e-06_3.73104628487285e-06_3.73104628487285e-06
1016,891,112-14-4-2-1,4.35288733235165e-06_4.35288733235165e-06_4.35288733235165e-06_4.35288733235165e-06_4.35288733235165e-06
1016,892,221-35-4-2-1,3.73104628487285e-06_3.73104628487285e-06_3.73104628487285e-06_3.73104628487285e-06_3.73104628487285e-06
1016,893,186-15-9-2-1,9.38979981693e-05_9.38979981693e-05_9.38979981693e-05_9.38979981693e-05_9.38979981693e-05
1016,894,121-39-11-1-1,6.21841047478808e-06_6.21841047478808e-06_6.21841047478808e-06_6.21841047478808e-06_6.21841047478808e-06
1016,895,113-31-9-2-1,5.28564890356987e-05_5.28564890356987e-05_5.28564890356987e-05_5.28564890356987e-05_5.28564890356987e-05
1016,897,205-12-8-1-1,3.73104628487285e-06_3.73104628487285e-06_3.73104628487285e-06_3.73104628487285e-06_3.73104628487285e-06
1016,898,3-3-3-1-1,0.0011914474469694_0.0011914474469694_0.0011914474469694_0.0011914474469694_0.0011914474469694
1016,899,39-22-8-1-1,3.73104628487285e-06_3.73104628487285e-06_3.73104628487285e-06_3.73104628487285e-06_3.73104628487285e-06
1016,900,152-32-10-1-1,1.3058661997055e-05_1.3058661997055e-05_1.3058661997055e-05_1.3058661997055e-05_1.3058661997055e-05
1016,901,118-36-10-1-1,1.05712978071397e-05_1.05712978071397e-05_1.05712978071397e-05_1.05712978071397e-05_1.05712978071397e-05
1016,902,185-41-9-2-1,4.35288733235165e-06_4.35288733235165e-06_4.35288733235165e-06_4.35288733235165e-06_4.35288733235165e-06
1016,903,216-19-9-2-1,4.97472837983046e-06_4.97472837983046e-06_4.97472837983046e-06_4.97472837983046e-06_4.97472837983046e-06
1016,904,188-14-4-2-1,5.59656942730927e-06_5.59656942730927e-06_5.59656942730927e-06_5.59656942730927e-06_5.59656942730927e-06
1016,905,172-40-4-2-1,3.10920523739404e-06_3.10920523739404e-06_3.10920523739404e-06_3.10920523739404e-06_3.10920523739404e-06
1016,906,22-13-6-2-1,0.000227593823377244_0.000227593823377244_0.000227593823377244_0.000227593823377244_0.000227593823377244
1016,907,127-30-1-1-1,6.21841047478808e-06_6.21841047478808e-06_6.21841047478808e-06_6.21841047478808e-06_6.21841047478808e-06
1016,908,129-21-4-2-1,7.21335615075417e-05_7.21335615075417e-05_7.21335615075417e-05_7.21335615075417e-05_7.21335615075417e-05
1016,909,17-11-4-2-1,1.11931388546185e-05_1.11931388546185e-05_1.11931388546185e-05_1.11931388546185e-05_1.11931388546185e-05
1016,910,154-25-8-1-1,1.05712978071397e-05_1.05712978071397e-05_1.05712978071397e-05_1.05712978071397e-05_1.05712978071397e-05
1016,911,179-26-4-2-1,3.10920523739404e-06_3.10920523739404e-06_3.10920523739404e-06_3.10920523739404e-06_3.10920523739404e-06
1016,912,142-42-12-1-1,3.10920523739404e-06_3.10920523739404e-06_3.10920523739404e-06_3.10920523739404e-06_3.10920523739404e-06
1016,914,55-22-8-1-1,1.24368209495762e-05_1.24368209495762e-05_1.24368209495762e-05_1.24368209495762e-05_1.24368209495762e-05
1016,915,230-14-4-2-1,1.24368209495762e-05_1.24368209495762e-05_1.24368209495762e-05_1.24368209495762e-05_1.24368209495762e-05
1016,916,10-3-3-1-1,1.74115493294066e-05_1.74115493294066e-05_1.74115493294066e-05_1.74115493294066e-05_1.74115493294066e-05
1016,917,199-19-9-2-1,8.0839336172245e-06_8.0839336172245e-06_8.0839336172245e-06_8.0839336172245e-06_8.0839336172245e-06
1016,918,109-28-5-1-1,1.05712978071397e-05_1.05712978071397e-05_1.05712978071397e-05_1.05712978071397e-05_1.05712978071397e-05
1016,919,161-36-10-1-1,9.94945675966092e-06_9.94945675966092e-06_9.94945675966092e-06_9.94945675966092e-06_9.94945675966092e-06
1016,920,128-7-4-2-1,8.0839336172245e-06_8.0839336172245e-06_8.0839336172245e-06_8.0839336172245e-06_8.0839336172245e-06
1016,921,142-42-12-1-1,4.97472837983046e-06_4.97472837983046e-06_4.97472837983046e-06_4.97472837983046e-06_4.97472837983046e-06
1016,922,68-30-1-1-1,1.67897082819278e-05_1.67897082819278e-05_1.67897082819278e-05_1.67897082819278e-05_1.67897082819278e-05
1016,923,224-39-11-1-1,7.46209256974569e-06_7.46209256974569e-06_7.46209256974569e-06_7.46209256974569e-06_7.46209256974569e-06
1016,925,13-6-6-2-1,4.5394396465953e-05_4.5394396465953e-05_4.5394396465953e-05_4.5394396465953e-05_4.5394396465953e-05
1016,926,129-21-4-2-1,1.9277072471843e-05_1.9277072471843e-05_1.9277072471843e-05_1.9277072471843e-05_1.9277072471843e-05
1016,927,1-1-1-1-1,3.10920523739404e-06_3.10920523739404e-06_3.10920523739404e-06_3.10920523739404e-06_3.10920523739404e-06
1016,928,229-5-5-1-1,4.78817606558682e-05_4.78817606558682e-05_4.78817606558682e-05_4.78817606558682e-05_4.78817606558682e-05
1016,929,142-42-12-1-1,3.10920523739404e-06_3.10920523739404e-06_3.10920523739404e-06_3.10920523739404e-06_3.10920523739404e-06
1016,930,142-42-12-1-1,3.10920523739404e-06_3.10920523739404e-06_3.10920523739404e-06_3.10920523739404e-06_3.10920523739404e-06
1016,931,129-21-4-2-1,6.84025152226688e-06_6.84025152226688e-06_6.84025152226688e-06_6.84025152226688e-06_6.84025152226688e-06
1016,932,160-30-1-1-1,1.05712978071397e-05_1.05712978071397e-05_1.05712978071397e-05_1.05712978071397e-05_1.05712978071397e-05
1016,933,205-12-8-1-1,4.35288733235165e-06_4.35288733235165e-06_4.35288733235165e-06_4.35288733235165e-06_4.35288733235165e-06
1016,934,172-40-4-2-1,2.48736418991523e-06_2.48736418991523e-06_2.48736418991523e-06_2.48736418991523e-06_2.48736418991523e-06
1016,936,189-12-8-1-1,1.18149799020973e-05_1.18149799020973e-05_1.18149799020973e-05_1.18149799020973e-05_1.18149799020973e-05
1016,937,178-44-12-1-1,1.67897082819278e-05_1.67897082819278e-05_1.67897082819278e-05_1.67897082819278e-05_1.67897082819278e-05
1016,938,191-37-4-2-1,4.35288733235165e-06_4.35288733235165e-06_4.35288733235165e-06_4.35288733235165e-06_4.35288733235165e-06
1016,939,140-42-12-1-1,3.10920523739404e-06_3.10920523739404e-06_3.10920523739404e-06_3.10920523739404e-06_3.10920523739404e-06
1016,940,68-30-1-1-1,2.9226529231504e-05_2.9226529231504e-05_2.9226529231504e-05_2.9226529231504e-05_2.9226529231504e-05
1016,941,27-8-3-1-1,3.85541449436861e-05_3.85541449436861e-05_3.85541449436861e-05_3.85541449436861e-05_3.85541449436861e-05
1016,942,197-30-1-1-1,2.11425956142795e-05_2.11425956142795e-05_2.11425956142795e-05_2.11425956142795e-05_2.11425956142795e-05
1016,943,160-30-1-1-1,6.84025152226688e-06_6.84025152226688e-06_6.84025152226688e-06_6.84025152226688e-06_6.84025152226688e-06
1016,944,172-40-4-2-1,4.97472837983046e-06_4.97472837983046e-06_4.97472837983046e-06_4.97472837983046e-06_4.97472837983046e-06
1016,945,70-27-8-1-1,3.10920523739404e-06_3.10920523739404e-06_3.10920523739404e-06_3.10920523739404e-06_3.10920523739404e-06
1016,946,186-15-9-2-1,0.000147376328252477_0.000147376328252477_0.000147376328252477_0.000147376328252477_0.000147376328252477
1016,947,236-42-12-1-1,6.84025152226688e-06_6.84025152226688e-06_6.84025152226688e-06_6.84025152226688e-06_6.84025152226688e-06
1016,948,236-42-12-1-1,3.73104628487285e-06_3.73104628487285e-06_3.73104628487285e-06_3.73104628487285e-06_3.73104628487285e-06
1016,949,84-2-2-2-1,4.10415091336013e-05_4.10415091336013e-05_4.10415091336013e-05_4.10415091336013e-05_4.10415091336013e-05
1016,950,25-10-2-2-1,3.10920523739404e-06_3.10920523739404e-06_3.10920523739404e-06_3.10920523739404e-06_3.10920523739404e-06
1016,951,76-4-4-2-1,3.73104628487285e-06_3.73104628487285e-06_3.73104628487285e-06_3.73104628487285e-06_3.73104628487285e-06
1016,952,19-3-3-1-1,0.000814611772197238_0.000814611772197238_0.000814611772197238_0.000814611772197238_0.000814611772197238
1016,953,118-36-10-1-1,1.3058661997055e-05_1.3058661997055e-05_1.3058661997055e-05_1.3058661997055e-05_1.3058661997055e-05
1016,954,172-40-4-2-1,2.48736418991523e-06_2.48736418991523e-06_2.48736418991523e-06_2.48736418991523e-06_2.48736418991523e-06
1016,955,135-41-9-2-1,1.3058661997055e-05_1.3058661997055e-05_1.3058661997055e-05_1.3058661997055e-05_1.3058661997055e-05
1016,957,77-28-5-1-1,5.59656942730927e-06_5.59656942730927e-06_5.59656942730927e-06_5.59656942730927e-06_5.59656942730927e-06
1016,958,22-13-6-2-1,0.00013058661997055_0.00013058661997055_0.00013058661997055_0.00013058661997055_0.00013058661997055
1016,959,66-29-2-2-1,3.73104628487285e-06_3.73104628487285e-06_3.73104628487285e-06_3.73104628487285e-06_3.73104628487285e-06
1016,960,129-21-4-2-1,6.65369920802324e-05_6.65369920802324e-05_6.65369920802324e-05_6.65369920802324e-05_6.65369920802324e-05
1016,961,196-14-4-2-1,6.21841047478808e-06_6.21841047478808e-06_6.21841047478808e-06_6.21841047478808e-06_6.21841047478808e-06
1016,962,122-16-2-2-1,4.97472837983046e-06_4.97472837983046e-06_4.97472837983046e-06_4.97472837983046e-06_4.97472837983046e-06
1016,964,129-21-4-2-1,8.70577466470331e-06_8.70577466470331e-06_8.70577466470331e-06_8.70577466470331e-06_8.70577466470331e-06
1016,965,172-40-4-2-1,3.10920523739404e-06_3.10920523739404e-06_3.10920523739404e-06_3.10920523739404e-06_3.10920523739404e-06
1016,966,185-41-9-2-1,8.0839336172245e-06_8.0839336172245e-06_8.0839336172245e-06_8.0839336172245e-06_8.0839336172245e-06
1016,967,79-32-10-1-1,2.17644366617583e-05_2.17644366617583e-05_2.17644366617583e-05_2.17644366617583e-05_2.17644366617583e-05
1016,968,212-41-9-2-1,4.35288733235165e-06_4.35288733235165e-06_4.35288733235165e-06_4.35288733235165e-06_4.35288733235165e-06
1016,969,76-4-4-2-1,5.59656942730927e-06_5.59656942730927e-06_5.59656942730927e-06_5.59656942730927e-06_5.59656942730927e-06
1016,971,5-5-5-1-1,2.23862777092371e-05_2.23862777092371e-05_2.23862777092371e-05_2.23862777092371e-05_2.23862777092371e-05
1016,972,224-39-11-1-1,5.59656942730927e-06_5.59656942730927e-06_5.59656942730927e-06_5.59656942730927e-06_5.59656942730927e-06
1016,973,188-14-4-2-1,1.24368209495762e-05_1.24368209495762e-05_1.24368209495762e-05_1.24368209495762e-05_1.24368209495762e-05
1016,974,95-37-4-2-1,3.73104628487285e-06_3.73104628487285e-06_3.73104628487285e-06_3.73104628487285e-06_3.73104628487285e-06
1016,975,112-14-4-2-1,3.10920523739404e-06_3.10920523739404e-06_3.10920523739404e-06_3.10920523739404e-06_3.10920523739404e-06
1016,976,227-41-9-2-1,1.18149799020973e-05_1.18149799020973e-05_1.18149799020973e-05_1.18149799020973e-05_1.18149799020973e-05
1016,977,142-42-12-1-1,3.10920523739404e-06_3.10920523739404e-06_3.10920523739404e-06_3.10920523739404e-06_3.10920523739404e-06
1016,978,18-12-8-1-1,3.10920523739404e-06_3.10920523739404e-06_3.10920523739404e-06_3.10920523739404e-06_3.10920523739404e-06
1016,980,126-29-2-2-1,7.27554025550205e-05_7.27554025550205e-05_7.27554025550205e-05_7.27554025550205e-05_7.27554025550205e-05
1016,981,32-18-4-2-1,3.10920523739404e-06_3.10920523739404e-06_3.10920523739404e-06_3.10920523739404e-06_3.10920523739404e-06
1016,982,214-26-4-2-1,3.42012576113344e-05_3.42012576113344e-05_3.42012576113344e-05_3.42012576113344e-05_3.42012576113344e-05
1016,983,172-40-4-2-1,6.21841047478808e-06_6.21841047478808e-06_6.21841047478808e-06_6.21841047478808e-06_6.21841047478808e-06
1016,984,185-41-9-2-1,4.35288733235165e-06_4.35288733235165e-06_4.35288733235165e-06_4.35288733235165e-06_4.35288733235165e-06
1016,985,172-40-4-2-1,5.59656942730927e-06_5.59656942730927e-06_5.59656942730927e-06_5.59656942730927e-06_5.59656942730927e-06
1016,986,236-42-12-1-1,1.43023440920126e-05_1.43023440920126e-05_1.43023440920126e-05_1.43023440920126e-05_1.43023440920126e-05
1016,987,8-7-4-2-1,8.70577466470331e-06_8.70577466470331e-06_8.70577466470331e-06_8.70577466470331e-06_8.70577466470331e-06
1016,988,227-41-9-2-1,6.21841047478808e-06_6.21841047478808e-06_6.21841047478808e-06_6.21841047478808e-06_6.21841047478808e-06
1016,989,203-11-4-2-1,9.94945675966092e-06_9.94945675966092e-06_9.94945675966092e-06_9.94945675966092e-06_9.94945675966092e-06
1016,990,229-5-5-1-1,4.72599196083894e-05_4.72599196083894e-05_4.72599196083894e-05_4.72599196083894e-05_4.72599196083894e-05
1016,991,140-42-12-1-1,1.3058661997055e-05_1.3058661997055e-05_1.3058661997055e-05_1.3058661997055e-05_1.3058661997055e-05
1016,992,27-8-3-1-1,5.22346479882198e-05_5.22346479882198e-05_5.22346479882198e-05_5.22346479882198e-05_5.22346479882198e-05
1016,993,132-42-12-1-1,4.16633501810801e-05_4.16633501810801e-05_4.16633501810801e-05_4.16633501810801e-05_4.16633501810801e-05
1016,995,87-34-11-1-1,0.000159813149202054_0.000159813149202054_0.000159813149202054_0.000159813149202054_0.000159813149202054
1016,996,87-34-11-1-1,0.000158569467107096_0.000158569467107096_0.000158569467107096_0.000158569467107096_0.000158569467107096
1016,997,132-42-12-1-1,3.97978270386437e-05_3.97978270386437e-05_3.97978270386437e-05_3.97978270386437e-05_3.97978270386437e-05
1016,998,236-42-12-1-1,4.35288733235165e-06_4.35288733235165e-06_4.35288733235165e-06_4.35288733235165e-06_4.35288733235165e-06
1016,999,236-42-12-1-1,1.05712978071397e-05_1.05712978071397e-05_1.05712978071397e-05_1.05712978071397e-05_1.05712978071397e-05
1016,1001,129-21-4-2-1,6.84025152226688e-06_6.84025152226688e-06_6.84025152226688e-06_6.84025152226688e-06_6.84025152226688e-06
1016,1002,205-12-8-1-1,3.73104628487285e-06_3.73104628487285e-06_3.73104628487285e-06_3.73104628487285e-06_3.73104628487285e-06
1016,1003,126-29-2-2-1,1.86552314243642e-05_1.86552314243642e-05_1.86552314243642e-05_1.86552314243642e-05_1.86552314243642e-05
1016,1004,186-15-9-2-1,0.000205207545668007_0.000205207545668007_0.000205207545668007_0.000205207545668007_0.000205207545668007
1016,1005,84-2-2-2-1,0.000167275241771799_0.000167275241771799_0.000167275241771799_0.000167275241771799_0.000167275241771799
1016,1006,1-1-1-1-1,6.21841047478808e-06_6.21841047478808e-06_6.21841047478808e-06_6.21841047478808e-06_6.21841047478808e-06
1016,1007,19-3-3-1-1,0.000642361802045608_0.000642361802045608_0.000642361802045608_0.000642361802045608_0.000642361802045608
1016,1009,153-18-4-2-1,3.10920523739404e-06_3.10920523739404e-06_3.10920523739404e-06_3.10920523739404e-06_3.10920523739404e-06
1016,1010,95-37-4-2-1,8.0839336172245e-06_8.0839336172245e-06_8.0839336172245e-06_8.0839336172245e-06_8.0839336172245e-06
1016,1011,112-14-4-2-1,5.59656942730927e-06_5.59656942730927e-06_5.59656942730927e-06_5.59656942730927e-06_5.59656942730927e-06
1016,1012,186-15-9-2-1,8.70577466470331e-06_8.70577466470331e-06_8.70577466470331e-06_8.70577466470331e-06_8.70577466470331e-06
1016,1013,75-1-1-1-1,4.35288733235165e-06_4.35288733235165e-06_4.35288733235165e-06_4.35288733235165e-06_4.35288733235165e-06
1016,1014,3-3-3-1-1,0.000203963863573049_0.000203963863573049_0.000203963863573049_0.000203963863573049_0.000203963863573049
1016,1015,129-21-4-2-1,6.52933099852748e-05_6.52933099852748e-05_6.52933099852748e-05_6.52933099852748e-05_6.52933099852748e-05
1016,1016,177-7-4-2-1,3.73104628487285e-06_3.73104628487285e-06_3.73104628487285e-06_3.73104628487285e-06_3.73104628487285e-06
1016,1017,68-30-1-1-1,4.97472837983046e-06_4.97472837983046e-06_4.97472837983046e-06_4.97472837983046e-06_4.97472837983046e-06
1016,1018,218-7-4-2-1,3.10920523739404e-06_3.10920523739404e-06_3.10920523739404e-06_3.10920523739404e-06_3.10920523739404e-06
1016,1019,179-26-4-2-1,1.36805030445338e-05_1.36805030445338e-05_1.36805030445338e-05_1.36805030445338e-05_1.36805030445338e-05
1016,1020,230-14-4-2-1,1.49241851394914e-05_1.49241851394914e-05_1.49241851394914e-05_1.49241851394914e-05_1.49241851394914e-05
1016,1021,201-17-10-1-1,5.09909658932622e-05_5.09909658932622e-05_5.09909658932622e-05_5.09909658932622e-05_5.09909658932622e-05
1016,1022,135-41-9-2-1,1.11931388546185e-05_1.11931388546185e-05_1.11931388546185e-05_1.11931388546185e-05_1.11931388546185e-05
1016,1023,142-42-12-1-1,3.10920523739404e-06_3.10920523739404e-06_3.10920523739404e-06_3.10920523739404e-06_3.10920523739404e-06
1016,1024,142-42-12-1-1,4.35288733235165e-06_4.35288733235165e-06_4.35288733235165e-06_4.35288733235165e-06_4.35288733235165e-06
1016,1025,209-35-4-2-1,9.94945675966092e-06_9.94945675966092e-06_9.94945675966092e-06_9.94945675966092e-06_9.94945675966092e-06
1016,1026,142-42-12-1-1,3.10920523739404e-06_3.10920523739404e-06_3.10920523739404e-06_3.10920523739404e-06_3.10920523739404e-06
1016,1027,185-41-9-2-1,6.21841047478808e-06_6.21841047478808e-06_6.21841047478808e-06_6.21841047478808e-06_6.21841047478808e-06
1016,1028,172-40-4-2-1,3.10920523739404e-06_3.10920523739404e-06_3.10920523739404e-06_3.10920523739404e-06_3.10920523739404e-06
1016,1029,128-7-4-2-1,1.18149799020973e-05_1.18149799020973e-05_1.18149799020973e-05_1.18149799020973e-05_1.18149799020973e-05
1016,1030,185-41-9-2-1,3.10920523739404e-06_3.10920523739404e-06_3.10920523739404e-06_3.10920523739404e-06_3.10920523739404e-06
1016,1031,140-42-12-1-1,4.97472837983046e-06_4.97472837983046e-06_4.97472837983046e-06_4.97472837983046e-06_4.97472837983046e-06
1016,1032,79-32-10-1-1,2.48736418991523e-05_2.48736418991523e-05_2.48736418991523e-05_2.48736418991523e-05_2.48736418991523e-05
1016,1033,129-21-4-2-1,1.43023440920126e-05_1.43023440920126e-05_1.43023440920126e-05_1.43023440920126e-05_1.43023440920126e-05
1016,1034,142-42-12-1-1,3.10920523739404e-06_3.10920523739404e-06_3.10920523739404e-06_3.10920523739404e-06_3.10920523739404e-06
1016,1035,55-22-8-1-1,3.73104628487285e-06_3.73104628487285e-06_3.73104628487285e-06_3.73104628487285e-06_3.73104628487285e-06
1016,1036,160-30-1-1-1,1.80333903768854e-05_1.80333903768854e-05_1.80333903768854e-05_1.80333903768854e-05_1.80333903768854e-05
1016,1037,185-41-9-2-1,3.10920523739404e-06_3.10920523739404e-06_3.10920523739404e-06_3.10920523739404e-06_3.10920523739404e-06
1016,1038,229-5-5-1-1,3.10920523739404e-06_3.10920523739404e-06_3.10920523739404e-06_3.10920523739404e-06_3.10920523739404e-06
1016,1039,221-35-4-2-1,1.36805030445338e-05_1.36805030445338e-05_1.36805030445338e-05_1.36805030445338e-05_1.36805030445338e-05
1016,1040,142-42-12-1-1,3.10920523739404e-06_3.10920523739404e-06_3.10920523739404e-06_3.10920523739404e-06_3.10920523739404e-06
1016,1041,229-5-5-1-1,4.72599196083894e-05_4.72599196083894e-05_4.72599196083894e-05_4.72599196083894e-05_4.72599196083894e-05
1016,1042,140-42-12-1-1,6.21841047478808e-06_6.21841047478808e-06_6.21841047478808e-06_6.21841047478808e-06_6.21841047478808e-06
1016,1043,115-8-3-1-1,5.59656942730927e-05_5.59656942730927e-05_5.59656942730927e-05_5.59656942730927e-05_5.59656942730927e-05
1016,1044,235-34-11-1-1,9.94945675966092e-06_9.94945675966092e-06_9.94945675966092e-06_9.94945675966092e-06_9.94945675966092e-06
1016,1045,133-12-8-1-1,6.21841047478808e-06_6.21841047478808e-06_6.21841047478808e-06_6.21841047478808e-06_6.21841047478808e-06
1016,1046,236-42-12-1-1,1.05712978071397e-05_1.05712978071397e-05_1.05712978071397e-05_1.05712978071397e-05_1.05712978071397e-05
1016,1048,26-15-9-2-1,8.0839336172245e-06_8.0839336172245e-06_8.0839336172245e-06_8.0839336172245e-06_8.0839336172245e-06
1016,1049,236-42-12-1-1,2.48736418991523e-05_2.48736418991523e-05_2.48736418991523e-05_2.48736418991523e-05_2.48736418991523e-05
1016,1050,186-15-9-2-1,0.000203963863573049_0.000203963863573049_0.000203963863573049_0.000203963863573049_0.000203963863573049
1016,1051,115-8-3-1-1,0.000131830302065507_0.000131830302065507_0.000131830302065507_0.000131830302065507_0.000131830302065507
1016,1052,19-3-3-1-1,0.000447103713137263_0.000447103713137263_0.000447103713137263_0.000447103713137263_0.000447103713137263
1016,1053,185-41-9-2-1,3.73104628487285e-06_3.73104628487285e-06_3.73104628487285e-06_3.73104628487285e-06_3.73104628487285e-06
1016,1054,118-36-10-1-1,6.84025152226688e-06_6.84025152226688e-06_6.84025152226688e-06_6.84025152226688e-06_6.84025152226688e-06
1016,1055,112-14-4-2-1,8.0839336172245e-06_8.0839336172245e-06_8.0839336172245e-06_8.0839336172245e-06_8.0839336172245e-06
1016,1056,118-36-10-1-1,5.59656942730927e-06_5.59656942730927e-06_5.59656942730927e-06_5.59656942730927e-06_5.59656942730927e-06
1016,1057,89-13-6-2-1,0.000151729215584829_0.000151729215584829_0.000151729215584829_0.000151729215584829_0.000151729215584829
1016,1058,129-21-4-2-1,3.91759859911649e-05_3.91759859911649e-05_3.91759859911649e-05_3.91759859911649e-05_3.91759859911649e-05
1016,1059,172-40-4-2-1,2.48736418991523e-06_2.48736418991523e-06_2.48736418991523e-06_2.48736418991523e-06_2.48736418991523e-06
1016,1060,203-11-4-2-1,5.03691248457834e-05_5.03691248457834e-05_5.03691248457834e-05_5.03691248457834e-05_5.03691248457834e-05
1016,1061,236-42-12-1-1,3.73104628487285e-06_3.73104628487285e-06_3.73104628487285e-06_3.73104628487285e-06_3.73104628487285e-06
1016,1062,203-11-4-2-1,3.35794165638556e-05_3.35794165638556e-05_3.35794165638556e-05_3.35794165638556e-05_3.35794165638556e-05
1016,1063,196-14-4-2-1,9.94945675966092e-06_9.94945675966092e-06_9.94945675966092e-06_9.94945675966092e-06_9.94945675966092e-06
1016,1064,57-7-4-2-1,8.70577466470331e-06_8.70577466470331e-06_8.70577466470331e-06_8.70577466470331e-06_8.70577466470331e-06
1016,1065,160-30-1-1-1,1.05712978071397e-05_1.05712978071397e-05_1.05712978071397e-05_1.05712978071397e-05_1.05712978071397e-05
1016,1067,42-13-6-2-1,4.10415091336013e-05_4.10415091336013e-05_4.10415091336013e-05_4.10415091336013e-05_4.10415091336013e-05
1016,1068,179-26-4-2-1,8.0839336172245e-06_8.0839336172245e-06_8.0839336172245e-06_8.0839336172245e-06_8.0839336172245e-06
1016,1069,45-5-5-1-1,1.6167867234449e-05_1.6167867234449e-05_1.6167867234449e-05_1.6167867234449e-05_1.6167867234449e-05
1016,1070,224-39-11-1-1,4.97472837983046e-06_4.97472837983046e-06_4.97472837983046e-06_4.97472837983046e-06_4.97472837983046e-06
1016,1071,142-42-12-1-1,3.10920523739404e-06_3.10920523739404e-06_3.10920523739404e-06_3.10920523739404e-06_3.10920523739404e-06
1016,1072,236-42-12-1-1,8.0839336172245e-06_8.0839336172245e-06_8.0839336172245e-06_8.0839336172245e-06_8.0839336172245e-06
1016,1073,229-5-5-1-1,4.78817606558682e-05_4.78817606558682e-05_4.78817606558682e-05_4.78817606558682e-05_4.78817606558682e-05
1016,1074,32-18-4-2-1,9.94945675966092e-06_9.94945675966092e-06_9.94945675966092e-06_9.94945675966092e-06_9.94945675966092e-06
1016,1075,44-13-6-2-1,4.78817606558682e-05_4.78817606558682e-05_4.78817606558682e-05_4.78817606558682e-05_4.78817606558682e-05
1016,1077,159-4-4-2-1,2.54954829466311e-05_2.54954829466311e-05_2.54954829466311e-05_2.54954829466311e-05_2.54954829466311e-05
1016,1078,9-8-3-1-1,5.41001711306563e-05_5.41001711306563e-05_5.41001711306563e-05_5.41001711306563e-05_5.41001711306563e-05
1016,1079,18-12-8-1-1,3.10920523739404e-06_3.10920523739404e-06_3.10920523739404e-06_3.10920523739404e-06_3.10920523739404e-06
1016,1081,185-41-9-2-1,6.21841047478808e-06_6.21841047478808e-06_6.21841047478808e-06_6.21841047478808e-06_6.21841047478808e-06
1016,1082,18-12-8-1-1,6.84025152226688e-06_6.84025152226688e-06_6.84025152226688e-06_6.84025152226688e-06_6.84025152226688e-06
1016,1083,128-7-4-2-1,2.05207545668007e-05_2.05207545668007e-05_2.05207545668007e-05_2.05207545668007e-05_2.05207545668007e-05
1016,1084,186-15-9-2-1,7.83519719823298e-05_7.83519719823298e-05_7.83519719823298e-05_7.83519719823298e-05_7.83519719823298e-05
1016,1085,189-12-8-1-1,3.04702113264616e-05_3.04702113264616e-05_3.04702113264616e-05_3.04702113264616e-05_3.04702113264616e-05
1016,1086,185-41-9-2-1,3.10920523739404e-06_3.10920523739404e-06_3.10920523739404e-06_3.10920523739404e-06_3.10920523739404e-06
1016,1087,216-19-9-2-1,3.73104628487285e-06_3.73104628487285e-06_3.73104628487285e-06_3.73104628487285e-06_3.73104628487285e-06
1016,1088,176-20-9-2-1,6.21841047478808e-06_6.21841047478808e-06_6.21841047478808e-06_6.21841047478808e-06_6.21841047478808e-06
1016,1090,180-40-4-2-1,4.97472837983046e-06_4.97472837983046e-06_4.97472837983046e-06_4.97472837983046e-06_4.97472837983046e-06
1016,1091,225-31-9-2-1,4.97472837983046e-06_4.97472837983046e-06_4.97472837983046e-06_4.97472837983046e-06_4.97472837983046e-06
1016,1092,8-7-4-2-1,1.18149799020973e-05_1.18149799020973e-05_1.18149799020973e-05_1.18149799020973e-05_1.18149799020973e-05
1016,1093,11-4-4-2-1,1.55460261869702e-05_1.55460261869702e-05_1.55460261869702e-05_1.55460261869702e-05_1.55460261869702e-05
1016,1094,122-16-2-2-1,2.48736418991523e-06_2.48736418991523e-06_2.48736418991523e-06_2.48736418991523e-06_2.48736418991523e-06
1016,1095,122-16-2-2-1,3.10920523739404e-06_3.10920523739404e-06_3.10920523739404e-06_3.10920523739404e-06_3.10920523739404e-06
1016,1096,114-40-4-2-1,2.48736418991523e-06_2.48736418991523e-06_2.48736418991523e-06_2.48736418991523e-06_2.48736418991523e-06
1016,1097,118-36-10-1-1,6.21841047478808e-06_6.21841047478808e-06_6.21841047478808e-06_6.21841047478808e-06_6.21841047478808e-06
1016,1099,80-11-4-2-1,3.73104628487285e-06_3.73104628487285e-06_3.73104628487285e-06_3.73104628487285e-06_3.73104628487285e-06
1016,1100,225-31-9-2-1,9.94945675966092e-06_9.94945675966092e-06_9.94945675966092e-06_9.94945675966092e-06_9.94945675966092e-06
1016,1101,196-14-4-2-1,3.73104628487285e-06_3.73104628487285e-06_3.73104628487285e-06_3.73104628487285e-06_3.73104628487285e-06
1016,1102,122-16-2-2-1,4.35288733235165e-06_4.35288733235165e-06_4.35288733235165e-06_4.35288733235165e-06_4.35288733235165e-06
1016,1103,216-19-9-2-1,6.84025152226688e-06_6.84025152226688e-06_6.84025152226688e-06_6.84025152226688e-06_6.84025152226688e-06
1016,1106,44-13-6-2-1,3.73104628487285e-06_3.73104628487285e-06_3.73104628487285e-06_3.73104628487285e-06_3.73104628487285e-06
1016,1107,212-41-9-2-1,3.73104628487285e-06_3.73104628487285e-06_3.73104628487285e-06_3.73104628487285e-06_3.73104628487285e-06
1016,1108,218-7-4-2-1,6.1562263700402e-05_6.1562263700402e-05_6.1562263700402e-05_6.1562263700402e-05_6.1562263700402e-05
1016,1110,116-36-10-1-1,2.54954829466311e-05_2.54954829466311e-05_2.54954829466311e-05_2.54954829466311e-05_2.54954829466311e-05
1016,1111,68-30-1-1-1,1.24368209495762e-05_1.24368209495762e-05_1.24368209495762e-05_1.24368209495762e-05_1.24368209495762e-05
1016,1112,153-18-4-2-1,7.46209256974569e-06_7.46209256974569e-06_7.46209256974569e-06_7.46209256974569e-06_7.46209256974569e-06
1016,1113,134-29-2-2-1,7.21335615075417e-05_7.21335615075417e-05_7.21335615075417e-05_7.21335615075417e-05_7.21335615075417e-05
1016,1114,180-40-4-2-1,4.35288733235165e-06_4.35288733235165e-06_4.35288733235165e-06_4.35288733235165e-06_4.35288733235165e-06
1016,1115,172-40-4-2-1,3.10920523739404e-06_3.10920523739404e-06_3.10920523739404e-06_3.10920523739404e-06_3.10920523739404e-06
1016,1116,172-40-4-2-1,3.10920523739404e-06_3.10920523739404e-06_3.10920523739404e-06_3.10920523739404e-06_3.10920523739404e-06
1016,1117,80-11-4-2-1,4.35288733235165e-06_4.35288733235165e-06_4.35288733235165e-06_4.35288733235165e-06_4.35288733235165e-06
1016,1118,172-40-4-2-1,3.10920523739404e-06_3.10920523739404e-06_3.10920523739404e-06_3.10920523739404e-06_3.10920523739404e-06
1016,1119,199-19-9-2-1,7.46209256974569e-06_7.46209256974569e-06_7.46209256974569e-06_7.46209256974569e-06_7.46209256974569e-06
1016,1120,222-35-4-2-1,7.46209256974569e-06_7.46209256974569e-06_7.46209256974569e-06_7.46209256974569e-06_7.46209256974569e-06
1016,1121,112-14-4-2-1,1.43023440920126e-05_1.43023440920126e-05_1.43023440920126e-05_1.43023440920126e-05_1.43023440920126e-05
1016,1122,89-13-6-2-1,8.58140645520755e-05_8.58140645520755e-05_8.58140645520755e-05_8.58140645520755e-05_8.58140645520755e-05
1016,1123,200-15-9-2-1,1.6167867234449e-05_1.6167867234449e-05_1.6167867234449e-05_1.6167867234449e-05_1.6167867234449e-05
1016,1124,136-26-4-2-1,1.86552314243642e-05_1.86552314243642e-05_1.86552314243642e-05_1.86552314243642e-05_1.86552314243642e-05
1016,1126,185-41-9-2-1,3.73104628487285e-06_3.73104628487285e-06_3.73104628487285e-06_3.73104628487285e-06_3.73104628487285e-06
1016,1127,160-30-1-1-1,4.97472837983046e-06_4.97472837983046e-06_4.97472837983046e-06_4.97472837983046e-06_4.97472837983046e-06
1016,1128,180-40-4-2-1,4.35288733235165e-06_4.35288733235165e-06_4.35288733235165e-06_4.35288733235165e-06_4.35288733235165e-06
1016,1129,45-5-5-1-1,4.35288733235165e-06_4.35288733235165e-06_4.35288733235165e-06_4.35288733235165e-06_4.35288733235165e-06
1016,1130,57-7-4-2-1,3.73104628487285e-06_3.73104628487285e-06_3.73104628487285e-06_3.73104628487285e-06_3.73104628487285e-06
1016,1131,167-18-4-2-1,9.82508855016516e-05_9.82508855016516e-05_9.82508855016516e-05_9.82508855016516e-05_9.82508855016516e-05
1016,1132,167-18-4-2-1,9.32761571218212e-06_9.32761571218212e-06_9.32761571218212e-06_9.32761571218212e-06_9.32761571218212e-06
1016,1133,220-22-8-1-1,1.18149799020973e-05_1.18149799020973e-05_1.18149799020973e-05_1.18149799020973e-05_1.18149799020973e-05
1016,1134,127-30-1-1-1,6.84025152226688e-06_6.84025152226688e-06_6.84025152226688e-06_6.84025152226688e-06_6.84025152226688e-06
1016,1135,60-22-8-1-1,0.000182821267958769_0.000182821267958769_0.000182821267958769_0.000182821267958769_0.000182821267958769
1016,1136,150-30-1-1-1,1.49241851394914e-05_1.49241851394914e-05_1.49241851394914e-05_1.49241851394914e-05_1.49241851394914e-05
1016,1137,166-18-4-2-1,1.24368209495762e-05_1.24368209495762e-05_1.24368209495762e-05_1.24368209495762e-05_1.24368209495762e-05
1016,1138,148-29-2-2-1,1.24368209495762e-05_1.24368209495762e-05_1.24368209495762e-05_1.24368209495762e-05_1.24368209495762e-05
1016,1139,230-14-4-2-1,1.74115493294066e-05_1.74115493294066e-05_1.74115493294066e-05_1.74115493294066e-05_1.74115493294066e-05
1016,1140,13-6-6-2-1,0.000144888964062562_0.000144888964062562_0.000144888964062562_0.000144888964062562_0.000144888964062562
1016,1141,31-6-6-2-1,0.000374348310582242_0.000374348310582242_0.000374348310582242_0.000374348310582242_0.000374348310582242
1016,1142,32-18-4-2-1,7.46209256974569e-06_7.46209256974569e-06_7.46209256974569e-06_7.46209256974569e-06_7.46209256974569e-06
1016,1143,185-41-9-2-1,2.48736418991523e-06_2.48736418991523e-06_2.48736418991523e-06_2.48736418991523e-06_2.48736418991523e-06
1016,1144,178-44-12-1-1,2.23862777092371e-05_2.23862777092371e-05_2.23862777092371e-05_2.23862777092371e-05_2.23862777092371e-05
1016,1145,163-43-4-2-1,4.35288733235165e-06_4.35288733235165e-06_4.35288733235165e-06_4.35288733235165e-06_4.35288733235165e-06
1016,1146,51-22-8-1-1,4.97472837983046e-06_4.97472837983046e-06_4.97472837983046e-06_4.97472837983046e-06_4.97472837983046e-06
1016,1147,71-29-2-2-1,1.49241851394914e-05_1.49241851394914e-05_1.49241851394914e-05_1.49241851394914e-05_1.49241851394914e-05
1016,1148,185-41-9-2-1,3.73104628487285e-06_3.73104628487285e-06_3.73104628487285e-06_3.73104628487285e-06_3.73104628487285e-06
1016,1149,44-13-6-2-1,6.90243562701477e-05_6.90243562701477e-05_6.90243562701477e-05_6.90243562701477e-05_6.90243562701477e-05
1016,1150,44-13-6-2-1,2.36299598041947e-05_2.36299598041947e-05_2.36299598041947e-05_2.36299598041947e-05_2.36299598041947e-05
1016,1151,66-29-2-2-1,3.10920523739404e-06_3.10920523739404e-06_3.10920523739404e-06_3.10920523739404e-06_3.10920523739404e-06
1016,1152,44-13-6-2-1,1.43023440920126e-05_1.43023440920126e-05_1.43023440920126e-05_1.43023440920126e-05_1.43023440920126e-05
1016,1153,158-2-2-2-1,3.73104628487285e-05_3.73104628487285e-05_3.73104628487285e-05_3.73104628487285e-05_3.73104628487285e-05
1016,1154,172-40-4-2-1,5.59656942730927e-06_5.59656942730927e-06_5.59656942730927e-06_5.59656942730927e-06_5.59656942730927e-06
1016,1155,130-12-8-1-1,3.10920523739404e-05_3.10920523739404e-05_3.10920523739404e-05_3.10920523739404e-05_3.10920523739404e-05
1016,1156,34-19-9-2-1,6.21841047478808e-06_6.21841047478808e-06_6.21841047478808e-06_6.21841047478808e-06_6.21841047478808e-06
1016,1157,49-22-8-1-1,4.35288733235165e-05_4.35288733235165e-05_4.35288733235165e-05_4.35288733235165e-05_4.35288733235165e-05
1016,1158,51-22-8-1-1,8.0839336172245e-06_8.0839336172245e-06_8.0839336172245e-06_8.0839336172245e-06_8.0839336172245e-06
1016,1159,185-41-9-2-1,3.10920523739404e-06_3.10920523739404e-06_3.10920523739404e-06_3.10920523739404e-06_3.10920523739404e-06
1016,1160,220-22-8-1-1,3.2335734468898e-05_3.2335734468898e-05_3.2335734468898e-05_3.2335734468898e-05_3.2335734468898e-05
1016,1162,109-28-5-1-1,6.21841047478808e-06_6.21841047478808e-06_6.21841047478808e-06_6.21841047478808e-06_6.21841047478808e-06
1016,1163,76-4-4-2-1,7.46209256974569e-06_7.46209256974569e-06_7.46209256974569e-06_7.46209256974569e-06_7.46209256974569e-06
1016,1164,112-14-4-2-1,9.32761571218212e-06_9.32761571218212e-06_9.32761571218212e-06_9.32761571218212e-06_9.32761571218212e-06
1016,1165,112-14-4-2-1,1.11931388546185e-05_1.11931388546185e-05_1.11931388546185e-05_1.11931388546185e-05_1.11931388546185e-05
1016,1166,230-14-4-2-1,9.32761571218212e-06_9.32761571218212e-06_9.32761571218212e-06_9.32761571218212e-06_9.32761571218212e-06
1016,1167,185-41-9-2-1,3.73104628487285e-06_3.73104628487285e-06_3.73104628487285e-06_3.73104628487285e-06_3.73104628487285e-06
1016,1168,112-14-4-2-1,3.73104628487285e-06_3.73104628487285e-06_3.73104628487285e-06_3.73104628487285e-06_3.73104628487285e-06
1016,1169,80-11-4-2-1,7.39990846499781e-05_7.39990846499781e-05_7.39990846499781e-05_7.39990846499781e-05_7.39990846499781e-05
1016,1170,57-7-4-2-1,1.74115493294066e-05_1.74115493294066e-05_1.74115493294066e-05_1.74115493294066e-05_1.74115493294066e-05
1016,1171,89-13-6-2-1,0.000190905201575994_0.000190905201575994_0.000190905201575994_0.000190905201575994_0.000190905201575994
1016,1172,36-6-6-2-1,5.59656942730927e-05_5.59656942730927e-05_5.59656942730927e-05_5.59656942730927e-05_5.59656942730927e-05
1016,1173,7-4-4-2-1,6.84025152226688e-06_6.84025152226688e-06_6.84025152226688e-06_6.84025152226688e-06_6.84025152226688e-06
1016,1174,62-3-3-1-1,0.000162300513391969_0.000162300513391969_0.000162300513391969_0.000162300513391969_0.000162300513391969
1016,1175,158-2-2-2-1,5.22346479882198e-05_5.22346479882198e-05_5.22346479882198e-05_5.22346479882198e-05_5.22346479882198e-05
1016,1176,63-27-8-1-1,1.11931388546185e-05_1.11931388546185e-05_1.11931388546185e-05_1.11931388546185e-05_1.11931388546185e-05
1016,1177,108-13-6-2-1,0.000438397938472559_0.000438397938472559_0.000438397938472559_0.000438397938472559_0.000438397938472559
1016,1178,130-12-8-1-1,9.32761571218212e-06_9.32761571218212e-06_9.32761571218212e-06_9.32761571218212e-06_9.32761571218212e-06
1016,1179,191-37-4-2-1,8.0839336172245e-06_8.0839336172245e-06_8.0839336172245e-06_8.0839336172245e-06_8.0839336172245e-06
1016,1180,16-10-2-2-1,0.000125611891590719_0.000125611891590719_0.000125611891590719_0.000125611891590719_0.000125611891590719
1016,1181,214-26-4-2-1,1.18149799020973e-05_1.18149799020973e-05_1.18149799020973e-05_1.18149799020973e-05_1.18149799020973e-05
1016,1182,70-27-8-1-1,1.67897082819278e-05_1.67897082819278e-05_1.67897082819278e-05_1.67897082819278e-05_1.67897082819278e-05
1016,1183,172-40-4-2-1,3.10920523739404e-06_3.10920523739404e-06_3.10920523739404e-06_3.10920523739404e-06_3.10920523739404e-06
1016,1184,112-14-4-2-1,0.000101360090739046_0.000101360090739046_0.000101360090739046_0.000101360090739046_0.000101360090739046
1016,1185,139-43-4-2-1,6.71588331277112e-05_6.71588331277112e-05_6.71588331277112e-05_6.71588331277112e-05_6.71588331277112e-05
1016,1186,95-37-4-2-1,3.10920523739404e-06_3.10920523739404e-06_3.10920523739404e-06_3.10920523739404e-06_3.10920523739404e-06
1016,1187,126-29-2-2-1,1.86552314243642e-05_1.86552314243642e-05_1.86552314243642e-05_1.86552314243642e-05_1.86552314243642e-05
1016,1188,209-35-4-2-1,3.10920523739404e-06_3.10920523739404e-06_3.10920523739404e-06_3.10920523739404e-06_3.10920523739404e-06
1016,1189,26-15-9-2-1,4.35288733235165e-06_4.35288733235165e-06_4.35288733235165e-06_4.35288733235165e-06_4.35288733235165e-06
1016,1190,115-8-3-1-1,3.04702113264616e-05_3.04702113264616e-05_3.04702113264616e-05_3.04702113264616e-05_3.04702113264616e-05
1016,1191,237-44-12-1-1,1.05712978071397e-05_1.05712978071397e-05_1.05712978071397e-05_1.05712978071397e-05_1.05712978071397e-05
1016,1192,52-25-8-1-1,0.000220131730807498_0.000220131730807498_0.000220131730807498_0.000220131730807498_0.000220131730807498
1016,1193,23-10-2-2-1,1.36805030445338e-05_1.36805030445338e-05_1.36805030445338e-05_1.36805030445338e-05_1.36805030445338e-05
1016,1194,161-36-10-1-1,3.10920523739404e-06_3.10920523739404e-06_3.10920523739404e-06_3.10920523739404e-06_3.10920523739404e-06
1016,1195,154-25-8-1-1,5.34783300831775e-05_5.34783300831775e-05_5.34783300831775e-05_5.34783300831775e-05_5.34783300831775e-05
1016,1196,185-41-9-2-1,4.97472837983046e-06_4.97472837983046e-06_4.97472837983046e-06_4.97472837983046e-06_4.97472837983046e-06
1016,1197,123-41-9-2-1,9.32761571218212e-06_9.32761571218212e-06_9.32761571218212e-06_9.32761571218212e-06_9.32761571218212e-06
1016,1198,221-35-4-2-1,6.84025152226688e-06_6.84025152226688e-06_6.84025152226688e-06_6.84025152226688e-06_6.84025152226688e-06
1016,1199,5-5-5-1-1,6.84025152226688e-06_6.84025152226688e-06_6.84025152226688e-06_6.84025152226688e-06_6.84025152226688e-06
1016,1200,237-44-12-1-1,1.05712978071397e-05_1.05712978071397e-05_1.05712978071397e-05_1.05712978071397e-05_1.05712978071397e-05
1016,1201,185-41-9-2-1,5.59656942730927e-06_5.59656942730927e-06_5.59656942730927e-06_5.59656942730927e-06_5.59656942730927e-06
1016,1202,196-14-4-2-1,3.10920523739404e-06_3.10920523739404e-06_3.10920523739404e-06_3.10920523739404e-06_3.10920523739404e-06
1016,1203,222-35-4-2-1,3.73104628487285e-06_3.73104628487285e-06_3.73104628487285e-06_3.73104628487285e-06_3.73104628487285e-06
1016,1204,109-28-5-1-1,0.000479439447606161_0.000479439447606161_0.000479439447606161_0.000479439447606161_0.000479439447606161
1016,1205,235-34-11-1-1,1.80333903768854e-05_1.80333903768854e-05_1.80333903768854e-05_1.80333903768854e-05_1.80333903768854e-05
1016,1206,148-29-2-2-1,2.23862777092371e-05_2.23862777092371e-05_2.23862777092371e-05_2.23862777092371e-05_2.23862777092371e-05
1016,1207,129-21-4-2-1,1.49241851394914e-05_1.49241851394914e-05_1.49241851394914e-05_1.49241851394914e-05_1.49241851394914e-05
1016,1208,138-23-8-1-1,3.10920523739404e-06_3.10920523739404e-06_3.10920523739404e-06_3.10920523739404e-06_3.10920523739404e-06
1016,1209,49-22-8-1-1,4.72599196083894e-05_4.72599196083894e-05_4.72599196083894e-05_4.72599196083894e-05_4.72599196083894e-05
1016,1210,222-35-4-2-1,7.02680383651053e-05_7.02680383651053e-05_7.02680383651053e-05_7.02680383651053e-05_7.02680383651053e-05
1016,1211,76-4-4-2-1,9.94945675966092e-06_9.94945675966092e-06_9.94945675966092e-06_9.94945675966092e-06_9.94945675966092e-06
1016,1212,203-11-4-2-1,1.05712978071397e-05_1.05712978071397e-05_1.05712978071397e-05_1.05712978071397e-05_1.05712978071397e-05
1016,1213,88-35-4-2-1,3.10920523739404e-06_3.10920523739404e-06_3.10920523739404e-06_3.10920523739404e-06_3.10920523739404e-06
1016,1214,222-35-4-2-1,4.97472837983046e-06_4.97472837983046e-06_4.97472837983046e-06_4.97472837983046e-06_4.97472837983046e-06
1016,1215,140-42-12-1-1,8.70577466470331e-06_8.70577466470331e-06_8.70577466470331e-06_8.70577466470331e-06_8.70577466470331e-06
1016,1216,142-42-12-1-1,1.43023440920126e-05_1.43023440920126e-05_1.43023440920126e-05_1.43023440920126e-05_1.43023440920126e-05
1016,1217,55-22-8-1-1,8.70577466470331e-06_8.70577466470331e-06_8.70577466470331e-06_8.70577466470331e-06_8.70577466470331e-06
1016,1218,203-11-4-2-1,5.1612806940741e-05_5.1612806940741e-05_5.1612806940741e-05_5.1612806940741e-05_5.1612806940741e-05
1016,1219,227-41-9-2-1,7.46209256974569e-06_7.46209256974569e-06_7.46209256974569e-06_7.46209256974569e-06_7.46209256974569e-06
1016,1220,212-41-9-2-1,6.21841047478808e-06_6.21841047478808e-06_6.21841047478808e-06_6.21841047478808e-06_6.21841047478808e-06
1016,1221,148-29-2-2-1,2.61173239941099e-05_2.61173239941099e-05_2.61173239941099e-05_2.61173239941099e-05_2.61173239941099e-05
1016,1222,40-23-8-1-1,5.59656942730927e-06_5.59656942730927e-06_5.59656942730927e-06_5.59656942730927e-06_5.59656942730927e-06
1016,1223,180-40-4-2-1,6.21841047478808e-06_6.21841047478808e-06_6.21841047478808e-06_6.21841047478808e-06_6.21841047478808e-06
1016,1224,34-19-9-2-1,1.18149799020973e-05_1.18149799020973e-05_1.18149799020973e-05_1.18149799020973e-05_1.18149799020973e-05
1016,1225,55-22-8-1-1,3.73104628487285e-06_3.73104628487285e-06_3.73104628487285e-06_3.73104628487285e-06_3.73104628487285e-06
1016,1226,175-20-9-2-1,7.46209256974569e-06_7.46209256974569e-06_7.46209256974569e-06_7.46209256974569e-06_7.46209256974569e-06
1016,1227,47-22-8-1-1,3.73104628487285e-06_3.73104628487285e-06_3.73104628487285e-06_3.73104628487285e-06_3.73104628487285e-06
1016,1228,55-22-8-1-1,5.03691248457834e-05_5.03691248457834e-05_5.03691248457834e-05_5.03691248457834e-05_5.03691248457834e-05
1016,1229,49-22-8-1-1,2.30081187567159e-05_2.30081187567159e-05_2.30081187567159e-05_2.30081187567159e-05_2.30081187567159e-05
1016,1230,74-31-9-2-1,5.59656942730927e-06_5.59656942730927e-06_5.59656942730927e-06_5.59656942730927e-06_5.59656942730927e-06
1016,1231,37-11-4-2-1,5.59656942730927e-06_5.59656942730927e-06_5.59656942730927e-06_5.59656942730927e-06_5.59656942730927e-06
1016,1232,185-41-9-2-1,3.10920523739404e-06_3.10920523739404e-06_3.10920523739404e-06_3.10920523739404e-06_3.10920523739404e-06
1016,1233,44-13-6-2-1,1.05712978071397e-05_1.05712978071397e-05_1.05712978071397e-05_1.05712978071397e-05_1.05712978071397e-05
1016,1234,4-4-4-2-1,3.10920523739404e-06_3.10920523739404e-06_3.10920523739404e-06_3.10920523739404e-06_3.10920523739404e-06
1016,1235,44-13-6-2-1,2.17644366617583e-05_2.17644366617583e-05_2.17644366617583e-05_2.17644366617583e-05_2.17644366617583e-05
1016,1236,44-13-6-2-1,2.98483702789828e-05_2.98483702789828e-05_2.98483702789828e-05_2.98483702789828e-05_2.98483702789828e-05
1016,1237,57-7-4-2-1,7.46209256974569e-06_7.46209256974569e-06_7.46209256974569e-06_7.46209256974569e-06_7.46209256974569e-06
1016,1238,29-17-10-1-1,9.94945675966092e-06_9.94945675966092e-06_9.94945675966092e-06_9.94945675966092e-06_9.94945675966092e-06
1016,1239,205-12-8-1-1,4.35288733235165e-06_4.35288733235165e-06_4.35288733235165e-06_4.35288733235165e-06_4.35288733235165e-06
1016,1240,199-19-9-2-1,3.73104628487285e-06_3.73104628487285e-06_3.73104628487285e-06_3.73104628487285e-06_3.73104628487285e-06
1016,1241,4-4-4-2-1,6.21841047478808e-06_6.21841047478808e-06_6.21841047478808e-06_6.21841047478808e-06_6.21841047478808e-06
1016,1242,40-23-8-1-1,3.10920523739404e-06_3.10920523739404e-06_3.10920523739404e-06_3.10920523739404e-06_3.10920523739404e-06
1016,1243,133-12-8-1-1,3.10920523739404e-06_3.10920523739404e-06_3.10920523739404e-06_3.10920523739404e-06_3.10920523739404e-06
1016,1244,76-4-4-2-1,6.84025152226688e-06_6.84025152226688e-06_6.84025152226688e-06_6.84025152226688e-06_6.84025152226688e-06
1016,1245,132-42-12-1-1,1.86552314243642e-05_1.86552314243642e-05_1.86552314243642e-05_1.86552314243642e-05_1.86552314243642e-05
1016,1246,152-32-10-1-1,2.17644366617583e-05_2.17644366617583e-05_2.17644366617583e-05_2.17644366617583e-05_2.17644366617583e-05
1016,1248,80-11-4-2-1,9.32761571218212e-06_9.32761571218212e-06_9.32761571218212e-06_9.32761571218212e-06_9.32761571218212e-06
1016,1249,39-22-8-1-1,7.46209256974569e-06_7.46209256974569e-06_7.46209256974569e-06_7.46209256974569e-06_7.46209256974569e-06
1016,1250,185-41-9-2-1,5.59656942730927e-06_5.59656942730927e-06_5.59656942730927e-06_5.59656942730927e-06_5.59656942730927e-06
1016,1251,45-5-5-1-1,1.3058661997055e-05_1.3058661997055e-05_1.3058661997055e-05_1.3058661997055e-05_1.3058661997055e-05
1016,1252,45-5-5-1-1,1.6167867234449e-05_1.6167867234449e-05_1.6167867234449e-05_1.6167867234449e-05_1.6167867234449e-05
1016,1253,129-21-4-2-1,4.97472837983046e-06_4.97472837983046e-06_4.97472837983046e-06_4.97472837983046e-06_4.97472837983046e-06
1016,1254,32-18-4-2-1,3.73104628487285e-06_3.73104628487285e-06_3.73104628487285e-06_3.73104628487285e-06_3.73104628487285e-06
1016,1255,130-12-8-1-1,5.59656942730927e-06_5.59656942730927e-06_5.59656942730927e-06_5.59656942730927e-06_5.59656942730927e-06
1016,1256,35-20-9-2-1,6.84025152226688e-06_6.84025152226688e-06_6.84025152226688e-06_6.84025152226688e-06_6.84025152226688e-06
1016,1257,152-32-10-1-1,3.10920523739404e-06_3.10920523739404e-06_3.10920523739404e-06_3.10920523739404e-06_3.10920523739404e-06
1016,1258,183-23-8-1-1,4.35288733235165e-06_4.35288733235165e-06_4.35288733235165e-06_4.35288733235165e-06_4.35288733235165e-06
1016,1259,39-22-8-1-1,3.10920523739404e-06_3.10920523739404e-06_3.10920523739404e-06_3.10920523739404e-06_3.10920523739404e-06
1016,1260,158-2-2-2-1,0.000228215664424722_0.000228215664424722_0.000228215664424722_0.000228215664424722_0.000228215664424722
1016,1261,153-18-4-2-1,1.11931388546185e-05_1.11931388546185e-05_1.11931388546185e-05_1.11931388546185e-05_1.11931388546185e-05
1016,1262,103-13-6-2-1,7.52427667449357e-05_7.52427667449357e-05_7.52427667449357e-05_7.52427667449357e-05_7.52427667449357e-05
1016,1263,148-29-2-2-1,0.000203963863573049_0.000203963863573049_0.000203963863573049_0.000203963863573049_0.000203963863573049
1016,1264,167-18-4-2-1,5.22346479882198e-05_5.22346479882198e-05_5.22346479882198e-05_5.22346479882198e-05_5.22346479882198e-05
1016,1265,109-28-5-1-1,1.67897082819278e-05_1.67897082819278e-05_1.67897082819278e-05_1.67897082819278e-05_1.67897082819278e-05
1016,1266,109-28-5-1-1,9.94945675966092e-06_9.94945675966092e-06_9.94945675966092e-06_9.94945675966092e-06_9.94945675966092e-06
1016,1267,2-2-2-2-1,0.000194636247860867_0.000194636247860867_0.000194636247860867_0.000194636247860867_0.000194636247860867
1016,1268,29-17-10-1-1,9.94945675966092e-06_9.94945675966092e-06_9.94945675966092e-06_9.94945675966092e-06_9.94945675966092e-06
1016,1269,103-13-6-2-1,4.47725554184741e-05_4.47725554184741e-05_4.47725554184741e-05_4.47725554184741e-05_4.47725554184741e-05
1016,1270,37-11-4-2-1,7.46209256974569e-06_7.46209256974569e-06_7.46209256974569e-06_7.46209256974569e-06_7.46209256974569e-06
1016,1271,167-18-4-2-1,9.32761571218212e-06_9.32761571218212e-06_9.32761571218212e-06_9.32761571218212e-06_9.32761571218212e-06
1016,1272,21-8-3-1-1,0.000315895252119234_0.000315895252119234_0.000315895252119234_0.000315895252119234_0.000315895252119234
1016,1273,110-3-3-1-1,0.000115040593783579_0.000115040593783579_0.000115040593783579_0.000115040593783579_0.000115040593783579
1016,1274,122-16-2-2-1,2.17644366617583e-05_2.17644366617583e-05_2.17644366617583e-05_2.17644366617583e-05_2.17644366617583e-05
1016,1275,66-29-2-2-1,9.94945675966092e-06_9.94945675966092e-06_9.94945675966092e-06_9.94945675966092e-06_9.94945675966092e-06
1016,1276,79-32-10-1-1,1.9277072471843e-05_1.9277072471843e-05_1.9277072471843e-05_1.9277072471843e-05_1.9277072471843e-05
1016,1277,208-30-1-1-1,2.48736418991523e-06_2.48736418991523e-06_2.48736418991523e-06_2.48736418991523e-06_2.48736418991523e-06
1016,1278,148-29-2-2-1,5.34783300831775e-05_5.34783300831775e-05_5.34783300831775e-05_5.34783300831775e-05_5.34783300831775e-05
1016,1279,36-6-6-2-1,0.000249980101086481_0.000249980101086481_0.000249980101086481_0.000249980101086481_0.000249980101086481
1016,1280,47-22-8-1-1,1.05712978071397e-05_1.05712978071397e-05_1.05712978071397e-05_1.05712978071397e-05_1.05712978071397e-05
1016,1281,4-4-4-2-1,1.36805030445338e-05_1.36805030445338e-05_1.36805030445338e-05_1.36805030445338e-05_1.36805030445338e-05
1016,1282,89-13-6-2-1,0.000129964778923071_0.000129964778923071_0.000129964778923071_0.000129964778923071_0.000129964778923071
1016,1283,141-42-12-1-1,1.18149799020973e-05_1.18149799020973e-05_1.18149799020973e-05_1.18149799020973e-05_1.18149799020973e-05
1016,1284,102-13-6-2-1,1.24368209495762e-05_1.24368209495762e-05_1.24368209495762e-05_1.24368209495762e-05_1.24368209495762e-05
1016,1285,126-29-2-2-1,3.73104628487285e-06_3.73104628487285e-06_3.73104628487285e-06_3.73104628487285e-06_3.73104628487285e-06
1016,1286,32-18-4-2-1,3.73104628487285e-06_3.73104628487285e-06_3.73104628487285e-06_3.73104628487285e-06_3.73104628487285e-06
1016,1287,49-22-8-1-1,1.05712978071397e-05_1.05712978071397e-05_1.05712978071397e-05_1.05712978071397e-05_1.05712978071397e-05
1016,1288,221-35-4-2-1,3.10920523739404e-06_3.10920523739404e-06_3.10920523739404e-06_3.10920523739404e-06_3.10920523739404e-06
1016,1289,18-12-8-1-1,1.05712978071397e-05_1.05712978071397e-05_1.05712978071397e-05_1.05712978071397e-05_1.05712978071397e-05
1016,1290,8-7-4-2-1,4.35288733235165e-06_4.35288733235165e-06_4.35288733235165e-06_4.35288733235165e-06_4.35288733235165e-06
1016,1291,75-1-1-1-1,4.97472837983046e-06_4.97472837983046e-06_4.97472837983046e-06_4.97472837983046e-06_4.97472837983046e-06
1016,1292,172-40-4-2-1,3.73104628487285e-06_3.73104628487285e-06_3.73104628487285e-06_3.73104628487285e-06_3.73104628487285e-06
1016,1294,143-1-1-1-1,0.000305945795359573_0.000305945795359573_0.000305945795359573_0.000305945795359573_0.000305945795359573
1016,1295,89-13-6-2-1,0.00010446929597644_0.00010446929597644_0.00010446929597644_0.00010446929597644_0.00010446929597644
1016,1296,150-30-1-1-1,1.18149799020973e-05_1.18149799020973e-05_1.18149799020973e-05_1.18149799020973e-05_1.18149799020973e-05
1016,1297,174-15-9-2-1,1.36805030445338e-05_1.36805030445338e-05_1.36805030445338e-05_1.36805030445338e-05_1.36805030445338e-05
1016,1298,223-40-4-2-1,1.80333903768854e-05_1.80333903768854e-05_1.80333903768854e-05_1.80333903768854e-05_1.80333903768854e-05
1016,1299,4-4-4-2-1,3.73104628487285e-06_3.73104628487285e-06_3.73104628487285e-06_3.73104628487285e-06_3.73104628487285e-06
1016,1300,44-13-6-2-1,1.18149799020973e-05_1.18149799020973e-05_1.18149799020973e-05_1.18149799020973e-05_1.18149799020973e-05
1016,1301,83-33-5-1-1,5.90748995104867e-05_5.90748995104867e-05_5.90748995104867e-05_5.90748995104867e-05_5.90748995104867e-05
1016,1302,8-7-4-2-1,1.05712978071397e-05_1.05712978071397e-05_1.05712978071397e-05_1.05712978071397e-05_1.05712978071397e-05
1016,1303,84-2-2-2-1,6.90243562701477e-05_6.90243562701477e-05_6.90243562701477e-05_6.90243562701477e-05_6.90243562701477e-05
1016,1304,89-13-6-2-1,0.000128721096828113_0.000128721096828113_0.000128721096828113_0.000128721096828113_0.000128721096828113
1016,1305,36-6-6-2-1,4.10415091336013e-05_4.10415091336013e-05_4.10415091336013e-05_4.10415091336013e-05_4.10415091336013e-05
1016,1306,185-41-9-2-1,3.10920523739404e-06_3.10920523739404e-06_3.10920523739404e-06_3.10920523739404e-06_3.10920523739404e-06
1016,1307,64-28-5-1-1,0.000413524296573407_0.000413524296573407_0.000413524296573407_0.000413524296573407_0.000413524296573407
1016,1308,66-29-2-2-1,2.17644366617583e-05_2.17644366617583e-05_2.17644366617583e-05_2.17644366617583e-05_2.17644366617583e-05
1016,1309,17-11-4-2-1,2.48736418991523e-05_2.48736418991523e-05_2.48736418991523e-05_2.48736418991523e-05_2.48736418991523e-05
1016,1310,57-7-4-2-1,1.9277072471843e-05_1.9277072471843e-05_1.9277072471843e-05_1.9277072471843e-05_1.9277072471843e-05
1016,1311,109-28-5-1-1,2.73610060890675e-05_2.73610060890675e-05_2.73610060890675e-05_2.73610060890675e-05_2.73610060890675e-05
1016,1312,65-1-1-1-1,5.59656942730927e-06_5.59656942730927e-06_5.59656942730927e-06_5.59656942730927e-06_5.59656942730927e-06
1016,1313,86-10-2-2-1,0.00145946093843276_0.00145946093843276_0.00145946093843276_0.00145946093843276_0.00145946093843276
1016,1314,175-20-9-2-1,4.35288733235165e-06_4.35288733235165e-06_4.35288733235165e-06_4.35288733235165e-06_4.35288733235165e-06
1016,1315,175-20-9-2-1,2.73610060890675e-05_2.73610060890675e-05_2.73610060890675e-05_2.73610060890675e-05_2.73610060890675e-05
1016,1316,225-31-9-2-1,8.70577466470331e-06_8.70577466470331e-06_8.70577466470331e-06_8.70577466470331e-06_8.70577466470331e-06
1016,1317,213-15-9-2-1,8.70577466470331e-06_8.70577466470331e-06_8.70577466470331e-06_8.70577466470331e-06_8.70577466470331e-06
1016,1318,163-43-4-2-1,4.35288733235165e-06_4.35288733235165e-06_4.35288733235165e-06_4.35288733235165e-06_4.35288733235165e-06
1016,1319,188-14-4-2-1,3.73104628487285e-06_3.73104628487285e-06_3.73104628487285e-06_3.73104628487285e-06_3.73104628487285e-06
1016,1320,172-40-4-2-1,2.48736418991523e-06_2.48736418991523e-06_2.48736418991523e-06_2.48736418991523e-06_2.48736418991523e-06
1016,1321,213-15-9-2-1,6.84025152226688e-06_6.84025152226688e-06_6.84025152226688e-06_6.84025152226688e-06_6.84025152226688e-06
1016,1322,122-16-2-2-1,3.10920523739404e-06_3.10920523739404e-06_3.10920523739404e-06_3.10920523739404e-06_3.10920523739404e-06
1016,1323,86-10-2-2-1,1.98989135193218e-05_1.98989135193218e-05_1.98989135193218e-05_1.98989135193218e-05_1.98989135193218e-05
1016,1324,138-23-8-1-1,1.80333903768854e-05_1.80333903768854e-05_1.80333903768854e-05_1.80333903768854e-05_1.80333903768854e-05
1016,1325,83-33-5-1-1,7.46209256974569e-06_7.46209256974569e-06_7.46209256974569e-06_7.46209256974569e-06_7.46209256974569e-06
1016,1326,7-4-4-2-1,3.73104628487285e-06_3.73104628487285e-06_3.73104628487285e-06_3.73104628487285e-06_3.73104628487285e-06
1016,1327,32-18-4-2-1,1.43023440920126e-05_1.43023440920126e-05_1.43023440920126e-05_1.43023440920126e-05_1.43023440920126e-05
1016,1328,4-4-4-2-1,5.03691248457834e-05_5.03691248457834e-05_5.03691248457834e-05_5.03691248457834e-05_5.03691248457834e-05
1016,1329,220-22-8-1-1,1.05712978071397e-05_1.05712978071397e-05_1.05712978071397e-05_1.05712978071397e-05_1.05712978071397e-05
1016,1330,193-40-4-2-1,3.10920523739404e-06_3.10920523739404e-06_3.10920523739404e-06_3.10920523739404e-06_3.10920523739404e-06
1016,1331,11-4-4-2-1,7.46209256974569e-06_7.46209256974569e-06_7.46209256974569e-06_7.46209256974569e-06_7.46209256974569e-06
1016,1332,172-40-4-2-1,1.9277072471843e-05_1.9277072471843e-05_1.9277072471843e-05_1.9277072471843e-05_1.9277072471843e-05
1016,1333,71-29-2-2-1,2.48736418991523e-06_2.48736418991523e-06_2.48736418991523e-06_2.48736418991523e-06_2.48736418991523e-06
1016,1334,196-14-4-2-1,1.86552314243642e-05_1.86552314243642e-05_1.86552314243642e-05_1.86552314243642e-05_1.86552314243642e-05
1016,1335,191-37-4-2-1,1.6167867234449e-05_1.6167867234449e-05_1.6167867234449e-05_1.6167867234449e-05_1.6167867234449e-05
1016,1336,161-36-10-1-1,9.32761571218212e-06_9.32761571218212e-06_9.32761571218212e-06_9.32761571218212e-06_9.32761571218212e-06
1016,1337,55-22-8-1-1,8.70577466470331e-06_8.70577466470331e-06_8.70577466470331e-06_8.70577466470331e-06_8.70577466470331e-06
1016,1338,127-30-1-1-1,8.70577466470331e-06_8.70577466470331e-06_8.70577466470331e-06_8.70577466470331e-06_8.70577466470331e-06
1016,1339,55-22-8-1-1,4.97472837983046e-06_4.97472837983046e-06_4.97472837983046e-06_4.97472837983046e-06_4.97472837983046e-06
1016,1340,74-31-9-2-1,8.70577466470331e-06_8.70577466470331e-06_8.70577466470331e-06_8.70577466470331e-06_8.70577466470331e-06
1016,1341,53-21-4-2-1,7.08898794125841e-05_7.08898794125841e-05_7.08898794125841e-05_7.08898794125841e-05_7.08898794125841e-05
1016,1343,49-22-8-1-1,2.54954829466311e-05_2.54954829466311e-05_2.54954829466311e-05_2.54954829466311e-05_2.54954829466311e-05
1016,1345,55-22-8-1-1,1.24368209495762e-05_1.24368209495762e-05_1.24368209495762e-05_1.24368209495762e-05_1.24368209495762e-05
1016,1346,55-22-8-1-1,5.59656942730927e-06_5.59656942730927e-06_5.59656942730927e-06_5.59656942730927e-06_5.59656942730927e-06
1016,1347,185-41-9-2-1,9.94945675966092e-06_9.94945675966092e-06_9.94945675966092e-06_9.94945675966092e-06_9.94945675966092e-06
1016,1348,228-17-10-1-1,8.0839336172245e-06_8.0839336172245e-06_8.0839336172245e-06_8.0839336172245e-06_8.0839336172245e-06
1016,1349,4-4-4-2-1,3.10920523739404e-06_3.10920523739404e-06_3.10920523739404e-06_3.10920523739404e-06_3.10920523739404e-06
1016,1350,185-41-9-2-1,2.48736418991523e-06_2.48736418991523e-06_2.48736418991523e-06_2.48736418991523e-06_2.48736418991523e-06
1016,1351,51-22-8-1-1,3.04702113264616e-05_3.04702113264616e-05_3.04702113264616e-05_3.04702113264616e-05_3.04702113264616e-05
1016,1352,4-4-4-2-1,4.97472837983046e-06_4.97472837983046e-06_4.97472837983046e-06_4.97472837983046e-06_4.97472837983046e-06
1016,1353,103-13-6-2-1,5.84530584630079e-05_5.84530584630079e-05_5.84530584630079e-05_5.84530584630079e-05_5.84530584630079e-05
1016,1354,66-29-2-2-1,4.35288733235165e-06_4.35288733235165e-06_4.35288733235165e-06_4.35288733235165e-06_4.35288733235165e-06
1016,1355,102-13-6-2-1,2.42518008516735e-05_2.42518008516735e-05_2.42518008516735e-05_2.42518008516735e-05_2.42518008516735e-05
1016,1356,71-29-2-2-1,2.54954829466311e-05_2.54954829466311e-05_2.54954829466311e-05_2.54954829466311e-05_2.54954829466311e-05
1016,1357,4-4-4-2-1,4.97472837983046e-06_4.97472837983046e-06_4.97472837983046e-06_4.97472837983046e-06_4.97472837983046e-06
1016,1358,178-44-12-1-1,5.59656942730927e-06_5.59656942730927e-06_5.59656942730927e-06_5.59656942730927e-06_5.59656942730927e-06
1016,1359,75-1-1-1-1,4.35288733235165e-06_4.35288733235165e-06_4.35288733235165e-06_4.35288733235165e-06_4.35288733235165e-06
1016,1360,40-23-8-1-1,4.35288733235165e-05_4.35288733235165e-05_4.35288733235165e-05_4.35288733235165e-05_4.35288733235165e-05
1016,1361,40-23-8-1-1,2.17644366617583e-05_2.17644366617583e-05_2.17644366617583e-05_2.17644366617583e-05_2.17644366617583e-05
1016,1362,40-23-8-1-1,1.24368209495762e-05_1.24368209495762e-05_1.24368209495762e-05_1.24368209495762e-05_1.24368209495762e-05
1016,1363,40-23-8-1-1,1.98989135193218e-05_1.98989135193218e-05_1.98989135193218e-05_1.98989135193218e-05_1.98989135193218e-05
1016,1364,185-41-9-2-1,8.0839336172245e-06_8.0839336172245e-06_8.0839336172245e-06_8.0839336172245e-06_8.0839336172245e-06
1016,1365,25-10-2-2-1,1.05712978071397e-05_1.05712978071397e-05_1.05712978071397e-05_1.05712978071397e-05_1.05712978071397e-05
1016,1366,57-7-4-2-1,7.46209256974569e-06_7.46209256974569e-06_7.46209256974569e-06_7.46209256974569e-06_7.46209256974569e-06
1016,1367,227-41-9-2-1,6.21841047478808e-06_6.21841047478808e-06_6.21841047478808e-06_6.21841047478808e-06_6.21841047478808e-06
1016,1368,55-22-8-1-1,7.95956540772874e-05_7.95956540772874e-05_7.95956540772874e-05_7.95956540772874e-05_7.95956540772874e-05
1016,1369,133-12-8-1-1,2.23862777092371e-05_2.23862777092371e-05_2.23862777092371e-05_2.23862777092371e-05_2.23862777092371e-05
1016,1370,133-12-8-1-1,1.05712978071397e-05_1.05712978071397e-05_1.05712978071397e-05_1.05712978071397e-05_1.05712978071397e-05
1016,1371,202-37-4-2-1,0.000158569467107096_0.000158569467107096_0.000158569467107096_0.000158569467107096_0.000158569467107096
1016,1372,174-15-9-2-1,3.73104628487285e-06_3.73104628487285e-06_3.73104628487285e-06_3.73104628487285e-06_3.73104628487285e-06
1016,1373,8-7-4-2-1,3.10920523739404e-06_3.10920523739404e-06_3.10920523739404e-06_3.10920523739404e-06_3.10920523739404e-06
1016,1374,14-9-7-1-1,0.000121259004258367_0.000121259004258367_0.000121259004258367_0.000121259004258367_0.000121259004258367
1016,1375,82-6-6-2-1,0.00130648804075297_0.00130648804075297_0.00130648804075297_0.00130648804075297_0.00130648804075297
1016,1376,51-22-8-1-1,6.59151510327536e-05_6.59151510327536e-05_6.59151510327536e-05_6.59151510327536e-05_6.59151510327536e-05
1016,1377,174-15-9-2-1,3.73104628487285e-06_3.73104628487285e-06_3.73104628487285e-06_3.73104628487285e-06_3.73104628487285e-06
1016,1378,212-41-9-2-1,3.73104628487285e-06_3.73104628487285e-06_3.73104628487285e-06_3.73104628487285e-06_3.73104628487285e-06
1016,1379,103-13-6-2-1,8.33267003621602e-05_8.33267003621602e-05_8.33267003621602e-05_8.33267003621602e-05_8.33267003621602e-05
1016,1380,18-12-8-1-1,1.11931388546185e-05_1.11931388546185e-05_1.11931388546185e-05_1.11931388546185e-05_1.11931388546185e-05
1016,1381,174-15-9-2-1,4.97472837983046e-06_4.97472837983046e-06_4.97472837983046e-06_4.97472837983046e-06_4.97472837983046e-06
1016,1382,110-3-3-1-1,4.8503601703347e-05_4.8503601703347e-05_4.8503601703347e-05_4.8503601703347e-05_4.8503601703347e-05
1016,1383,213-15-9-2-1,2.05207545668007e-05_2.05207545668007e-05_2.05207545668007e-05_2.05207545668007e-05_2.05207545668007e-05
1016,1384,185-41-9-2-1,3.10920523739404e-06_3.10920523739404e-06_3.10920523739404e-06_3.10920523739404e-06_3.10920523739404e-06
1016,1385,23-10-2-2-1,1.67897082819278e-05_1.67897082819278e-05_1.67897082819278e-05_1.67897082819278e-05_1.67897082819278e-05
1016,1386,66-29-2-2-1,8.0839336172245e-06_8.0839336172245e-06_8.0839336172245e-06_8.0839336172245e-06_8.0839336172245e-06
1016,1387,32-18-4-2-1,3.73104628487285e-06_3.73104628487285e-06_3.73104628487285e-06_3.73104628487285e-06_3.73104628487285e-06
1016,1388,44-13-6-2-1,1.36805030445338e-05_1.36805030445338e-05_1.36805030445338e-05_1.36805030445338e-05_1.36805030445338e-05
1016,1389,231-34-11-1-1,0.000460784216181796_0.000460784216181796_0.000460784216181796_0.000460784216181796_0.000460784216181796
1016,1390,179-26-4-2-1,6.778067417519e-05_6.778067417519e-05_6.778067417519e-05_6.778067417519e-05_6.778067417519e-05
1016,1391,18-12-8-1-1,1.86552314243642e-05_1.86552314243642e-05_1.86552314243642e-05_1.86552314243642e-05_1.86552314243642e-05
1016,1392,34-19-9-2-1,1.05712978071397e-05_1.05712978071397e-05_1.05712978071397e-05_1.05712978071397e-05_1.05712978071397e-05
1016,1393,175-20-9-2-1,1.18149799020973e-05_1.18149799020973e-05_1.18149799020973e-05_1.18149799020973e-05_1.18149799020973e-05
1016,1394,122-16-2-2-1,2.48736418991523e-06_2.48736418991523e-06_2.48736418991523e-06_2.48736418991523e-06_2.48736418991523e-06
1016,1395,17-11-4-2-1,6.40496278903172e-05_6.40496278903172e-05_6.40496278903172e-05_6.40496278903172e-05_6.40496278903172e-05
1016,1396,136-26-4-2-1,1.11931388546185e-05_1.11931388546185e-05_1.11931388546185e-05_1.11931388546185e-05_1.11931388546185e-05
1016,1397,62-3-3-1-1,0.00189972440004776_0.00189972440004776_0.00189972440004776_0.00189972440004776_0.00189972440004776
1016,1398,23-10-2-2-1,2.48736418991523e-05_2.48736418991523e-05_2.48736418991523e-05_2.48736418991523e-05_2.48736418991523e-05
1016,1399,159-4-4-2-1,9.94945675966092e-06_9.94945675966092e-06_9.94945675966092e-06_9.94945675966092e-06_9.94945675966092e-06
1016,1400,36-6-6-2-1,0.000120637163210889_0.000120637163210889_0.000120637163210889_0.000120637163210889_0.000120637163210889
1016,1401,83-33-5-1-1,0.00012001532216341_0.00012001532216341_0.00012001532216341_0.00012001532216341_0.00012001532216341
1016,1402,125-30-1-1-1,6.59151510327536e-05_6.59151510327536e-05_6.59151510327536e-05_6.59151510327536e-05_6.59151510327536e-05
1016,1403,26-15-9-2-1,8.0839336172245e-06_8.0839336172245e-06_8.0839336172245e-06_8.0839336172245e-06_8.0839336172245e-06
1016,1404,83-33-5-1-1,1.9277072471843e-05_1.9277072471843e-05_1.9277072471843e-05_1.9277072471843e-05_1.9277072471843e-05
1016,1405,174-15-9-2-1,5.1612806940741e-05_5.1612806940741e-05_5.1612806940741e-05_5.1612806940741e-05_5.1612806940741e-05
1016,1406,235-34-11-1-1,1.98989135193218e-05_1.98989135193218e-05_1.98989135193218e-05_1.98989135193218e-05_1.98989135193218e-05
1016,1407,148-29-2-2-1,6.84025152226688e-06_6.84025152226688e-06_6.84025152226688e-06_6.84025152226688e-06_6.84025152226688e-06
1016,1408,5-5-5-1-1,8.0839336172245e-06_8.0839336172245e-06_8.0839336172245e-06_8.0839336172245e-06_8.0839336172245e-06
1016,1409,185-41-9-2-1,3.10920523739404e-06_3.10920523739404e-06_3.10920523739404e-06_3.10920523739404e-06_3.10920523739404e-06
1016,1410,167-18-4-2-1,1.49241851394914e-05_1.49241851394914e-05_1.49241851394914e-05_1.49241851394914e-05_1.49241851394914e-05
1016,1411,4-4-4-2-1,3.10920523739404e-06_3.10920523739404e-06_3.10920523739404e-06_3.10920523739404e-06_3.10920523739404e-06
1016,1412,222-35-4-2-1,3.73104628487285e-06_3.73104628487285e-06_3.73104628487285e-06_3.73104628487285e-06_3.73104628487285e-06
1016,1414,167-18-4-2-1,1.05712978071397e-05_1.05712978071397e-05_1.05712978071397e-05_1.05712978071397e-05_1.05712978071397e-05
1016,1415,112-14-4-2-1,3.73104628487285e-06_3.73104628487285e-06_3.73104628487285e-06_3.73104628487285e-06_3.73104628487285e-06
1016,1416,47-22-8-1-1,4.35288733235165e-06_4.35288733235165e-06_4.35288733235165e-06_4.35288733235165e-06_4.35288733235165e-06
1016,1417,4-4-4-2-1,4.35288733235165e-06_4.35288733235165e-06_4.35288733235165e-06_4.35288733235165e-06_4.35288733235165e-06
1016,1418,34-19-9-2-1,1.43023440920126e-05_1.43023440920126e-05_1.43023440920126e-05_1.43023440920126e-05_1.43023440920126e-05
1016,1419,71-29-2-2-1,4.97472837983046e-06_4.97472837983046e-06_4.97472837983046e-06_4.97472837983046e-06_4.97472837983046e-06
1016,1420,227-41-9-2-1,3.73104628487285e-06_3.73104628487285e-06_3.73104628487285e-06_3.73104628487285e-06_3.73104628487285e-06
1016,1421,213-15-9-2-1,3.73104628487285e-05_3.73104628487285e-05_3.73104628487285e-05_3.73104628487285e-05_3.73104628487285e-05
1016,1422,213-15-9-2-1,6.84025152226688e-06_6.84025152226688e-06_6.84025152226688e-06_6.84025152226688e-06_6.84025152226688e-06
1016,1423,156-37-4-2-1,9.32761571218212e-06_9.32761571218212e-06_9.32761571218212e-06_9.32761571218212e-06_9.32761571218212e-06
1016,1424,227-41-9-2-1,8.0839336172245e-06_8.0839336172245e-06_8.0839336172245e-06_8.0839336172245e-06_8.0839336172245e-06
1016,1425,29-17-10-1-1,0.000100116408644088_0.000100116408644088_0.000100116408644088_0.000100116408644088_0.000100116408644088
1016,1426,186-15-9-2-1,1.55460261869702e-05_1.55460261869702e-05_1.55460261869702e-05_1.55460261869702e-05_1.55460261869702e-05
1016,1427,83-33-5-1-1,3.2335734468898e-05_3.2335734468898e-05_3.2335734468898e-05_3.2335734468898e-05_3.2335734468898e-05
1016,1428,89-13-6-2-1,9.88727265491304e-05_9.88727265491304e-05_9.88727265491304e-05_9.88727265491304e-05_9.88727265491304e-05
1016,1429,158-2-2-2-1,0.000158569467107096_0.000158569467107096_0.000158569467107096_0.000158569467107096_0.000158569467107096
1016,1430,158-2-2-2-1,4.72599196083894e-05_4.72599196083894e-05_4.72599196083894e-05_4.72599196083894e-05_4.72599196083894e-05
1016,1431,172-40-4-2-1,2.48736418991523e-06_2.48736418991523e-06_2.48736418991523e-06_2.48736418991523e-06_2.48736418991523e-06
1016,1432,44-13-6-2-1,2.73610060890675e-05_2.73610060890675e-05_2.73610060890675e-05_2.73610060890675e-05_2.73610060890675e-05
1016,1433,49-22-8-1-1,4.97472837983046e-06_4.97472837983046e-06_4.97472837983046e-06_4.97472837983046e-06_4.97472837983046e-06
1016,1434,171-18-4-2-1,8.0839336172245e-06_8.0839336172245e-06_8.0839336172245e-06_8.0839336172245e-06_8.0839336172245e-06
1016,1435,4-4-4-2-1,5.59656942730927e-06_5.59656942730927e-06_5.59656942730927e-06_5.59656942730927e-06_5.59656942730927e-06
1016,1436,45-5-5-1-1,4.35288733235165e-06_4.35288733235165e-06_4.35288733235165e-06_4.35288733235165e-06_4.35288733235165e-06
1016,1437,71-29-2-2-1,1.43023440920126e-05_1.43023440920126e-05_1.43023440920126e-05_1.43023440920126e-05_1.43023440920126e-05
1016,1438,97-26-4-2-1,0.000363777012775103_0.000363777012775103_0.000363777012775103_0.000363777012775103_0.000363777012775103
1016,1439,39-22-8-1-1,1.80333903768854e-05_1.80333903768854e-05_1.80333903768854e-05_1.80333903768854e-05_1.80333903768854e-05
1016,1440,16-10-2-2-1,0.000236921439089426_0.000236921439089426_0.000236921439089426_0.000236921439089426_0.000236921439089426
1016,1441,167-18-4-2-1,3.73104628487285e-06_3.73104628487285e-06_3.73104628487285e-06_3.73104628487285e-06_3.73104628487285e-06
1016,1442,70-27-8-1-1,3.10920523739404e-06_3.10920523739404e-06_3.10920523739404e-06_3.10920523739404e-06_3.10920523739404e-06
1016,1443,200-15-9-2-1,6.21841047478808e-06_6.21841047478808e-06_6.21841047478808e-06_6.21841047478808e-06_6.21841047478808e-06
1016,1444,71-29-2-2-1,3.10920523739404e-06_3.10920523739404e-06_3.10920523739404e-06_3.10920523739404e-06_3.10920523739404e-06
1016,1445,16-10-2-2-1,8.70577466470331e-06_8.70577466470331e-06_8.70577466470331e-06_8.70577466470331e-06_8.70577466470331e-06
1016,1446,226-32-10-1-1,5.1612806940741e-05_5.1612806940741e-05_5.1612806940741e-05_5.1612806940741e-05_5.1612806940741e-05
1016,1447,201-17-10-1-1,1.6167867234449e-05_1.6167867234449e-05_1.6167867234449e-05_1.6167867234449e-05_1.6167867234449e-05
1016,1448,61-13-6-2-1,1.67897082819278e-05_1.67897082819278e-05_1.67897082819278e-05_1.67897082819278e-05_1.67897082819278e-05
1016,1449,185-41-9-2-1,5.59656942730927e-06_5.59656942730927e-06_5.59656942730927e-06_5.59656942730927e-06_5.59656942730927e-06
1016,1450,58-13-6-2-1,9.82508855016516e-05_9.82508855016516e-05_9.82508855016516e-05_9.82508855016516e-05_9.82508855016516e-05
1016,1451,71-29-2-2-1,2.73610060890675e-05_2.73610060890675e-05_2.73610060890675e-05_2.73610060890675e-05_2.73610060890675e-05
1016,1452,147-11-4-2-1,5.53438532256139e-05_5.53438532256139e-05_5.53438532256139e-05_5.53438532256139e-05_5.53438532256139e-05
1016,1453,44-13-6-2-1,8.70577466470331e-06_8.70577466470331e-06_8.70577466470331e-06_8.70577466470331e-06_8.70577466470331e-06
1016,1454,208-30-1-1-1,1.24368209495762e-05_1.24368209495762e-05_1.24368209495762e-05_1.24368209495762e-05_1.24368209495762e-05
1016,1455,152-32-10-1-1,5.59656942730927e-06_5.59656942730927e-06_5.59656942730927e-06_5.59656942730927e-06_5.59656942730927e-06
1016,1456,221-35-4-2-1,4.35288733235165e-06_4.35288733235165e-06_4.35288733235165e-06_4.35288733235165e-06_4.35288733235165e-06
1016,1457,45-5-5-1-1,9.32761571218212e-06_9.32761571218212e-06_9.32761571218212e-06_9.32761571218212e-06_9.32761571218212e-06
1016,1458,115-8-3-1-1,0.000296618179647391_0.000296618179647391_0.000296618179647391_0.000296618179647391_0.000296618179647391
1016,1459,138-23-8-1-1,1.24368209495762e-05_1.24368209495762e-05_1.24368209495762e-05_1.24368209495762e-05_1.24368209495762e-05
1016,1460,70-27-8-1-1,3.73104628487285e-06_3.73104628487285e-06_3.73104628487285e-06_3.73104628487285e-06_3.73104628487285e-06
1016,1461,142-42-12-1-1,4.35288733235165e-06_4.35288733235165e-06_4.35288733235165e-06_4.35288733235165e-06_4.35288733235165e-06
1016,1462,125-30-1-1-1,6.34277868428384e-05_6.34277868428384e-05_6.34277868428384e-05_6.34277868428384e-05_6.34277868428384e-05
1016,1463,17-11-4-2-1,3.10920523739404e-06_3.10920523739404e-06_3.10920523739404e-06_3.10920523739404e-06_3.10920523739404e-06
1016,1464,51-22-8-1-1,4.97472837983046e-06_4.97472837983046e-06_4.97472837983046e-06_4.97472837983046e-06_4.97472837983046e-06
1016,1465,2-2-2-2-1,0.000452700282564572_0.000452700282564572_0.000452700282564572_0.000452700282564572_0.000452700282564572
1016,1466,158-2-2-2-1,0.000152351056632308_0.000152351056632308_0.000152351056632308_0.000152351056632308_0.000152351056632308
1016,1467,153-18-4-2-1,4.97472837983046e-06_4.97472837983046e-06_4.97472837983046e-06_4.97472837983046e-06_4.97472837983046e-06
1016,1468,39-22-8-1-1,9.14106339793847e-05_9.14106339793847e-05_9.14106339793847e-05_9.14106339793847e-05_9.14106339793847e-05
1016,1469,136-26-4-2-1,0.000210804115095316_0.000210804115095316_0.000210804115095316_0.000210804115095316_0.000210804115095316
1016,1470,205-12-8-1-1,4.97472837983046e-06_4.97472837983046e-06_4.97472837983046e-06_4.97472837983046e-06_4.97472837983046e-06
1016,1471,8-7-4-2-1,2.05207545668007e-05_2.05207545668007e-05_2.05207545668007e-05_2.05207545668007e-05_2.05207545668007e-05
1016,1472,205-12-8-1-1,0.000358180443347793_0.000358180443347793_0.000358180443347793_0.000358180443347793_0.000358180443347793
1016,1474,157-12-8-1-1,0.00014613264615752_0.00014613264615752_0.00014613264615752_0.00014613264615752_0.00014613264615752
1016,1475,46-2-2-2-1,0.000128099255780634_0.000128099255780634_0.000128099255780634_0.000128099255780634_0.000128099255780634
1016,1476,153-18-4-2-1,3.73104628487285e-06_3.73104628487285e-06_3.73104628487285e-06_3.73104628487285e-06_3.73104628487285e-06
1016,1477,126-29-2-2-1,3.73104628487285e-06_3.73104628487285e-06_3.73104628487285e-06_3.73104628487285e-06_3.73104628487285e-06
1016,1478,47-22-8-1-1,3.73104628487285e-06_3.73104628487285e-06_3.73104628487285e-06_3.73104628487285e-06_3.73104628487285e-06
1016,1479,44-13-6-2-1,9.32761571218212e-06_9.32761571218212e-06_9.32761571218212e-06_9.32761571218212e-06_9.32761571218212e-06
1016,1480,44-13-6-2-1,6.52933099852748e-05_6.52933099852748e-05_6.52933099852748e-05_6.52933099852748e-05_6.52933099852748e-05
1016,1481,112-14-4-2-1,2.36299598041947e-05_2.36299598041947e-05_2.36299598041947e-05_2.36299598041947e-05_2.36299598041947e-05
1016,1482,55-22-8-1-1,4.97472837983046e-06_4.97472837983046e-06_4.97472837983046e-06_4.97472837983046e-06_4.97472837983046e-06
1016,1483,212-41-9-2-1,4.97472837983046e-06_4.97472837983046e-06_4.97472837983046e-06_4.97472837983046e-06_4.97472837983046e-06
1016,1485,189-12-8-1-1,1.11931388546185e-05_1.11931388546185e-05_1.11931388546185e-05_1.11931388546185e-05_1.11931388546185e-05
1016,1486,140-42-12-1-1,4.35288733235165e-06_4.35288733235165e-06_4.35288733235165e-06_4.35288733235165e-06_4.35288733235165e-06
1016,1487,31-6-6-2-1,0.00129529490189836_0.00129529490189836_0.00129529490189836_0.00129529490189836_0.00129529490189836
1016,1488,4-4-4-2-1,3.73104628487285e-06_3.73104628487285e-06_3.73104628487285e-06_3.73104628487285e-06_3.73104628487285e-06
1016,1489,148-29-2-2-1,0.00010944402435627_0.00010944402435627_0.00010944402435627_0.00010944402435627_0.00010944402435627
1016,1490,96-13-6-2-1,0.00010446929597644_0.00010446929597644_0.00010446929597644_0.00010446929597644_0.00010446929597644
1016,1491,83-33-5-1-1,8.0839336172245e-06_8.0839336172245e-06_8.0839336172245e-06_8.0839336172245e-06_8.0839336172245e-06
1016,1492,205-12-8-1-1,0.000153594738727265_0.000153594738727265_0.000153594738727265_0.000153594738727265_0.000153594738727265
1016,1493,214-26-4-2-1,9.94945675966092e-06_9.94945675966092e-06_9.94945675966092e-06_9.94945675966092e-06_9.94945675966092e-06
1016,1494,153-18-4-2-1,1.05712978071397e-05_1.05712978071397e-05_1.05712978071397e-05_1.05712978071397e-05_1.05712978071397e-05
1016,1495,194-31-9-2-1,6.21841047478808e-06_6.21841047478808e-06_6.21841047478808e-06_6.21841047478808e-06_6.21841047478808e-06
1016,1496,194-31-9-2-1,9.94945675966092e-06_9.94945675966092e-06_9.94945675966092e-06_9.94945675966092e-06_9.94945675966092e-06
1016,1497,142-42-12-1-1,1.80333903768854e-05_1.80333903768854e-05_1.80333903768854e-05_1.80333903768854e-05_1.80333903768854e-05
1016,1498,147-11-4-2-1,6.84025152226688e-06_6.84025152226688e-06_6.84025152226688e-06_6.84025152226688e-06_6.84025152226688e-06
1016,1499,18-12-8-1-1,3.73104628487285e-06_3.73104628487285e-06_3.73104628487285e-06_3.73104628487285e-06_3.73104628487285e-06
1016,1500,13-6-6-2-1,0.000190283360528515_0.000190283360528515_0.000190283360528515_0.000190283360528515_0.000190283360528515
1016,1501,63-27-8-1-1,3.10920523739404e-06_3.10920523739404e-06_3.10920523739404e-06_3.10920523739404e-06_3.10920523739404e-06
1016,1502,8-7-4-2-1,3.73104628487285e-06_3.73104628487285e-06_3.73104628487285e-06_3.73104628487285e-06_3.73104628487285e-06
1016,1503,175-20-9-2-1,3.73104628487285e-06_3.73104628487285e-06_3.73104628487285e-06_3.73104628487285e-06_3.73104628487285e-06
1016,1504,63-27-8-1-1,3.10920523739404e-06_3.10920523739404e-06_3.10920523739404e-06_3.10920523739404e-06_3.10920523739404e-06
1016,1505,185-41-9-2-1,3.10920523739404e-06_3.10920523739404e-06_3.10920523739404e-06_3.10920523739404e-06_3.10920523739404e-06
1016,1507,49-22-8-1-1,4.97472837983046e-06_4.97472837983046e-06_4.97472837983046e-06_4.97472837983046e-06_4.97472837983046e-06
1016,1508,47-22-8-1-1,1.74115493294066e-05_1.74115493294066e-05_1.74115493294066e-05_1.74115493294066e-05_1.74115493294066e-05
1016,1509,158-2-2-2-1,7.71082898873721e-05_7.71082898873721e-05_7.71082898873721e-05_7.71082898873721e-05_7.71082898873721e-05
1016,1510,126-29-2-2-1,6.21841047478808e-06_6.21841047478808e-06_6.21841047478808e-06_6.21841047478808e-06_6.21841047478808e-06
1016,1511,47-22-8-1-1,5.59656942730927e-06_5.59656942730927e-06_5.59656942730927e-06_5.59656942730927e-06_5.59656942730927e-06
1016,1512,161-36-10-1-1,1.05712978071397e-05_1.05712978071397e-05_1.05712978071397e-05_1.05712978071397e-05_1.05712978071397e-05
1016,1513,163-43-4-2-1,3.73104628487285e-06_3.73104628487285e-06_3.73104628487285e-06_3.73104628487285e-06_3.73104628487285e-06
1016,1514,61-13-6-2-1,6.34277868428384e-05_6.34277868428384e-05_6.34277868428384e-05_6.34277868428384e-05_6.34277868428384e-05
1016,1515,116-36-10-1-1,3.10920523739404e-05_3.10920523739404e-05_3.10920523739404e-05_3.10920523739404e-05_3.10920523739404e-05
1016,1516,84-2-2-2-1,5.1612806940741e-05_5.1612806940741e-05_5.1612806940741e-05_5.1612806940741e-05_5.1612806940741e-05
1016,1517,4-4-4-2-1,5.59656942730927e-06_5.59656942730927e-06_5.59656942730927e-06_5.59656942730927e-06_5.59656942730927e-06
1016,1518,234-24-7-1-1,8.27048593146814e-05_8.27048593146814e-05_8.27048593146814e-05_8.27048593146814e-05_8.27048593146814e-05
1016,1519,172-40-4-2-1,5.59656942730927e-06_5.59656942730927e-06_5.59656942730927e-06_5.59656942730927e-06_5.59656942730927e-06
1016,1520,152-32-10-1-1,4.35288733235165e-06_4.35288733235165e-06_4.35288733235165e-06_4.35288733235165e-06_4.35288733235165e-06
1016,1521,161-36-10-1-1,1.24368209495762e-05_1.24368209495762e-05_1.24368209495762e-05_1.24368209495762e-05_1.24368209495762e-05
1016,1522,176-20-9-2-1,0.000499960202172961_0.000499960202172961_0.000499960202172961_0.000499960202172961_0.000499960202172961
1016,1523,172-40-4-2-1,3.10920523739404e-06_3.10920523739404e-06_3.10920523739404e-06_3.10920523739404e-06_3.10920523739404e-06
1016,1524,23-10-2-2-1,0.000173493652246587_0.000173493652246587_0.000173493652246587_0.000173493652246587_0.000173493652246587
1016,1525,161-36-10-1-1,4.97472837983046e-06_4.97472837983046e-06_4.97472837983046e-06_4.97472837983046e-06_4.97472837983046e-06
1016,1526,194-31-9-2-1,8.70577466470331e-06_8.70577466470331e-06_8.70577466470331e-06_8.70577466470331e-06_8.70577466470331e-06
1016,1527,45-5-5-1-1,6.21841047478808e-06_6.21841047478808e-06_6.21841047478808e-06_6.21841047478808e-06_6.21841047478808e-06
1016,1528,138-23-8-1-1,2.73610060890675e-05_2.73610060890675e-05_2.73610060890675e-05_2.73610060890675e-05_2.73610060890675e-05
1016,1529,32-18-4-2-1,2.05207545668007e-05_2.05207545668007e-05_2.05207545668007e-05_2.05207545668007e-05_2.05207545668007e-05
1016,1530,203-11-4-2-1,4.97472837983046e-06_4.97472837983046e-06_4.97472837983046e-06_4.97472837983046e-06_4.97472837983046e-06
1016,1532,95-37-4-2-1,1.74115493294066e-05_1.74115493294066e-05_1.74115493294066e-05_1.74115493294066e-05_1.74115493294066e-05
1016,1533,95-37-4-2-1,1.55460261869702e-05_1.55460261869702e-05_1.55460261869702e-05_1.55460261869702e-05_1.55460261869702e-05
1016,1534,160-30-1-1-1,6.84025152226688e-06_6.84025152226688e-06_6.84025152226688e-06_6.84025152226688e-06_6.84025152226688e-06
1016,1535,130-12-8-1-1,4.35288733235165e-06_4.35288733235165e-06_4.35288733235165e-06_4.35288733235165e-06_4.35288733235165e-06
1016,1536,172-40-4-2-1,1.86552314243642e-06_1.86552314243642e-06_1.86552314243642e-06_1.86552314243642e-06_1.86552314243642e-06
1016,1537,91-33-5-1-1,9.94945675966092e-06_9.94945675966092e-06_9.94945675966092e-06_9.94945675966092e-06_9.94945675966092e-06
1016,1538,95-37-4-2-1,0.000442750825804911_0.000442750825804911_0.000442750825804911_0.000442750825804911_0.000442750825804911
1016,1539,95-37-4-2-1,3.2335734468898e-05_3.2335734468898e-05_3.2335734468898e-05_3.2335734468898e-05_3.2335734468898e-05
1016,1540,209-35-4-2-1,6.21841047478808e-06_6.21841047478808e-06_6.21841047478808e-06_6.21841047478808e-06_6.21841047478808e-06
1016,1541,18-12-8-1-1,3.10920523739404e-06_3.10920523739404e-06_3.10920523739404e-06_3.10920523739404e-06_3.10920523739404e-06
1016,1542,185-41-9-2-1,6.21841047478808e-06_6.21841047478808e-06_6.21841047478808e-06_6.21841047478808e-06_6.21841047478808e-06
1016,1543,109-28-5-1-1,2.42518008516735e-05_2.42518008516735e-05_2.42518008516735e-05_2.42518008516735e-05_2.42518008516735e-05
1016,1544,95-37-4-2-1,1.11931388546185e-05_1.11931388546185e-05_1.11931388546185e-05_1.11931388546185e-05_1.11931388546185e-05
1016,1545,172-40-4-2-1,3.10920523739404e-06_3.10920523739404e-06_3.10920523739404e-06_3.10920523739404e-06_3.10920523739404e-06
1016,1546,144-43-4-2-1,1.49241851394914e-05_1.49241851394914e-05_1.49241851394914e-05_1.49241851394914e-05_1.49241851394914e-05
1016,1547,144-43-4-2-1,1.05712978071397e-05_1.05712978071397e-05_1.05712978071397e-05_1.05712978071397e-05_1.05712978071397e-05
1016,1548,27-8-3-1-1,3.35794165638556e-05_3.35794165638556e-05_3.35794165638556e-05_3.35794165638556e-05_3.35794165638556e-05
1016,1549,141-42-12-1-1,3.10920523739404e-06_3.10920523739404e-06_3.10920523739404e-06_3.10920523739404e-06_3.10920523739404e-06
1016,1550,200-15-9-2-1,2.9226529231504e-05_2.9226529231504e-05_2.9226529231504e-05_2.9226529231504e-05_2.9226529231504e-05
1016,1551,199-19-9-2-1,3.10920523739404e-06_3.10920523739404e-06_3.10920523739404e-06_3.10920523739404e-06_3.10920523739404e-06
1016,1552,172-40-4-2-1,3.10920523739404e-06_3.10920523739404e-06_3.10920523739404e-06_3.10920523739404e-06_3.10920523739404e-06
1016,1553,141-42-12-1-1,1.24368209495762e-05_1.24368209495762e-05_1.24368209495762e-05_1.24368209495762e-05_1.24368209495762e-05
1016,1554,163-43-4-2-1,6.84025152226688e-05_6.84025152226688e-05_6.84025152226688e-05_6.84025152226688e-05_6.84025152226688e-05
1016,1555,8-7-4-2-1,4.35288733235165e-06_4.35288733235165e-06_4.35288733235165e-06_4.35288733235165e-06_4.35288733235165e-06
1016,1556,74-31-9-2-1,4.97472837983046e-06_4.97472837983046e-06_4.97472837983046e-06_4.97472837983046e-06_4.97472837983046e-06
1016,1557,171-18-4-2-1,1.11931388546185e-05_1.11931388546185e-05_1.11931388546185e-05_1.11931388546185e-05_1.11931388546185e-05
1016,1558,34-19-9-2-1,1.6167867234449e-05_1.6167867234449e-05_1.6167867234449e-05_1.6167867234449e-05_1.6167867234449e-05
1016,1559,93-16-2-2-1,2.48736418991523e-05_2.48736418991523e-05_2.48736418991523e-05_2.48736418991523e-05_2.48736418991523e-05
1016,1560,212-41-9-2-1,4.35288733235165e-06_4.35288733235165e-06_4.35288733235165e-06_4.35288733235165e-06_4.35288733235165e-06
1016,1561,74-31-9-2-1,3.35794165638556e-05_3.35794165638556e-05_3.35794165638556e-05_3.35794165638556e-05_3.35794165638556e-05
1016,1562,185-41-9-2-1,5.34783300831775e-05_5.34783300831775e-05_5.34783300831775e-05_5.34783300831775e-05_5.34783300831775e-05
1016,1563,172-40-4-2-1,3.10920523739404e-06_3.10920523739404e-06_3.10920523739404e-06_3.10920523739404e-06_3.10920523739404e-06
1016,1564,68-30-1-1-1,4.35288733235165e-06_4.35288733235165e-06_4.35288733235165e-06_4.35288733235165e-06_4.35288733235165e-06
1016,1565,152-32-10-1-1,3.5444939706292e-05_3.5444939706292e-05_3.5444939706292e-05_3.5444939706292e-05_3.5444939706292e-05
1016,1566,213-15-9-2-1,3.73104628487285e-06_3.73104628487285e-06_3.73104628487285e-06_3.73104628487285e-06_3.73104628487285e-06
1016,1567,152-32-10-1-1,1.24368209495762e-05_1.24368209495762e-05_1.24368209495762e-05_1.24368209495762e-05_1.24368209495762e-05
1016,1568,188-14-4-2-1,1.05712978071397e-05_1.05712978071397e-05_1.05712978071397e-05_1.05712978071397e-05_1.05712978071397e-05
1016,1569,149-16-2-2-1,3.73104628487285e-06_3.73104628487285e-06_3.73104628487285e-06_3.73104628487285e-06_3.73104628487285e-06
1016,1570,160-30-1-1-1,3.10920523739404e-06_3.10920523739404e-06_3.10920523739404e-06_3.10920523739404e-06_3.10920523739404e-06
1016,1571,207-29-2-2-1,0.000188417837386079_0.000188417837386079_0.000188417837386079_0.000188417837386079_0.000188417837386079
1016,1572,149-16-2-2-1,1.67897082819278e-05_1.67897082819278e-05_1.67897082819278e-05_1.67897082819278e-05_1.67897082819278e-05
1016,1573,122-16-2-2-1,2.17644366617583e-05_2.17644366617583e-05_2.17644366617583e-05_2.17644366617583e-05_2.17644366617583e-05
1016,1574,151-19-9-2-1,5.96967405579655e-05_5.96967405579655e-05_5.96967405579655e-05_5.96967405579655e-05_5.96967405579655e-05
1016,1575,26-15-9-2-1,4.97472837983046e-06_4.97472837983046e-06_4.97472837983046e-06_4.97472837983046e-06_4.97472837983046e-06
1016,1576,185-41-9-2-1,3.10920523739404e-06_3.10920523739404e-06_3.10920523739404e-06_3.10920523739404e-06_3.10920523739404e-06
1016,1577,122-16-2-2-1,4.97472837983046e-06_4.97472837983046e-06_4.97472837983046e-06_4.97472837983046e-06_4.97472837983046e-06
1016,1578,161-36-10-1-1,8.70577466470331e-06_8.70577466470331e-06_8.70577466470331e-06_8.70577466470331e-06_8.70577466470331e-06
1016,1579,175-20-9-2-1,5.09909658932622e-05_5.09909658932622e-05_5.09909658932622e-05_5.09909658932622e-05_5.09909658932622e-05
1016,1580,126-29-2-2-1,7.46209256974569e-06_7.46209256974569e-06_7.46209256974569e-06_7.46209256974569e-06_7.46209256974569e-06
1016,1581,153-18-4-2-1,3.73104628487285e-06_3.73104628487285e-06_3.73104628487285e-06_3.73104628487285e-06_3.73104628487285e-06
1016,1582,235-34-11-1-1,3.66886218012497e-05_3.66886218012497e-05_3.66886218012497e-05_3.66886218012497e-05_3.66886218012497e-05
1016,1584,186-15-9-2-1,2.11425956142795e-05_2.11425956142795e-05_2.11425956142795e-05_2.11425956142795e-05_2.11425956142795e-05
1016,1585,185-41-9-2-1,9.32761571218212e-06_9.32761571218212e-06_9.32761571218212e-06_9.32761571218212e-06_9.32761571218212e-06
1016,1586,93-16-2-2-1,1.6167867234449e-05_1.6167867234449e-05_1.6167867234449e-05_1.6167867234449e-05_1.6167867234449e-05
1016,1587,122-16-2-2-1,1.3058661997055e-05_1.3058661997055e-05_1.3058661997055e-05_1.3058661997055e-05_1.3058661997055e-05
1016,1588,200-15-9-2-1,1.67897082819278e-05_1.67897082819278e-05_1.67897082819278e-05_1.67897082819278e-05_1.67897082819278e-05
1016,1589,142-42-12-1-1,3.10920523739404e-06_3.10920523739404e-06_3.10920523739404e-06_3.10920523739404e-06_3.10920523739404e-06
1016,1590,29-17-10-1-1,1.18149799020973e-05_1.18149799020973e-05_1.18149799020973e-05_1.18149799020973e-05_1.18149799020973e-05
1016,1591,47-22-8-1-1,3.73104628487285e-06_3.73104628487285e-06_3.73104628487285e-06_3.73104628487285e-06_3.73104628487285e-06
1016,1592,185-41-9-2-1,5.59656942730927e-06_5.59656942730927e-06_5.59656942730927e-06_5.59656942730927e-06_5.59656942730927e-06
1016,1593,200-15-9-2-1,6.84025152226688e-06_6.84025152226688e-06_6.84025152226688e-06_6.84025152226688e-06_6.84025152226688e-06
1016,1594,213-15-9-2-1,1.36805030445338e-05_1.36805030445338e-05_1.36805030445338e-05_1.36805030445338e-05_1.36805030445338e-05
1016,1595,160-30-1-1-1,1.67897082819278e-05_1.67897082819278e-05_1.67897082819278e-05_1.67897082819278e-05_1.67897082819278e-05
1016,1596,141-42-12-1-1,5.59656942730927e-06_5.59656942730927e-06_5.59656942730927e-06_5.59656942730927e-06_5.59656942730927e-06
1016,1597,7-4-4-2-1,1.11931388546185e-05_1.11931388546185e-05_1.11931388546185e-05_1.11931388546185e-05_1.11931388546185e-05
1016,1598,177-7-4-2-1,5.59656942730927e-06_5.59656942730927e-06_5.59656942730927e-06_5.59656942730927e-06_5.59656942730927e-06
1016,1599,74-31-9-2-1,8.70577466470331e-06_8.70577466470331e-06_8.70577466470331e-06_8.70577466470331e-06_8.70577466470331e-06
1016,1600,128-7-4-2-1,3.73104628487285e-06_3.73104628487285e-06_3.73104628487285e-06_3.73104628487285e-06_3.73104628487285e-06
1016,1601,74-31-9-2-1,1.18149799020973e-05_1.18149799020973e-05_1.18149799020973e-05_1.18149799020973e-05_1.18149799020973e-05
1016,1602,8-7-4-2-1,3.10920523739404e-06_3.10920523739404e-06_3.10920523739404e-06_3.10920523739404e-06_3.10920523739404e-06
1016,1603,6-6-6-2-1,6.34277868428384e-05_6.34277868428384e-05_6.34277868428384e-05_6.34277868428384e-05_6.34277868428384e-05
1016,1604,153-18-4-2-1,8.0839336172245e-06_8.0839336172245e-06_8.0839336172245e-06_8.0839336172245e-06_8.0839336172245e-06
1016,1605,209-35-4-2-1,1.86552314243642e-05_1.86552314243642e-05_1.86552314243642e-05_1.86552314243642e-05_1.86552314243642e-05
1016,1606,126-29-2-2-1,2.61173239941099e-05_2.61173239941099e-05_2.61173239941099e-05_2.61173239941099e-05_2.61173239941099e-05
1016,1607,167-18-4-2-1,5.59656942730927e-06_5.59656942730927e-06_5.59656942730927e-06_5.59656942730927e-06_5.59656942730927e-06
1016,1608,175-20-9-2-1,1.36805030445338e-05_1.36805030445338e-05_1.36805030445338e-05_1.36805030445338e-05_1.36805030445338e-05
1016,1609,176-20-9-2-1,1.98989135193218e-05_1.98989135193218e-05_1.98989135193218e-05_1.98989135193218e-05_1.98989135193218e-05
1016,1610,199-19-9-2-1,1.3058661997055e-05_1.3058661997055e-05_1.3058661997055e-05_1.3058661997055e-05_1.3058661997055e-05
1016,1611,161-36-10-1-1,8.0839336172245e-06_8.0839336172245e-06_8.0839336172245e-06_8.0839336172245e-06_8.0839336172245e-06
1016,1613,222-35-4-2-1,1.11931388546185e-05_1.11931388546185e-05_1.11931388546185e-05_1.11931388546185e-05_1.11931388546185e-05
1016,1614,113-31-9-2-1,2.79828471365463e-05_2.79828471365463e-05_2.79828471365463e-05_2.79828471365463e-05_2.79828471365463e-05
1016,1615,112-14-4-2-1,6.21841047478808e-06_6.21841047478808e-06_6.21841047478808e-06_6.21841047478808e-06_6.21841047478808e-06
1016,1616,140-42-12-1-1,4.97472837983046e-06_4.97472837983046e-06_4.97472837983046e-06_4.97472837983046e-06_4.97472837983046e-06
1016,1617,166-18-4-2-1,8.0839336172245e-06_8.0839336172245e-06_8.0839336172245e-06_8.0839336172245e-06_8.0839336172245e-06
1016,1618,4-4-4-2-1,6.84025152226688e-06_6.84025152226688e-06_6.84025152226688e-06_6.84025152226688e-06_6.84025152226688e-06
1016,1619,66-29-2-2-1,6.21841047478808e-06_6.21841047478808e-06_6.21841047478808e-06_6.21841047478808e-06_6.21841047478808e-06
1016,1620,32-18-4-2-1,6.84025152226688e-06_6.84025152226688e-06_6.84025152226688e-06_6.84025152226688e-06_6.84025152226688e-06
1016,1621,129-21-4-2-1,7.46209256974569e-06_7.46209256974569e-06_7.46209256974569e-06_7.46209256974569e-06_7.46209256974569e-06
1016,1622,137-26-4-2-1,1.18149799020973e-05_1.18149799020973e-05_1.18149799020973e-05_1.18149799020973e-05_1.18149799020973e-05
1016,1623,67-2-2-2-1,4.97472837983046e-06_4.97472837983046e-06_4.97472837983046e-06_4.97472837983046e-06_4.97472837983046e-06
1016,1624,129-21-4-2-1,3.10920523739404e-06_3.10920523739404e-06_3.10920523739404e-06_3.10920523739404e-06_3.10920523739404e-06
1016,1625,214-26-4-2-1,6.4671468937796e-05_6.4671468937796e-05_6.4671468937796e-05_6.4671468937796e-05_6.4671468937796e-05
1016,1626,74-31-9-2-1,6.21841047478808e-06_6.21841047478808e-06_6.21841047478808e-06_6.21841047478808e-06_6.21841047478808e-06
1016,1627,168-2-2-2-1,0.000562144306920842_0.000562144306920842_0.000562144306920842_0.000562144306920842_0.000562144306920842
1016,1628,89-13-6-2-1,7.46209256974569e-05_7.46209256974569e-05_7.46209256974569e-05_7.46209256974569e-05_7.46209256974569e-05
1016,1629,166-18-4-2-1,8.0839336172245e-06_8.0839336172245e-06_8.0839336172245e-06_8.0839336172245e-06_8.0839336172245e-06
1016,1630,223-40-4-2-1,5.59656942730927e-06_5.59656942730927e-06_5.59656942730927e-06_5.59656942730927e-06_5.59656942730927e-06
1016,1631,13-6-6-2-1,4.41507143709953e-05_4.41507143709953e-05_4.41507143709953e-05_4.41507143709953e-05_4.41507143709953e-05
1016,1632,36-6-6-2-1,9.45198392167788e-05_9.45198392167788e-05_9.45198392167788e-05_9.45198392167788e-05_9.45198392167788e-05
1016,1633,44-13-6-2-1,9.32761571218212e-06_9.32761571218212e-06_9.32761571218212e-06_9.32761571218212e-06_9.32761571218212e-06
1016,1634,166-18-4-2-1,2.05207545668007e-05_2.05207545668007e-05_2.05207545668007e-05_2.05207545668007e-05_2.05207545668007e-05
1016,1635,191-37-4-2-1,7.46209256974569e-06_7.46209256974569e-06_7.46209256974569e-06_7.46209256974569e-06_7.46209256974569e-06
1016,1636,95-37-4-2-1,3.73104628487285e-06_3.73104628487285e-06_3.73104628487285e-06_3.73104628487285e-06_3.73104628487285e-06
1016,1637,218-7-4-2-1,4.35288733235165e-06_4.35288733235165e-06_4.35288733235165e-06_4.35288733235165e-06_4.35288733235165e-06
1016,1638,119-6-6-2-1,0.000116284275878537_0.000116284275878537_0.000116284275878537_0.000116284275878537_0.000116284275878537
1016,1639,178-44-12-1-1,3.73104628487285e-06_3.73104628487285e-06_3.73104628487285e-06_3.73104628487285e-06_3.73104628487285e-06
1016,1640,228-17-10-1-1,0.000291643451267561_0.000291643451267561_0.000291643451267561_0.000291643451267561_0.000291643451267561
1016,1641,127-30-1-1-1,1.24368209495762e-05_1.24368209495762e-05_1.24368209495762e-05_1.24368209495762e-05_1.24368209495762e-05
1016,1642,127-30-1-1-1,5.59656942730927e-06_5.59656942730927e-06_5.59656942730927e-06_5.59656942730927e-06_5.59656942730927e-06
1016,1643,127-30-1-1-1,1.36805030445338e-05_1.36805030445338e-05_1.36805030445338e-05_1.36805030445338e-05_1.36805030445338e-05
1016,1644,112-14-4-2-1,4.97472837983046e-06_4.97472837983046e-06_4.97472837983046e-06_4.97472837983046e-06_4.97472837983046e-06
1016,1645,8-7-4-2-1,1.05712978071397e-05_1.05712978071397e-05_1.05712978071397e-05_1.05712978071397e-05_1.05712978071397e-05
1016,1646,123-41-9-2-1,2.30081187567159e-05_2.30081187567159e-05_2.30081187567159e-05_2.30081187567159e-05_2.30081187567159e-05
1016,1647,155-10-2-2-1,0.000159813149202054_0.000159813149202054_0.000159813149202054_0.000159813149202054_0.000159813149202054
1016,1648,16-10-2-2-1,6.28059457953596e-05_6.28059457953596e-05_6.28059457953596e-05_6.28059457953596e-05_6.28059457953596e-05
1016,1649,98-27-8-1-1,6.65369920802324e-05_6.65369920802324e-05_6.65369920802324e-05_6.65369920802324e-05_6.65369920802324e-05
1016,1650,236-42-12-1-1,4.35288733235165e-06_4.35288733235165e-06_4.35288733235165e-06_4.35288733235165e-06_4.35288733235165e-06
1016,1651,185-41-9-2-1,3.10920523739404e-06_3.10920523739404e-06_3.10920523739404e-06_3.10920523739404e-06_3.10920523739404e-06
1016,1652,114-40-4-2-1,2.36299598041947e-05_2.36299598041947e-05_2.36299598041947e-05_2.36299598041947e-05_2.36299598041947e-05
1016,1653,68-30-1-1-1,2.54954829466311e-05_2.54954829466311e-05_2.54954829466311e-05_2.54954829466311e-05_2.54954829466311e-05
1016,1654,98-27-8-1-1,1.11931388546185e-05_1.11931388546185e-05_1.11931388546185e-05_1.11931388546185e-05_1.11931388546185e-05
1016,1655,47-22-8-1-1,7.46209256974569e-06_7.46209256974569e-06_7.46209256974569e-06_7.46209256974569e-06_7.46209256974569e-06
1016,1656,126-29-2-2-1,1.3058661997055e-05_1.3058661997055e-05_1.3058661997055e-05_1.3058661997055e-05_1.3058661997055e-05
1016,1657,142-42-12-1-1,3.10920523739404e-06_3.10920523739404e-06_3.10920523739404e-06_3.10920523739404e-06_3.10920523739404e-06
1016,1659,166-18-4-2-1,6.21841047478808e-06_6.21841047478808e-06_6.21841047478808e-06_6.21841047478808e-06_6.21841047478808e-06
1016,1660,137-26-4-2-1,3.10920523739404e-06_3.10920523739404e-06_3.10920523739404e-06_3.10920523739404e-06_3.10920523739404e-06
1016,1661,79-32-10-1-1,3.66886218012497e-05_3.66886218012497e-05_3.66886218012497e-05_3.66886218012497e-05_3.66886218012497e-05
1016,1662,36-6-6-2-1,2.36299598041947e-05_2.36299598041947e-05_2.36299598041947e-05_2.36299598041947e-05_2.36299598041947e-05
1016,1663,112-14-4-2-1,3.10920523739404e-06_3.10920523739404e-06_3.10920523739404e-06_3.10920523739404e-06_3.10920523739404e-06
1016,1664,86-10-2-2-1,0.000374348310582242_0.000374348310582242_0.000374348310582242_0.000374348310582242_0.000374348310582242
1016,1665,202-37-4-2-1,6.21841047478808e-06_6.21841047478808e-06_6.21841047478808e-06_6.21841047478808e-06_6.21841047478808e-06
1016,1666,11-4-4-2-1,0.000112553229593664_0.000112553229593664_0.000112553229593664_0.000112553229593664_0.000112553229593664
1016,1667,153-18-4-2-1,5.59656942730927e-06_5.59656942730927e-06_5.59656942730927e-06_5.59656942730927e-06_5.59656942730927e-06
1016,1668,118-36-10-1-1,3.73104628487285e-06_3.73104628487285e-06_3.73104628487285e-06_3.73104628487285e-06_3.73104628487285e-06
1016,1669,230-14-4-2-1,1.18149799020973e-05_1.18149799020973e-05_1.18149799020973e-05_1.18149799020973e-05_1.18149799020973e-05
1016,1670,149-16-2-2-1,4.97472837983046e-06_4.97472837983046e-06_4.97472837983046e-06_4.97472837983046e-06_4.97472837983046e-06
1016,1671,176-20-9-2-1,8.70577466470331e-06_8.70577466470331e-06_8.70577466470331e-06_8.70577466470331e-06_8.70577466470331e-06
1016,1672,203-11-4-2-1,6.21841047478808e-06_6.21841047478808e-06_6.21841047478808e-06_6.21841047478808e-06_6.21841047478808e-06
1016,1673,172-40-4-2-1,6.84025152226688e-06_6.84025152226688e-06_6.84025152226688e-06_6.84025152226688e-06_6.84025152226688e-06
1016,1674,32-18-4-2-1,3.10920523739404e-06_3.10920523739404e-06_3.10920523739404e-06_3.10920523739404e-06_3.10920523739404e-06
1016,1675,51-22-8-1-1,1.18149799020973e-05_1.18149799020973e-05_1.18149799020973e-05_1.18149799020973e-05_1.18149799020973e-05
1016,1676,112-14-4-2-1,9.32761571218212e-06_9.32761571218212e-06_9.32761571218212e-06_9.32761571218212e-06_9.32761571218212e-06
1016,1677,112-14-4-2-1,1.18149799020973e-05_1.18149799020973e-05_1.18149799020973e-05_1.18149799020973e-05_1.18149799020973e-05
1016,1678,4-4-4-2-1,8.76795876945119e-05_8.76795876945119e-05_8.76795876945119e-05_8.76795876945119e-05_8.76795876945119e-05
1016,1679,204-35-4-2-1,1.9277072471843e-05_1.9277072471843e-05_1.9277072471843e-05_1.9277072471843e-05_1.9277072471843e-05
1016,1680,18-12-8-1-1,5.59656942730927e-06_5.59656942730927e-06_5.59656942730927e-06_5.59656942730927e-06_5.59656942730927e-06
1016,1681,214-26-4-2-1,4.97472837983046e-06_4.97472837983046e-06_4.97472837983046e-06_4.97472837983046e-06_4.97472837983046e-06
1016,1682,205-12-8-1-1,4.35288733235165e-06_4.35288733235165e-06_4.35288733235165e-06_4.35288733235165e-06_4.35288733235165e-06
1016,1683,189-12-8-1-1,6.84025152226688e-06_6.84025152226688e-06_6.84025152226688e-06_6.84025152226688e-06_6.84025152226688e-06
1016,1684,209-35-4-2-1,3.10920523739404e-06_3.10920523739404e-06_3.10920523739404e-06_3.10920523739404e-06_3.10920523739404e-06
1016,1685,152-32-10-1-1,3.10920523739404e-06_3.10920523739404e-06_3.10920523739404e-06_3.10920523739404e-06_3.10920523739404e-06
1016,1686,154-25-8-1-1,3.42012576113344e-05_3.42012576113344e-05_3.42012576113344e-05_3.42012576113344e-05_3.42012576113344e-05
1016,1687,61-13-6-2-1,0.000134317666255422_0.000134317666255422_0.000134317666255422_0.000134317666255422_0.000134317666255422
1016,1688,172-40-4-2-1,4.97472837983046e-06_4.97472837983046e-06_4.97472837983046e-06_4.97472837983046e-06_4.97472837983046e-06
1016,1689,61-13-6-2-1,0.000314651570024277_0.000314651570024277_0.000314651570024277_0.000314651570024277_0.000314651570024277
1016,1690,61-13-6-2-1,4.16633501810801e-05_4.16633501810801e-05_4.16633501810801e-05_4.16633501810801e-05_4.16633501810801e-05
1016,1691,118-36-10-1-1,4.97472837983046e-06_4.97472837983046e-06_4.97472837983046e-06_4.97472837983046e-06_4.97472837983046e-06
1016,1692,134-29-2-2-1,1.3058661997055e-05_1.3058661997055e-05_1.3058661997055e-05_1.3058661997055e-05_1.3058661997055e-05
1016,1693,26-15-9-2-1,8.70577466470331e-06_8.70577466470331e-06_8.70577466470331e-06_8.70577466470331e-06_8.70577466470331e-06
1016,1694,128-7-4-2-1,3.73104628487285e-06_3.73104628487285e-06_3.73104628487285e-06_3.73104628487285e-06_3.73104628487285e-06
1016,1695,36-6-6-2-1,0.000568984558443109_0.000568984558443109_0.000568984558443109_0.000568984558443109_0.000568984558443109
1016,1696,196-14-4-2-1,3.73104628487285e-06_3.73104628487285e-06_3.73104628487285e-06_3.73104628487285e-06_3.73104628487285e-06
1016,1697,222-35-4-2-1,4.47725554184741e-05_4.47725554184741e-05_4.47725554184741e-05_4.47725554184741e-05_4.47725554184741e-05
1016,1698,49-22-8-1-1,3.10920523739404e-06_3.10920523739404e-06_3.10920523739404e-06_3.10920523739404e-06_3.10920523739404e-06
1016,1699,8-7-4-2-1,3.10920523739404e-06_3.10920523739404e-06_3.10920523739404e-06_3.10920523739404e-06_3.10920523739404e-06
1016,1700,66-29-2-2-1,3.73104628487285e-06_3.73104628487285e-06_3.73104628487285e-06_3.73104628487285e-06_3.73104628487285e-06
1016,1701,196-14-4-2-1,8.70577466470331e-06_8.70577466470331e-06_8.70577466470331e-06_8.70577466470331e-06_8.70577466470331e-06
1016,1702,25-10-2-2-1,3.73104628487285e-06_3.73104628487285e-06_3.73104628487285e-06_3.73104628487285e-06_3.73104628487285e-06
1016,1704,95-37-4-2-1,2.48736418991523e-05_2.48736418991523e-05_2.48736418991523e-05_2.48736418991523e-05_2.48736418991523e-05
1016,1705,7-4-4-2-1,3.10920523739404e-06_3.10920523739404e-06_3.10920523739404e-06_3.10920523739404e-06_3.10920523739404e-06
1016,1706,29-17-10-1-1,1.49241851394914e-05_1.49241851394914e-05_1.49241851394914e-05_1.49241851394914e-05_1.49241851394914e-05
1016,1707,55-22-8-1-1,6.21841047478808e-06_6.21841047478808e-06_6.21841047478808e-06_6.21841047478808e-06_6.21841047478808e-06
1016,1708,185-41-9-2-1,1.43023440920126e-05_1.43023440920126e-05_1.43023440920126e-05_1.43023440920126e-05_1.43023440920126e-05
1016,1709,4-4-4-2-1,3.10920523739404e-06_3.10920523739404e-06_3.10920523739404e-06_3.10920523739404e-06_3.10920523739404e-06
1016,1710,205-12-8-1-1,6.21841047478808e-06_6.21841047478808e-06_6.21841047478808e-06_6.21841047478808e-06_6.21841047478808e-06
1016,1711,71-29-2-2-1,3.10920523739404e-06_3.10920523739404e-06_3.10920523739404e-06_3.10920523739404e-06_3.10920523739404e-06
1016,1712,55-22-8-1-1,3.73104628487285e-06_3.73104628487285e-06_3.73104628487285e-06_3.73104628487285e-06_3.73104628487285e-06
1016,1713,166-18-4-2-1,5.59656942730927e-06_5.59656942730927e-06_5.59656942730927e-06_5.59656942730927e-06_5.59656942730927e-06
1016,1715,49-22-8-1-1,3.97978270386437e-05_3.97978270386437e-05_3.97978270386437e-05_3.97978270386437e-05_3.97978270386437e-05
1016,1716,49-22-8-1-1,2.05207545668007e-05_2.05207545668007e-05_2.05207545668007e-05_2.05207545668007e-05_2.05207545668007e-05
1016,1717,47-22-8-1-1,2.17644366617583e-05_2.17644366617583e-05_2.17644366617583e-05_2.17644366617583e-05_2.17644366617583e-05
1016,1718,185-41-9-2-1,3.10920523739404e-06_3.10920523739404e-06_3.10920523739404e-06_3.10920523739404e-06_3.10920523739404e-06
1016,1719,51-22-8-1-1,5.59656942730927e-06_5.59656942730927e-06_5.59656942730927e-06_5.59656942730927e-06_5.59656942730927e-06
1016,1720,147-11-4-2-1,8.0839336172245e-06_8.0839336172245e-06_8.0839336172245e-06_8.0839336172245e-06_8.0839336172245e-06
1016,1721,153-18-4-2-1,3.10920523739404e-06_3.10920523739404e-06_3.10920523739404e-06_3.10920523739404e-06_3.10920523739404e-06
1016,1722,128-7-4-2-1,5.59656942730927e-06_5.59656942730927e-06_5.59656942730927e-06_5.59656942730927e-06_5.59656942730927e-06
1016,1723,140-42-12-1-1,2.61173239941099e-05_2.61173239941099e-05_2.61173239941099e-05_2.61173239941099e-05_2.61173239941099e-05
1016,1726,66-29-2-2-1,2.17644366617583e-05_2.17644366617583e-05_2.17644366617583e-05_2.17644366617583e-05_2.17644366617583e-05
1016,1727,172-40-4-2-1,2.48736418991523e-06_2.48736418991523e-06_2.48736418991523e-06_2.48736418991523e-06_2.48736418991523e-06
1016,1728,166-18-4-2-1,9.51416802642576e-05_9.51416802642576e-05_9.51416802642576e-05_9.51416802642576e-05_9.51416802642576e-05
1016,1729,90-36-10-1-1,0.000108200342261313_0.000108200342261313_0.000108200342261313_0.000108200342261313_0.000108200342261313
1016,1730,67-2-2-2-1,6.21841047478808e-06_6.21841047478808e-06_6.21841047478808e-06_6.21841047478808e-06_6.21841047478808e-06
1016,1731,186-15-9-2-1,1.6167867234449e-05_1.6167867234449e-05_1.6167867234449e-05_1.6167867234449e-05_1.6167867234449e-05
1016,1732,174-15-9-2-1,1.18149799020973e-05_1.18149799020973e-05_1.18149799020973e-05_1.18149799020973e-05_1.18149799020973e-05
1016,1733,49-22-8-1-1,1.18149799020973e-05_1.18149799020973e-05_1.18149799020973e-05_1.18149799020973e-05_1.18149799020973e-05
1016,1735,161-36-10-1-1,2.54954829466311e-05_2.54954829466311e-05_2.54954829466311e-05_2.54954829466311e-05_2.54954829466311e-05
1016,1736,5-5-5-1-1,4.35288733235165e-06_4.35288733235165e-06_4.35288733235165e-06_4.35288733235165e-06_4.35288733235165e-06
1016,1737,122-16-2-2-1,4.41507143709953e-05_4.41507143709953e-05_4.41507143709953e-05_4.41507143709953e-05_4.41507143709953e-05
1016,1738,222-35-4-2-1,3.10920523739404e-06_3.10920523739404e-06_3.10920523739404e-06_3.10920523739404e-06_3.10920523739404e-06
1016,1739,23-10-2-2-1,2.79828471365463e-05_2.79828471365463e-05_2.79828471365463e-05_2.79828471365463e-05_2.79828471365463e-05
1016,1740,153-18-4-2-1,4.35288733235165e-06_4.35288733235165e-06_4.35288733235165e-06_4.35288733235165e-06_4.35288733235165e-06
1016,1741,153-18-4-2-1,2.86046881840252e-05_2.86046881840252e-05_2.86046881840252e-05_2.86046881840252e-05_2.86046881840252e-05
1016,1742,213-15-9-2-1,2.05207545668007e-05_2.05207545668007e-05_2.05207545668007e-05_2.05207545668007e-05_2.05207545668007e-05
1016,1743,191-37-4-2-1,3.10920523739404e-06_3.10920523739404e-06_3.10920523739404e-06_3.10920523739404e-06_3.10920523739404e-06
1016,1744,7-4-4-2-1,7.46209256974569e-06_7.46209256974569e-06_7.46209256974569e-06_7.46209256974569e-06_7.46209256974569e-06
1016,1745,185-41-9-2-1,5.59656942730927e-06_5.59656942730927e-06_5.59656942730927e-06_5.59656942730927e-06_5.59656942730927e-06
1016,1746,184-31-9-2-1,4.35288733235165e-06_4.35288733235165e-06_4.35288733235165e-06_4.35288733235165e-06_4.35288733235165e-06
1016,1747,71-29-2-2-1,9.32761571218212e-06_9.32761571218212e-06_9.32761571218212e-06_9.32761571218212e-06_9.32761571218212e-06
1016,1748,172-40-4-2-1,5.59656942730927e-06_5.59656942730927e-06_5.59656942730927e-06_5.59656942730927e-06_5.59656942730927e-06
1016,1749,170-43-4-2-1,0.000121259004258367_0.000121259004258367_0.000121259004258367_0.000121259004258367_0.000121259004258367
1016,1750,172-40-4-2-1,3.10920523739404e-06_3.10920523739404e-06_3.10920523739404e-06_3.10920523739404e-06_3.10920523739404e-06
1016,1751,55-22-8-1-1,3.10920523739404e-06_3.10920523739404e-06_3.10920523739404e-06_3.10920523739404e-06_3.10920523739404e-06
1016,1752,185-41-9-2-1,2.48736418991523e-06_2.48736418991523e-06_2.48736418991523e-06_2.48736418991523e-06_2.48736418991523e-06
1016,1753,35-20-9-2-1,0.000102603772834003_0.000102603772834003_0.000102603772834003_0.000102603772834003_0.000102603772834003
1016,1754,35-20-9-2-1,0.000141779758825168_0.000141779758825168_0.000141779758825168_0.000141779758825168_0.000141779758825168
1016,1755,47-22-8-1-1,2.11425956142795e-05_2.11425956142795e-05_2.11425956142795e-05_2.11425956142795e-05_2.11425956142795e-05
1016,1756,225-31-9-2-1,3.04702113264616e-05_3.04702113264616e-05_3.04702113264616e-05_3.04702113264616e-05_3.04702113264616e-05
1016,1757,4-4-4-2-1,1.3058661997055e-05_1.3058661997055e-05_1.3058661997055e-05_1.3058661997055e-05_1.3058661997055e-05
1016,1758,4-4-4-2-1,4.97472837983046e-06_4.97472837983046e-06_4.97472837983046e-06_4.97472837983046e-06_4.97472837983046e-06
1016,1759,180-40-4-2-1,4.97472837983046e-06_4.97472837983046e-06_4.97472837983046e-06_4.97472837983046e-06_4.97472837983046e-06
1016,1760,200-15-9-2-1,6.21841047478808e-06_6.21841047478808e-06_6.21841047478808e-06_6.21841047478808e-06_6.21841047478808e-06
1016,1761,140-42-12-1-1,1.05712978071397e-05_1.05712978071397e-05_1.05712978071397e-05_1.05712978071397e-05_1.05712978071397e-05
1016,1762,140-42-12-1-1,3.73104628487285e-06_3.73104628487285e-06_3.73104628487285e-06_3.73104628487285e-06_3.73104628487285e-06
1016,1763,186-15-9-2-1,3.73104628487285e-06_3.73104628487285e-06_3.73104628487285e-06_3.73104628487285e-06_3.73104628487285e-06
1016,1764,66-29-2-2-1,6.84025152226688e-06_6.84025152226688e-06_6.84025152226688e-06_6.84025152226688e-06_6.84025152226688e-06
1016,1765,113-31-9-2-1,6.28059457953596e-05_6.28059457953596e-05_6.28059457953596e-05_6.28059457953596e-05_6.28059457953596e-05
1016,1766,126-29-2-2-1,2.61173239941099e-05_2.61173239941099e-05_2.61173239941099e-05_2.61173239941099e-05_2.61173239941099e-05
1016,1767,69-29-2-2-1,8.89232697894695e-05_8.89232697894695e-05_8.89232697894695e-05_8.89232697894695e-05_8.89232697894695e-05
1016,1768,124-29-2-2-1,5.78312174155291e-05_5.78312174155291e-05_5.78312174155291e-05_5.78312174155291e-05_5.78312174155291e-05
1016,1769,188-14-4-2-1,3.42012576113344e-05_3.42012576113344e-05_3.42012576113344e-05_3.42012576113344e-05_3.42012576113344e-05
1016,1770,188-14-4-2-1,3.73104628487285e-06_3.73104628487285e-06_3.73104628487285e-06_3.73104628487285e-06_3.73104628487285e-06
1016,1771,134-29-2-2-1,8.0839336172245e-06_8.0839336172245e-06_8.0839336172245e-06_8.0839336172245e-06_8.0839336172245e-06
1016,1772,188-14-4-2-1,8.70577466470331e-06_8.70577466470331e-06_8.70577466470331e-06_8.70577466470331e-06_8.70577466470331e-06
1016,1773,57-7-4-2-1,1.18149799020973e-05_1.18149799020973e-05_1.18149799020973e-05_1.18149799020973e-05_1.18149799020973e-05
1016,1774,130-12-8-1-1,1.05712978071397e-05_1.05712978071397e-05_1.05712978071397e-05_1.05712978071397e-05_1.05712978071397e-05
1016,1775,150-30-1-1-1,8.51922235045966e-05_8.51922235045966e-05_8.51922235045966e-05_8.51922235045966e-05_8.51922235045966e-05
1016,1776,31-6-6-2-1,0.000131208461018028_0.000131208461018028_0.000131208461018028_0.000131208461018028_0.000131208461018028
1016,1777,11-4-4-2-1,7.46209256974569e-06_7.46209256974569e-06_7.46209256974569e-06_7.46209256974569e-06_7.46209256974569e-06
1016,1778,237-44-12-1-1,1.05712978071397e-05_1.05712978071397e-05_1.05712978071397e-05_1.05712978071397e-05_1.05712978071397e-05
1016,1779,202-37-4-2-1,0.000113175070641143_0.000113175070641143_0.000113175070641143_0.000113175070641143_0.000113175070641143
1016,1780,129-21-4-2-1,1.05712978071397e-05_1.05712978071397e-05_1.05712978071397e-05_1.05712978071397e-05_1.05712978071397e-05
1016,1781,129-21-4-2-1,9.94945675966092e-06_9.94945675966092e-06_9.94945675966092e-06_9.94945675966092e-06_9.94945675966092e-06
1016,1782,228-17-10-1-1,3.10920523739404e-06_3.10920523739404e-06_3.10920523739404e-06_3.10920523739404e-06_3.10920523739404e-06
1016,1783,75-1-1-1-1,1.05712978071397e-05_1.05712978071397e-05_1.05712978071397e-05_1.05712978071397e-05_1.05712978071397e-05
1016,1784,65-1-1-1-1,7.83519719823298e-05_7.83519719823298e-05_7.83519719823298e-05_7.83519719823298e-05_7.83519719823298e-05
1016,1785,66-29-2-2-1,6.84025152226688e-06_6.84025152226688e-06_6.84025152226688e-06_6.84025152226688e-06_6.84025152226688e-06
1016,1786,8-7-4-2-1,3.73104628487285e-06_3.73104628487285e-06_3.73104628487285e-06_3.73104628487285e-06_3.73104628487285e-06
1016,1787,73-24-7-1-1,0.000810258884864886_0.000810258884864886_0.000810258884864886_0.000810258884864886_0.000810258884864886
1016,1788,102-13-6-2-1,4.10415091336013e-05_4.10415091336013e-05_4.10415091336013e-05_4.10415091336013e-05_4.10415091336013e-05
1016,1789,74-31-9-2-1,4.16633501810801e-05_4.16633501810801e-05_4.16633501810801e-05_4.16633501810801e-05_4.16633501810801e-05
1016,1790,108-13-6-2-1,0.000168518923866757_0.000168518923866757_0.000168518923866757_0.000168518923866757_0.000168518923866757
1016,1791,190-20-9-2-1,1.43023440920126e-05_1.43023440920126e-05_1.43023440920126e-05_1.43023440920126e-05_1.43023440920126e-05
1016,1792,177-7-4-2-1,1.11931388546185e-05_1.11931388546185e-05_1.11931388546185e-05_1.11931388546185e-05_1.11931388546185e-05
1016,1793,177-7-4-2-1,3.73104628487285e-06_3.73104628487285e-06_3.73104628487285e-06_3.73104628487285e-06_3.73104628487285e-06
1016,1794,32-18-4-2-1,1.49241851394914e-05_1.49241851394914e-05_1.49241851394914e-05_1.49241851394914e-05_1.49241851394914e-05
1016,1795,35-20-9-2-1,3.10920523739404e-06_3.10920523739404e-06_3.10920523739404e-06_3.10920523739404e-06_3.10920523739404e-06
1016,1796,4-4-4-2-1,0.000127477414733156_0.000127477414733156_0.000127477414733156_0.000127477414733156_0.000127477414733156
1016,1797,70-27-8-1-1,7.46209256974569e-06_7.46209256974569e-06_7.46209256974569e-06_7.46209256974569e-06_7.46209256974569e-06
1016,1798,138-23-8-1-1,7.46209256974569e-06_7.46209256974569e-06_7.46209256974569e-06_7.46209256974569e-06_7.46209256974569e-06
1016,1799,109-28-5-1-1,7.46209256974569e-06_7.46209256974569e-06_7.46209256974569e-06_7.46209256974569e-06_7.46209256974569e-06
1016,1800,45-5-5-1-1,6.21841047478808e-06_6.21841047478808e-06_6.21841047478808e-06_6.21841047478808e-06_6.21841047478808e-06
1016,1801,45-5-5-1-1,6.84025152226688e-06_6.84025152226688e-06_6.84025152226688e-06_6.84025152226688e-06_6.84025152226688e-06
1016,1802,4-4-4-2-1,4.97472837983046e-06_4.97472837983046e-06_4.97472837983046e-06_4.97472837983046e-06_4.97472837983046e-06
1016,1803,70-27-8-1-1,1.18149799020973e-05_1.18149799020973e-05_1.18149799020973e-05_1.18149799020973e-05_1.18149799020973e-05
1016,1804,185-41-9-2-1,3.73104628487285e-06_3.73104628487285e-06_3.73104628487285e-06_3.73104628487285e-06_3.73104628487285e-06
1016,1805,138-23-8-1-1,1.80333903768854e-05_1.80333903768854e-05_1.80333903768854e-05_1.80333903768854e-05_1.80333903768854e-05
1016,1806,102-13-6-2-1,0.000215778843475146_0.000215778843475146_0.000215778843475146_0.000215778843475146_0.000215778843475146
1016,1807,102-13-6-2-1,8.83014287419907e-05_8.83014287419907e-05_8.83014287419907e-05_8.83014287419907e-05_8.83014287419907e-05
1016,1808,138-23-8-1-1,2.48736418991523e-06_2.48736418991523e-06_2.48736418991523e-06_2.48736418991523e-06_2.48736418991523e-06
1016,1809,34-19-9-2-1,4.35288733235165e-06_4.35288733235165e-06_4.35288733235165e-06_4.35288733235165e-06_4.35288733235165e-06
1016,1810,102-13-6-2-1,0.000324601026783938_0.000324601026783938_0.000324601026783938_0.000324601026783938_0.000324601026783938
1016,1811,155-10-2-2-1,7.64864488398933e-05_7.64864488398933e-05_7.64864488398933e-05_7.64864488398933e-05_7.64864488398933e-05
1016,1812,123-41-9-2-1,1.3058661997055e-05_1.3058661997055e-05_1.3058661997055e-05_1.3058661997055e-05_1.3058661997055e-05
1016,1813,172-40-4-2-1,3.10920523739404e-06_3.10920523739404e-06_3.10920523739404e-06_3.10920523739404e-06_3.10920523739404e-06
1016,1814,191-37-4-2-1,7.21335615075417e-05_7.21335615075417e-05_7.21335615075417e-05_7.21335615075417e-05_7.21335615075417e-05
1016,1815,44-13-6-2-1,3.73104628487285e-06_3.73104628487285e-06_3.73104628487285e-06_3.73104628487285e-06_3.73104628487285e-06
1016,1816,66-29-2-2-1,1.86552314243642e-05_1.86552314243642e-05_1.86552314243642e-05_1.86552314243642e-05_1.86552314243642e-05
1016,1817,148-29-2-2-1,3.35794165638556e-05_3.35794165638556e-05_3.35794165638556e-05_3.35794165638556e-05_3.35794165638556e-05
1016,1818,8-7-4-2-1,1.36805030445338e-05_1.36805030445338e-05_1.36805030445338e-05_1.36805030445338e-05_1.36805030445338e-05
1016,1819,145-25-8-1-1,0.000794091017630437_0.000794091017630437_0.000794091017630437_0.000794091017630437_0.000794091017630437
1016,1820,145-25-8-1-1,0.000164787877581884_0.000164787877581884_0.000164787877581884_0.000164787877581884_0.000164787877581884
1016,1821,32-18-4-2-1,3.10920523739404e-06_3.10920523739404e-06_3.10920523739404e-06_3.10920523739404e-06_3.10920523739404e-06
1016,1823,26-15-9-2-1,7.46209256974569e-06_7.46209256974569e-06_7.46209256974569e-06_7.46209256974569e-06_7.46209256974569e-06
1016,1824,1-1-1-1-1,8.0839336172245e-06_8.0839336172245e-06_8.0839336172245e-06_8.0839336172245e-06_8.0839336172245e-06
1016,1825,44-13-6-2-1,5.59656942730927e-06_5.59656942730927e-06_5.59656942730927e-06_5.59656942730927e-06_5.59656942730927e-06
1016,1826,180-40-4-2-1,1.86552314243642e-05_1.86552314243642e-05_1.86552314243642e-05_1.86552314243642e-05_1.86552314243642e-05
1016,1827,148-29-2-2-1,1.36805030445338e-05_1.36805030445338e-05_1.36805030445338e-05_1.36805030445338e-05_1.36805030445338e-05
1016,1828,26-15-9-2-1,1.98989135193218e-05_1.98989135193218e-05_1.98989135193218e-05_1.98989135193218e-05_1.98989135193218e-05
1016,1829,138-23-8-1-1,8.0839336172245e-06_8.0839336172245e-06_8.0839336172245e-06_8.0839336172245e-06_8.0839336172245e-06
1016,1830,10-3-3-1-1,0.000139914235682732_0.000139914235682732_0.000139914235682732_0.000139914235682732_0.000139914235682732
1016,1831,13-6-6-2-1,4.91254427508258e-05_4.91254427508258e-05_4.91254427508258e-05_4.91254427508258e-05_4.91254427508258e-05
1016,1832,44-13-6-2-1,1.55460261869702e-05_1.55460261869702e-05_1.55460261869702e-05_1.55460261869702e-05_1.55460261869702e-05
1016,1833,205-12-8-1-1,2.48736418991523e-06_2.48736418991523e-06_2.48736418991523e-06_2.48736418991523e-06_2.48736418991523e-06
1016,1834,179-26-4-2-1,4.35288733235165e-06_4.35288733235165e-06_4.35288733235165e-06_4.35288733235165e-06_4.35288733235165e-06
1016,1835,6-6-6-2-1,2.73610060890675e-05_2.73610060890675e-05_2.73610060890675e-05_2.73610060890675e-05_2.73610060890675e-05
1016,1836,6-6-6-2-1,1.67897082819278e-05_1.67897082819278e-05_1.67897082819278e-05_1.67897082819278e-05_1.67897082819278e-05
1016,1837,26-15-9-2-1,6.21841047478808e-06_6.21841047478808e-06_6.21841047478808e-06_6.21841047478808e-06_6.21841047478808e-06
1016,1838,77-28-5-1-1,0.000562766147968321_0.000562766147968321_0.000562766147968321_0.000562766147968321_0.000562766147968321
1016,1840,229-5-5-1-1,3.66886218012497e-05_3.66886218012497e-05_3.66886218012497e-05_3.66886218012497e-05_3.66886218012497e-05
1016,1842,193-40-4-2-1,8.0839336172245e-06_8.0839336172245e-06_8.0839336172245e-06_8.0839336172245e-06_8.0839336172245e-06
1016,1843,44-13-6-2-1,8.0839336172245e-06_8.0839336172245e-06_8.0839336172245e-06_8.0839336172245e-06_8.0839336172245e-06
1016,1844,112-14-4-2-1,4.35288733235165e-06_4.35288733235165e-06_4.35288733235165e-06_4.35288733235165e-06_4.35288733235165e-06
1016,1845,47-22-8-1-1,3.73104628487285e-06_3.73104628487285e-06_3.73104628487285e-06_3.73104628487285e-06_3.73104628487285e-06
1016,1846,138-23-8-1-1,3.2335734468898e-05_3.2335734468898e-05_3.2335734468898e-05_3.2335734468898e-05_3.2335734468898e-05
1016,1847,36-6-6-2-1,0.000340147052970908_0.000340147052970908_0.000340147052970908_0.000340147052970908_0.000340147052970908
1016,1848,185-41-9-2-1,2.48736418991523e-06_2.48736418991523e-06_2.48736418991523e-06_2.48736418991523e-06_2.48736418991523e-06
1016,1849,68-30-1-1-1,3.10920523739404e-06_3.10920523739404e-06_3.10920523739404e-06_3.10920523739404e-06_3.10920523739404e-06
1016,1850,126-29-2-2-1,8.64359055995543e-05_8.64359055995543e-05_8.64359055995543e-05_8.64359055995543e-05_8.64359055995543e-05
1016,1851,126-29-2-2-1,9.94945675966092e-06_9.94945675966092e-06_9.94945675966092e-06_9.94945675966092e-06_9.94945675966092e-06
1016,1852,71-29-2-2-1,2.9226529231504e-05_2.9226529231504e-05_2.9226529231504e-05_2.9226529231504e-05_2.9226529231504e-05
1016,1853,126-29-2-2-1,1.24368209495762e-05_1.24368209495762e-05_1.24368209495762e-05_1.24368209495762e-05_1.24368209495762e-05
1016,1854,217-30-1-1-1,3.2335734468898e-05_3.2335734468898e-05_3.2335734468898e-05_3.2335734468898e-05_3.2335734468898e-05
1016,1855,126-29-2-2-1,4.8503601703347e-05_4.8503601703347e-05_4.8503601703347e-05_4.8503601703347e-05_4.8503601703347e-05
1016,1856,175-20-9-2-1,1.55460261869702e-05_1.55460261869702e-05_1.55460261869702e-05_1.55460261869702e-05_1.55460261869702e-05
1016,1857,111-8-3-1-1,0.000157325785012138_0.000157325785012138_0.000157325785012138_0.000157325785012138_0.000157325785012138
1016,1858,98-27-8-1-1,3.10920523739404e-06_3.10920523739404e-06_3.10920523739404e-06_3.10920523739404e-06_3.10920523739404e-06
1016,1859,8-7-4-2-1,4.97472837983046e-06_4.97472837983046e-06_4.97472837983046e-06_4.97472837983046e-06_4.97472837983046e-06
1016,1860,134-29-2-2-1,2.48736418991523e-06_2.48736418991523e-06_2.48736418991523e-06_2.48736418991523e-06_2.48736418991523e-06
1016,1861,90-36-10-1-1,0.000193392565765909_0.000193392565765909_0.000193392565765909_0.000193392565765909_0.000193392565765909
1016,1862,91-33-5-1-1,3.10920523739404e-06_3.10920523739404e-06_3.10920523739404e-06_3.10920523739404e-06_3.10920523739404e-06
1016,1863,194-31-9-2-1,1.24368209495762e-05_1.24368209495762e-05_1.24368209495762e-05_1.24368209495762e-05_1.24368209495762e-05
1016,1864,185-41-9-2-1,4.97472837983046e-06_4.97472837983046e-06_4.97472837983046e-06_4.97472837983046e-06_4.97472837983046e-06
1016,1865,130-12-8-1-1,3.17138934214192e-05_3.17138934214192e-05_3.17138934214192e-05_3.17138934214192e-05_3.17138934214192e-05
1016,1866,58-13-6-2-1,1.86552314243642e-05_1.86552314243642e-05_1.86552314243642e-05_1.86552314243642e-05_1.86552314243642e-05
1016,1867,136-26-4-2-1,9.32761571218212e-06_9.32761571218212e-06_9.32761571218212e-06_9.32761571218212e-06_9.32761571218212e-06
1016,1868,53-21-4-2-1,3.17138934214192e-05_3.17138934214192e-05_3.17138934214192e-05_3.17138934214192e-05_3.17138934214192e-05
1016,1869,53-21-4-2-1,0.00024500537270665_0.00024500537270665_0.00024500537270665_0.00024500537270665_0.00024500537270665
1016,1870,53-21-4-2-1,8.45703824571178e-05_8.45703824571178e-05_8.45703824571178e-05_8.45703824571178e-05_8.45703824571178e-05
1016,1871,53-21-4-2-1,0.000223240936044892_0.000223240936044892_0.000223240936044892_0.000223240936044892_0.000223240936044892
1016,1872,168-2-2-2-1,4.22851912285589e-05_4.22851912285589e-05_4.22851912285589e-05_4.22851912285589e-05_4.22851912285589e-05
1016,1873,53-21-4-2-1,0.000348230986588132_0.000348230986588132_0.000348230986588132_0.000348230986588132_0.000348230986588132
1016,1874,53-21-4-2-1,0.00022448461813985_0.00022448461813985_0.00022448461813985_0.00022448461813985_0.00022448461813985
1016,1875,209-35-4-2-1,1.3058661997055e-05_1.3058661997055e-05_1.3058661997055e-05_1.3058661997055e-05_1.3058661997055e-05
1016,1876,125-30-1-1-1,0.000217022525570104_0.000217022525570104_0.000217022525570104_0.000217022525570104_0.000217022525570104
1016,1877,125-30-1-1-1,0.000126233732638198_0.000126233732638198_0.000126233732638198_0.000126233732638198_0.000126233732638198
1016,1878,82-6-6-2-1,0.00136307557607355_0.00136307557607355_0.00136307557607355_0.00136307557607355_0.00136307557607355
1016,1879,167-18-4-2-1,3.10920523739404e-06_3.10920523739404e-06_3.10920523739404e-06_3.10920523739404e-06_3.10920523739404e-06
1016,1880,44-13-6-2-1,1.9277072471843e-05_1.9277072471843e-05_1.9277072471843e-05_1.9277072471843e-05_1.9277072471843e-05
1016,1881,91-33-5-1-1,1.80333903768854e-05_1.80333903768854e-05_1.80333903768854e-05_1.80333903768854e-05_1.80333903768854e-05
1016,1882,180-40-4-2-1,6.84025152226688e-06_6.84025152226688e-06_6.84025152226688e-06_6.84025152226688e-06_6.84025152226688e-06
1016,1883,49-22-8-1-1,2.79828471365463e-05_2.79828471365463e-05_2.79828471365463e-05_2.79828471365463e-05_2.79828471365463e-05
1016,1884,49-22-8-1-1,1.11931388546185e-05_1.11931388546185e-05_1.11931388546185e-05_1.11931388546185e-05_1.11931388546185e-05
1016,1885,49-22-8-1-1,6.03185816054443e-05_6.03185816054443e-05_6.03185816054443e-05_6.03185816054443e-05_6.03185816054443e-05
1016,1886,49-22-8-1-1,1.18149799020973e-05_1.18149799020973e-05_1.18149799020973e-05_1.18149799020973e-05_1.18149799020973e-05
1016,1887,179-26-4-2-1,3.10920523739404e-06_3.10920523739404e-06_3.10920523739404e-06_3.10920523739404e-06_3.10920523739404e-06
1016,1888,69-29-2-2-1,0.000134317666255422_0.000134317666255422_0.000134317666255422_0.000134317666255422_0.000134317666255422
1016,1889,209-35-4-2-1,6.84025152226688e-06_6.84025152226688e-06_6.84025152226688e-06_6.84025152226688e-06_6.84025152226688e-06
1016,1890,44-13-6-2-1,6.52933099852748e-05_6.52933099852748e-05_6.52933099852748e-05_6.52933099852748e-05_6.52933099852748e-05
1016,1891,153-18-4-2-1,1.43023440920126e-05_1.43023440920126e-05_1.43023440920126e-05_1.43023440920126e-05_1.43023440920126e-05
1016,1892,6-6-6-2-1,5.96967405579655e-05_5.96967405579655e-05_5.96967405579655e-05_5.96967405579655e-05_5.96967405579655e-05
1016,1893,127-30-1-1-1,7.46209256974569e-06_7.46209256974569e-06_7.46209256974569e-06_7.46209256974569e-06_7.46209256974569e-06
1016,1894,96-13-6-2-1,3.85541449436861e-05_3.85541449436861e-05_3.85541449436861e-05_3.85541449436861e-05_3.85541449436861e-05
1016,1895,126-29-2-2-1,6.21841047478808e-06_6.21841047478808e-06_6.21841047478808e-06_6.21841047478808e-06_6.21841047478808e-06
1016,1896,153-18-4-2-1,7.46209256974569e-06_7.46209256974569e-06_7.46209256974569e-06_7.46209256974569e-06_7.46209256974569e-06
1016,1897,96-13-6-2-1,9.82508855016516e-05_9.82508855016516e-05_9.82508855016516e-05_9.82508855016516e-05_9.82508855016516e-05
1016,1898,22-13-6-2-1,7.21335615075417e-05_7.21335615075417e-05_7.21335615075417e-05_7.21335615075417e-05_7.21335615075417e-05
1016,1899,183-23-8-1-1,9.94945675966092e-06_9.94945675966092e-06_9.94945675966092e-06_9.94945675966092e-06_9.94945675966092e-06
1016,1900,75-1-1-1-1,7.58646077924145e-05_7.58646077924145e-05_7.58646077924145e-05_7.58646077924145e-05_7.58646077924145e-05
1016,1901,77-28-5-1-1,0.000148620010347435_0.000148620010347435_0.000148620010347435_0.000148620010347435_0.000148620010347435
1016,1902,109-28-5-1-1,1.05712978071397e-05_1.05712978071397e-05_1.05712978071397e-05_1.05712978071397e-05_1.05712978071397e-05
1016,1904,134-29-2-2-1,6.21841047478808e-06_6.21841047478808e-06_6.21841047478808e-06_6.21841047478808e-06_6.21841047478808e-06
1016,1905,84-2-2-2-1,0.000277962948223027_0.000277962948223027_0.000277962948223027_0.000277962948223027_0.000277962948223027
1016,1906,185-41-9-2-1,4.97472837983046e-06_4.97472837983046e-06_4.97472837983046e-06_4.97472837983046e-06_4.97472837983046e-06
1016,1907,174-15-9-2-1,7.46209256974569e-06_7.46209256974569e-06_7.46209256974569e-06_7.46209256974569e-06_7.46209256974569e-06
1016,1908,75-1-1-1-1,3.10920523739404e-06_3.10920523739404e-06_3.10920523739404e-06_3.10920523739404e-06_3.10920523739404e-06
1016,1909,175-20-9-2-1,7.46209256974569e-06_7.46209256974569e-06_7.46209256974569e-06_7.46209256974569e-06_7.46209256974569e-06
1016,1910,175-20-9-2-1,8.0839336172245e-06_8.0839336172245e-06_8.0839336172245e-06_8.0839336172245e-06_8.0839336172245e-06
1016,1912,110-3-3-1-1,2.42518008516735e-05_2.42518008516735e-05_2.42518008516735e-05_2.42518008516735e-05_2.42518008516735e-05
1016,1913,135-41-9-2-1,1.49241851394914e-05_1.49241851394914e-05_1.49241851394914e-05_1.49241851394914e-05_1.49241851394914e-05
1016,1914,8-7-4-2-1,8.70577466470331e-06_8.70577466470331e-06_8.70577466470331e-06_8.70577466470331e-06_8.70577466470331e-06
1016,1915,172-40-4-2-1,1.36805030445338e-05_1.36805030445338e-05_1.36805030445338e-05_1.36805030445338e-05_1.36805030445338e-05
1016,1916,216-19-9-2-1,3.73104628487285e-06_3.73104628487285e-06_3.73104628487285e-06_3.73104628487285e-06_3.73104628487285e-06
1016,1917,153-18-4-2-1,1.43023440920126e-05_1.43023440920126e-05_1.43023440920126e-05_1.43023440920126e-05_1.43023440920126e-05
1016,1918,8-7-4-2-1,3.73104628487285e-06_3.73104628487285e-06_3.73104628487285e-06_3.73104628487285e-06_3.73104628487285e-06
1016,1919,209-35-4-2-1,3.73104628487285e-06_3.73104628487285e-06_3.73104628487285e-06_3.73104628487285e-06_3.73104628487285e-06
1016,1920,209-35-4-2-1,4.97472837983046e-06_4.97472837983046e-06_4.97472837983046e-06_4.97472837983046e-06_4.97472837983046e-06
1016,1921,189-12-8-1-1,2.48736418991523e-06_2.48736418991523e-06_2.48736418991523e-06_2.48736418991523e-06_2.48736418991523e-06
1016,1922,226-32-10-1-1,2.9226529231504e-05_2.9226529231504e-05_2.9226529231504e-05_2.9226529231504e-05_2.9226529231504e-05
1016,1923,226-32-10-1-1,1.24368209495762e-05_1.24368209495762e-05_1.24368209495762e-05_1.24368209495762e-05_1.24368209495762e-05
1016,1924,122-16-2-2-1,1.67897082819278e-05_1.67897082819278e-05_1.67897082819278e-05_1.67897082819278e-05_1.67897082819278e-05
1016,1925,55-22-8-1-1,3.73104628487285e-06_3.73104628487285e-06_3.73104628487285e-06_3.73104628487285e-06_3.73104628487285e-06
1016,1926,79-32-10-1-1,7.46209256974569e-06_7.46209256974569e-06_7.46209256974569e-06_7.46209256974569e-06_7.46209256974569e-06
1016,1927,141-42-12-1-1,3.10920523739404e-06_3.10920523739404e-06_3.10920523739404e-06_3.10920523739404e-06_3.10920523739404e-06
1016,1928,138-23-8-1-1,8.70577466470331e-06_8.70577466470331e-06_8.70577466470331e-06_8.70577466470331e-06_8.70577466470331e-06
1016,1929,209-35-4-2-1,7.46209256974569e-06_7.46209256974569e-06_7.46209256974569e-06_7.46209256974569e-06_7.46209256974569e-06
1016,1930,177-7-4-2-1,5.59656942730927e-06_5.59656942730927e-06_5.59656942730927e-06_5.59656942730927e-06_5.59656942730927e-06
1016,1931,23-10-2-2-1,6.03185816054443e-05_6.03185816054443e-05_6.03185816054443e-05_6.03185816054443e-05_6.03185816054443e-05
1016,1932,224-39-11-1-1,1.11931388546185e-05_1.11931388546185e-05_1.11931388546185e-05_1.11931388546185e-05_1.11931388546185e-05
1016,1933,133-12-8-1-1,3.10920523739404e-06_3.10920523739404e-06_3.10920523739404e-06_3.10920523739404e-06_3.10920523739404e-06
1016,1934,71-29-2-2-1,8.70577466470331e-06_8.70577466470331e-06_8.70577466470331e-06_8.70577466470331e-06_8.70577466470331e-06
1016,1935,122-16-2-2-1,8.0839336172245e-06_8.0839336172245e-06_8.0839336172245e-06_8.0839336172245e-06_8.0839336172245e-06
1016,1936,152-32-10-1-1,6.21841047478808e-06_6.21841047478808e-06_6.21841047478808e-06_6.21841047478808e-06_6.21841047478808e-06
1016,1937,11-4-4-2-1,3.10920523739404e-06_3.10920523739404e-06_3.10920523739404e-06_3.10920523739404e-06_3.10920523739404e-06
1016,1938,34-19-9-2-1,3.73104628487285e-06_3.73104628487285e-06_3.73104628487285e-06_3.73104628487285e-06_3.73104628487285e-06
1016,1939,118-36-10-1-1,3.42012576113344e-05_3.42012576113344e-05_3.42012576113344e-05_3.42012576113344e-05_3.42012576113344e-05
1016,1940,10-3-3-1-1,3.5444939706292e-05_3.5444939706292e-05_3.5444939706292e-05_3.5444939706292e-05_3.5444939706292e-05
1016,1941,141-42-12-1-1,1.11931388546185e-05_1.11931388546185e-05_1.11931388546185e-05_1.11931388546185e-05_1.11931388546185e-05
1016,1942,8-7-4-2-1,6.84025152226688e-06_6.84025152226688e-06_6.84025152226688e-06_6.84025152226688e-06_6.84025152226688e-06
1016,1943,71-29-2-2-1,9.94945675966092e-06_9.94945675966092e-06_9.94945675966092e-06_9.94945675966092e-06_9.94945675966092e-06
1016,1944,148-29-2-2-1,3.35794165638556e-05_3.35794165638556e-05_3.35794165638556e-05_3.35794165638556e-05_3.35794165638556e-05
1016,1945,222-35-4-2-1,8.70577466470331e-06_8.70577466470331e-06_8.70577466470331e-06_8.70577466470331e-06_8.70577466470331e-06
1016,1946,163-43-4-2-1,1.55460261869702e-05_1.55460261869702e-05_1.55460261869702e-05_1.55460261869702e-05_1.55460261869702e-05
1016,1947,58-13-6-2-1,4.97472837983046e-05_4.97472837983046e-05_4.97472837983046e-05_4.97472837983046e-05_4.97472837983046e-05
1016,1948,153-18-4-2-1,2.48736418991523e-05_2.48736418991523e-05_2.48736418991523e-05_2.48736418991523e-05_2.48736418991523e-05
1016,1949,212-41-9-2-1,6.21841047478808e-06_6.21841047478808e-06_6.21841047478808e-06_6.21841047478808e-06_6.21841047478808e-06
1016,1950,140-42-12-1-1,8.70577466470331e-06_8.70577466470331e-06_8.70577466470331e-06_8.70577466470331e-06_8.70577466470331e-06
1016,1951,185-41-9-2-1,3.10920523739404e-06_3.10920523739404e-06_3.10920523739404e-06_3.10920523739404e-06_3.10920523739404e-06
1016,1952,83-33-5-1-1,1.11931388546185e-05_1.11931388546185e-05_1.11931388546185e-05_1.11931388546185e-05_1.11931388546185e-05
1016,1953,166-18-4-2-1,4.97472837983046e-06_4.97472837983046e-06_4.97472837983046e-06_4.97472837983046e-06_4.97472837983046e-06
1016,1954,197-30-1-1-1,0.000139914235682732_0.000139914235682732_0.000139914235682732_0.000139914235682732_0.000139914235682732
1016,1955,203-11-4-2-1,3.73104628487285e-06_3.73104628487285e-06_3.73104628487285e-06_3.73104628487285e-06_3.73104628487285e-06
1016,1956,156-37-4-2-1,3.10920523739404e-06_3.10920523739404e-06_3.10920523739404e-06_3.10920523739404e-06_3.10920523739404e-06
1016,1958,67-2-2-2-1,1.67897082819278e-05_1.67897082819278e-05_1.67897082819278e-05_1.67897082819278e-05_1.67897082819278e-05
1016,1959,66-29-2-2-1,3.10920523739404e-06_3.10920523739404e-06_3.10920523739404e-06_3.10920523739404e-06_3.10920523739404e-06
1016,1961,188-14-4-2-1,2.48736418991523e-06_2.48736418991523e-06_2.48736418991523e-06_2.48736418991523e-06_2.48736418991523e-06
1016,1962,172-40-4-2-1,3.10920523739404e-06_3.10920523739404e-06_3.10920523739404e-06_3.10920523739404e-06_3.10920523739404e-06
1016,1963,197-30-1-1-1,8.45703824571178e-05_8.45703824571178e-05_8.45703824571178e-05_8.45703824571178e-05_8.45703824571178e-05
1016,1964,185-41-9-2-1,4.35288733235165e-06_4.35288733235165e-06_4.35288733235165e-06_4.35288733235165e-06_4.35288733235165e-06
1016,1965,212-41-9-2-1,4.66380785609106e-05_4.66380785609106e-05_4.66380785609106e-05_4.66380785609106e-05_4.66380785609106e-05
1016,1966,174-15-9-2-1,3.10920523739404e-06_3.10920523739404e-06_3.10920523739404e-06_3.10920523739404e-06_3.10920523739404e-06
1016,1967,200-15-9-2-1,3.73104628487285e-06_3.73104628487285e-06_3.73104628487285e-06_3.73104628487285e-06_3.73104628487285e-06
1016,1968,7-4-4-2-1,6.21841047478808e-06_6.21841047478808e-06_6.21841047478808e-06_6.21841047478808e-06_6.21841047478808e-06
1016,1969,152-32-10-1-1,3.73104628487285e-06_3.73104628487285e-06_3.73104628487285e-06_3.73104628487285e-06_3.73104628487285e-06
1016,1970,37-11-4-2-1,2.48736418991523e-06_2.48736418991523e-06_2.48736418991523e-06_2.48736418991523e-06_2.48736418991523e-06
1016,1972,17-11-4-2-1,4.97472837983046e-06_4.97472837983046e-06_4.97472837983046e-06_4.97472837983046e-06_4.97472837983046e-06
1016,1973,152-32-10-1-1,3.10920523739404e-06_3.10920523739404e-06_3.10920523739404e-06_3.10920523739404e-06_3.10920523739404e-06
1016,1974,22-13-6-2-1,6.84025152226688e-05_6.84025152226688e-05_6.84025152226688e-05_6.84025152226688e-05_6.84025152226688e-05
1016,1975,84-2-2-2-1,2.36299598041947e-05_2.36299598041947e-05_2.36299598041947e-05_2.36299598041947e-05_2.36299598041947e-05
1016,1976,66-29-2-2-1,2.67391650415887e-05_2.67391650415887e-05_2.67391650415887e-05_2.67391650415887e-05_2.67391650415887e-05
1016,1977,42-13-6-2-1,4.41507143709953e-05_4.41507143709953e-05_4.41507143709953e-05_4.41507143709953e-05_4.41507143709953e-05
1016,1978,128-7-4-2-1,8.0839336172245e-06_8.0839336172245e-06_8.0839336172245e-06_8.0839336172245e-06_8.0839336172245e-06
1016,1979,174-15-9-2-1,1.18149799020973e-05_1.18149799020973e-05_1.18149799020973e-05_1.18149799020973e-05_1.18149799020973e-05
1016,1980,205-12-8-1-1,6.21841047478808e-06_6.21841047478808e-06_6.21841047478808e-06_6.21841047478808e-06_6.21841047478808e-06
1016,1981,204-35-4-2-1,3.60667807537708e-05_3.60667807537708e-05_3.60667807537708e-05_3.60667807537708e-05_3.60667807537708e-05
1016,1982,204-35-4-2-1,5.1612806940741e-05_5.1612806940741e-05_5.1612806940741e-05_5.1612806940741e-05_5.1612806940741e-05
1016,1983,153-18-4-2-1,3.10920523739404e-06_3.10920523739404e-06_3.10920523739404e-06_3.10920523739404e-06_3.10920523739404e-06
1016,1984,185-41-9-2-1,1.3058661997055e-05_1.3058661997055e-05_1.3058661997055e-05_1.3058661997055e-05_1.3058661997055e-05
1016,1985,109-28-5-1-1,5.59656942730927e-06_5.59656942730927e-06_5.59656942730927e-06_5.59656942730927e-06_5.59656942730927e-06
1016,1986,95-37-4-2-1,5.47220121781351e-05_5.47220121781351e-05_5.47220121781351e-05_5.47220121781351e-05_5.47220121781351e-05
1016,1987,66-29-2-2-1,2.11425956142795e-05_2.11425956142795e-05_2.11425956142795e-05_2.11425956142795e-05_2.11425956142795e-05
1016,1988,95-37-4-2-1,0.000187174155291121_0.000187174155291121_0.000187174155291121_0.000187174155291121_0.000187174155291121
1016,1989,139-43-4-2-1,0.0001877959963386_0.0001877959963386_0.0001877959963386_0.0001877959963386_0.0001877959963386
1016,1990,77-28-5-1-1,4.66380785609106e-05_4.66380785609106e-05_4.66380785609106e-05_4.66380785609106e-05_4.66380785609106e-05
1016,1991,95-37-4-2-1,0.000113796911688622_0.000113796911688622_0.000113796911688622_0.000113796911688622_0.000113796911688622
1016,1992,172-40-4-2-1,3.10920523739404e-06_3.10920523739404e-06_3.10920523739404e-06_3.10920523739404e-06_3.10920523739404e-06
1016,1993,150-30-1-1-1,2.05207545668007e-05_2.05207545668007e-05_2.05207545668007e-05_2.05207545668007e-05_2.05207545668007e-05
1016,1994,230-14-4-2-1,1.80333903768854e-05_1.80333903768854e-05_1.80333903768854e-05_1.80333903768854e-05_1.80333903768854e-05
1016,1995,186-15-9-2-1,6.21841047478808e-06_6.21841047478808e-06_6.21841047478808e-06_6.21841047478808e-06_6.21841047478808e-06
1016,1996,6-6-6-2-1,3.60667807537708e-05_3.60667807537708e-05_3.60667807537708e-05_3.60667807537708e-05_3.60667807537708e-05
1016,1997,161-36-10-1-1,4.97472837983046e-06_4.97472837983046e-06_4.97472837983046e-06_4.97472837983046e-06_4.97472837983046e-06
1016,1998,144-43-4-2-1,4.97472837983046e-06_4.97472837983046e-06_4.97472837983046e-06_4.97472837983046e-06_4.97472837983046e-06
1016,1999,8-7-4-2-1,1.05712978071397e-05_1.05712978071397e-05_1.05712978071397e-05_1.05712978071397e-05_1.05712978071397e-05
1016,2000,116-36-10-1-1,3.29575755163768e-05_3.29575755163768e-05_3.29575755163768e-05_3.29575755163768e-05_3.29575755163768e-05
1016,2001,167-18-4-2-1,3.10920523739404e-06_3.10920523739404e-06_3.10920523739404e-06_3.10920523739404e-06_3.10920523739404e-06
1016,2002,167-18-4-2-1,3.10920523739404e-06_3.10920523739404e-06_3.10920523739404e-06_3.10920523739404e-06_3.10920523739404e-06
1016,2003,225-31-9-2-1,0.00035444939706292_0.00035444939706292_0.00035444939706292_0.00035444939706292_0.00035444939706292
1016,2004,8-7-4-2-1,6.21841047478808e-06_6.21841047478808e-06_6.21841047478808e-06_6.21841047478808e-06_6.21841047478808e-06
1016,2005,185-41-9-2-1,4.97472837983046e-06_4.97472837983046e-06_4.97472837983046e-06_4.97472837983046e-06_4.97472837983046e-06
1016,2006,40-23-8-1-1,4.97472837983046e-06_4.97472837983046e-06_4.97472837983046e-06_4.97472837983046e-06_4.97472837983046e-06
1016,2007,200-15-9-2-1,5.59656942730927e-06_5.59656942730927e-06_5.59656942730927e-06_5.59656942730927e-06_5.59656942730927e-06
1016,2008,166-18-4-2-1,0.000233190392804553_0.000233190392804553_0.000233190392804553_0.000233190392804553_0.000233190392804553
1016,2009,207-29-2-2-1,0.000148620010347435_0.000148620010347435_0.000148620010347435_0.000148620010347435_0.000148620010347435
1016,2010,194-31-9-2-1,8.70577466470331e-06_8.70577466470331e-06_8.70577466470331e-06_8.70577466470331e-06_8.70577466470331e-06
1016,2011,212-41-9-2-1,4.35288733235165e-06_4.35288733235165e-06_4.35288733235165e-06_4.35288733235165e-06_4.35288733235165e-06
1016,2012,177-7-4-2-1,6.84025152226688e-06_6.84025152226688e-06_6.84025152226688e-06_6.84025152226688e-06_6.84025152226688e-06
1016,2013,200-15-9-2-1,3.10920523739404e-06_3.10920523739404e-06_3.10920523739404e-06_3.10920523739404e-06_3.10920523739404e-06
1016,2014,225-31-9-2-1,0.000115662434831058_0.000115662434831058_0.000115662434831058_0.000115662434831058_0.000115662434831058
1016,2015,79-32-10-1-1,1.11931388546185e-05_1.11931388546185e-05_1.11931388546185e-05_1.11931388546185e-05_1.11931388546185e-05
1016,2016,225-31-9-2-1,0.000140536076730211_0.000140536076730211_0.000140536076730211_0.000140536076730211_0.000140536076730211
1016,2017,140-42-12-1-1,0.000219509889760019_0.000219509889760019_0.000219509889760019_0.000219509889760019_0.000219509889760019
1016,2018,140-42-12-1-1,3.73104628487285e-06_3.73104628487285e-06_3.73104628487285e-06_3.73104628487285e-06_3.73104628487285e-06
1016,2019,26-15-9-2-1,1.3058661997055e-05_1.3058661997055e-05_1.3058661997055e-05_1.3058661997055e-05_1.3058661997055e-05
1016,2020,203-11-4-2-1,1.43023440920126e-05_1.43023440920126e-05_1.43023440920126e-05_1.43023440920126e-05_1.43023440920126e-05
1016,2021,161-36-10-1-1,3.73104628487285e-06_3.73104628487285e-06_3.73104628487285e-06_3.73104628487285e-06_3.73104628487285e-06
1016,2022,128-7-4-2-1,4.97472837983046e-06_4.97472837983046e-06_4.97472837983046e-06_4.97472837983046e-06_4.97472837983046e-06
1016,2023,179-26-4-2-1,3.10920523739404e-06_3.10920523739404e-06_3.10920523739404e-06_3.10920523739404e-06_3.10920523739404e-06
1016,2024,144-43-4-2-1,2.36299598041947e-05_2.36299598041947e-05_2.36299598041947e-05_2.36299598041947e-05_2.36299598041947e-05
1016,2025,22-13-6-2-1,0.000136805030445338_0.000136805030445338_0.000136805030445338_0.000136805030445338_0.000136805030445338
1016,2026,114-40-4-2-1,1.80333903768854e-05_1.80333903768854e-05_1.80333903768854e-05_1.80333903768854e-05_1.80333903768854e-05
1016,2027,142-42-12-1-1,3.10920523739404e-06_3.10920523739404e-06_3.10920523739404e-06_3.10920523739404e-06_3.10920523739404e-06
1016,2028,133-12-8-1-1,3.73104628487285e-06_3.73104628487285e-06_3.73104628487285e-06_3.73104628487285e-06_3.73104628487285e-06
1016,2029,68-30-1-1-1,1.86552314243642e-05_1.86552314243642e-05_1.86552314243642e-05_1.86552314243642e-05_1.86552314243642e-05
1016,2030,4-4-4-2-1,1.24368209495762e-05_1.24368209495762e-05_1.24368209495762e-05_1.24368209495762e-05_1.24368209495762e-05
1016,2031,185-41-9-2-1,1.67897082819278e-05_1.67897082819278e-05_1.67897082819278e-05_1.67897082819278e-05_1.67897082819278e-05
1016,2032,161-36-10-1-1,1.05712978071397e-05_1.05712978071397e-05_1.05712978071397e-05_1.05712978071397e-05_1.05712978071397e-05
1016,2033,199-19-9-2-1,9.94945675966092e-06_9.94945675966092e-06_9.94945675966092e-06_9.94945675966092e-06_9.94945675966092e-06
1016,2034,180-40-4-2-1,1.49241851394914e-05_1.49241851394914e-05_1.49241851394914e-05_1.49241851394914e-05_1.49241851394914e-05
1016,2035,226-32-10-1-1,9.32761571218212e-06_9.32761571218212e-06_9.32761571218212e-06_9.32761571218212e-06_9.32761571218212e-06
1016,2036,200-15-9-2-1,3.2335734468898e-05_3.2335734468898e-05_3.2335734468898e-05_3.2335734468898e-05_3.2335734468898e-05
1016,2037,172-40-4-2-1,4.97472837983046e-06_4.97472837983046e-06_4.97472837983046e-06_4.97472837983046e-06_4.97472837983046e-06
1016,2038,210-29-2-2-1,5.84530584630079e-05_5.84530584630079e-05_5.84530584630079e-05_5.84530584630079e-05_5.84530584630079e-05
1016,2039,151-19-9-2-1,0.000263038763083536_0.000263038763083536_0.000263038763083536_0.000263038763083536_0.000263038763083536
1016,2040,174-15-9-2-1,3.29575755163768e-05_3.29575755163768e-05_3.29575755163768e-05_3.29575755163768e-05_3.29575755163768e-05
1016,2041,214-26-4-2-1,7.46209256974569e-06_7.46209256974569e-06_7.46209256974569e-06_7.46209256974569e-06_7.46209256974569e-06
1016,2042,49-22-8-1-1,4.35288733235165e-06_4.35288733235165e-06_4.35288733235165e-06_4.35288733235165e-06_4.35288733235165e-06
1016,2043,228-17-10-1-1,3.73104628487285e-06_3.73104628487285e-06_3.73104628487285e-06_3.73104628487285e-06_3.73104628487285e-06
1016,2044,234-24-7-1-1,6.40496278903172e-05_6.40496278903172e-05_6.40496278903172e-05_6.40496278903172e-05_6.40496278903172e-05
1016,2045,6-6-6-2-1,3.2335734468898e-05_3.2335734468898e-05_3.2335734468898e-05_3.2335734468898e-05_3.2335734468898e-05
1016,2047,11-4-4-2-1,1.43023440920126e-05_1.43023440920126e-05_1.43023440920126e-05_1.43023440920126e-05_1.43023440920126e-05
1016,2048,62-3-3-1-1,3.66886218012497e-05_3.66886218012497e-05_3.66886218012497e-05_3.66886218012497e-05_3.66886218012497e-05
1016,2049,61-13-6-2-1,3.04702113264616e-05_3.04702113264616e-05_3.04702113264616e-05_3.04702113264616e-05_3.04702113264616e-05
1016,2050,149-16-2-2-1,3.10920523739404e-06_3.10920523739404e-06_3.10920523739404e-06_3.10920523739404e-06_3.10920523739404e-06
1016,2051,55-22-8-1-1,3.73104628487285e-06_3.73104628487285e-06_3.73104628487285e-06_3.73104628487285e-06_3.73104628487285e-06
1016,2052,57-7-4-2-1,4.35288733235165e-06_4.35288733235165e-06_4.35288733235165e-06_4.35288733235165e-06_4.35288733235165e-06
1016,2053,220-22-8-1-1,9.94945675966092e-06_9.94945675966092e-06_9.94945675966092e-06_9.94945675966092e-06_9.94945675966092e-06
1016,2054,172-40-4-2-1,6.84025152226688e-06_6.84025152226688e-06_6.84025152226688e-06_6.84025152226688e-06_6.84025152226688e-06
1016,2055,170-43-4-2-1,0.000111309547498707_0.000111309547498707_0.000111309547498707_0.000111309547498707_0.000111309547498707
1016,2056,227-41-9-2-1,5.59656942730927e-06_5.59656942730927e-06_5.59656942730927e-06_5.59656942730927e-06_5.59656942730927e-06
1016,2057,204-35-4-2-1,4.60162375134318e-05_4.60162375134318e-05_4.60162375134318e-05_4.60162375134318e-05_4.60162375134318e-05
1016,2058,204-35-4-2-1,1.9277072471843e-05_1.9277072471843e-05_1.9277072471843e-05_1.9277072471843e-05_1.9277072471843e-05
1016,2059,185-41-9-2-1,4.35288733235165e-06_4.35288733235165e-06_4.35288733235165e-06_4.35288733235165e-06_4.35288733235165e-06
1016,2060,147-11-4-2-1,7.46209256974569e-06_7.46209256974569e-06_7.46209256974569e-06_7.46209256974569e-06_7.46209256974569e-06
1016,2061,208-30-1-1-1,4.35288733235165e-06_4.35288733235165e-06_4.35288733235165e-06_4.35288733235165e-06_4.35288733235165e-06
1016,2062,185-41-9-2-1,3.10920523739404e-06_3.10920523739404e-06_3.10920523739404e-06_3.10920523739404e-06_3.10920523739404e-06
1016,2063,98-27-8-1-1,4.97472837983046e-06_4.97472837983046e-06_4.97472837983046e-06_4.97472837983046e-06_4.97472837983046e-06
1016,2064,172-40-4-2-1,2.30081187567159e-05_2.30081187567159e-05_2.30081187567159e-05_2.30081187567159e-05_2.30081187567159e-05
1016,2065,125-30-1-1-1,5.90748995104867e-05_5.90748995104867e-05_5.90748995104867e-05_5.90748995104867e-05_5.90748995104867e-05
1016,2066,153-18-4-2-1,9.32761571218212e-06_9.32761571218212e-06_9.32761571218212e-06_9.32761571218212e-06_9.32761571218212e-06
1016,2067,102-13-6-2-1,1.74115493294066e-05_1.74115493294066e-05_1.74115493294066e-05_1.74115493294066e-05_1.74115493294066e-05
1016,2068,129-21-4-2-1,9.94945675966092e-06_9.94945675966092e-06_9.94945675966092e-06_9.94945675966092e-06_9.94945675966092e-06
1016,2069,35-20-9-2-1,3.10920523739404e-06_3.10920523739404e-06_3.10920523739404e-06_3.10920523739404e-06_3.10920523739404e-06
1016,2070,80-11-4-2-1,6.59151510327536e-05_6.59151510327536e-05_6.59151510327536e-05_6.59151510327536e-05_6.59151510327536e-05
1016,2071,142-42-12-1-1,2.54954829466311e-05_2.54954829466311e-05_2.54954829466311e-05_2.54954829466311e-05_2.54954829466311e-05
1016,2072,185-41-9-2-1,3.73104628487285e-06_3.73104628487285e-06_3.73104628487285e-06_3.73104628487285e-06_3.73104628487285e-06
1016,2073,214-26-4-2-1,1.98989135193218e-05_1.98989135193218e-05_1.98989135193218e-05_1.98989135193218e-05_1.98989135193218e-05
1016,2074,214-26-4-2-1,4.16633501810801e-05_4.16633501810801e-05_4.16633501810801e-05_4.16633501810801e-05_4.16633501810801e-05
1016,2075,221-35-4-2-1,3.10920523739404e-06_3.10920523739404e-06_3.10920523739404e-06_3.10920523739404e-06_3.10920523739404e-06
1016,2076,170-43-4-2-1,3.29575755163768e-05_3.29575755163768e-05_3.29575755163768e-05_3.29575755163768e-05_3.29575755163768e-05
1016,2077,112-14-4-2-1,1.55460261869702e-05_1.55460261869702e-05_1.55460261869702e-05_1.55460261869702e-05_1.55460261869702e-05
1016,2078,133-12-8-1-1,6.21841047478808e-06_6.21841047478808e-06_6.21841047478808e-06_6.21841047478808e-06_6.21841047478808e-06
1016,2079,214-26-4-2-1,2.11425956142795e-05_2.11425956142795e-05_2.11425956142795e-05_2.11425956142795e-05_2.11425956142795e-05
1016,2080,203-11-4-2-1,4.78817606558682e-05_4.78817606558682e-05_4.78817606558682e-05_4.78817606558682e-05_4.78817606558682e-05
1016,2081,51-22-8-1-1,2.17644366617583e-05_2.17644366617583e-05_2.17644366617583e-05_2.17644366617583e-05_2.17644366617583e-05
1016,2083,222-35-4-2-1,7.64864488398933e-05_7.64864488398933e-05_7.64864488398933e-05_7.64864488398933e-05_7.64864488398933e-05
1016,2084,64-28-5-1-1,0.000182821267958769_0.000182821267958769_0.000182821267958769_0.000182821267958769_0.000182821267958769
1016,2085,53-21-4-2-1,4.78817606558682e-05_4.78817606558682e-05_4.78817606558682e-05_4.78817606558682e-05_4.78817606558682e-05
1016,2086,196-14-4-2-1,5.59656942730927e-06_5.59656942730927e-06_5.59656942730927e-06_5.59656942730927e-06_5.59656942730927e-06
1016,2087,209-35-4-2-1,1.49241851394914e-05_1.49241851394914e-05_1.49241851394914e-05_1.49241851394914e-05_1.49241851394914e-05
1016,2088,127-30-1-1-1,1.9277072471843e-05_1.9277072471843e-05_1.9277072471843e-05_1.9277072471843e-05_1.9277072471843e-05
1016,2089,49-22-8-1-1,8.70577466470331e-06_8.70577466470331e-06_8.70577466470331e-06_8.70577466470331e-06_8.70577466470331e-06
1016,2090,153-18-4-2-1,3.2335734468898e-05_3.2335734468898e-05_3.2335734468898e-05_3.2335734468898e-05_3.2335734468898e-05
1016,2091,67-2-2-2-1,5.59656942730927e-06_5.59656942730927e-06_5.59656942730927e-06_5.59656942730927e-06_5.59656942730927e-06
1016,2092,8-7-4-2-1,7.46209256974569e-06_7.46209256974569e-06_7.46209256974569e-06_7.46209256974569e-06_7.46209256974569e-06
1016,2093,172-40-4-2-1,4.97472837983046e-06_4.97472837983046e-06_4.97472837983046e-06_4.97472837983046e-06_4.97472837983046e-06
1016,2094,89-13-6-2-1,0.000200232817288176_0.000200232817288176_0.000200232817288176_0.000200232817288176_0.000200232817288176
1016,2095,139-43-4-2-1,6.03185816054443e-05_6.03185816054443e-05_6.03185816054443e-05_6.03185816054443e-05_6.03185816054443e-05
1016,2097,36-6-6-2-1,0.000162922354439448_0.000162922354439448_0.000162922354439448_0.000162922354439448_0.000162922354439448
1016,2098,42-13-6-2-1,1.74115493294066e-05_1.74115493294066e-05_1.74115493294066e-05_1.74115493294066e-05_1.74115493294066e-05
1016,2099,55-22-8-1-1,9.32761571218212e-06_9.32761571218212e-06_9.32761571218212e-06_9.32761571218212e-06_9.32761571218212e-06
1016,2100,205-12-8-1-1,6.21841047478808e-06_6.21841047478808e-06_6.21841047478808e-06_6.21841047478808e-06_6.21841047478808e-06
1016,2101,109-28-5-1-1,1.11931388546185e-05_1.11931388546185e-05_1.11931388546185e-05_1.11931388546185e-05_1.11931388546185e-05
1016,2102,91-33-5-1-1,1.74115493294066e-05_1.74115493294066e-05_1.74115493294066e-05_1.74115493294066e-05_1.74115493294066e-05
1016,2103,205-12-8-1-1,6.21841047478808e-06_6.21841047478808e-06_6.21841047478808e-06_6.21841047478808e-06_6.21841047478808e-06
1016,2104,185-41-9-2-1,8.70577466470331e-06_8.70577466470331e-06_8.70577466470331e-06_8.70577466470331e-06_8.70577466470331e-06
1016,2105,193-40-4-2-1,3.29575755163768e-05_3.29575755163768e-05_3.29575755163768e-05_3.29575755163768e-05_3.29575755163768e-05
1016,2106,76-4-4-2-1,8.0839336172245e-06_8.0839336172245e-06_8.0839336172245e-06_8.0839336172245e-06_8.0839336172245e-06
1016,2107,161-36-10-1-1,2.48736418991523e-06_2.48736418991523e-06_2.48736418991523e-06_2.48736418991523e-06_2.48736418991523e-06
1016,2108,8-7-4-2-1,3.10920523739404e-06_3.10920523739404e-06_3.10920523739404e-06_3.10920523739404e-06_3.10920523739404e-06
1016,2110,185-41-9-2-1,3.73104628487285e-06_3.73104628487285e-06_3.73104628487285e-06_3.73104628487285e-06_3.73104628487285e-06
1016,2111,172-40-4-2-1,3.73104628487285e-06_3.73104628487285e-06_3.73104628487285e-06_3.73104628487285e-06_3.73104628487285e-06
1016,2112,196-14-4-2-1,4.35288733235165e-06_4.35288733235165e-06_4.35288733235165e-06_4.35288733235165e-06_4.35288733235165e-06
1016,2113,227-41-9-2-1,1.43023440920126e-05_1.43023440920126e-05_1.43023440920126e-05_1.43023440920126e-05_1.43023440920126e-05
1016,2114,196-14-4-2-1,3.10920523739404e-06_3.10920523739404e-06_3.10920523739404e-06_3.10920523739404e-06_3.10920523739404e-06
1016,2115,8-7-4-2-1,3.10920523739404e-06_3.10920523739404e-06_3.10920523739404e-06_3.10920523739404e-06_3.10920523739404e-06
1016,2116,141-42-12-1-1,4.35288733235165e-06_4.35288733235165e-06_4.35288733235165e-06_4.35288733235165e-06_4.35288733235165e-06
1016,2117,138-23-8-1-1,3.73104628487285e-06_3.73104628487285e-06_3.73104628487285e-06_3.73104628487285e-06_3.73104628487285e-06
1016,2119,130-12-8-1-1,3.73104628487285e-06_3.73104628487285e-06_3.73104628487285e-06_3.73104628487285e-06_3.73104628487285e-06
1016,2120,174-15-9-2-1,3.35794165638556e-05_3.35794165638556e-05_3.35794165638556e-05_3.35794165638556e-05_3.35794165638556e-05
1016,2121,126-29-2-2-1,3.10920523739404e-06_3.10920523739404e-06_3.10920523739404e-06_3.10920523739404e-06_3.10920523739404e-06
1016,2122,149-16-2-2-1,7.46209256974569e-06_7.46209256974569e-06_7.46209256974569e-06_7.46209256974569e-06_7.46209256974569e-06
1016,2123,45-5-5-1-1,1.3058661997055e-05_1.3058661997055e-05_1.3058661997055e-05_1.3058661997055e-05_1.3058661997055e-05
1016,2124,47-22-8-1-1,7.64864488398933e-05_7.64864488398933e-05_7.64864488398933e-05_7.64864488398933e-05_7.64864488398933e-05
1016,2125,47-22-8-1-1,2.48736418991523e-06_2.48736418991523e-06_2.48736418991523e-06_2.48736418991523e-06_2.48736418991523e-06
1016,2126,151-19-9-2-1,3.85541449436861e-05_3.85541449436861e-05_3.85541449436861e-05_3.85541449436861e-05_3.85541449436861e-05
1016,2127,227-41-9-2-1,4.97472837983046e-06_4.97472837983046e-06_4.97472837983046e-06_4.97472837983046e-06_4.97472837983046e-06
1016,2128,227-41-9-2-1,4.35288733235165e-06_4.35288733235165e-06_4.35288733235165e-06_4.35288733235165e-06_4.35288733235165e-06
1016,2129,57-7-4-2-1,5.59656942730927e-06_5.59656942730927e-06_5.59656942730927e-06_5.59656942730927e-06_5.59656942730927e-06
1016,2130,57-7-4-2-1,6.21841047478808e-06_6.21841047478808e-06_6.21841047478808e-06_6.21841047478808e-06_6.21841047478808e-06
1016,2131,174-15-9-2-1,8.0839336172245e-06_8.0839336172245e-06_8.0839336172245e-06_8.0839336172245e-06_8.0839336172245e-06
1016,2132,142-42-12-1-1,4.97472837983046e-06_4.97472837983046e-06_4.97472837983046e-06_4.97472837983046e-06_4.97472837983046e-06
1016,2133,209-35-4-2-1,8.0839336172245e-06_8.0839336172245e-06_8.0839336172245e-06_8.0839336172245e-06_8.0839336172245e-06
1016,2134,55-22-8-1-1,8.70577466470331e-06_8.70577466470331e-06_8.70577466470331e-06_8.70577466470331e-06_8.70577466470331e-06
1016,2135,185-41-9-2-1,3.73104628487285e-06_3.73104628487285e-06_3.73104628487285e-06_3.73104628487285e-06_3.73104628487285e-06
1016,2136,168-2-2-2-1,3.17138934214192e-05_3.17138934214192e-05_3.17138934214192e-05_3.17138934214192e-05_3.17138934214192e-05
1016,2137,36-6-6-2-1,0.000121259004258367_0.000121259004258367_0.000121259004258367_0.000121259004258367_0.000121259004258367
1016,2138,185-41-9-2-1,6.84025152226688e-06_6.84025152226688e-06_6.84025152226688e-06_6.84025152226688e-06_6.84025152226688e-06
1016,2139,149-16-2-2-1,0.000110687706451228_0.000110687706451228_0.000110687706451228_0.000110687706451228_0.000110687706451228
1016,2140,203-11-4-2-1,4.35288733235165e-06_4.35288733235165e-06_4.35288733235165e-06_4.35288733235165e-06_4.35288733235165e-06
1016,2141,88-35-4-2-1,3.73104628487285e-06_3.73104628487285e-06_3.73104628487285e-06_3.73104628487285e-06_3.73104628487285e-06
1016,2142,214-26-4-2-1,1.49241851394914e-05_1.49241851394914e-05_1.49241851394914e-05_1.49241851394914e-05_1.49241851394914e-05
1016,2143,142-42-12-1-1,4.35288733235165e-06_4.35288733235165e-06_4.35288733235165e-06_4.35288733235165e-06_4.35288733235165e-06
1016,2144,167-18-4-2-1,3.10920523739404e-06_3.10920523739404e-06_3.10920523739404e-06_3.10920523739404e-06_3.10920523739404e-06
1016,2145,188-14-4-2-1,9.94945675966092e-06_9.94945675966092e-06_9.94945675966092e-06_9.94945675966092e-06_9.94945675966092e-06
1016,2146,138-23-8-1-1,1.6167867234449e-05_1.6167867234449e-05_1.6167867234449e-05_1.6167867234449e-05_1.6167867234449e-05
1016,2147,46-2-2-2-1,9.26543160743423e-05_9.26543160743423e-05_9.26543160743423e-05_9.26543160743423e-05_9.26543160743423e-05
1016,2148,172-40-4-2-1,5.59656942730927e-06_5.59656942730927e-06_5.59656942730927e-06_5.59656942730927e-06_5.59656942730927e-06
1016,2149,18-12-8-1-1,7.46209256974569e-06_7.46209256974569e-06_7.46209256974569e-06_7.46209256974569e-06_7.46209256974569e-06
1016,2150,44-13-6-2-1,0.000100738249691567_0.000100738249691567_0.000100738249691567_0.000100738249691567_0.000100738249691567
1016,2151,44-13-6-2-1,3.2335734468898e-05_3.2335734468898e-05_3.2335734468898e-05_3.2335734468898e-05_3.2335734468898e-05
1016,2152,147-11-4-2-1,9.32761571218212e-06_9.32761571218212e-06_9.32761571218212e-06_9.32761571218212e-06_9.32761571218212e-06
1016,2153,7-4-4-2-1,3.73104628487285e-06_3.73104628487285e-06_3.73104628487285e-06_3.73104628487285e-06_3.73104628487285e-06
1016,2154,167-18-4-2-1,8.0839336172245e-06_8.0839336172245e-06_8.0839336172245e-06_8.0839336172245e-06_8.0839336172245e-06
1016,2155,234-24-7-1-1,0.000124368209495762_0.000124368209495762_0.000124368209495762_0.000124368209495762_0.000124368209495762
1016,2156,4-4-4-2-1,5.59656942730927e-06_5.59656942730927e-06_5.59656942730927e-06_5.59656942730927e-06_5.59656942730927e-06
1016,2157,147-11-4-2-1,3.73104628487285e-06_3.73104628487285e-06_3.73104628487285e-06_3.73104628487285e-06_3.73104628487285e-06
1016,2158,58-13-6-2-1,8.76795876945119e-05_8.76795876945119e-05_8.76795876945119e-05_8.76795876945119e-05_8.76795876945119e-05
1016,2159,83-33-5-1-1,4.29070322760377e-05_4.29070322760377e-05_4.29070322760377e-05_4.29070322760377e-05_4.29070322760377e-05
1016,2160,139-43-4-2-1,4.47725554184741e-05_4.47725554184741e-05_4.47725554184741e-05_4.47725554184741e-05_4.47725554184741e-05
1016,2161,6-6-6-2-1,4.04196680861225e-05_4.04196680861225e-05_4.04196680861225e-05_4.04196680861225e-05_4.04196680861225e-05
1016,2162,13-6-6-2-1,0.000191527042623473_0.000191527042623473_0.000191527042623473_0.000191527042623473_0.000191527042623473
1016,2163,153-18-4-2-1,2.86046881840252e-05_2.86046881840252e-05_2.86046881840252e-05_2.86046881840252e-05_2.86046881840252e-05
1016,2164,91-33-5-1-1,1.24368209495762e-05_1.24368209495762e-05_1.24368209495762e-05_1.24368209495762e-05_1.24368209495762e-05
1016,2165,172-40-4-2-1,2.48736418991523e-06_2.48736418991523e-06_2.48736418991523e-06_2.48736418991523e-06_2.48736418991523e-06
1016,2166,5-5-5-1-1,8.0839336172245e-05_8.0839336172245e-05_8.0839336172245e-05_8.0839336172245e-05_8.0839336172245e-05
1016,2167,17-11-4-2-1,1.05712978071397e-05_1.05712978071397e-05_1.05712978071397e-05_1.05712978071397e-05_1.05712978071397e-05
1016,2168,13-6-6-2-1,0.000110065865403749_0.000110065865403749_0.000110065865403749_0.000110065865403749_0.000110065865403749
1016,2169,185-41-9-2-1,3.73104628487285e-06_3.73104628487285e-06_3.73104628487285e-06_3.73104628487285e-06_3.73104628487285e-06
1016,2170,148-29-2-2-1,0.000136183189397859_0.000136183189397859_0.000136183189397859_0.000136183189397859_0.000136183189397859
1016,2171,112-14-4-2-1,4.35288733235165e-06_4.35288733235165e-06_4.35288733235165e-06_4.35288733235165e-06_4.35288733235165e-06
1016,2172,109-28-5-1-1,8.0839336172245e-06_8.0839336172245e-06_8.0839336172245e-06_8.0839336172245e-06_8.0839336172245e-06
1016,2173,138-23-8-1-1,5.59656942730927e-06_5.59656942730927e-06_5.59656942730927e-06_5.59656942730927e-06_5.59656942730927e-06
1016,2174,74-31-9-2-1,6.84025152226688e-06_6.84025152226688e-06_6.84025152226688e-06_6.84025152226688e-06_6.84025152226688e-06
1016,2175,127-30-1-1-1,1.05712978071397e-05_1.05712978071397e-05_1.05712978071397e-05_1.05712978071397e-05_1.05712978071397e-05
1016,2176,17-11-4-2-1,6.4671468937796e-05_6.4671468937796e-05_6.4671468937796e-05_6.4671468937796e-05_6.4671468937796e-05
1016,2177,75-1-1-1-1,1.98989135193218e-05_1.98989135193218e-05_1.98989135193218e-05_1.98989135193218e-05_1.98989135193218e-05
1016,2178,4-4-4-2-1,5.59656942730927e-06_5.59656942730927e-06_5.59656942730927e-06_5.59656942730927e-06_5.59656942730927e-06
1016,2179,57-7-4-2-1,2.11425956142795e-05_2.11425956142795e-05_2.11425956142795e-05_2.11425956142795e-05_2.11425956142795e-05
1016,2180,174-15-9-2-1,1.6167867234449e-05_1.6167867234449e-05_1.6167867234449e-05_1.6167867234449e-05_1.6167867234449e-05
1016,2181,180-40-4-2-1,8.70577466470331e-06_8.70577466470331e-06_8.70577466470331e-06_8.70577466470331e-06_8.70577466470331e-06
1016,2182,116-36-10-1-1,1.67897082819278e-05_1.67897082819278e-05_1.67897082819278e-05_1.67897082819278e-05_1.67897082819278e-05
1016,2183,116-36-10-1-1,8.51922235045966e-05_8.51922235045966e-05_8.51922235045966e-05_8.51922235045966e-05_8.51922235045966e-05
1016,2184,174-15-9-2-1,4.35288733235165e-05_4.35288733235165e-05_4.35288733235165e-05_4.35288733235165e-05_4.35288733235165e-05
1016,2185,212-41-9-2-1,4.97472837983046e-06_4.97472837983046e-06_4.97472837983046e-06_4.97472837983046e-06_4.97472837983046e-06
1016,2186,185-41-9-2-1,4.35288733235165e-06_4.35288733235165e-06_4.35288733235165e-06_4.35288733235165e-06_4.35288733235165e-06
1016,2187,227-41-9-2-1,6.21841047478808e-06_6.21841047478808e-06_6.21841047478808e-06_6.21841047478808e-06_6.21841047478808e-06
1016,2188,176-20-9-2-1,7.7730130934851e-05_7.7730130934851e-05_7.7730130934851e-05_7.7730130934851e-05_7.7730130934851e-05
1016,2189,235-34-11-1-1,2.86046881840252e-05_2.86046881840252e-05_2.86046881840252e-05_2.86046881840252e-05_2.86046881840252e-05
1016,2190,128-7-4-2-1,3.73104628487285e-06_3.73104628487285e-06_3.73104628487285e-06_3.73104628487285e-06_3.73104628487285e-06
1016,2191,142-42-12-1-1,3.10920523739404e-06_3.10920523739404e-06_3.10920523739404e-06_3.10920523739404e-06_3.10920523739404e-06
1016,2192,200-15-9-2-1,2.17644366617583e-05_2.17644366617583e-05_2.17644366617583e-05_2.17644366617583e-05_2.17644366617583e-05
1016,2193,140-42-12-1-1,3.73104628487285e-06_3.73104628487285e-06_3.73104628487285e-06_3.73104628487285e-06_3.73104628487285e-06
1016,2194,180-40-4-2-1,2.42518008516735e-05_2.42518008516735e-05_2.42518008516735e-05_2.42518008516735e-05_2.42518008516735e-05
1016,2195,196-14-4-2-1,2.54954829466311e-05_2.54954829466311e-05_2.54954829466311e-05_2.54954829466311e-05_2.54954829466311e-05
1016,2196,70-27-8-1-1,8.70577466470331e-06_8.70577466470331e-06_8.70577466470331e-06_8.70577466470331e-06_8.70577466470331e-06
1016,2197,196-14-4-2-1,5.22346479882198e-05_5.22346479882198e-05_5.22346479882198e-05_5.22346479882198e-05_5.22346479882198e-05
1016,2199,150-30-1-1-1,1.49241851394914e-05_1.49241851394914e-05_1.49241851394914e-05_1.49241851394914e-05_1.49241851394914e-05
1016,2200,196-14-4-2-1,7.46209256974569e-06_7.46209256974569e-06_7.46209256974569e-06_7.46209256974569e-06_7.46209256974569e-06
1016,2201,44-13-6-2-1,7.46209256974569e-06_7.46209256974569e-06_7.46209256974569e-06_7.46209256974569e-06_7.46209256974569e-06
1016,2202,212-41-9-2-1,4.66380785609106e-05_4.66380785609106e-05_4.66380785609106e-05_4.66380785609106e-05_4.66380785609106e-05
1016,2204,98-27-8-1-1,5.22346479882198e-05_5.22346479882198e-05_5.22346479882198e-05_5.22346479882198e-05_5.22346479882198e-05
1016,2205,109-28-5-1-1,5.59656942730927e-06_5.59656942730927e-06_5.59656942730927e-06_5.59656942730927e-06_5.59656942730927e-06
1016,2206,179-26-4-2-1,4.35288733235165e-06_4.35288733235165e-06_4.35288733235165e-06_4.35288733235165e-06_4.35288733235165e-06
1016,2207,79-32-10-1-1,4.35288733235165e-06_4.35288733235165e-06_4.35288733235165e-06_4.35288733235165e-06_4.35288733235165e-06
1016,2208,47-22-8-1-1,4.35288733235165e-06_4.35288733235165e-06_4.35288733235165e-06_4.35288733235165e-06_4.35288733235165e-06
1016,2209,174-15-9-2-1,2.86046881840252e-05_2.86046881840252e-05_2.86046881840252e-05_2.86046881840252e-05_2.86046881840252e-05
1016,2210,161-36-10-1-1,4.35288733235165e-06_4.35288733235165e-06_4.35288733235165e-06_4.35288733235165e-06_4.35288733235165e-06
1016,2211,135-41-9-2-1,0.00040668404505114_0.00040668404505114_0.00040668404505114_0.00040668404505114_0.00040668404505114
1016,2212,112-14-4-2-1,4.35288733235165e-06_4.35288733235165e-06_4.35288733235165e-06_4.35288733235165e-06_4.35288733235165e-06
1016,2213,102-13-6-2-1,2.36299598041947e-05_2.36299598041947e-05_2.36299598041947e-05_2.36299598041947e-05_2.36299598041947e-05
1016,2215,218-7-4-2-1,3.73104628487285e-06_3.73104628487285e-06_3.73104628487285e-06_3.73104628487285e-06_3.73104628487285e-06
1016,2216,180-40-4-2-1,3.73104628487285e-06_3.73104628487285e-06_3.73104628487285e-06_3.73104628487285e-06_3.73104628487285e-06
1016,2217,142-42-12-1-1,6.84025152226688e-06_6.84025152226688e-06_6.84025152226688e-06_6.84025152226688e-06_6.84025152226688e-06
1016,2218,152-32-10-1-1,3.73104628487285e-06_3.73104628487285e-06_3.73104628487285e-06_3.73104628487285e-06_3.73104628487285e-06
1016,2219,11-4-4-2-1,9.45198392167788e-05_9.45198392167788e-05_9.45198392167788e-05_9.45198392167788e-05_9.45198392167788e-05
1016,2221,185-41-9-2-1,4.97472837983046e-06_4.97472837983046e-06_4.97472837983046e-06_4.97472837983046e-06_4.97472837983046e-06
1016,2222,133-12-8-1-1,4.97472837983046e-06_4.97472837983046e-06_4.97472837983046e-06_4.97472837983046e-06_4.97472837983046e-06
1016,2223,11-4-4-2-1,4.16633501810801e-05_4.16633501810801e-05_4.16633501810801e-05_4.16633501810801e-05_4.16633501810801e-05
1016,2224,210-29-2-2-1,0.000164166036534405_0.000164166036534405_0.000164166036534405_0.000164166036534405_0.000164166036534405
1016,2225,37-11-4-2-1,3.97978270386437e-05_3.97978270386437e-05_3.97978270386437e-05_3.97978270386437e-05_3.97978270386437e-05
1016,2226,66-29-2-2-1,5.59656942730927e-06_5.59656942730927e-06_5.59656942730927e-06_5.59656942730927e-06_5.59656942730927e-06
1016,2227,178-44-12-1-1,1.67897082819278e-05_1.67897082819278e-05_1.67897082819278e-05_1.67897082819278e-05_1.67897082819278e-05
1016,2228,178-44-12-1-1,1.49241851394914e-05_1.49241851394914e-05_1.49241851394914e-05_1.49241851394914e-05_1.49241851394914e-05
1016,2229,95-37-4-2-1,2.48736418991523e-06_2.48736418991523e-06_2.48736418991523e-06_2.48736418991523e-06_2.48736418991523e-06
1016,2230,210-29-2-2-1,0.00152537608946552_0.00152537608946552_0.00152537608946552_0.00152537608946552_0.00152537608946552
1016,2231,66-29-2-2-1,5.28564890356987e-05_5.28564890356987e-05_5.28564890356987e-05_5.28564890356987e-05_5.28564890356987e-05
1016,2232,210-29-2-2-1,0.000650445735662833_0.000650445735662833_0.000650445735662833_0.000650445735662833_0.000650445735662833
1016,2233,167-18-4-2-1,5.59656942730927e-06_5.59656942730927e-06_5.59656942730927e-06_5.59656942730927e-06_5.59656942730927e-06
1016,2234,142-42-12-1-1,5.59656942730927e-06_5.59656942730927e-06_5.59656942730927e-06_5.59656942730927e-06_5.59656942730927e-06
1016,2235,69-29-2-2-1,0.000120637163210889_0.000120637163210889_0.000120637163210889_0.000120637163210889_0.000120637163210889
1016,2236,191-37-4-2-1,8.70577466470331e-06_8.70577466470331e-06_8.70577466470331e-06_8.70577466470331e-06_8.70577466470331e-06
1016,2237,138-23-8-1-1,4.97472837983046e-06_4.97472837983046e-06_4.97472837983046e-06_4.97472837983046e-06_4.97472837983046e-06
1016,2238,98-27-8-1-1,4.97472837983046e-06_4.97472837983046e-06_4.97472837983046e-06_4.97472837983046e-06_4.97472837983046e-06
1016,2239,214-26-4-2-1,8.0839336172245e-06_8.0839336172245e-06_8.0839336172245e-06_8.0839336172245e-06_8.0839336172245e-06
1016,2241,192-19-9-2-1,5.22346479882198e-05_5.22346479882198e-05_5.22346479882198e-05_5.22346479882198e-05_5.22346479882198e-05
1016,2242,70-27-8-1-1,4.97472837983046e-06_4.97472837983046e-06_4.97472837983046e-06_4.97472837983046e-06_4.97472837983046e-06
1016,2243,57-7-4-2-1,1.3058661997055e-05_1.3058661997055e-05_1.3058661997055e-05_1.3058661997055e-05_1.3058661997055e-05
1016,2244,174-15-9-2-1,3.73104628487285e-06_3.73104628487285e-06_3.73104628487285e-06_3.73104628487285e-06_3.73104628487285e-06
1016,2245,209-35-4-2-1,2.05207545668007e-05_2.05207545668007e-05_2.05207545668007e-05_2.05207545668007e-05_2.05207545668007e-05
1016,2246,32-18-4-2-1,4.35288733235165e-06_4.35288733235165e-06_4.35288733235165e-06_4.35288733235165e-06_4.35288733235165e-06
1016,2247,45-5-5-1-1,5.03691248457834e-05_5.03691248457834e-05_5.03691248457834e-05_5.03691248457834e-05_5.03691248457834e-05
1016,2248,134-29-2-2-1,5.09909658932622e-05_5.09909658932622e-05_5.09909658932622e-05_5.09909658932622e-05_5.09909658932622e-05
1016,2249,130-12-8-1-1,3.73104628487285e-06_3.73104628487285e-06_3.73104628487285e-06_3.73104628487285e-06_3.73104628487285e-06
1016,2250,147-11-4-2-1,4.35288733235165e-06_4.35288733235165e-06_4.35288733235165e-06_4.35288733235165e-06_4.35288733235165e-06
1016,2251,44-13-6-2-1,2.17644366617583e-05_2.17644366617583e-05_2.17644366617583e-05_2.17644366617583e-05_2.17644366617583e-05
1016,2252,80-11-4-2-1,1.86552314243642e-05_1.86552314243642e-05_1.86552314243642e-05_1.86552314243642e-05_1.86552314243642e-05
1016,2253,224-39-11-1-1,0.000302214749074701_0.000302214749074701_0.000302214749074701_0.000302214749074701_0.000302214749074701
1016,2254,185-41-9-2-1,3.73104628487285e-06_3.73104628487285e-06_3.73104628487285e-06_3.73104628487285e-06_3.73104628487285e-06
1016,2255,172-40-4-2-1,3.73104628487285e-06_3.73104628487285e-06_3.73104628487285e-06_3.73104628487285e-06_3.73104628487285e-06
1016,2256,55-22-8-1-1,2.48736418991523e-05_2.48736418991523e-05_2.48736418991523e-05_2.48736418991523e-05_2.48736418991523e-05
1016,2257,196-14-4-2-1,3.10920523739404e-05_3.10920523739404e-05_3.10920523739404e-05_3.10920523739404e-05_3.10920523739404e-05
1016,2258,83-33-5-1-1,6.1562263700402e-05_6.1562263700402e-05_6.1562263700402e-05_6.1562263700402e-05_6.1562263700402e-05
1016,2259,17-11-4-2-1,1.6167867234449e-05_1.6167867234449e-05_1.6167867234449e-05_1.6167867234449e-05_1.6167867234449e-05
1016,2260,166-18-4-2-1,4.35288733235165e-06_4.35288733235165e-06_4.35288733235165e-06_4.35288733235165e-06_4.35288733235165e-06
1016,2261,234-24-7-1-1,4.8503601703347e-05_4.8503601703347e-05_4.8503601703347e-05_4.8503601703347e-05_4.8503601703347e-05
1016,2262,196-14-4-2-1,7.46209256974569e-06_7.46209256974569e-06_7.46209256974569e-06_7.46209256974569e-06_7.46209256974569e-06
1016,2263,74-31-9-2-1,2.61173239941099e-05_2.61173239941099e-05_2.61173239941099e-05_2.61173239941099e-05_2.61173239941099e-05
1016,2264,180-40-4-2-1,4.97472837983046e-06_4.97472837983046e-06_4.97472837983046e-06_4.97472837983046e-06_4.97472837983046e-06
1016,2265,112-14-4-2-1,1.05712978071397e-05_1.05712978071397e-05_1.05712978071397e-05_1.05712978071397e-05_1.05712978071397e-05
1016,2266,89-13-6-2-1,4.04196680861225e-05_4.04196680861225e-05_4.04196680861225e-05_4.04196680861225e-05_4.04196680861225e-05
1016,2267,39-22-8-1-1,4.29070322760377e-05_4.29070322760377e-05_4.29070322760377e-05_4.29070322760377e-05_4.29070322760377e-05
1016,2268,95-37-4-2-1,1.24368209495762e-05_1.24368209495762e-05_1.24368209495762e-05_1.24368209495762e-05_1.24368209495762e-05
1016,2269,185-41-9-2-1,3.10920523739404e-06_3.10920523739404e-06_3.10920523739404e-06_3.10920523739404e-06_3.10920523739404e-06
1016,2270,185-41-9-2-1,2.73610060890675e-05_2.73610060890675e-05_2.73610060890675e-05_2.73610060890675e-05_2.73610060890675e-05
1016,2271,185-41-9-2-1,1.24368209495762e-05_1.24368209495762e-05_1.24368209495762e-05_1.24368209495762e-05_1.24368209495762e-05
1016,2272,93-16-2-2-1,4.22851912285589e-05_4.22851912285589e-05_4.22851912285589e-05_4.22851912285589e-05_4.22851912285589e-05
1016,2273,7-4-4-2-1,1.80333903768854e-05_1.80333903768854e-05_1.80333903768854e-05_1.80333903768854e-05_1.80333903768854e-05
1016,2274,42-13-6-2-1,0.000294752656504955_0.000294752656504955_0.000294752656504955_0.000294752656504955_0.000294752656504955
1016,2275,185-41-9-2-1,3.73104628487285e-06_3.73104628487285e-06_3.73104628487285e-06_3.73104628487285e-06_3.73104628487285e-06
1016,2276,176-20-9-2-1,6.84025152226688e-06_6.84025152226688e-06_6.84025152226688e-06_6.84025152226688e-06_6.84025152226688e-06
1016,2277,133-12-8-1-1,6.84025152226688e-06_6.84025152226688e-06_6.84025152226688e-06_6.84025152226688e-06_6.84025152226688e-06
1016,2278,76-4-4-2-1,3.10920523739404e-06_3.10920523739404e-06_3.10920523739404e-06_3.10920523739404e-06_3.10920523739404e-06
1016,2279,4-4-4-2-1,3.10920523739404e-06_3.10920523739404e-06_3.10920523739404e-06_3.10920523739404e-06_3.10920523739404e-06
1016,2280,47-22-8-1-1,4.97472837983046e-06_4.97472837983046e-06_4.97472837983046e-06_4.97472837983046e-06_4.97472837983046e-06
1016,2281,49-22-8-1-1,1.05712978071397e-05_1.05712978071397e-05_1.05712978071397e-05_1.05712978071397e-05_1.05712978071397e-05
1016,2282,74-31-9-2-1,1.6167867234449e-05_1.6167867234449e-05_1.6167867234449e-05_1.6167867234449e-05_1.6167867234449e-05
1016,2283,88-35-4-2-1,4.97472837983046e-06_4.97472837983046e-06_4.97472837983046e-06_4.97472837983046e-06_4.97472837983046e-06
1016,2285,199-19-9-2-1,6.84025152226688e-06_6.84025152226688e-06_6.84025152226688e-06_6.84025152226688e-06_6.84025152226688e-06
1016,2286,180-40-4-2-1,2.48736418991523e-06_2.48736418991523e-06_2.48736418991523e-06_2.48736418991523e-06_2.48736418991523e-06
1016,2287,36-6-6-2-1,0.000511775182075059_0.000511775182075059_0.000511775182075059_0.000511775182075059_0.000511775182075059
1016,2288,188-14-4-2-1,3.10920523739404e-06_3.10920523739404e-06_3.10920523739404e-06_3.10920523739404e-06_3.10920523739404e-06
1016,2289,58-13-6-2-1,2.67391650415887e-05_2.67391650415887e-05_2.67391650415887e-05_2.67391650415887e-05_2.67391650415887e-05
1016,2290,158-2-2-2-1,5.96967405579655e-05_5.96967405579655e-05_5.96967405579655e-05_5.96967405579655e-05_5.96967405579655e-05
1016,2291,205-12-8-1-1,4.97472837983046e-06_4.97472837983046e-06_4.97472837983046e-06_4.97472837983046e-06_4.97472837983046e-06
1016,2292,51-22-8-1-1,6.84025152226688e-06_6.84025152226688e-06_6.84025152226688e-06_6.84025152226688e-06_6.84025152226688e-06
1016,2293,98-27-8-1-1,3.10920523739404e-06_3.10920523739404e-06_3.10920523739404e-06_3.10920523739404e-06_3.10920523739404e-06
1016,2294,114-40-4-2-1,3.73104628487285e-06_3.73104628487285e-06_3.73104628487285e-06_3.73104628487285e-06_3.73104628487285e-06
1016,2295,35-20-9-2-1,1.67897082819278e-05_1.67897082819278e-05_1.67897082819278e-05_1.67897082819278e-05_1.67897082819278e-05
1016,2296,6-6-6-2-1,1.55460261869702e-05_1.55460261869702e-05_1.55460261869702e-05_1.55460261869702e-05_1.55460261869702e-05
1016,2297,185-41-9-2-1,3.10920523739404e-06_3.10920523739404e-06_3.10920523739404e-06_3.10920523739404e-06_3.10920523739404e-06
1016,2298,179-26-4-2-1,3.5444939706292e-05_3.5444939706292e-05_3.5444939706292e-05_3.5444939706292e-05_3.5444939706292e-05
1016,2299,75-1-1-1-1,5.59656942730927e-06_5.59656942730927e-06_5.59656942730927e-06_5.59656942730927e-06_5.59656942730927e-06
1016,2300,203-11-4-2-1,2.48736418991523e-05_2.48736418991523e-05_2.48736418991523e-05_2.48736418991523e-05_2.48736418991523e-05
1016,2301,36-6-6-2-1,0.000404196680861225_0.000404196680861225_0.000404196680861225_0.000404196680861225_0.000404196680861225
1016,2302,78-3-3-1-1,4.91254427508258e-05_4.91254427508258e-05_4.91254427508258e-05_4.91254427508258e-05_4.91254427508258e-05
1016,2303,112-14-4-2-1,4.35288733235165e-06_4.35288733235165e-06_4.35288733235165e-06_4.35288733235165e-06_4.35288733235165e-06
1016,2304,77-28-5-1-1,1.3058661997055e-05_1.3058661997055e-05_1.3058661997055e-05_1.3058661997055e-05_1.3058661997055e-05
1016,2305,110-3-3-1-1,0.000222619094997413_0.000222619094997413_0.000222619094997413_0.000222619094997413_0.000222619094997413
1016,2306,31-6-6-2-1,8.51922235045966e-05_8.51922235045966e-05_8.51922235045966e-05_8.51922235045966e-05_8.51922235045966e-05
1016,2307,61-13-6-2-1,2.17644366617583e-05_2.17644366617583e-05_2.17644366617583e-05_2.17644366617583e-05_2.17644366617583e-05
1016,2308,103-13-6-2-1,6.90243562701477e-05_6.90243562701477e-05_6.90243562701477e-05_6.90243562701477e-05_6.90243562701477e-05
1016,2309,144-43-4-2-1,1.36805030445338e-05_1.36805030445338e-05_1.36805030445338e-05_1.36805030445338e-05_1.36805030445338e-05
1016,2310,55-22-8-1-1,4.35288733235165e-06_4.35288733235165e-06_4.35288733235165e-06_4.35288733235165e-06_4.35288733235165e-06
1016,2311,150-30-1-1-1,8.0839336172245e-06_8.0839336172245e-06_8.0839336172245e-06_8.0839336172245e-06_8.0839336172245e-06
1016,2312,174-15-9-2-1,6.84025152226688e-06_6.84025152226688e-06_6.84025152226688e-06_6.84025152226688e-06_6.84025152226688e-06
1016,2313,150-30-1-1-1,2.05207545668007e-05_2.05207545668007e-05_2.05207545668007e-05_2.05207545668007e-05_2.05207545668007e-05
1016,2314,218-7-4-2-1,1.24368209495762e-05_1.24368209495762e-05_1.24368209495762e-05_1.24368209495762e-05_1.24368209495762e-05
1016,2315,123-41-9-2-1,4.97472837983046e-06_4.97472837983046e-06_4.97472837983046e-06_4.97472837983046e-06_4.97472837983046e-06
1016,2316,185-41-9-2-1,6.21841047478808e-06_6.21841047478808e-06_6.21841047478808e-06_6.21841047478808e-06_6.21841047478808e-06
1016,2317,172-40-4-2-1,3.73104628487285e-06_3.73104628487285e-06_3.73104628487285e-06_3.73104628487285e-06_3.73104628487285e-06
1016,2318,199-19-9-2-1,8.0839336172245e-06_8.0839336172245e-06_8.0839336172245e-06_8.0839336172245e-06_8.0839336172245e-06
1016,2319,225-31-9-2-1,6.21841047478808e-06_6.21841047478808e-06_6.21841047478808e-06_6.21841047478808e-06_6.21841047478808e-06
1016,2320,122-16-2-2-1,3.10920523739404e-06_3.10920523739404e-06_3.10920523739404e-06_3.10920523739404e-06_3.10920523739404e-06
1016,2322,55-22-8-1-1,3.10920523739404e-06_3.10920523739404e-06_3.10920523739404e-06_3.10920523739404e-06_3.10920523739404e-06
1016,2323,180-40-4-2-1,2.48736418991523e-06_2.48736418991523e-06_2.48736418991523e-06_2.48736418991523e-06_2.48736418991523e-06
1016,2324,75-1-1-1-1,3.10920523739404e-06_3.10920523739404e-06_3.10920523739404e-06_3.10920523739404e-06_3.10920523739404e-06
1016,2325,185-41-9-2-1,4.35288733235165e-06_4.35288733235165e-06_4.35288733235165e-06_4.35288733235165e-06_4.35288733235165e-06
1016,2326,235-34-11-1-1,8.0839336172245e-06_8.0839336172245e-06_8.0839336172245e-06_8.0839336172245e-06_8.0839336172245e-06
1016,2329,49-22-8-1-1,2.11425956142795e-05_2.11425956142795e-05_2.11425956142795e-05_2.11425956142795e-05_2.11425956142795e-05
1016,2330,185-41-9-2-1,2.54954829466311e-05_2.54954829466311e-05_2.54954829466311e-05_2.54954829466311e-05_2.54954829466311e-05
1016,2331,185-41-9-2-1,3.10920523739404e-06_3.10920523739404e-06_3.10920523739404e-06_3.10920523739404e-06_3.10920523739404e-06
1016,2332,180-40-4-2-1,2.11425956142795e-05_2.11425956142795e-05_2.11425956142795e-05_2.11425956142795e-05_2.11425956142795e-05
1016,2333,126-29-2-2-1,0.000156082102917181_0.000156082102917181_0.000156082102917181_0.000156082102917181_0.000156082102917181
1016,2335,129-21-4-2-1,3.73104628487285e-06_3.73104628487285e-06_3.73104628487285e-06_3.73104628487285e-06_3.73104628487285e-06
1016,2336,185-41-9-2-1,2.48736418991523e-06_2.48736418991523e-06_2.48736418991523e-06_2.48736418991523e-06_2.48736418991523e-06
1016,2338,47-22-8-1-1,0.000197123612050782_0.000197123612050782_0.000197123612050782_0.000197123612050782_0.000197123612050782
1016,2339,49-22-8-1-1,1.74115493294066e-05_1.74115493294066e-05_1.74115493294066e-05_1.74115493294066e-05_1.74115493294066e-05
1016,2340,49-22-8-1-1,3.97978270386437e-05_3.97978270386437e-05_3.97978270386437e-05_3.97978270386437e-05_3.97978270386437e-05
1016,2341,172-40-4-2-1,4.35288733235165e-06_4.35288733235165e-06_4.35288733235165e-06_4.35288733235165e-06_4.35288733235165e-06
1016,2342,147-11-4-2-1,7.46209256974569e-06_7.46209256974569e-06_7.46209256974569e-06_7.46209256974569e-06_7.46209256974569e-06
1016,2343,185-41-9-2-1,3.10920523739404e-06_3.10920523739404e-06_3.10920523739404e-06_3.10920523739404e-06_3.10920523739404e-06
1016,2344,49-22-8-1-1,4.35288733235165e-06_4.35288733235165e-06_4.35288733235165e-06_4.35288733235165e-06_4.35288733235165e-06
1016,2345,119-6-6-2-1,0.000185308632148685_0.000185308632148685_0.000185308632148685_0.000185308632148685_0.000185308632148685
1016,2346,71-29-2-2-1,1.6167867234449e-05_1.6167867234449e-05_1.6167867234449e-05_1.6167867234449e-05_1.6167867234449e-05
1016,2347,80-11-4-2-1,9.32761571218212e-06_9.32761571218212e-06_9.32761571218212e-06_9.32761571218212e-06_9.32761571218212e-06
1016,2348,112-14-4-2-1,6.21841047478808e-06_6.21841047478808e-06_6.21841047478808e-06_6.21841047478808e-06_6.21841047478808e-06
1016,2349,91-33-5-1-1,6.21841047478808e-05_6.21841047478808e-05_6.21841047478808e-05_6.21841047478808e-05_6.21841047478808e-05
1016,2350,23-10-2-2-1,1.86552314243642e-05_1.86552314243642e-05_1.86552314243642e-05_1.86552314243642e-05_1.86552314243642e-05
1016,2351,26-15-9-2-1,1.74115493294066e-05_1.74115493294066e-05_1.74115493294066e-05_1.74115493294066e-05_1.74115493294066e-05
1016,2352,23-10-2-2-1,6.21841047478808e-06_6.21841047478808e-06_6.21841047478808e-06_6.21841047478808e-06_6.21841047478808e-06
1016,2353,114-40-4-2-1,1.05712978071397e-05_1.05712978071397e-05_1.05712978071397e-05_1.05712978071397e-05_1.05712978071397e-05
1016,2354,133-12-8-1-1,6.84025152226688e-06_6.84025152226688e-06_6.84025152226688e-06_6.84025152226688e-06_6.84025152226688e-06
1016,2355,112-14-4-2-1,8.0839336172245e-06_8.0839336172245e-06_8.0839336172245e-06_8.0839336172245e-06_8.0839336172245e-06
1016,2356,112-14-4-2-1,4.97472837983046e-06_4.97472837983046e-06_4.97472837983046e-06_4.97472837983046e-06_4.97472837983046e-06
1016,2357,142-42-12-1-1,8.70577466470331e-06_8.70577466470331e-06_8.70577466470331e-06_8.70577466470331e-06_8.70577466470331e-06
1016,2358,36-6-6-2-1,1.98989135193218e-05_1.98989135193218e-05_1.98989135193218e-05_1.98989135193218e-05_1.98989135193218e-05
1016,2359,10-3-3-1-1,1.80333903768854e-05_1.80333903768854e-05_1.80333903768854e-05_1.80333903768854e-05_1.80333903768854e-05
1016,2360,137-26-4-2-1,1.74115493294066e-05_1.74115493294066e-05_1.74115493294066e-05_1.74115493294066e-05_1.74115493294066e-05
1016,2361,163-43-4-2-1,7.02680383651053e-05_7.02680383651053e-05_7.02680383651053e-05_7.02680383651053e-05_7.02680383651053e-05
1016,2362,40-23-8-1-1,4.35288733235165e-06_4.35288733235165e-06_4.35288733235165e-06_4.35288733235165e-06_4.35288733235165e-06
1016,2363,216-19-9-2-1,1.98989135193218e-05_1.98989135193218e-05_1.98989135193218e-05_1.98989135193218e-05_1.98989135193218e-05
1016,2364,45-5-5-1-1,6.84025152226688e-06_6.84025152226688e-06_6.84025152226688e-06_6.84025152226688e-06_6.84025152226688e-06
1016,2365,185-41-9-2-1,4.97472837983046e-06_4.97472837983046e-06_4.97472837983046e-06_4.97472837983046e-06_4.97472837983046e-06
1016,2366,162-8-3-1-1,0.000981265172921558_0.000981265172921558_0.000981265172921558_0.000981265172921558_0.000981265172921558
1016,2367,228-17-10-1-1,2.48736418991523e-06_2.48736418991523e-06_2.48736418991523e-06_2.48736418991523e-06_2.48736418991523e-06
1016,2368,193-40-4-2-1,1.6167867234449e-05_1.6167867234449e-05_1.6167867234449e-05_1.6167867234449e-05_1.6167867234449e-05
1016,2369,4-4-4-2-1,3.73104628487285e-06_3.73104628487285e-06_3.73104628487285e-06_3.73104628487285e-06_3.73104628487285e-06
1016,2370,154-25-8-1-1,6.84025152226688e-06_6.84025152226688e-06_6.84025152226688e-06_6.84025152226688e-06_6.84025152226688e-06
1016,2371,158-2-2-2-1,7.64864488398933e-05_7.64864488398933e-05_7.64864488398933e-05_7.64864488398933e-05_7.64864488398933e-05
1016,2372,184-31-9-2-1,6.28059457953596e-05_6.28059457953596e-05_6.28059457953596e-05_6.28059457953596e-05_6.28059457953596e-05
1016,2373,29-17-10-1-1,7.46209256974569e-06_7.46209256974569e-06_7.46209256974569e-06_7.46209256974569e-06_7.46209256974569e-06
1016,2374,142-42-12-1-1,6.21841047478808e-06_6.21841047478808e-06_6.21841047478808e-06_6.21841047478808e-06_6.21841047478808e-06
1016,2375,194-31-9-2-1,1.80333903768854e-05_1.80333903768854e-05_1.80333903768854e-05_1.80333903768854e-05_1.80333903768854e-05
1016,2376,112-14-4-2-1,5.59656942730927e-06_5.59656942730927e-06_5.59656942730927e-06_5.59656942730927e-06_5.59656942730927e-06
1016,2377,199-19-9-2-1,8.70577466470331e-06_8.70577466470331e-06_8.70577466470331e-06_8.70577466470331e-06_8.70577466470331e-06
1016,2378,91-33-5-1-1,0.000309676841644446_0.000309676841644446_0.000309676841644446_0.000309676841644446_0.000309676841644446
1016,2379,216-19-9-2-1,9.32761571218212e-06_9.32761571218212e-06_9.32761571218212e-06_9.32761571218212e-06_9.32761571218212e-06
1016,2380,216-19-9-2-1,6.84025152226688e-06_6.84025152226688e-06_6.84025152226688e-06_6.84025152226688e-06_6.84025152226688e-06
1016,2381,95-37-4-2-1,2.05207545668007e-05_2.05207545668007e-05_2.05207545668007e-05_2.05207545668007e-05_2.05207545668007e-05
1016,2382,7-4-4-2-1,4.97472837983046e-06_4.97472837983046e-06_4.97472837983046e-06_4.97472837983046e-06_4.97472837983046e-06
1016,2383,127-30-1-1-1,3.10920523739404e-06_3.10920523739404e-06_3.10920523739404e-06_3.10920523739404e-06_3.10920523739404e-06
1016,2384,181-40-4-2-1,0.000143645281967605_0.000143645281967605_0.000143645281967605_0.000143645281967605_0.000143645281967605
1016,2385,185-41-9-2-1,4.35288733235165e-06_4.35288733235165e-06_4.35288733235165e-06_4.35288733235165e-06_4.35288733235165e-06
1016,2386,126-29-2-2-1,1.86552314243642e-05_1.86552314243642e-05_1.86552314243642e-05_1.86552314243642e-05_1.86552314243642e-05
1016,2387,117-27-8-1-1,1.11931388546185e-05_1.11931388546185e-05_1.11931388546185e-05_1.11931388546185e-05_1.11931388546185e-05
1016,2388,7-4-4-2-1,8.70577466470331e-06_8.70577466470331e-06_8.70577466470331e-06_8.70577466470331e-06_8.70577466470331e-06
1016,2389,180-40-4-2-1,3.10920523739404e-06_3.10920523739404e-06_3.10920523739404e-06_3.10920523739404e-06_3.10920523739404e-06
1016,2390,45-5-5-1-1,3.10920523739404e-06_3.10920523739404e-06_3.10920523739404e-06_3.10920523739404e-06_3.10920523739404e-06
1016,2391,177-7-4-2-1,5.59656942730927e-06_5.59656942730927e-06_5.59656942730927e-06_5.59656942730927e-06_5.59656942730927e-06
1016,2392,188-14-4-2-1,2.48736418991523e-06_2.48736418991523e-06_2.48736418991523e-06_2.48736418991523e-06_2.48736418991523e-06
1016,2393,8-7-4-2-1,8.0839336172245e-06_8.0839336172245e-06_8.0839336172245e-06_8.0839336172245e-06_8.0839336172245e-06
1016,2394,216-19-9-2-1,1.6167867234449e-05_1.6167867234449e-05_1.6167867234449e-05_1.6167867234449e-05_1.6167867234449e-05
1016,2395,177-7-4-2-1,2.30081187567159e-05_2.30081187567159e-05_2.30081187567159e-05_2.30081187567159e-05_2.30081187567159e-05
1016,2396,228-17-10-1-1,2.86046881840252e-05_2.86046881840252e-05_2.86046881840252e-05_2.86046881840252e-05_2.86046881840252e-05
1016,2397,199-19-9-2-1,6.21841047478808e-06_6.21841047478808e-06_6.21841047478808e-06_6.21841047478808e-06_6.21841047478808e-06
1016,2398,177-7-4-2-1,2.23862777092371e-05_2.23862777092371e-05_2.23862777092371e-05_2.23862777092371e-05_2.23862777092371e-05
1016,2399,188-14-4-2-1,1.43023440920126e-05_1.43023440920126e-05_1.43023440920126e-05_1.43023440920126e-05_1.43023440920126e-05
1016,2400,11-4-4-2-1,8.0839336172245e-06_8.0839336172245e-06_8.0839336172245e-06_8.0839336172245e-06_8.0839336172245e-06
1016,2401,177-7-4-2-1,4.22851912285589e-05_4.22851912285589e-05_4.22851912285589e-05_4.22851912285589e-05_4.22851912285589e-05
1016,2402,199-19-9-2-1,2.42518008516735e-05_2.42518008516735e-05_2.42518008516735e-05_2.42518008516735e-05_2.42518008516735e-05
1016,2403,216-19-9-2-1,1.86552314243642e-06_1.86552314243642e-06_1.86552314243642e-06_1.86552314243642e-06_1.86552314243642e-06
1016,2404,122-16-2-2-1,7.46209256974569e-06_7.46209256974569e-06_7.46209256974569e-06_7.46209256974569e-06_7.46209256974569e-06
1016,2405,88-35-4-2-1,0.000144267123015083_0.000144267123015083_0.000144267123015083_0.000144267123015083_0.000144267123015083
1016,2406,44-13-6-2-1,1.49241851394914e-05_1.49241851394914e-05_1.49241851394914e-05_1.49241851394914e-05_1.49241851394914e-05
1016,2407,88-35-4-2-1,3.73104628487285e-06_3.73104628487285e-06_3.73104628487285e-06_3.73104628487285e-06_3.73104628487285e-06
1016,2408,49-22-8-1-1,3.10920523739404e-06_3.10920523739404e-06_3.10920523739404e-06_3.10920523739404e-06_3.10920523739404e-06
1016,2409,172-40-4-2-1,3.10920523739404e-06_3.10920523739404e-06_3.10920523739404e-06_3.10920523739404e-06_3.10920523739404e-06
1016,2410,172-40-4-2-1,5.59656942730927e-06_5.59656942730927e-06_5.59656942730927e-06_5.59656942730927e-06_5.59656942730927e-06
1016,2411,138-23-8-1-1,8.64359055995543e-05_8.64359055995543e-05_8.64359055995543e-05_8.64359055995543e-05_8.64359055995543e-05
1016,2412,208-30-1-1-1,8.70577466470331e-06_8.70577466470331e-06_8.70577466470331e-06_8.70577466470331e-06_8.70577466470331e-06
1016,2413,200-15-9-2-1,3.10920523739404e-06_3.10920523739404e-06_3.10920523739404e-06_3.10920523739404e-06_3.10920523739404e-06
1016,2414,122-16-2-2-1,1.49241851394914e-05_1.49241851394914e-05_1.49241851394914e-05_1.49241851394914e-05_1.49241851394914e-05
1016,2415,185-41-9-2-1,6.84025152226688e-06_6.84025152226688e-06_6.84025152226688e-06_6.84025152226688e-06_6.84025152226688e-06
1016,2417,200-15-9-2-1,2.48736418991523e-06_2.48736418991523e-06_2.48736418991523e-06_2.48736418991523e-06_2.48736418991523e-06
1016,2418,114-40-4-2-1,8.70577466470331e-05_8.70577466470331e-05_8.70577466470331e-05_8.70577466470331e-05_8.70577466470331e-05
1016,2419,26-15-9-2-1,2.98483702789828e-05_2.98483702789828e-05_2.98483702789828e-05_2.98483702789828e-05_2.98483702789828e-05
1016,2420,152-32-10-1-1,1.05712978071397e-05_1.05712978071397e-05_1.05712978071397e-05_1.05712978071397e-05_1.05712978071397e-05
1016,2421,236-42-12-1-1,2.48736418991523e-06_2.48736418991523e-06_2.48736418991523e-06_2.48736418991523e-06_2.48736418991523e-06
1016,2422,218-7-4-2-1,5.59656942730927e-06_5.59656942730927e-06_5.59656942730927e-06_5.59656942730927e-06_5.59656942730927e-06
1016,2423,190-20-9-2-1,7.46209256974569e-06_7.46209256974569e-06_7.46209256974569e-06_7.46209256974569e-06_7.46209256974569e-06
1016,2424,218-7-4-2-1,3.73104628487285e-06_3.73104628487285e-06_3.73104628487285e-06_3.73104628487285e-06_3.73104628487285e-06
1016,2425,166-18-4-2-1,1.3058661997055e-05_1.3058661997055e-05_1.3058661997055e-05_1.3058661997055e-05_1.3058661997055e-05
1016,2426,138-23-8-1-1,9.32761571218212e-06_9.32761571218212e-06_9.32761571218212e-06_9.32761571218212e-06_9.32761571218212e-06
1016,2427,152-32-10-1-1,4.35288733235165e-06_4.35288733235165e-06_4.35288733235165e-06_4.35288733235165e-06_4.35288733235165e-06
1016,2428,218-7-4-2-1,4.66380785609106e-05_4.66380785609106e-05_4.66380785609106e-05_4.66380785609106e-05_4.66380785609106e-05
1016,2429,172-40-4-2-1,3.10920523739404e-06_3.10920523739404e-06_3.10920523739404e-06_3.10920523739404e-06_3.10920523739404e-06
1016,2430,149-16-2-2-1,3.42012576113344e-05_3.42012576113344e-05_3.42012576113344e-05_3.42012576113344e-05_3.42012576113344e-05
1016,2431,26-15-9-2-1,4.35288733235165e-06_4.35288733235165e-06_4.35288733235165e-06_4.35288733235165e-06_4.35288733235165e-06
1016,2432,7-4-4-2-1,1.43023440920126e-05_1.43023440920126e-05_1.43023440920126e-05_1.43023440920126e-05_1.43023440920126e-05
1016,2433,68-30-1-1-1,9.94945675966092e-06_9.94945675966092e-06_9.94945675966092e-06_9.94945675966092e-06_9.94945675966092e-06
1016,2434,213-15-9-2-1,5.59656942730927e-06_5.59656942730927e-06_5.59656942730927e-06_5.59656942730927e-06_5.59656942730927e-06
1016,2435,138-23-8-1-1,4.97472837983046e-06_4.97472837983046e-06_4.97472837983046e-06_4.97472837983046e-06_4.97472837983046e-06
1016,2436,167-18-4-2-1,7.46209256974569e-06_7.46209256974569e-06_7.46209256974569e-06_7.46209256974569e-06_7.46209256974569e-06
1016,2437,158-2-2-2-1,9.76290444541728e-05_9.76290444541728e-05_9.76290444541728e-05_9.76290444541728e-05_9.76290444541728e-05
1016,2439,236-42-12-1-1,8.70577466470331e-06_8.70577466470331e-06_8.70577466470331e-06_8.70577466470331e-06_8.70577466470331e-06
1016,2440,177-7-4-2-1,7.46209256974569e-06_7.46209256974569e-06_7.46209256974569e-06_7.46209256974569e-06_7.46209256974569e-06
1016,2441,142-42-12-1-1,4.35288733235165e-06_4.35288733235165e-06_4.35288733235165e-06_4.35288733235165e-06_4.35288733235165e-06
1016,2442,152-32-10-1-1,0.000173493652246587_0.000173493652246587_0.000173493652246587_0.000173493652246587_0.000173493652246587
1016,2443,140-42-12-1-1,3.73104628487285e-06_3.73104628487285e-06_3.73104628487285e-06_3.73104628487285e-06_3.73104628487285e-06
1016,2446,128-7-4-2-1,3.10920523739404e-06_3.10920523739404e-06_3.10920523739404e-06_3.10920523739404e-06_3.10920523739404e-06
1016,2447,152-32-10-1-1,7.02680383651053e-05_7.02680383651053e-05_7.02680383651053e-05_7.02680383651053e-05_7.02680383651053e-05
1016,2448,8-7-4-2-1,4.97472837983046e-06_4.97472837983046e-06_4.97472837983046e-06_4.97472837983046e-06_4.97472837983046e-06
1016,2449,32-18-4-2-1,6.84025152226688e-06_6.84025152226688e-06_6.84025152226688e-06_6.84025152226688e-06_6.84025152226688e-06
1016,2450,161-36-10-1-1,4.97472837983046e-06_4.97472837983046e-06_4.97472837983046e-06_4.97472837983046e-06_4.97472837983046e-06
1016,2451,93-16-2-2-1,4.66380785609106e-05_4.66380785609106e-05_4.66380785609106e-05_4.66380785609106e-05_4.66380785609106e-05
1016,2452,185-41-9-2-1,3.73104628487285e-06_3.73104628487285e-06_3.73104628487285e-06_3.73104628487285e-06_3.73104628487285e-06
1016,2453,163-43-4-2-1,9.94945675966092e-06_9.94945675966092e-06_9.94945675966092e-06_9.94945675966092e-06_9.94945675966092e-06
1016,2454,186-15-9-2-1,5.59656942730927e-06_5.59656942730927e-06_5.59656942730927e-06_5.59656942730927e-06_5.59656942730927e-06
1016,2455,185-41-9-2-1,5.59656942730927e-06_5.59656942730927e-06_5.59656942730927e-06_5.59656942730927e-06_5.59656942730927e-06
1016,2456,185-41-9-2-1,3.10920523739404e-06_3.10920523739404e-06_3.10920523739404e-06_3.10920523739404e-06_3.10920523739404e-06
1016,2457,204-35-4-2-1,9.94945675966092e-06_9.94945675966092e-06_9.94945675966092e-06_9.94945675966092e-06_9.94945675966092e-06
1016,2458,216-19-9-2-1,6.84025152226688e-06_6.84025152226688e-06_6.84025152226688e-06_6.84025152226688e-06_6.84025152226688e-06
1016,2459,109-28-5-1-1,0.000478195765511203_0.000478195765511203_0.000478195765511203_0.000478195765511203_0.000478195765511203
1016,2460,234-24-7-1-1,5.65875353205715e-05_5.65875353205715e-05_5.65875353205715e-05_5.65875353205715e-05_5.65875353205715e-05
1016,2461,49-22-8-1-1,4.97472837983046e-06_4.97472837983046e-06_4.97472837983046e-06_4.97472837983046e-06_4.97472837983046e-06
1016,2462,74-31-9-2-1,5.59656942730927e-06_5.59656942730927e-06_5.59656942730927e-06_5.59656942730927e-06_5.59656942730927e-06
1016,2463,54-26-4-2-1,4.72599196083894e-05_4.72599196083894e-05_4.72599196083894e-05_4.72599196083894e-05_4.72599196083894e-05
1016,2464,126-29-2-2-1,5.59656942730927e-06_5.59656942730927e-06_5.59656942730927e-06_5.59656942730927e-06_5.59656942730927e-06
1016,2465,4-4-4-2-1,3.10920523739404e-06_3.10920523739404e-06_3.10920523739404e-06_3.10920523739404e-06_3.10920523739404e-06
1016,2466,76-4-4-2-1,7.08898794125841e-05_7.08898794125841e-05_7.08898794125841e-05_7.08898794125841e-05_7.08898794125841e-05
1016,2467,200-15-9-2-1,7.46209256974569e-06_7.46209256974569e-06_7.46209256974569e-06_7.46209256974569e-06_7.46209256974569e-06
1016,2468,8-7-4-2-1,3.73104628487285e-06_3.73104628487285e-06_3.73104628487285e-06_3.73104628487285e-06_3.73104628487285e-06
1016,2469,200-15-9-2-1,4.72599196083894e-05_4.72599196083894e-05_4.72599196083894e-05_4.72599196083894e-05_4.72599196083894e-05
1016,2470,140-42-12-1-1,8.70577466470331e-06_8.70577466470331e-06_8.70577466470331e-06_8.70577466470331e-06_8.70577466470331e-06
1016,2471,34-19-9-2-1,3.10920523739404e-06_3.10920523739404e-06_3.10920523739404e-06_3.10920523739404e-06_3.10920523739404e-06
1016,2472,207-29-2-2-1,8.95451108369483e-05_8.95451108369483e-05_8.95451108369483e-05_8.95451108369483e-05_8.95451108369483e-05
1016,2473,188-14-4-2-1,6.84025152226688e-06_6.84025152226688e-06_6.84025152226688e-06_6.84025152226688e-06_6.84025152226688e-06
1016,2474,185-41-9-2-1,4.97472837983046e-06_4.97472837983046e-06_4.97472837983046e-06_4.97472837983046e-06_4.97472837983046e-06
1016,2475,166-18-4-2-1,9.32761571218212e-06_9.32761571218212e-06_9.32761571218212e-06_9.32761571218212e-06_9.32761571218212e-06
1016,2476,70-27-8-1-1,3.73104628487285e-06_3.73104628487285e-06_3.73104628487285e-06_3.73104628487285e-06_3.73104628487285e-06
1016,2477,229-5-5-1-1,0.000136805030445338_0.000136805030445338_0.000136805030445338_0.000136805030445338_0.000136805030445338
1016,2478,57-7-4-2-1,1.49241851394914e-05_1.49241851394914e-05_1.49241851394914e-05_1.49241851394914e-05_1.49241851394914e-05
1016,2479,70-27-8-1-1,3.10920523739404e-06_3.10920523739404e-06_3.10920523739404e-06_3.10920523739404e-06_3.10920523739404e-06
1016,2480,149-16-2-2-1,0.000645471007283002_0.000645471007283002_0.000645471007283002_0.000645471007283002_0.000645471007283002
1016,2481,5-5-5-1-1,2.11425956142795e-05_2.11425956142795e-05_2.11425956142795e-05_2.11425956142795e-05_2.11425956142795e-05
1016,2482,177-7-4-2-1,1.11931388546185e-05_1.11931388546185e-05_1.11931388546185e-05_1.11931388546185e-05_1.11931388546185e-05
1016,2483,191-37-4-2-1,1.24368209495762e-05_1.24368209495762e-05_1.24368209495762e-05_1.24368209495762e-05_1.24368209495762e-05
1016,2484,8-7-4-2-1,3.73104628487285e-06_3.73104628487285e-06_3.73104628487285e-06_3.73104628487285e-06_3.73104628487285e-06
1016,2485,122-16-2-2-1,3.10920523739404e-06_3.10920523739404e-06_3.10920523739404e-06_3.10920523739404e-06_3.10920523739404e-06
1016,2486,208-30-1-1-1,6.34277868428384e-05_6.34277868428384e-05_6.34277868428384e-05_6.34277868428384e-05_6.34277868428384e-05
1016,2487,208-30-1-1-1,2.73610060890675e-05_2.73610060890675e-05_2.73610060890675e-05_2.73610060890675e-05_2.73610060890675e-05
1016,2488,172-40-4-2-1,3.73104628487285e-06_3.73104628487285e-06_3.73104628487285e-06_3.73104628487285e-06_3.73104628487285e-06
1016,2489,122-16-2-2-1,2.05207545668007e-05_2.05207545668007e-05_2.05207545668007e-05_2.05207545668007e-05_2.05207545668007e-05
1016,2490,160-30-1-1-1,1.74115493294066e-05_1.74115493294066e-05_1.74115493294066e-05_1.74115493294066e-05_1.74115493294066e-05
1016,2491,203-11-4-2-1,8.70577466470331e-06_8.70577466470331e-06_8.70577466470331e-06_8.70577466470331e-06_8.70577466470331e-06
1016,2492,222-35-4-2-1,6.84025152226688e-06_6.84025152226688e-06_6.84025152226688e-06_6.84025152226688e-06_6.84025152226688e-06
1016,2494,102-13-6-2-1,3.91759859911649e-05_3.91759859911649e-05_3.91759859911649e-05_3.91759859911649e-05_3.91759859911649e-05
1016,2495,44-13-6-2-1,6.21841047478808e-06_6.21841047478808e-06_6.21841047478808e-06_6.21841047478808e-06_6.21841047478808e-06
1016,2496,36-6-6-2-1,0.000148620010347435_0.000148620010347435_0.000148620010347435_0.000148620010347435_0.000148620010347435
1016,2497,18-12-8-1-1,1.24368209495762e-05_1.24368209495762e-05_1.24368209495762e-05_1.24368209495762e-05_1.24368209495762e-05
1016,2498,205-12-8-1-1,6.21841047478808e-06_6.21841047478808e-06_6.21841047478808e-06_6.21841047478808e-06_6.21841047478808e-06
1016,2499,185-41-9-2-1,5.59656942730927e-06_5.59656942730927e-06_5.59656942730927e-06_5.59656942730927e-06_5.59656942730927e-06
1016,2500,122-16-2-2-1,7.46209256974569e-06_7.46209256974569e-06_7.46209256974569e-06_7.46209256974569e-06_7.46209256974569e-06
1016,2501,34-19-9-2-1,1.67897082819278e-05_1.67897082819278e-05_1.67897082819278e-05_1.67897082819278e-05_1.67897082819278e-05
1016,2502,179-26-4-2-1,4.97472837983046e-06_4.97472837983046e-06_4.97472837983046e-06_4.97472837983046e-06_4.97472837983046e-06
1016,2503,8-7-4-2-1,4.35288733235165e-06_4.35288733235165e-06_4.35288733235165e-06_4.35288733235165e-06_4.35288733235165e-06
1016,2504,218-7-4-2-1,1.55460261869702e-05_1.55460261869702e-05_1.55460261869702e-05_1.55460261869702e-05_1.55460261869702e-05
1016,2505,131-13-6-2-1,4.04196680861225e-05_4.04196680861225e-05_4.04196680861225e-05_4.04196680861225e-05_4.04196680861225e-05
1016,2506,71-29-2-2-1,4.97472837983046e-06_4.97472837983046e-06_4.97472837983046e-06_4.97472837983046e-06_4.97472837983046e-06
1016,2507,163-43-4-2-1,6.21841047478808e-06_6.21841047478808e-06_6.21841047478808e-06_6.21841047478808e-06_6.21841047478808e-06
1016,2508,133-12-8-1-1,5.59656942730927e-06_5.59656942730927e-06_5.59656942730927e-06_5.59656942730927e-06_5.59656942730927e-06
1016,2509,152-32-10-1-1,3.73104628487285e-06_3.73104628487285e-06_3.73104628487285e-06_3.73104628487285e-06_3.73104628487285e-06
1016,2510,7-4-4-2-1,1.05712978071397e-05_1.05712978071397e-05_1.05712978071397e-05_1.05712978071397e-05_1.05712978071397e-05
1016,2511,185-41-9-2-1,4.97472837983046e-06_4.97472837983046e-06_4.97472837983046e-06_4.97472837983046e-06_4.97472837983046e-06
1016,2512,122-16-2-2-1,1.80333903768854e-05_1.80333903768854e-05_1.80333903768854e-05_1.80333903768854e-05_1.80333903768854e-05
1016,2513,35-20-9-2-1,3.73104628487285e-06_3.73104628487285e-06_3.73104628487285e-06_3.73104628487285e-06_3.73104628487285e-06
1016,2514,26-15-9-2-1,2.42518008516735e-05_2.42518008516735e-05_2.42518008516735e-05_2.42518008516735e-05_2.42518008516735e-05
1016,2515,212-41-9-2-1,8.70577466470331e-06_8.70577466470331e-06_8.70577466470331e-06_8.70577466470331e-06_8.70577466470331e-06
1016,2516,172-40-4-2-1,3.10920523739404e-06_3.10920523739404e-06_3.10920523739404e-06_3.10920523739404e-06_3.10920523739404e-06
1016,2517,191-37-4-2-1,4.35288733235165e-06_4.35288733235165e-06_4.35288733235165e-06_4.35288733235165e-06_4.35288733235165e-06
1016,2518,209-35-4-2-1,4.97472837983046e-06_4.97472837983046e-06_4.97472837983046e-06_4.97472837983046e-06_4.97472837983046e-06
1016,2519,70-27-8-1-1,6.21841047478808e-06_6.21841047478808e-06_6.21841047478808e-06_6.21841047478808e-06_6.21841047478808e-06
1016,2520,209-35-4-2-1,5.59656942730927e-06_5.59656942730927e-06_5.59656942730927e-06_5.59656942730927e-06_5.59656942730927e-06
1016,2521,112-14-4-2-1,3.10920523739404e-06_3.10920523739404e-06_3.10920523739404e-06_3.10920523739404e-06_3.10920523739404e-06
1016,2522,185-41-9-2-1,3.10920523739404e-06_3.10920523739404e-06_3.10920523739404e-06_3.10920523739404e-06_3.10920523739404e-06
1016,2523,131-13-6-2-1,2.23862777092371e-05_2.23862777092371e-05_2.23862777092371e-05_2.23862777092371e-05_2.23862777092371e-05
1016,2524,202-37-4-2-1,2.86046881840252e-05_2.86046881840252e-05_2.86046881840252e-05_2.86046881840252e-05_2.86046881840252e-05
1016,2525,185-41-9-2-1,3.73104628487285e-06_3.73104628487285e-06_3.73104628487285e-06_3.73104628487285e-06_3.73104628487285e-06
1016,2526,185-41-9-2-1,2.48736418991523e-06_2.48736418991523e-06_2.48736418991523e-06_2.48736418991523e-06_2.48736418991523e-06
1016,2527,40-23-8-1-1,5.59656942730927e-06_5.59656942730927e-06_5.59656942730927e-06_5.59656942730927e-06_5.59656942730927e-06
1016,2528,40-23-8-1-1,3.10920523739404e-06_3.10920523739404e-06_3.10920523739404e-06_3.10920523739404e-06_3.10920523739404e-06
1016,2529,149-16-2-2-1,0.000429070322760377_0.000429070322760377_0.000429070322760377_0.000429070322760377_0.000429070322760377
1016,2530,51-22-8-1-1,1.49241851394914e-05_1.49241851394914e-05_1.49241851394914e-05_1.49241851394914e-05_1.49241851394914e-05
1016,2531,199-19-9-2-1,6.84025152226688e-06_6.84025152226688e-06_6.84025152226688e-06_6.84025152226688e-06_6.84025152226688e-06
1016,2532,53-21-4-2-1,1.11931388546185e-05_1.11931388546185e-05_1.11931388546185e-05_1.11931388546185e-05_1.11931388546185e-05
1016,2533,71-29-2-2-1,7.71082898873721e-05_7.71082898873721e-05_7.71082898873721e-05_7.71082898873721e-05_7.71082898873721e-05
1016,2534,90-36-10-1-1,7.58646077924145e-05_7.58646077924145e-05_7.58646077924145e-05_7.58646077924145e-05_7.58646077924145e-05
1016,2535,12-3-3-1-1,0.000707033270983404_0.000707033270983404_0.000707033270983404_0.000707033270983404_0.000707033270983404
1016,2536,220-22-8-1-1,4.35288733235165e-06_4.35288733235165e-06_4.35288733235165e-06_4.35288733235165e-06_4.35288733235165e-06
1016,2537,149-16-2-2-1,3.04702113264616e-05_3.04702113264616e-05_3.04702113264616e-05_3.04702113264616e-05_3.04702113264616e-05
1016,2538,191-37-4-2-1,8.70577466470331e-06_8.70577466470331e-06_8.70577466470331e-06_8.70577466470331e-06_8.70577466470331e-06
1016,2539,150-30-1-1-1,4.72599196083894e-05_4.72599196083894e-05_4.72599196083894e-05_4.72599196083894e-05_4.72599196083894e-05
1016,2540,128-7-4-2-1,5.59656942730927e-06_5.59656942730927e-06_5.59656942730927e-06_5.59656942730927e-06_5.59656942730927e-06
1016,2541,126-29-2-2-1,9.94945675966092e-06_9.94945675966092e-06_9.94945675966092e-06_9.94945675966092e-06_9.94945675966092e-06
1016,2542,13-6-6-2-1,0.000174115493294066_0.000174115493294066_0.000174115493294066_0.000174115493294066_0.000174115493294066
1016,2543,107-6-6-2-1,0.000617488160146456_0.000617488160146456_0.000617488160146456_0.000617488160146456_0.000617488160146456
1016,2544,87-34-11-1-1,0.00045891869303936_0.00045891869303936_0.00045891869303936_0.00045891869303936_0.00045891869303936
1016,2545,185-41-9-2-1,6.84025152226688e-06_6.84025152226688e-06_6.84025152226688e-06_6.84025152226688e-06_6.84025152226688e-06
1016,2546,227-41-9-2-1,3.73104628487285e-06_3.73104628487285e-06_3.73104628487285e-06_3.73104628487285e-06_3.73104628487285e-06
1016,2547,3-3-3-1-1,0.000121259004258367_0.000121259004258367_0.000121259004258367_0.000121259004258367_0.000121259004258367
1016,2548,141-42-12-1-1,1.6167867234449e-05_1.6167867234449e-05_1.6167867234449e-05_1.6167867234449e-05_1.6167867234449e-05
1016,2549,90-36-10-1-1,0.000123746368448283_0.000123746368448283_0.000123746368448283_0.000123746368448283_0.000123746368448283
1016,2550,172-40-4-2-1,3.73104628487285e-06_3.73104628487285e-06_3.73104628487285e-06_3.73104628487285e-06_3.73104628487285e-06
1016,2551,152-32-10-1-1,3.29575755163768e-05_3.29575755163768e-05_3.29575755163768e-05_3.29575755163768e-05_3.29575755163768e-05
1016,2552,152-32-10-1-1,4.97472837983046e-06_4.97472837983046e-06_4.97472837983046e-06_4.97472837983046e-06_4.97472837983046e-06
1016,2553,183-23-8-1-1,1.9277072471843e-05_1.9277072471843e-05_1.9277072471843e-05_1.9277072471843e-05_1.9277072471843e-05
1016,2554,29-17-10-1-1,2.54954829466311e-05_2.54954829466311e-05_2.54954829466311e-05_2.54954829466311e-05_2.54954829466311e-05
1016,2555,177-7-4-2-1,1.55460261869702e-05_1.55460261869702e-05_1.55460261869702e-05_1.55460261869702e-05_1.55460261869702e-05
1016,2556,70-27-8-1-1,1.24368209495762e-05_1.24368209495762e-05_1.24368209495762e-05_1.24368209495762e-05_1.24368209495762e-05
1016,2557,8-7-4-2-1,3.10920523739404e-06_3.10920523739404e-06_3.10920523739404e-06_3.10920523739404e-06_3.10920523739404e-06
1016,2558,138-23-8-1-1,4.66380785609106e-05_4.66380785609106e-05_4.66380785609106e-05_4.66380785609106e-05_4.66380785609106e-05
1016,2559,172-40-4-2-1,2.48736418991523e-06_2.48736418991523e-06_2.48736418991523e-06_2.48736418991523e-06_2.48736418991523e-06
1016,2560,138-23-8-1-1,0.000138670553587774_0.000138670553587774_0.000138670553587774_0.000138670553587774_0.000138670553587774
1016,2561,44-13-6-2-1,2.36299598041947e-05_2.36299598041947e-05_2.36299598041947e-05_2.36299598041947e-05_2.36299598041947e-05
1016,2562,74-31-9-2-1,9.94945675966092e-06_9.94945675966092e-06_9.94945675966092e-06_9.94945675966092e-06_9.94945675966092e-06
1016,2563,138-23-8-1-1,9.94945675966092e-06_9.94945675966092e-06_9.94945675966092e-06_9.94945675966092e-06_9.94945675966092e-06
1016,2564,175-20-9-2-1,4.97472837983046e-06_4.97472837983046e-06_4.97472837983046e-06_4.97472837983046e-06_4.97472837983046e-06
1016,2565,57-7-4-2-1,7.46209256974569e-06_7.46209256974569e-06_7.46209256974569e-06_7.46209256974569e-06_7.46209256974569e-06
1016,2566,227-41-9-2-1,3.73104628487285e-06_3.73104628487285e-06_3.73104628487285e-06_3.73104628487285e-06_3.73104628487285e-06
1016,2567,8-7-4-2-1,1.74115493294066e-05_1.74115493294066e-05_1.74115493294066e-05_1.74115493294066e-05_1.74115493294066e-05
1016,2569,216-19-9-2-1,3.10920523739404e-06_3.10920523739404e-06_3.10920523739404e-06_3.10920523739404e-06_3.10920523739404e-06
1016,2570,172-40-4-2-1,4.97472837983046e-06_4.97472837983046e-06_4.97472837983046e-06_4.97472837983046e-06_4.97472837983046e-06
1016,2571,130-12-8-1-1,1.74115493294066e-05_1.74115493294066e-05_1.74115493294066e-05_1.74115493294066e-05_1.74115493294066e-05
1016,2572,122-16-2-2-1,3.5444939706292e-05_3.5444939706292e-05_3.5444939706292e-05_3.5444939706292e-05_3.5444939706292e-05
1016,2573,130-12-8-1-1,8.20830182672026e-05_8.20830182672026e-05_8.20830182672026e-05_8.20830182672026e-05_8.20830182672026e-05
1016,2574,212-41-9-2-1,3.17138934214192e-05_3.17138934214192e-05_3.17138934214192e-05_3.17138934214192e-05_3.17138934214192e-05
1016,2575,227-41-9-2-1,3.73104628487285e-06_3.73104628487285e-06_3.73104628487285e-06_3.73104628487285e-06_3.73104628487285e-06
1016,2576,57-7-4-2-1,1.05712978071397e-05_1.05712978071397e-05_1.05712978071397e-05_1.05712978071397e-05_1.05712978071397e-05
1016,2577,138-23-8-1-1,3.10920523739404e-06_3.10920523739404e-06_3.10920523739404e-06_3.10920523739404e-06_3.10920523739404e-06
1016,2578,200-15-9-2-1,5.59656942730927e-06_5.59656942730927e-06_5.59656942730927e-06_5.59656942730927e-06_5.59656942730927e-06
1016,2579,142-42-12-1-1,6.21841047478808e-06_6.21841047478808e-06_6.21841047478808e-06_6.21841047478808e-06_6.21841047478808e-06
1016,2580,141-42-12-1-1,6.84025152226688e-06_6.84025152226688e-06_6.84025152226688e-06_6.84025152226688e-06_6.84025152226688e-06
1016,2581,218-7-4-2-1,9.94945675966092e-06_9.94945675966092e-06_9.94945675966092e-06_9.94945675966092e-06_9.94945675966092e-06
1016,2582,236-42-12-1-1,4.35288733235165e-06_4.35288733235165e-06_4.35288733235165e-06_4.35288733235165e-06_4.35288733235165e-06
1016,2583,26-15-9-2-1,0.000164787877581884_0.000164787877581884_0.000164787877581884_0.000164787877581884_0.000164787877581884
1016,2584,209-35-4-2-1,9.94945675966092e-06_9.94945675966092e-06_9.94945675966092e-06_9.94945675966092e-06_9.94945675966092e-06
1016,2585,140-42-12-1-1,1.80333903768854e-05_1.80333903768854e-05_1.80333903768854e-05_1.80333903768854e-05_1.80333903768854e-05
1016,2586,93-16-2-2-1,2.17644366617583e-05_2.17644366617583e-05_2.17644366617583e-05_2.17644366617583e-05_2.17644366617583e-05
1016,2587,200-15-9-2-1,4.97472837983046e-06_4.97472837983046e-06_4.97472837983046e-06_4.97472837983046e-06_4.97472837983046e-06
1016,2588,133-12-8-1-1,3.73104628487285e-06_3.73104628487285e-06_3.73104628487285e-06_3.73104628487285e-06_3.73104628487285e-06
1016,2589,134-29-2-2-1,3.79323038962073e-05_3.79323038962073e-05_3.79323038962073e-05_3.79323038962073e-05_3.79323038962073e-05
1016,2590,127-30-1-1-1,4.35288733235165e-06_4.35288733235165e-06_4.35288733235165e-06_4.35288733235165e-06_4.35288733235165e-06
1016,2591,199-19-9-2-1,6.84025152226688e-05_6.84025152226688e-05_6.84025152226688e-05_6.84025152226688e-05_6.84025152226688e-05
1016,2592,171-18-4-2-1,1.3058661997055e-05_1.3058661997055e-05_1.3058661997055e-05_1.3058661997055e-05_1.3058661997055e-05
1016,2593,32-18-4-2-1,4.35288733235165e-06_4.35288733235165e-06_4.35288733235165e-06_4.35288733235165e-06_4.35288733235165e-06
1016,2594,102-13-6-2-1,2.9226529231504e-05_2.9226529231504e-05_2.9226529231504e-05_2.9226529231504e-05_2.9226529231504e-05
1016,2595,47-22-8-1-1,6.84025152226688e-06_6.84025152226688e-06_6.84025152226688e-06_6.84025152226688e-06_6.84025152226688e-06
1016,2596,44-13-6-2-1,3.73104628487285e-06_3.73104628487285e-06_3.73104628487285e-06_3.73104628487285e-06_3.73104628487285e-06
1016,2597,110-3-3-1-1,1.6167867234449e-05_1.6167867234449e-05_1.6167867234449e-05_1.6167867234449e-05_1.6167867234449e-05
1016,2598,172-40-4-2-1,4.97472837983046e-06_4.97472837983046e-06_4.97472837983046e-06_4.97472837983046e-06_4.97472837983046e-06
1016,2599,26-15-9-2-1,0.000281072153460421_0.000281072153460421_0.000281072153460421_0.000281072153460421_0.000281072153460421
1016,2600,26-15-9-2-1,0.000133695825207944_0.000133695825207944_0.000133695825207944_0.000133695825207944_0.000133695825207944
1016,2601,8-7-4-2-1,5.59656942730927e-06_5.59656942730927e-06_5.59656942730927e-06_5.59656942730927e-06_5.59656942730927e-06
1016,2602,186-15-9-2-1,3.73104628487285e-06_3.73104628487285e-06_3.73104628487285e-06_3.73104628487285e-06_3.73104628487285e-06
1016,2603,180-40-4-2-1,6.21841047478808e-06_6.21841047478808e-06_6.21841047478808e-06_6.21841047478808e-06_6.21841047478808e-06
1016,2604,230-14-4-2-1,1.24368209495762e-05_1.24368209495762e-05_1.24368209495762e-05_1.24368209495762e-05_1.24368209495762e-05
1016,2605,230-14-4-2-1,7.46209256974569e-06_7.46209256974569e-06_7.46209256974569e-06_7.46209256974569e-06_7.46209256974569e-06
1016,2606,34-19-9-2-1,1.3058661997055e-05_1.3058661997055e-05_1.3058661997055e-05_1.3058661997055e-05_1.3058661997055e-05
1016,2607,185-41-9-2-1,3.73104628487285e-06_3.73104628487285e-06_3.73104628487285e-06_3.73104628487285e-06_3.73104628487285e-06
1016,2608,34-19-9-2-1,5.09909658932622e-05_5.09909658932622e-05_5.09909658932622e-05_5.09909658932622e-05_5.09909658932622e-05
1016,2609,234-24-7-1-1,0.000141779758825168_0.000141779758825168_0.000141779758825168_0.000141779758825168_0.000141779758825168
1016,2610,153-18-4-2-1,7.46209256974569e-06_7.46209256974569e-06_7.46209256974569e-06_7.46209256974569e-06_7.46209256974569e-06
1016,2611,142-42-12-1-1,4.97472837983046e-06_4.97472837983046e-06_4.97472837983046e-06_4.97472837983046e-06_4.97472837983046e-06
1016,2612,208-30-1-1-1,3.79323038962073e-05_3.79323038962073e-05_3.79323038962073e-05_3.79323038962073e-05_3.79323038962073e-05
1016,2613,185-41-9-2-1,6.21841047478808e-06_6.21841047478808e-06_6.21841047478808e-06_6.21841047478808e-06_6.21841047478808e-06
1016,2614,213-15-9-2-1,6.21841047478808e-06_6.21841047478808e-06_6.21841047478808e-06_6.21841047478808e-06_6.21841047478808e-06
1016,2615,153-18-4-2-1,9.94945675966092e-06_9.94945675966092e-06_9.94945675966092e-06_9.94945675966092e-06_9.94945675966092e-06
1016,2616,199-19-9-2-1,2.48736418991523e-06_2.48736418991523e-06_2.48736418991523e-06_2.48736418991523e-06_2.48736418991523e-06
1016,2617,128-7-4-2-1,8.70577466470331e-06_8.70577466470331e-06_8.70577466470331e-06_8.70577466470331e-06_8.70577466470331e-06
1016,2618,220-22-8-1-1,8.70577466470331e-06_8.70577466470331e-06_8.70577466470331e-06_8.70577466470331e-06_8.70577466470331e-06
1016,2619,177-7-4-2-1,4.8503601703347e-05_4.8503601703347e-05_4.8503601703347e-05_4.8503601703347e-05_4.8503601703347e-05
1016,2620,113-31-9-2-1,3.29575755163768e-05_3.29575755163768e-05_3.29575755163768e-05_3.29575755163768e-05_3.29575755163768e-05
1016,2621,196-14-4-2-1,3.10920523739404e-06_3.10920523739404e-06_3.10920523739404e-06_3.10920523739404e-06_3.10920523739404e-06
1016,2622,172-40-4-2-1,4.97472837983046e-06_4.97472837983046e-06_4.97472837983046e-06_4.97472837983046e-06_4.97472837983046e-06
1016,2623,44-13-6-2-1,1.74115493294066e-05_1.74115493294066e-05_1.74115493294066e-05_1.74115493294066e-05_1.74115493294066e-05
1016,2624,161-36-10-1-1,2.36299598041947e-05_2.36299598041947e-05_2.36299598041947e-05_2.36299598041947e-05_2.36299598041947e-05
1016,2625,177-7-4-2-1,2.79828471365463e-05_2.79828471365463e-05_2.79828471365463e-05_2.79828471365463e-05_2.79828471365463e-05
1016,2626,110-3-3-1-1,0.000291021610220082_0.000291021610220082_0.000291021610220082_0.000291021610220082_0.000291021610220082
1016,2627,153-18-4-2-1,6.21841047478808e-06_6.21841047478808e-06_6.21841047478808e-06_6.21841047478808e-06_6.21841047478808e-06
1016,2628,198-17-10-1-1,4.8503601703347e-05_4.8503601703347e-05_4.8503601703347e-05_4.8503601703347e-05_4.8503601703347e-05
1016,2629,122-16-2-2-1,6.84025152226688e-06_6.84025152226688e-06_6.84025152226688e-06_6.84025152226688e-06_6.84025152226688e-06
1016,2630,122-16-2-2-1,3.73104628487285e-06_3.73104628487285e-06_3.73104628487285e-06_3.73104628487285e-06_3.73104628487285e-06
1016,2631,152-32-10-1-1,4.97472837983046e-06_4.97472837983046e-06_4.97472837983046e-06_4.97472837983046e-06_4.97472837983046e-06
1016,2632,154-25-8-1-1,0.000317760775261671_0.000317760775261671_0.000317760775261671_0.000317760775261671_0.000317760775261671
1016,2633,37-11-4-2-1,4.97472837983046e-06_4.97472837983046e-06_4.97472837983046e-06_4.97472837983046e-06_4.97472837983046e-06
1016,2634,68-30-1-1-1,5.59656942730927e-06_5.59656942730927e-06_5.59656942730927e-06_5.59656942730927e-06_5.59656942730927e-06
1016,2635,63-27-8-1-1,4.35288733235165e-06_4.35288733235165e-06_4.35288733235165e-06_4.35288733235165e-06_4.35288733235165e-06
1016,2636,129-21-4-2-1,8.70577466470331e-06_8.70577466470331e-06_8.70577466470331e-06_8.70577466470331e-06_8.70577466470331e-06
1016,2637,154-25-8-1-1,0.000300349225932264_0.000300349225932264_0.000300349225932264_0.000300349225932264_0.000300349225932264
1016,2638,154-25-8-1-1,3.97978270386437e-05_3.97978270386437e-05_3.97978270386437e-05_3.97978270386437e-05_3.97978270386437e-05
1016,2639,103-13-6-2-1,4.16633501810801e-05_4.16633501810801e-05_4.16633501810801e-05_4.16633501810801e-05_4.16633501810801e-05
1016,2640,76-4-4-2-1,7.46209256974569e-06_7.46209256974569e-06_7.46209256974569e-06_7.46209256974569e-06_7.46209256974569e-06
1016,2641,185-41-9-2-1,2.48736418991523e-06_2.48736418991523e-06_2.48736418991523e-06_2.48736418991523e-06_2.48736418991523e-06
1016,2642,40-23-8-1-1,4.35288733235165e-06_4.35288733235165e-06_4.35288733235165e-06_4.35288733235165e-06_4.35288733235165e-06
1016,2643,160-30-1-1-1,8.70577466470331e-06_8.70577466470331e-06_8.70577466470331e-06_8.70577466470331e-06_8.70577466470331e-06
1016,2645,216-19-9-2-1,5.84530584630079e-05_5.84530584630079e-05_5.84530584630079e-05_5.84530584630079e-05_5.84530584630079e-05
1016,2647,109-28-5-1-1,6.84025152226688e-06_6.84025152226688e-06_6.84025152226688e-06_6.84025152226688e-06_6.84025152226688e-06
1016,2648,122-16-2-2-1,5.59656942730927e-06_5.59656942730927e-06_5.59656942730927e-06_5.59656942730927e-06_5.59656942730927e-06
1016,2649,112-14-4-2-1,3.73104628487285e-06_3.73104628487285e-06_3.73104628487285e-06_3.73104628487285e-06_3.73104628487285e-06
1016,2650,112-14-4-2-1,6.84025152226688e-06_6.84025152226688e-06_6.84025152226688e-06_6.84025152226688e-06_6.84025152226688e-06
1016,2651,172-40-4-2-1,3.73104628487285e-06_3.73104628487285e-06_3.73104628487285e-06_3.73104628487285e-06_3.73104628487285e-06
1016,2652,113-31-9-2-1,0.000270500855653281_0.000270500855653281_0.000270500855653281_0.000270500855653281_0.000270500855653281
1016,2653,113-31-9-2-1,8.20830182672026e-05_8.20830182672026e-05_8.20830182672026e-05_8.20830182672026e-05_8.20830182672026e-05
1016,2654,223-40-4-2-1,1.3058661997055e-05_1.3058661997055e-05_1.3058661997055e-05_1.3058661997055e-05_1.3058661997055e-05
1016,2655,161-36-10-1-1,3.10920523739404e-06_3.10920523739404e-06_3.10920523739404e-06_3.10920523739404e-06_3.10920523739404e-06
1016,2656,191-37-4-2-1,3.10920523739404e-06_3.10920523739404e-06_3.10920523739404e-06_3.10920523739404e-06_3.10920523739404e-06
1016,2657,223-40-4-2-1,1.55460261869702e-05_1.55460261869702e-05_1.55460261869702e-05_1.55460261869702e-05_1.55460261869702e-05
1016,2658,186-15-9-2-1,4.97472837983046e-06_4.97472837983046e-06_4.97472837983046e-06_4.97472837983046e-06_4.97472837983046e-06
1016,2659,114-40-4-2-1,2.61173239941099e-05_2.61173239941099e-05_2.61173239941099e-05_2.61173239941099e-05_2.61173239941099e-05
1016,2660,109-28-5-1-1,7.46209256974569e-06_7.46209256974569e-06_7.46209256974569e-06_7.46209256974569e-06_7.46209256974569e-06
1016,2661,114-40-4-2-1,4.22851912285589e-05_4.22851912285589e-05_4.22851912285589e-05_4.22851912285589e-05_4.22851912285589e-05
1016,2662,61-13-6-2-1,0.000108822183308791_0.000108822183308791_0.000108822183308791_0.000108822183308791_0.000108822183308791
1016,2663,191-37-4-2-1,6.40496278903172e-05_6.40496278903172e-05_6.40496278903172e-05_6.40496278903172e-05_6.40496278903172e-05
1016,2664,191-37-4-2-1,2.9226529231504e-05_2.9226529231504e-05_2.9226529231504e-05_2.9226529231504e-05_2.9226529231504e-05
1016,2665,13-6-6-2-1,0.000122502686353325_0.000122502686353325_0.000122502686353325_0.000122502686353325_0.000122502686353325
1016,2666,148-29-2-2-1,2.23862777092371e-05_2.23862777092371e-05_2.23862777092371e-05_2.23862777092371e-05_2.23862777092371e-05
1016,2667,205-12-8-1-1,4.97472837983046e-06_4.97472837983046e-06_4.97472837983046e-06_4.97472837983046e-06_4.97472837983046e-06
1016,2668,227-41-9-2-1,3.73104628487285e-06_3.73104628487285e-06_3.73104628487285e-06_3.73104628487285e-06_3.73104628487285e-06
1016,2669,71-29-2-2-1,2.54954829466311e-05_2.54954829466311e-05_2.54954829466311e-05_2.54954829466311e-05_2.54954829466311e-05
1016,2670,96-13-6-2-1,4.97472837983046e-05_4.97472837983046e-05_4.97472837983046e-05_4.97472837983046e-05_4.97472837983046e-05
1016,2671,57-7-4-2-1,1.43023440920126e-05_1.43023440920126e-05_1.43023440920126e-05_1.43023440920126e-05_1.43023440920126e-05
1016,2672,40-23-8-1-1,1.11931388546185e-05_1.11931388546185e-05_1.11931388546185e-05_1.11931388546185e-05_1.11931388546185e-05
1016,2673,40-23-8-1-1,4.35288733235165e-06_4.35288733235165e-06_4.35288733235165e-06_4.35288733235165e-06_4.35288733235165e-06
1016,2674,44-13-6-2-1,1.86552314243642e-05_1.86552314243642e-05_1.86552314243642e-05_1.86552314243642e-05_1.86552314243642e-05
1016,2675,172-40-4-2-1,5.59656942730927e-06_5.59656942730927e-06_5.59656942730927e-06_5.59656942730927e-06_5.59656942730927e-06
1016,2676,158-2-2-2-1,0.000126233732638198_0.000126233732638198_0.000126233732638198_0.000126233732638198_0.000126233732638198
1016,2677,75-1-1-1-1,8.0839336172245e-06_8.0839336172245e-06_8.0839336172245e-06_8.0839336172245e-06_8.0839336172245e-06
1016,2678,75-1-1-1-1,1.18149799020973e-05_1.18149799020973e-05_1.18149799020973e-05_1.18149799020973e-05_1.18149799020973e-05
1016,2679,142-42-12-1-1,4.35288733235165e-06_4.35288733235165e-06_4.35288733235165e-06_4.35288733235165e-06_4.35288733235165e-06
1016,2680,180-40-4-2-1,9.32761571218212e-06_9.32761571218212e-06_9.32761571218212e-06_9.32761571218212e-06_9.32761571218212e-06
1016,2681,221-35-4-2-1,3.73104628487285e-06_3.73104628487285e-06_3.73104628487285e-06_3.73104628487285e-06_3.73104628487285e-06
1016,2682,216-19-9-2-1,3.73104628487285e-06_3.73104628487285e-06_3.73104628487285e-06_3.73104628487285e-06_3.73104628487285e-06
1016,2683,32-18-4-2-1,1.11931388546185e-05_1.11931388546185e-05_1.11931388546185e-05_1.11931388546185e-05_1.11931388546185e-05
1016,2684,200-15-9-2-1,1.24368209495762e-06_1.24368209495762e-06_1.24368209495762e-06_1.24368209495762e-06_1.24368209495762e-06
1016,2685,172-40-4-2-1,4.97472837983046e-06_4.97472837983046e-06_4.97472837983046e-06_4.97472837983046e-06_4.97472837983046e-06
1016,2686,129-21-4-2-1,9.32761571218212e-06_9.32761571218212e-06_9.32761571218212e-06_9.32761571218212e-06_9.32761571218212e-06
1016,2687,199-19-9-2-1,8.0839336172245e-06_8.0839336172245e-06_8.0839336172245e-06_8.0839336172245e-06_8.0839336172245e-06
1016,2688,71-29-2-2-1,1.49241851394914e-05_1.49241851394914e-05_1.49241851394914e-05_1.49241851394914e-05_1.49241851394914e-05
1016,2689,68-30-1-1-1,1.80333903768854e-05_1.80333903768854e-05_1.80333903768854e-05_1.80333903768854e-05_1.80333903768854e-05
1016,2690,122-16-2-2-1,5.59656942730927e-06_5.59656942730927e-06_5.59656942730927e-06_5.59656942730927e-06_5.59656942730927e-06
1016,2691,148-29-2-2-1,1.3058661997055e-05_1.3058661997055e-05_1.3058661997055e-05_1.3058661997055e-05_1.3058661997055e-05
1016,2692,75-1-1-1-1,1.11931388546185e-05_1.11931388546185e-05_1.11931388546185e-05_1.11931388546185e-05_1.11931388546185e-05
1016,2693,44-13-6-2-1,3.85541449436861e-05_3.85541449436861e-05_3.85541449436861e-05_3.85541449436861e-05_3.85541449436861e-05
1016,2694,227-41-9-2-1,3.10920523739404e-06_3.10920523739404e-06_3.10920523739404e-06_3.10920523739404e-06_3.10920523739404e-06
1016,2695,227-41-9-2-1,1.80333903768854e-05_1.80333903768854e-05_1.80333903768854e-05_1.80333903768854e-05_1.80333903768854e-05
1016,2696,126-29-2-2-1,6.21841047478808e-06_6.21841047478808e-06_6.21841047478808e-06_6.21841047478808e-06_6.21841047478808e-06
1016,2697,163-43-4-2-1,5.28564890356987e-05_5.28564890356987e-05_5.28564890356987e-05_5.28564890356987e-05_5.28564890356987e-05
1016,2698,128-7-4-2-1,9.94945675966092e-06_9.94945675966092e-06_9.94945675966092e-06_9.94945675966092e-06_9.94945675966092e-06
1016,2699,161-36-10-1-1,5.59656942730927e-06_5.59656942730927e-06_5.59656942730927e-06_5.59656942730927e-06_5.59656942730927e-06
1016,2700,142-42-12-1-1,4.35288733235165e-06_4.35288733235165e-06_4.35288733235165e-06_4.35288733235165e-06_4.35288733235165e-06
1016,2701,29-17-10-1-1,1.36805030445338e-05_1.36805030445338e-05_1.36805030445338e-05_1.36805030445338e-05_1.36805030445338e-05
1016,2702,185-41-9-2-1,2.48736418991523e-06_2.48736418991523e-06_2.48736418991523e-06_2.48736418991523e-06_2.48736418991523e-06
1016,2703,98-27-8-1-1,1.98989135193218e-05_1.98989135193218e-05_1.98989135193218e-05_1.98989135193218e-05_1.98989135193218e-05
1016,2704,175-20-9-2-1,1.6167867234449e-05_1.6167867234449e-05_1.6167867234449e-05_1.6167867234449e-05_1.6167867234449e-05
1016,2705,185-41-9-2-1,3.10920523739404e-06_3.10920523739404e-06_3.10920523739404e-06_3.10920523739404e-06_3.10920523739404e-06
1016,2706,31-6-6-2-1,4.47725554184741e-05_4.47725554184741e-05_4.47725554184741e-05_4.47725554184741e-05_4.47725554184741e-05
1016,2707,40-23-8-1-1,4.97472837983046e-06_4.97472837983046e-06_4.97472837983046e-06_4.97472837983046e-06_4.97472837983046e-06
1016,2708,23-10-2-2-1,8.70577466470331e-06_8.70577466470331e-06_8.70577466470331e-06_8.70577466470331e-06_8.70577466470331e-06
1016,2709,138-23-8-1-1,3.60667807537708e-05_3.60667807537708e-05_3.60667807537708e-05_3.60667807537708e-05_3.60667807537708e-05
1016,2710,83-33-5-1-1,1.80333903768854e-05_1.80333903768854e-05_1.80333903768854e-05_1.80333903768854e-05_1.80333903768854e-05
1016,2711,151-19-9-2-1,1.67897082819278e-05_1.67897082819278e-05_1.67897082819278e-05_1.67897082819278e-05_1.67897082819278e-05
1016,2712,122-16-2-2-1,2.48736418991523e-06_2.48736418991523e-06_2.48736418991523e-06_2.48736418991523e-06_2.48736418991523e-06
1016,2713,122-16-2-2-1,6.84025152226688e-06_6.84025152226688e-06_6.84025152226688e-06_6.84025152226688e-06_6.84025152226688e-06
1016,2714,71-29-2-2-1,2.86046881840252e-05_2.86046881840252e-05_2.86046881840252e-05_2.86046881840252e-05_2.86046881840252e-05
1016,2715,152-32-10-1-1,3.10920523739404e-06_3.10920523739404e-06_3.10920523739404e-06_3.10920523739404e-06_3.10920523739404e-06
1016,2716,172-40-4-2-1,3.73104628487285e-06_3.73104628487285e-06_3.73104628487285e-06_3.73104628487285e-06_3.73104628487285e-06
1016,2717,122-16-2-2-1,4.35288733235165e-06_4.35288733235165e-06_4.35288733235165e-06_4.35288733235165e-06_4.35288733235165e-06
1016,2718,142-42-12-1-1,3.73104628487285e-06_3.73104628487285e-06_3.73104628487285e-06_3.73104628487285e-06_3.73104628487285e-06
1016,2719,185-41-9-2-1,3.10920523739404e-06_3.10920523739404e-06_3.10920523739404e-06_3.10920523739404e-06_3.10920523739404e-06
1016,2720,116-36-10-1-1,5.09909658932622e-05_5.09909658932622e-05_5.09909658932622e-05_5.09909658932622e-05_5.09909658932622e-05
1016,2721,191-37-4-2-1,4.04196680861225e-05_4.04196680861225e-05_4.04196680861225e-05_4.04196680861225e-05_4.04196680861225e-05
1016,2722,34-19-9-2-1,1.05712978071397e-05_1.05712978071397e-05_1.05712978071397e-05_1.05712978071397e-05_1.05712978071397e-05
1016,2723,112-14-4-2-1,1.80333903768854e-05_1.80333903768854e-05_1.80333903768854e-05_1.80333903768854e-05_1.80333903768854e-05
1016,2724,188-14-4-2-1,2.86046881840252e-05_2.86046881840252e-05_2.86046881840252e-05_2.86046881840252e-05_2.86046881840252e-05
1016,2725,172-40-4-2-1,4.35288733235165e-06_4.35288733235165e-06_4.35288733235165e-06_4.35288733235165e-06_4.35288733235165e-06
1016,2726,227-41-9-2-1,1.18149799020973e-05_1.18149799020973e-05_1.18149799020973e-05_1.18149799020973e-05_1.18149799020973e-05
1016,2727,51-22-8-1-1,2.36299598041947e-05_2.36299598041947e-05_2.36299598041947e-05_2.36299598041947e-05_2.36299598041947e-05
1016,2728,89-13-6-2-1,0.000105712978071397_0.000105712978071397_0.000105712978071397_0.000105712978071397_0.000105712978071397
1016,2729,13-6-6-2-1,0.000103847454928961_0.000103847454928961_0.000103847454928961_0.000103847454928961_0.000103847454928961
1016,2730,196-14-4-2-1,1.36805030445338e-05_1.36805030445338e-05_1.36805030445338e-05_1.36805030445338e-05_1.36805030445338e-05
1016,2731,68-30-1-1-1,1.43023440920126e-05_1.43023440920126e-05_1.43023440920126e-05_1.43023440920126e-05_1.43023440920126e-05
1016,2732,172-40-4-2-1,2.48736418991523e-06_2.48736418991523e-06_2.48736418991523e-06_2.48736418991523e-06_2.48736418991523e-06
1016,2733,209-35-4-2-1,3.73104628487285e-06_3.73104628487285e-06_3.73104628487285e-06_3.73104628487285e-06_3.73104628487285e-06
1016,2734,44-13-6-2-1,3.10920523739404e-06_3.10920523739404e-06_3.10920523739404e-06_3.10920523739404e-06_3.10920523739404e-06
1016,2735,214-26-4-2-1,3.10920523739404e-06_3.10920523739404e-06_3.10920523739404e-06_3.10920523739404e-06_3.10920523739404e-06
1016,2736,66-29-2-2-1,8.0839336172245e-06_8.0839336172245e-06_8.0839336172245e-06_8.0839336172245e-06_8.0839336172245e-06
1016,2737,177-7-4-2-1,2.73610060890675e-05_2.73610060890675e-05_2.73610060890675e-05_2.73610060890675e-05_2.73610060890675e-05
1016,2738,122-16-2-2-1,2.61173239941099e-05_2.61173239941099e-05_2.61173239941099e-05_2.61173239941099e-05_2.61173239941099e-05
1016,2739,172-40-4-2-1,4.35288733235165e-06_4.35288733235165e-06_4.35288733235165e-06_4.35288733235165e-06_4.35288733235165e-06
1016,2740,200-15-9-2-1,7.46209256974569e-06_7.46209256974569e-06_7.46209256974569e-06_7.46209256974569e-06_7.46209256974569e-06
1016,2741,151-19-9-2-1,3.73104628487285e-06_3.73104628487285e-06_3.73104628487285e-06_3.73104628487285e-06_3.73104628487285e-06
1016,2742,141-42-12-1-1,8.70577466470331e-06_8.70577466470331e-06_8.70577466470331e-06_8.70577466470331e-06_8.70577466470331e-06
1016,2743,212-41-9-2-1,1.67897082819278e-05_1.67897082819278e-05_1.67897082819278e-05_1.67897082819278e-05_1.67897082819278e-05
1016,2744,127-30-1-1-1,1.24368209495762e-05_1.24368209495762e-05_1.24368209495762e-05_1.24368209495762e-05_1.24368209495762e-05
1016,2745,31-6-6-2-1,6.65369920802324e-05_6.65369920802324e-05_6.65369920802324e-05_6.65369920802324e-05_6.65369920802324e-05
1016,2746,75-1-1-1-1,8.0839336172245e-06_8.0839336172245e-06_8.0839336172245e-06_8.0839336172245e-06_8.0839336172245e-06
1016,2747,122-16-2-2-1,2.61173239941099e-05_2.61173239941099e-05_2.61173239941099e-05_2.61173239941099e-05_2.61173239941099e-05
1016,2748,8-7-4-2-1,6.21841047478808e-06_6.21841047478808e-06_6.21841047478808e-06_6.21841047478808e-06_6.21841047478808e-06
1016,2749,152-32-10-1-1,3.73104628487285e-06_3.73104628487285e-06_3.73104628487285e-06_3.73104628487285e-06_3.73104628487285e-06
1016,2751,128-7-4-2-1,1.24368209495762e-05_1.24368209495762e-05_1.24368209495762e-05_1.24368209495762e-05_1.24368209495762e-05
1016,2752,152-32-10-1-1,6.21841047478808e-06_6.21841047478808e-06_6.21841047478808e-06_6.21841047478808e-06_6.21841047478808e-06
1016,2753,112-14-4-2-1,2.48736418991523e-06_2.48736418991523e-06_2.48736418991523e-06_2.48736418991523e-06_2.48736418991523e-06
1016,2754,11-4-4-2-1,9.94945675966092e-06_9.94945675966092e-06_9.94945675966092e-06_9.94945675966092e-06_9.94945675966092e-06
1016,2755,122-16-2-2-1,1.11931388546185e-05_1.11931388546185e-05_1.11931388546185e-05_1.11931388546185e-05_1.11931388546185e-05
1016,2756,150-30-1-1-1,7.64864488398933e-05_7.64864488398933e-05_7.64864488398933e-05_7.64864488398933e-05_7.64864488398933e-05
1016,2757,205-12-8-1-1,2.48736418991523e-06_2.48736418991523e-06_2.48736418991523e-06_2.48736418991523e-06_2.48736418991523e-06
1016,2758,18-12-8-1-1,3.10920523739404e-06_3.10920523739404e-06_3.10920523739404e-06_3.10920523739404e-06_3.10920523739404e-06
1016,2759,25-10-2-2-1,4.97472837983046e-06_4.97472837983046e-06_4.97472837983046e-06_4.97472837983046e-06_4.97472837983046e-06
1016,2760,185-41-9-2-1,9.32761571218212e-06_9.32761571218212e-06_9.32761571218212e-06_9.32761571218212e-06_9.32761571218212e-06
1016,2762,174-15-9-2-1,1.67897082819278e-05_1.67897082819278e-05_1.67897082819278e-05_1.67897082819278e-05_1.67897082819278e-05
1016,2763,216-19-9-2-1,3.10920523739404e-06_3.10920523739404e-06_3.10920523739404e-06_3.10920523739404e-06_3.10920523739404e-06
1016,2764,69-29-2-2-1,1.74115493294066e-05_1.74115493294066e-05_1.74115493294066e-05_1.74115493294066e-05_1.74115493294066e-05
1016,2765,166-18-4-2-1,9.32761571218212e-06_9.32761571218212e-06_9.32761571218212e-06_9.32761571218212e-06_9.32761571218212e-06
1016,2766,167-18-4-2-1,3.10920523739404e-06_3.10920523739404e-06_3.10920523739404e-06_3.10920523739404e-06_3.10920523739404e-06
1016,2767,203-11-4-2-1,7.46209256974569e-06_7.46209256974569e-06_7.46209256974569e-06_7.46209256974569e-06_7.46209256974569e-06
1016,2768,156-37-4-2-1,7.64864488398933e-05_7.64864488398933e-05_7.64864488398933e-05_7.64864488398933e-05_7.64864488398933e-05
1016,2769,156-37-4-2-1,1.49241851394914e-05_1.49241851394914e-05_1.49241851394914e-05_1.49241851394914e-05_1.49241851394914e-05
1016,2770,126-29-2-2-1,8.70577466470331e-06_8.70577466470331e-06_8.70577466470331e-06_8.70577466470331e-06_8.70577466470331e-06
1016,2771,209-35-4-2-1,6.21841047478808e-06_6.21841047478808e-06_6.21841047478808e-06_6.21841047478808e-06_6.21841047478808e-06
1016,2772,140-42-12-1-1,3.73104628487285e-06_3.73104628487285e-06_3.73104628487285e-06_3.73104628487285e-06_3.73104628487285e-06
1016,2773,31-6-6-2-1,0.000131208461018028_0.000131208461018028_0.000131208461018028_0.000131208461018028_0.000131208461018028
1016,2774,13-6-6-2-1,0.000128721096828113_0.000128721096828113_0.000128721096828113_0.000128721096828113_0.000128721096828113
1016,2775,185-41-9-2-1,7.46209256974569e-06_7.46209256974569e-06_7.46209256974569e-06_7.46209256974569e-06_7.46209256974569e-06
1016,2776,18-12-8-1-1,4.97472837983046e-06_4.97472837983046e-06_4.97472837983046e-06_4.97472837983046e-06_4.97472837983046e-06
1016,2777,185-41-9-2-1,4.35288733235165e-06_4.35288733235165e-06_4.35288733235165e-06_4.35288733235165e-06_4.35288733235165e-06
1016,2778,79-32-10-1-1,3.10920523739404e-06_3.10920523739404e-06_3.10920523739404e-06_3.10920523739404e-06_3.10920523739404e-06
1016,2779,156-37-4-2-1,0.000624328411668723_0.000624328411668723_0.000624328411668723_0.000624328411668723_0.000624328411668723
1016,2780,112-14-4-2-1,4.35288733235165e-06_4.35288733235165e-06_4.35288733235165e-06_4.35288733235165e-06_4.35288733235165e-06
1016,2781,112-14-4-2-1,5.59656942730927e-06_5.59656942730927e-06_5.59656942730927e-06_5.59656942730927e-06_5.59656942730927e-06
1016,2782,156-37-4-2-1,0.000155460261869702_0.000155460261869702_0.000155460261869702_0.000155460261869702_0.000155460261869702
1016,2783,156-37-4-2-1,3.10920523739404e-06_3.10920523739404e-06_3.10920523739404e-06_3.10920523739404e-06_3.10920523739404e-06
1016,2784,156-37-4-2-1,2.48736418991523e-05_2.48736418991523e-05_2.48736418991523e-05_2.48736418991523e-05_2.48736418991523e-05
1016,2785,160-30-1-1-1,5.59656942730927e-06_5.59656942730927e-06_5.59656942730927e-06_5.59656942730927e-06_5.59656942730927e-06
1016,2786,189-12-8-1-1,0.000261795080988578_0.000261795080988578_0.000261795080988578_0.000261795080988578_0.000261795080988578
1016,2787,216-19-9-2-1,2.48736418991523e-06_2.48736418991523e-06_2.48736418991523e-06_2.48736418991523e-06_2.48736418991523e-06
1016,2788,172-40-4-2-1,4.35288733235165e-06_4.35288733235165e-06_4.35288733235165e-06_4.35288733235165e-06_4.35288733235165e-06
1016,2789,188-14-4-2-1,6.84025152226688e-06_6.84025152226688e-06_6.84025152226688e-06_6.84025152226688e-06_6.84025152226688e-06
1016,2790,4-4-4-2-1,2.11425956142795e-05_2.11425956142795e-05_2.11425956142795e-05_2.11425956142795e-05_2.11425956142795e-05
1016,2791,4-4-4-2-1,3.17138934214192e-05_3.17138934214192e-05_3.17138934214192e-05_3.17138934214192e-05_3.17138934214192e-05
1016,2792,69-29-2-2-1,3.73104628487285e-05_3.73104628487285e-05_3.73104628487285e-05_3.73104628487285e-05_3.73104628487285e-05
1016,2793,32-18-4-2-1,5.59656942730927e-06_5.59656942730927e-06_5.59656942730927e-06_5.59656942730927e-06_5.59656942730927e-06
1016,2794,167-18-4-2-1,5.59656942730927e-06_5.59656942730927e-06_5.59656942730927e-06_5.59656942730927e-06_5.59656942730927e-06
1016,2795,154-25-8-1-1,0.000235677756994468_0.000235677756994468_0.000235677756994468_0.000235677756994468_0.000235677756994468
1016,2796,26-15-9-2-1,1.11931388546185e-05_1.11931388546185e-05_1.11931388546185e-05_1.11931388546185e-05_1.11931388546185e-05
1016,2797,140-42-12-1-1,3.73104628487285e-06_3.73104628487285e-06_3.73104628487285e-06_3.73104628487285e-06_3.73104628487285e-06
1016,2798,63-27-8-1-1,0.000115040593783579_0.000115040593783579_0.000115040593783579_0.000115040593783579_0.000115040593783579
1016,2799,185-41-9-2-1,4.35288733235165e-06_4.35288733235165e-06_4.35288733235165e-06_4.35288733235165e-06_4.35288733235165e-06
1016,2800,76-4-4-2-1,4.35288733235165e-06_4.35288733235165e-06_4.35288733235165e-06_4.35288733235165e-06_4.35288733235165e-06
1016,2801,203-11-4-2-1,5.59656942730927e-06_5.59656942730927e-06_5.59656942730927e-06_5.59656942730927e-06_5.59656942730927e-06
1016,2802,177-7-4-2-1,9.32761571218212e-06_9.32761571218212e-06_9.32761571218212e-06_9.32761571218212e-06_9.32761571218212e-06
1016,2803,194-31-9-2-1,4.97472837983046e-06_4.97472837983046e-06_4.97472837983046e-06_4.97472837983046e-06_4.97472837983046e-06
1016,2804,196-14-4-2-1,4.35288733235165e-06_4.35288733235165e-06_4.35288733235165e-06_4.35288733235165e-06_4.35288733235165e-06
1016,2805,17-11-4-2-1,6.84025152226688e-06_6.84025152226688e-06_6.84025152226688e-06_6.84025152226688e-06_6.84025152226688e-06
1016,2806,118-36-10-1-1,3.73104628487285e-06_3.73104628487285e-06_3.73104628487285e-06_3.73104628487285e-06_3.73104628487285e-06
1016,2807,63-27-8-1-1,7.95956540772874e-05_7.95956540772874e-05_7.95956540772874e-05_7.95956540772874e-05_7.95956540772874e-05
1016,2808,49-22-8-1-1,1.74115493294066e-05_1.74115493294066e-05_1.74115493294066e-05_1.74115493294066e-05_1.74115493294066e-05
1016,2809,185-41-9-2-1,3.10920523739404e-06_3.10920523739404e-06_3.10920523739404e-06_3.10920523739404e-06_3.10920523739404e-06
1016,2810,160-30-1-1-1,4.35288733235165e-06_4.35288733235165e-06_4.35288733235165e-06_4.35288733235165e-06_4.35288733235165e-06
1016,2811,45-5-5-1-1,6.21841047478808e-06_6.21841047478808e-06_6.21841047478808e-06_6.21841047478808e-06_6.21841047478808e-06
1016,2812,51-22-8-1-1,2.61173239941099e-05_2.61173239941099e-05_2.61173239941099e-05_2.61173239941099e-05_2.61173239941099e-05
1016,2813,47-22-8-1-1,3.73104628487285e-06_3.73104628487285e-06_3.73104628487285e-06_3.73104628487285e-06_3.73104628487285e-06
1016,2814,49-22-8-1-1,4.35288733235165e-06_4.35288733235165e-06_4.35288733235165e-06_4.35288733235165e-06_4.35288733235165e-06
1016,2815,18-12-8-1-1,3.10920523739404e-06_3.10920523739404e-06_3.10920523739404e-06_3.10920523739404e-06_3.10920523739404e-06
1016,2816,1-1-1-1-1,9.32761571218212e-06_9.32761571218212e-06_9.32761571218212e-06_9.32761571218212e-06_9.32761571218212e-06
1016,2817,185-41-9-2-1,6.84025152226688e-06_6.84025152226688e-06_6.84025152226688e-06_6.84025152226688e-06_6.84025152226688e-06
1016,2818,218-7-4-2-1,3.73104628487285e-06_3.73104628487285e-06_3.73104628487285e-06_3.73104628487285e-06_3.73104628487285e-06
1016,2819,8-7-4-2-1,8.27048593146814e-05_8.27048593146814e-05_8.27048593146814e-05_8.27048593146814e-05_8.27048593146814e-05
1016,2821,35-20-9-2-1,7.95956540772874e-05_7.95956540772874e-05_7.95956540772874e-05_7.95956540772874e-05_7.95956540772874e-05
1016,2822,47-22-8-1-1,1.18149799020973e-05_1.18149799020973e-05_1.18149799020973e-05_1.18149799020973e-05_1.18149799020973e-05
1016,2823,114-40-4-2-1,7.46209256974569e-06_7.46209256974569e-06_7.46209256974569e-06_7.46209256974569e-06_7.46209256974569e-06
1016,2824,95-37-4-2-1,2.54954829466311e-05_2.54954829466311e-05_2.54954829466311e-05_2.54954829466311e-05_2.54954829466311e-05
1016,2825,77-28-5-1-1,5.78312174155291e-05_5.78312174155291e-05_5.78312174155291e-05_5.78312174155291e-05_5.78312174155291e-05
1016,2826,150-30-1-1-1,0.00038056672105703_0.00038056672105703_0.00038056672105703_0.00038056672105703_0.00038056672105703
1016,2827,149-16-2-2-1,3.10920523739404e-06_3.10920523739404e-06_3.10920523739404e-06_3.10920523739404e-06_3.10920523739404e-06
1016,2828,150-30-1-1-1,2.30081187567159e-05_2.30081187567159e-05_2.30081187567159e-05_2.30081187567159e-05_2.30081187567159e-05
1016,2829,185-41-9-2-1,3.73104628487285e-06_3.73104628487285e-06_3.73104628487285e-06_3.73104628487285e-06_3.73104628487285e-06
1016,2830,200-15-9-2-1,3.10920523739404e-06_3.10920523739404e-06_3.10920523739404e-06_3.10920523739404e-06_3.10920523739404e-06
1016,2831,216-19-9-2-1,4.35288733235165e-06_4.35288733235165e-06_4.35288733235165e-06_4.35288733235165e-06_4.35288733235165e-06
1016,2832,216-19-9-2-1,8.0839336172245e-06_8.0839336172245e-06_8.0839336172245e-06_8.0839336172245e-06_8.0839336172245e-06
1016,2833,174-15-9-2-1,6.84025152226688e-06_6.84025152226688e-06_6.84025152226688e-06_6.84025152226688e-06_6.84025152226688e-06
1016,2834,183-23-8-1-1,4.35288733235165e-06_4.35288733235165e-06_4.35288733235165e-06_4.35288733235165e-06_4.35288733235165e-06
1016,2835,100-8-3-1-1,0.00242020535678752_0.00242020535678752_0.00242020535678752_0.00242020535678752_0.00242020535678752
1016,2836,185-41-9-2-1,1.80333903768854e-05_1.80333903768854e-05_1.80333903768854e-05_1.80333903768854e-05_1.80333903768854e-05
1016,2837,170-43-4-2-1,3.97978270386437e-05_3.97978270386437e-05_3.97978270386437e-05_3.97978270386437e-05_3.97978270386437e-05
1016,2838,191-37-4-2-1,3.73104628487285e-06_3.73104628487285e-06_3.73104628487285e-06_3.73104628487285e-06_3.73104628487285e-06
1016,2839,222-35-4-2-1,1.05712978071397e-05_1.05712978071397e-05_1.05712978071397e-05_1.05712978071397e-05_1.05712978071397e-05
1016,2840,201-17-10-1-1,4.5394396465953e-05_4.5394396465953e-05_4.5394396465953e-05_4.5394396465953e-05_4.5394396465953e-05
1016,2841,142-42-12-1-1,1.86552314243642e-05_1.86552314243642e-05_1.86552314243642e-05_1.86552314243642e-05_1.86552314243642e-05
1016,2842,40-23-8-1-1,7.46209256974569e-06_7.46209256974569e-06_7.46209256974569e-06_7.46209256974569e-06_7.46209256974569e-06
1016,2843,98-27-8-1-1,7.39990846499781e-05_7.39990846499781e-05_7.39990846499781e-05_7.39990846499781e-05_7.39990846499781e-05
1016,2844,44-13-6-2-1,7.46209256974569e-06_7.46209256974569e-06_7.46209256974569e-06_7.46209256974569e-06_7.46209256974569e-06
1016,2845,44-13-6-2-1,1.80333903768854e-05_1.80333903768854e-05_1.80333903768854e-05_1.80333903768854e-05_1.80333903768854e-05
1016,2846,172-40-4-2-1,3.10920523739404e-06_3.10920523739404e-06_3.10920523739404e-06_3.10920523739404e-06_3.10920523739404e-06
1016,2847,55-22-8-1-1,3.73104628487285e-06_3.73104628487285e-06_3.73104628487285e-06_3.73104628487285e-06_3.73104628487285e-06
1016,2848,40-23-8-1-1,2.05207545668007e-05_2.05207545668007e-05_2.05207545668007e-05_2.05207545668007e-05_2.05207545668007e-05
1016,2849,172-40-4-2-1,1.86552314243642e-06_1.86552314243642e-06_1.86552314243642e-06_1.86552314243642e-06_1.86552314243642e-06
1016,2850,191-37-4-2-1,1.24368209495762e-05_1.24368209495762e-05_1.24368209495762e-05_1.24368209495762e-05_1.24368209495762e-05
1016,2851,213-15-9-2-1,3.10920523739404e-06_3.10920523739404e-06_3.10920523739404e-06_3.10920523739404e-06_3.10920523739404e-06
1016,2852,194-31-9-2-1,4.97472837983046e-06_4.97472837983046e-06_4.97472837983046e-06_4.97472837983046e-06_4.97472837983046e-06
1016,2853,28-16-2-2-1,0.000507422294742707_0.000507422294742707_0.000507422294742707_0.000507422294742707_0.000507422294742707
1016,2854,68-30-1-1-1,2.48736418991523e-05_2.48736418991523e-05_2.48736418991523e-05_2.48736418991523e-05_2.48736418991523e-05
1016,2855,112-14-4-2-1,5.59656942730927e-06_5.59656942730927e-06_5.59656942730927e-06_5.59656942730927e-06_5.59656942730927e-06
1016,2856,122-16-2-2-1,1.24368209495762e-05_1.24368209495762e-05_1.24368209495762e-05_1.24368209495762e-05_1.24368209495762e-05
1016,2857,186-15-9-2-1,3.10920523739404e-06_3.10920523739404e-06_3.10920523739404e-06_3.10920523739404e-06_3.10920523739404e-06
1016,2858,112-14-4-2-1,8.0839336172245e-06_8.0839336172245e-06_8.0839336172245e-06_8.0839336172245e-06_8.0839336172245e-06
1016,2859,163-43-4-2-1,6.84025152226688e-06_6.84025152226688e-06_6.84025152226688e-06_6.84025152226688e-06_6.84025152226688e-06
1016,2860,205-12-8-1-1,6.84025152226688e-06_6.84025152226688e-06_6.84025152226688e-06_6.84025152226688e-06_6.84025152226688e-06
1016,2862,177-7-4-2-1,1.11931388546185e-05_1.11931388546185e-05_1.11931388546185e-05_1.11931388546185e-05_1.11931388546185e-05
1016,2863,177-7-4-2-1,4.35288733235165e-06_4.35288733235165e-06_4.35288733235165e-06_4.35288733235165e-06_4.35288733235165e-06
1016,2864,57-7-4-2-1,9.32761571218212e-06_9.32761571218212e-06_9.32761571218212e-06_9.32761571218212e-06_9.32761571218212e-06
1016,2865,122-16-2-2-1,3.10920523739404e-06_3.10920523739404e-06_3.10920523739404e-06_3.10920523739404e-06_3.10920523739404e-06
1016,2866,200-15-9-2-1,4.66380785609106e-05_4.66380785609106e-05_4.66380785609106e-05_4.66380785609106e-05_4.66380785609106e-05
1016,2867,141-42-12-1-1,3.10920523739404e-06_3.10920523739404e-06_3.10920523739404e-06_3.10920523739404e-06_3.10920523739404e-06
1016,2868,200-15-9-2-1,9.94945675966092e-06_9.94945675966092e-06_9.94945675966092e-06_9.94945675966092e-06_9.94945675966092e-06
1016,2869,185-41-9-2-1,8.0839336172245e-06_8.0839336172245e-06_8.0839336172245e-06_8.0839336172245e-06_8.0839336172245e-06
1016,2870,196-14-4-2-1,3.73104628487285e-06_3.73104628487285e-06_3.73104628487285e-06_3.73104628487285e-06_3.73104628487285e-06
1016,2871,44-13-6-2-1,3.2335734468898e-05_3.2335734468898e-05_3.2335734468898e-05_3.2335734468898e-05_3.2335734468898e-05
1016,2872,209-35-4-2-1,6.84025152226688e-06_6.84025152226688e-06_6.84025152226688e-06_6.84025152226688e-06_6.84025152226688e-06
1016,2873,141-42-12-1-1,5.59656942730927e-06_5.59656942730927e-06_5.59656942730927e-06_5.59656942730927e-06_5.59656942730927e-06
1016,2874,186-15-9-2-1,4.35288733235165e-06_4.35288733235165e-06_4.35288733235165e-06_4.35288733235165e-06_4.35288733235165e-06
1016,2875,185-41-9-2-1,3.10920523739404e-06_3.10920523739404e-06_3.10920523739404e-06_3.10920523739404e-06_3.10920523739404e-06
1016,2876,148-29-2-2-1,6.59151510327536e-05_6.59151510327536e-05_6.59151510327536e-05_6.59151510327536e-05_6.59151510327536e-05
1016,2877,44-13-6-2-1,1.43023440920126e-05_1.43023440920126e-05_1.43023440920126e-05_1.43023440920126e-05_1.43023440920126e-05
1016,2878,205-12-8-1-1,5.59656942730927e-06_5.59656942730927e-06_5.59656942730927e-06_5.59656942730927e-06_5.59656942730927e-06
1016,2879,148-29-2-2-1,1.49241851394914e-05_1.49241851394914e-05_1.49241851394914e-05_1.49241851394914e-05_1.49241851394914e-05
1016,2880,216-19-9-2-1,1.24368209495762e-05_1.24368209495762e-05_1.24368209495762e-05_1.24368209495762e-05_1.24368209495762e-05
1016,2881,225-31-9-2-1,2.61173239941099e-05_2.61173239941099e-05_2.61173239941099e-05_2.61173239941099e-05_2.61173239941099e-05
1016,2882,114-40-4-2-1,3.73104628487285e-06_3.73104628487285e-06_3.73104628487285e-06_3.73104628487285e-06_3.73104628487285e-06
1016,2883,170-43-4-2-1,2.48736418991523e-05_2.48736418991523e-05_2.48736418991523e-05_2.48736418991523e-05_2.48736418991523e-05
1016,2884,138-23-8-1-1,1.55460261869702e-05_1.55460261869702e-05_1.55460261869702e-05_1.55460261869702e-05_1.55460261869702e-05
1016,2885,174-15-9-2-1,5.59656942730927e-06_5.59656942730927e-06_5.59656942730927e-06_5.59656942730927e-06_5.59656942730927e-06
1016,2886,25-10-2-2-1,8.70577466470331e-06_8.70577466470331e-06_8.70577466470331e-06_8.70577466470331e-06_8.70577466470331e-06
1016,2887,55-22-8-1-1,3.10920523739404e-06_3.10920523739404e-06_3.10920523739404e-06_3.10920523739404e-06_3.10920523739404e-06
1016,2888,174-15-9-2-1,2.73610060890675e-05_2.73610060890675e-05_2.73610060890675e-05_2.73610060890675e-05_2.73610060890675e-05
1016,2889,109-28-5-1-1,1.05712978071397e-05_1.05712978071397e-05_1.05712978071397e-05_1.05712978071397e-05_1.05712978071397e-05
1016,2890,70-27-8-1-1,4.35288733235165e-06_4.35288733235165e-06_4.35288733235165e-06_4.35288733235165e-06_4.35288733235165e-06
1016,2891,185-41-9-2-1,1.05712978071397e-05_1.05712978071397e-05_1.05712978071397e-05_1.05712978071397e-05_1.05712978071397e-05
1016,2892,114-40-4-2-1,9.94945675966092e-06_9.94945675966092e-06_9.94945675966092e-06_9.94945675966092e-06_9.94945675966092e-06
1016,2893,112-14-4-2-1,3.73104628487285e-06_3.73104628487285e-06_3.73104628487285e-06_3.73104628487285e-06_3.73104628487285e-06
1016,2894,153-18-4-2-1,9.32761571218212e-06_9.32761571218212e-06_9.32761571218212e-06_9.32761571218212e-06_9.32761571218212e-06
1016,2895,83-33-5-1-1,1.24368209495762e-05_1.24368209495762e-05_1.24368209495762e-05_1.24368209495762e-05_1.24368209495762e-05
1016,2896,35-20-9-2-1,4.35288733235165e-06_4.35288733235165e-06_4.35288733235165e-06_4.35288733235165e-06_4.35288733235165e-06
1016,2897,127-30-1-1-1,4.35288733235165e-06_4.35288733235165e-06_4.35288733235165e-06_4.35288733235165e-06_4.35288733235165e-06
1016,2898,172-40-4-2-1,6.84025152226688e-06_6.84025152226688e-06_6.84025152226688e-06_6.84025152226688e-06_6.84025152226688e-06
1016,2899,172-40-4-2-1,3.73104628487285e-06_3.73104628487285e-06_3.73104628487285e-06_3.73104628487285e-06_3.73104628487285e-06
1016,2900,203-11-4-2-1,9.32761571218212e-06_9.32761571218212e-06_9.32761571218212e-06_9.32761571218212e-06_9.32761571218212e-06
1016,2901,55-22-8-1-1,3.73104628487285e-06_3.73104628487285e-06_3.73104628487285e-06_3.73104628487285e-06_3.73104628487285e-06
1016,2902,126-29-2-2-1,1.18149799020973e-05_1.18149799020973e-05_1.18149799020973e-05_1.18149799020973e-05_1.18149799020973e-05
1016,2903,208-30-1-1-1,2.17644366617583e-05_2.17644366617583e-05_2.17644366617583e-05_2.17644366617583e-05_2.17644366617583e-05
1016,2905,227-41-9-2-1,1.3058661997055e-05_1.3058661997055e-05_1.3058661997055e-05_1.3058661997055e-05_1.3058661997055e-05
1016,2906,129-21-4-2-1,1.36805030445338e-05_1.36805030445338e-05_1.36805030445338e-05_1.36805030445338e-05_1.36805030445338e-05
1016,2907,135-41-9-2-1,9.94945675966092e-06_9.94945675966092e-06_9.94945675966092e-06_9.94945675966092e-06_9.94945675966092e-06
1016,2908,227-41-9-2-1,2.48736418991523e-06_2.48736418991523e-06_2.48736418991523e-06_2.48736418991523e-06_2.48736418991523e-06
1016,2909,91-33-5-1-1,1.67897082819278e-05_1.67897082819278e-05_1.67897082819278e-05_1.67897082819278e-05_1.67897082819278e-05
1016,2910,128-7-4-2-1,4.35288733235165e-06_4.35288733235165e-06_4.35288733235165e-06_4.35288733235165e-06_4.35288733235165e-06
1016,2911,196-14-4-2-1,4.10415091336013e-05_4.10415091336013e-05_4.10415091336013e-05_4.10415091336013e-05_4.10415091336013e-05
1016,2912,112-14-4-2-1,4.35288733235165e-06_4.35288733235165e-06_4.35288733235165e-06_4.35288733235165e-06_4.35288733235165e-06
1016,2913,172-40-4-2-1,1.86552314243642e-06_1.86552314243642e-06_1.86552314243642e-06_1.86552314243642e-06_1.86552314243642e-06
1016,2914,44-13-6-2-1,7.46209256974569e-06_7.46209256974569e-06_7.46209256974569e-06_7.46209256974569e-06_7.46209256974569e-06
1016,2915,183-23-8-1-1,2.05207545668007e-05_2.05207545668007e-05_2.05207545668007e-05_2.05207545668007e-05_2.05207545668007e-05
1016,2916,112-14-4-2-1,6.84025152226688e-06_6.84025152226688e-06_6.84025152226688e-06_6.84025152226688e-06_6.84025152226688e-06
1016,2917,112-14-4-2-1,6.21841047478808e-06_6.21841047478808e-06_6.21841047478808e-06_6.21841047478808e-06_6.21841047478808e-06
1016,2919,7-4-4-2-1,3.73104628487285e-06_3.73104628487285e-06_3.73104628487285e-06_3.73104628487285e-06_3.73104628487285e-06
1016,2920,235-34-11-1-1,1.11931388546185e-05_1.11931388546185e-05_1.11931388546185e-05_1.11931388546185e-05_1.11931388546185e-05
1016,2921,167-18-4-2-1,4.10415091336013e-05_4.10415091336013e-05_4.10415091336013e-05_4.10415091336013e-05_4.10415091336013e-05
1016,2922,236-42-12-1-1,3.73104628487285e-06_3.73104628487285e-06_3.73104628487285e-06_3.73104628487285e-06_3.73104628487285e-06
1016,2923,145-25-8-1-1,0.000176602857483981_0.000176602857483981_0.000176602857483981_0.000176602857483981_0.000176602857483981
1016,2924,44-13-6-2-1,5.59656942730927e-06_5.59656942730927e-06_5.59656942730927e-06_5.59656942730927e-06_5.59656942730927e-06
1016,2925,70-27-8-1-1,6.21841047478808e-06_6.21841047478808e-06_6.21841047478808e-06_6.21841047478808e-06_6.21841047478808e-06
1016,2926,88-35-4-2-1,9.63853623592152e-05_9.63853623592152e-05_9.63853623592152e-05_9.63853623592152e-05_9.63853623592152e-05
1016,2927,170-43-4-2-1,6.34277868428384e-05_6.34277868428384e-05_6.34277868428384e-05_6.34277868428384e-05_6.34277868428384e-05
1016,2928,148-29-2-2-1,5.09909658932622e-05_5.09909658932622e-05_5.09909658932622e-05_5.09909658932622e-05_5.09909658932622e-05
1016,2929,67-2-2-2-1,6.4671468937796e-05_6.4671468937796e-05_6.4671468937796e-05_6.4671468937796e-05_6.4671468937796e-05
1016,2930,152-32-10-1-1,6.84025152226688e-06_6.84025152226688e-06_6.84025152226688e-06_6.84025152226688e-06_6.84025152226688e-06
1016,2931,25-10-2-2-1,3.73104628487285e-06_3.73104628487285e-06_3.73104628487285e-06_3.73104628487285e-06_3.73104628487285e-06
1016,2932,234-24-7-1-1,0.000133073984160465_0.000133073984160465_0.000133073984160465_0.000133073984160465_0.000133073984160465
1016,2933,170-43-4-2-1,6.21841047478808e-05_6.21841047478808e-05_6.21841047478808e-05_6.21841047478808e-05_6.21841047478808e-05
1016,2934,170-43-4-2-1,1.67897082819278e-05_1.67897082819278e-05_1.67897082819278e-05_1.67897082819278e-05_1.67897082819278e-05
1016,2935,208-30-1-1-1,3.73104628487285e-06_3.73104628487285e-06_3.73104628487285e-06_3.73104628487285e-06_3.73104628487285e-06
1016,2936,208-30-1-1-1,2.42518008516735e-05_2.42518008516735e-05_2.42518008516735e-05_2.42518008516735e-05_2.42518008516735e-05
1016,2937,4-4-4-2-1,8.89232697894695e-05_8.89232697894695e-05_8.89232697894695e-05_8.89232697894695e-05_8.89232697894695e-05
1016,2938,6-6-6-2-1,0.000134317666255422_0.000134317666255422_0.000134317666255422_0.000134317666255422_0.000134317666255422
1016,2939,71-29-2-2-1,1.86552314243642e-06_1.86552314243642e-06_1.86552314243642e-06_1.86552314243642e-06_1.86552314243642e-06
1016,2940,185-41-9-2-1,3.73104628487285e-06_3.73104628487285e-06_3.73104628487285e-06_3.73104628487285e-06_3.73104628487285e-06
1016,2941,116-36-10-1-1,1.18149799020973e-05_1.18149799020973e-05_1.18149799020973e-05_1.18149799020973e-05_1.18149799020973e-05
1016,2942,140-42-12-1-1,2.48736418991523e-05_2.48736418991523e-05_2.48736418991523e-05_2.48736418991523e-05_2.48736418991523e-05
1016,2943,152-32-10-1-1,3.10920523739404e-06_3.10920523739404e-06_3.10920523739404e-06_3.10920523739404e-06_3.10920523739404e-06
1016,2944,74-31-9-2-1,3.66886218012497e-05_3.66886218012497e-05_3.66886218012497e-05_3.66886218012497e-05_3.66886218012497e-05
1016,2945,175-20-9-2-1,2.30081187567159e-05_2.30081187567159e-05_2.30081187567159e-05_2.30081187567159e-05_2.30081187567159e-05
1016,2946,16-10-2-2-1,2.86046881840252e-05_2.86046881840252e-05_2.86046881840252e-05_2.86046881840252e-05_2.86046881840252e-05
1016,2947,148-29-2-2-1,2.05207545668007e-05_2.05207545668007e-05_2.05207545668007e-05_2.05207545668007e-05_2.05207545668007e-05
1016,2948,185-41-9-2-1,6.84025152226688e-06_6.84025152226688e-06_6.84025152226688e-06_6.84025152226688e-06_6.84025152226688e-06
1016,2949,131-13-6-2-1,0.000274231901938154_0.000274231901938154_0.000274231901938154_0.000274231901938154_0.000274231901938154
1016,2950,216-19-9-2-1,3.10920523739404e-06_3.10920523739404e-06_3.10920523739404e-06_3.10920523739404e-06_3.10920523739404e-06
1016,2951,183-23-8-1-1,3.73104628487285e-06_3.73104628487285e-06_3.73104628487285e-06_3.73104628487285e-06_3.73104628487285e-06
1016,2952,152-32-10-1-1,3.91759859911649e-05_3.91759859911649e-05_3.91759859911649e-05_3.91759859911649e-05_3.91759859911649e-05
1016,2953,180-40-4-2-1,3.2335734468898e-05_3.2335734468898e-05_3.2335734468898e-05_3.2335734468898e-05_3.2335734468898e-05
1016,2954,185-41-9-2-1,2.48736418991523e-06_2.48736418991523e-06_2.48736418991523e-06_2.48736418991523e-06_2.48736418991523e-06
1016,2955,44-13-6-2-1,7.46209256974569e-06_7.46209256974569e-06_7.46209256974569e-06_7.46209256974569e-06_7.46209256974569e-06
1016,2956,7-4-4-2-1,3.73104628487285e-06_3.73104628487285e-06_3.73104628487285e-06_3.73104628487285e-06_3.73104628487285e-06
1016,2957,205-12-8-1-1,3.10920523739404e-06_3.10920523739404e-06_3.10920523739404e-06_3.10920523739404e-06_3.10920523739404e-06
1016,2958,8-7-4-2-1,6.21841047478808e-06_6.21841047478808e-06_6.21841047478808e-06_6.21841047478808e-06_6.21841047478808e-06
1016,2959,161-36-10-1-1,8.70577466470331e-06_8.70577466470331e-06_8.70577466470331e-06_8.70577466470331e-06_8.70577466470331e-06
1016,2961,167-18-4-2-1,4.35288733235165e-06_4.35288733235165e-06_4.35288733235165e-06_4.35288733235165e-06_4.35288733235165e-06
1016,2962,196-14-4-2-1,2.05207545668007e-05_2.05207545668007e-05_2.05207545668007e-05_2.05207545668007e-05_2.05207545668007e-05
1016,2963,121-39-11-1-1,4.35288733235165e-06_4.35288733235165e-06_4.35288733235165e-06_4.35288733235165e-06_4.35288733235165e-06
1016,2964,176-20-9-2-1,2.11425956142795e-05_2.11425956142795e-05_2.11425956142795e-05_2.11425956142795e-05_2.11425956142795e-05
1016,2966,150-30-1-1-1,2.05207545668007e-05_2.05207545668007e-05_2.05207545668007e-05_2.05207545668007e-05_2.05207545668007e-05
1016,2968,107-6-6-2-1,0.000169762605961714_0.000169762605961714_0.000169762605961714_0.000169762605961714_0.000169762605961714
1016,2969,172-40-4-2-1,1.9277072471843e-05_1.9277072471843e-05_1.9277072471843e-05_1.9277072471843e-05_1.9277072471843e-05
1016,2970,8-7-4-2-1,4.97472837983046e-06_4.97472837983046e-06_4.97472837983046e-06_4.97472837983046e-06_4.97472837983046e-06
1016,2971,188-14-4-2-1,4.35288733235165e-06_4.35288733235165e-06_4.35288733235165e-06_4.35288733235165e-06_4.35288733235165e-06
1016,2973,185-41-9-2-1,1.18149799020973e-05_1.18149799020973e-05_1.18149799020973e-05_1.18149799020973e-05_1.18149799020973e-05
1016,2974,95-37-4-2-1,3.48230986588132e-05_3.48230986588132e-05_3.48230986588132e-05_3.48230986588132e-05_3.48230986588132e-05
1016,2975,188-14-4-2-1,2.98483702789828e-05_2.98483702789828e-05_2.98483702789828e-05_2.98483702789828e-05_2.98483702789828e-05
1016,2976,26-15-9-2-1,3.10920523739404e-06_3.10920523739404e-06_3.10920523739404e-06_3.10920523739404e-06_3.10920523739404e-06
1016,2977,227-41-9-2-1,3.10920523739404e-06_3.10920523739404e-06_3.10920523739404e-06_3.10920523739404e-06_3.10920523739404e-06
1016,2978,185-41-9-2-1,3.10920523739404e-06_3.10920523739404e-06_3.10920523739404e-06_3.10920523739404e-06_3.10920523739404e-06
1016,2979,128-7-4-2-1,0.000128721096828113_0.000128721096828113_0.000128721096828113_0.000128721096828113_0.000128721096828113
1016,2980,40-23-8-1-1,2.48736418991523e-06_2.48736418991523e-06_2.48736418991523e-06_2.48736418991523e-06_2.48736418991523e-06
1016,2981,128-7-4-2-1,3.73104628487285e-06_3.73104628487285e-06_3.73104628487285e-06_3.73104628487285e-06_3.73104628487285e-06
1016,2982,201-17-10-1-1,2.30081187567159e-05_2.30081187567159e-05_2.30081187567159e-05_2.30081187567159e-05_2.30081187567159e-05
1016,2983,213-15-9-2-1,2.05207545668007e-05_2.05207545668007e-05_2.05207545668007e-05_2.05207545668007e-05_2.05207545668007e-05
1016,2984,152-32-10-1-1,3.10920523739404e-06_3.10920523739404e-06_3.10920523739404e-06_3.10920523739404e-06_3.10920523739404e-06
1016,2985,63-27-8-1-1,5.59656942730927e-06_5.59656942730927e-06_5.59656942730927e-06_5.59656942730927e-06_5.59656942730927e-06
1016,2987,58-13-6-2-1,1.67897082819278e-05_1.67897082819278e-05_1.67897082819278e-05_1.67897082819278e-05_1.67897082819278e-05
1016,2988,159-4-4-2-1,4.97472837983046e-06_4.97472837983046e-06_4.97472837983046e-06_4.97472837983046e-06_4.97472837983046e-06
1016,2989,44-13-6-2-1,0.000214535161380189_0.000214535161380189_0.000214535161380189_0.000214535161380189_0.000214535161380189
1016,2990,191-37-4-2-1,4.35288733235165e-06_4.35288733235165e-06_4.35288733235165e-06_4.35288733235165e-06_4.35288733235165e-06
1016,2991,185-41-9-2-1,3.10920523739404e-06_3.10920523739404e-06_3.10920523739404e-06_3.10920523739404e-06_3.10920523739404e-06
1016,2992,180-40-4-2-1,1.11931388546185e-05_1.11931388546185e-05_1.11931388546185e-05_1.11931388546185e-05_1.11931388546185e-05
1016,2993,172-40-4-2-1,1.9277072471843e-05_1.9277072471843e-05_1.9277072471843e-05_1.9277072471843e-05_1.9277072471843e-05
1016,2994,57-7-4-2-1,1.18149799020973e-05_1.18149799020973e-05_1.18149799020973e-05_1.18149799020973e-05_1.18149799020973e-05
1016,2995,175-20-9-2-1,4.35288733235165e-06_4.35288733235165e-06_4.35288733235165e-06_4.35288733235165e-06_4.35288733235165e-06
1016,2996,172-40-4-2-1,3.10920523739404e-06_3.10920523739404e-06_3.10920523739404e-06_3.10920523739404e-06_3.10920523739404e-06
1016,2997,71-29-2-2-1,4.97472837983046e-06_4.97472837983046e-06_4.97472837983046e-06_4.97472837983046e-06_4.97472837983046e-06
1016,2998,177-7-4-2-1,7.46209256974569e-06_7.46209256974569e-06_7.46209256974569e-06_7.46209256974569e-06_7.46209256974569e-06
1016,2999,45-5-5-1-1,8.0839336172245e-06_8.0839336172245e-06_8.0839336172245e-06_8.0839336172245e-06_8.0839336172245e-06
1016,3000,151-19-9-2-1,9.32761571218212e-06_9.32761571218212e-06_9.32761571218212e-06_9.32761571218212e-06_9.32761571218212e-06
1016,3001,189-12-8-1-1,2.36299598041947e-05_2.36299598041947e-05_2.36299598041947e-05_2.36299598041947e-05_2.36299598041947e-05
1016,3002,175-20-9-2-1,1.24368209495762e-05_1.24368209495762e-05_1.24368209495762e-05_1.24368209495762e-05_1.24368209495762e-05
1016,3003,45-5-5-1-1,4.35288733235165e-06_4.35288733235165e-06_4.35288733235165e-06_4.35288733235165e-06_4.35288733235165e-06
1016,3004,185-41-9-2-1,2.48736418991523e-06_2.48736418991523e-06_2.48736418991523e-06_2.48736418991523e-06_2.48736418991523e-06
1016,3005,172-40-4-2-1,3.73104628487285e-06_3.73104628487285e-06_3.73104628487285e-06_3.73104628487285e-06_3.73104628487285e-06
1016,3006,177-7-4-2-1,3.73104628487285e-06_3.73104628487285e-06_3.73104628487285e-06_3.73104628487285e-06_3.73104628487285e-06
1016,3007,98-27-8-1-1,1.49241851394914e-05_1.49241851394914e-05_1.49241851394914e-05_1.49241851394914e-05_1.49241851394914e-05
1016,3008,5-5-5-1-1,4.97472837983046e-06_4.97472837983046e-06_4.97472837983046e-06_4.97472837983046e-06_4.97472837983046e-06
1016,3009,112-14-4-2-1,3.10920523739404e-06_3.10920523739404e-06_3.10920523739404e-06_3.10920523739404e-06_3.10920523739404e-06
1016,3010,127-30-1-1-1,3.73104628487285e-06_3.73104628487285e-06_3.73104628487285e-06_3.73104628487285e-06_3.73104628487285e-06
1016,3011,216-19-9-2-1,6.84025152226688e-06_6.84025152226688e-06_6.84025152226688e-06_6.84025152226688e-06_6.84025152226688e-06
1016,3012,123-41-9-2-1,1.9277072471843e-05_1.9277072471843e-05_1.9277072471843e-05_1.9277072471843e-05_1.9277072471843e-05
1016,3013,112-14-4-2-1,3.10920523739404e-06_3.10920523739404e-06_3.10920523739404e-06_3.10920523739404e-06_3.10920523739404e-06
1016,3014,180-40-4-2-1,5.59656942730927e-06_5.59656942730927e-06_5.59656942730927e-06_5.59656942730927e-06_5.59656942730927e-06
1016,3015,175-20-9-2-1,2.54954829466311e-05_2.54954829466311e-05_2.54954829466311e-05_2.54954829466311e-05_2.54954829466311e-05
1016,3016,212-41-9-2-1,1.67897082819278e-05_1.67897082819278e-05_1.67897082819278e-05_1.67897082819278e-05_1.67897082819278e-05
1016,3017,212-41-9-2-1,3.73104628487285e-06_3.73104628487285e-06_3.73104628487285e-06_3.73104628487285e-06_3.73104628487285e-06
1016,3018,4-4-4-2-1,4.97472837983046e-06_4.97472837983046e-06_4.97472837983046e-06_4.97472837983046e-06_4.97472837983046e-06
1016,3020,212-41-9-2-1,6.21841047478808e-06_6.21841047478808e-06_6.21841047478808e-06_6.21841047478808e-06_6.21841047478808e-06
1016,3021,8-7-4-2-1,3.10920523739404e-06_3.10920523739404e-06_3.10920523739404e-06_3.10920523739404e-06_3.10920523739404e-06
1016,3022,212-41-9-2-1,3.10920523739404e-06_3.10920523739404e-06_3.10920523739404e-06_3.10920523739404e-06_3.10920523739404e-06
1016,3023,185-41-9-2-1,5.59656942730927e-06_5.59656942730927e-06_5.59656942730927e-06_5.59656942730927e-06_5.59656942730927e-06
1016,3024,126-29-2-2-1,3.10920523739404e-06_3.10920523739404e-06_3.10920523739404e-06_3.10920523739404e-06_3.10920523739404e-06
1016,3025,205-12-8-1-1,0.000203963863573049_0.000203963863573049_0.000203963863573049_0.000203963863573049_0.000203963863573049
1016,3026,40-23-8-1-1,3.73104628487285e-06_3.73104628487285e-06_3.73104628487285e-06_3.73104628487285e-06_3.73104628487285e-06
1016,3027,200-15-9-2-1,0.00013058661997055_0.00013058661997055_0.00013058661997055_0.00013058661997055_0.00013058661997055
1016,3028,29-17-10-1-1,2.23862777092371e-05_2.23862777092371e-05_2.23862777092371e-05_2.23862777092371e-05_2.23862777092371e-05
1016,3029,76-4-4-2-1,4.35288733235165e-06_4.35288733235165e-06_4.35288733235165e-06_4.35288733235165e-06_4.35288733235165e-06
1016,3030,227-41-9-2-1,8.0839336172245e-06_8.0839336172245e-06_8.0839336172245e-06_8.0839336172245e-06_8.0839336172245e-06
1016,3031,76-4-4-2-1,2.54954829466311e-05_2.54954829466311e-05_2.54954829466311e-05_2.54954829466311e-05_2.54954829466311e-05
1016,3032,186-15-9-2-1,2.36299598041947e-05_2.36299598041947e-05_2.36299598041947e-05_2.36299598041947e-05_2.36299598041947e-05
1016,3033,149-16-2-2-1,8.70577466470331e-06_8.70577466470331e-06_8.70577466470331e-06_8.70577466470331e-06_8.70577466470331e-06
1016,3034,140-42-12-1-1,1.11931388546185e-05_1.11931388546185e-05_1.11931388546185e-05_1.11931388546185e-05_1.11931388546185e-05
1016,3035,44-13-6-2-1,3.73104628487285e-06_3.73104628487285e-06_3.73104628487285e-06_3.73104628487285e-06_3.73104628487285e-06
1016,3036,177-7-4-2-1,5.59656942730927e-06_5.59656942730927e-06_5.59656942730927e-06_5.59656942730927e-06_5.59656942730927e-06
1016,3037,196-14-4-2-1,5.59656942730927e-06_5.59656942730927e-06_5.59656942730927e-06_5.59656942730927e-06_5.59656942730927e-06
1016,3038,216-19-9-2-1,3.10920523739404e-06_3.10920523739404e-06_3.10920523739404e-06_3.10920523739404e-06_3.10920523739404e-06
1016,3039,152-32-10-1-1,3.10920523739404e-06_3.10920523739404e-06_3.10920523739404e-06_3.10920523739404e-06_3.10920523739404e-06
1016,3040,82-6-6-2-1,0.000161056831297011_0.000161056831297011_0.000161056831297011_0.000161056831297011_0.000161056831297011
1016,3041,137-26-4-2-1,5.59656942730927e-06_5.59656942730927e-06_5.59656942730927e-06_5.59656942730927e-06_5.59656942730927e-06
1016,3042,141-42-12-1-1,6.21841047478808e-06_6.21841047478808e-06_6.21841047478808e-06_6.21841047478808e-06_6.21841047478808e-06
1016,3043,185-41-9-2-1,3.10920523739404e-06_3.10920523739404e-06_3.10920523739404e-06_3.10920523739404e-06_3.10920523739404e-06
1016,3044,186-15-9-2-1,9.32761571218212e-06_9.32761571218212e-06_9.32761571218212e-06_9.32761571218212e-06_9.32761571218212e-06
1016,3045,184-31-9-2-1,0.000468246308751542_0.000468246308751542_0.000468246308751542_0.000468246308751542_0.000468246308751542
1016,3046,185-41-9-2-1,3.10920523739404e-06_3.10920523739404e-06_3.10920523739404e-06_3.10920523739404e-06_3.10920523739404e-06
1016,3047,23-10-2-2-1,0.000262416922036057_0.000262416922036057_0.000262416922036057_0.000262416922036057_0.000262416922036057
1016,3048,95-37-4-2-1,0.000143023440920126_0.000143023440920126_0.000143023440920126_0.000143023440920126_0.000143023440920126
1016,3049,140-42-12-1-1,3.73104628487285e-06_3.73104628487285e-06_3.73104628487285e-06_3.73104628487285e-06_3.73104628487285e-06
1016,3050,194-31-9-2-1,2.79828471365463e-05_2.79828471365463e-05_2.79828471365463e-05_2.79828471365463e-05_2.79828471365463e-05
1016,3051,142-42-12-1-1,3.10920523739404e-06_3.10920523739404e-06_3.10920523739404e-06_3.10920523739404e-06_3.10920523739404e-06
1016,3052,222-35-4-2-1,2.48736418991523e-06_2.48736418991523e-06_2.48736418991523e-06_2.48736418991523e-06_2.48736418991523e-06
1016,3053,184-31-9-2-1,0.000192148883670952_0.000192148883670952_0.000192148883670952_0.000192148883670952_0.000192148883670952
1016,3054,79-32-10-1-1,3.10920523739404e-06_3.10920523739404e-06_3.10920523739404e-06_3.10920523739404e-06_3.10920523739404e-06
1016,3055,95-37-4-2-1,3.10920523739404e-06_3.10920523739404e-06_3.10920523739404e-06_3.10920523739404e-06_3.10920523739404e-06
1016,3056,71-29-2-2-1,1.05712978071397e-05_1.05712978071397e-05_1.05712978071397e-05_1.05712978071397e-05_1.05712978071397e-05
1016,3057,172-40-4-2-1,3.73104628487285e-06_3.73104628487285e-06_3.73104628487285e-06_3.73104628487285e-06_3.73104628487285e-06
1016,3058,70-27-8-1-1,3.73104628487285e-06_3.73104628487285e-06_3.73104628487285e-06_3.73104628487285e-06_3.73104628487285e-06
1016,3059,122-16-2-2-1,6.84025152226688e-06_6.84025152226688e-06_6.84025152226688e-06_6.84025152226688e-06_6.84025152226688e-06
1016,3060,201-17-10-1-1,3.48230986588132e-05_3.48230986588132e-05_3.48230986588132e-05_3.48230986588132e-05_3.48230986588132e-05
1016,3061,166-18-4-2-1,8.70577466470331e-06_8.70577466470331e-06_8.70577466470331e-06_8.70577466470331e-06_8.70577466470331e-06
1016,3062,74-31-9-2-1,1.3058661997055e-05_1.3058661997055e-05_1.3058661997055e-05_1.3058661997055e-05_1.3058661997055e-05
1016,3063,11-4-4-2-1,6.84025152226688e-06_6.84025152226688e-06_6.84025152226688e-06_6.84025152226688e-06_6.84025152226688e-06
1016,3064,32-18-4-2-1,3.10920523739404e-05_3.10920523739404e-05_3.10920523739404e-05_3.10920523739404e-05_3.10920523739404e-05
1016,3065,199-19-9-2-1,3.73104628487285e-06_3.73104628487285e-06_3.73104628487285e-06_3.73104628487285e-06_3.73104628487285e-06
1016,3066,224-39-11-1-1,7.46209256974569e-06_7.46209256974569e-06_7.46209256974569e-06_7.46209256974569e-06_7.46209256974569e-06
1016,3067,196-14-4-2-1,4.41507143709953e-05_4.41507143709953e-05_4.41507143709953e-05_4.41507143709953e-05_4.41507143709953e-05
1016,3068,49-22-8-1-1,7.46209256974569e-06_7.46209256974569e-06_7.46209256974569e-06_7.46209256974569e-06_7.46209256974569e-06
1016,3069,55-22-8-1-1,4.35288733235165e-06_4.35288733235165e-06_4.35288733235165e-06_4.35288733235165e-06_4.35288733235165e-06
1016,3070,166-18-4-2-1,2.54954829466311e-05_2.54954829466311e-05_2.54954829466311e-05_2.54954829466311e-05_2.54954829466311e-05
1016,3071,79-32-10-1-1,1.24368209495762e-05_1.24368209495762e-05_1.24368209495762e-05_1.24368209495762e-05_1.24368209495762e-05
1016,3072,161-36-10-1-1,1.74115493294066e-05_1.74115493294066e-05_1.74115493294066e-05_1.74115493294066e-05_1.74115493294066e-05
1016,3073,127-30-1-1-1,5.1612806940741e-05_5.1612806940741e-05_5.1612806940741e-05_5.1612806940741e-05_5.1612806940741e-05
1016,3074,186-15-9-2-1,3.10920523739404e-06_3.10920523739404e-06_3.10920523739404e-06_3.10920523739404e-06_3.10920523739404e-06
1016,3075,149-16-2-2-1,3.35794165638556e-05_3.35794165638556e-05_3.35794165638556e-05_3.35794165638556e-05_3.35794165638556e-05
1016,3076,149-16-2-2-1,4.97472837983046e-06_4.97472837983046e-06_4.97472837983046e-06_4.97472837983046e-06_4.97472837983046e-06
1016,3077,66-29-2-2-1,7.7730130934851e-05_7.7730130934851e-05_7.7730130934851e-05_7.7730130934851e-05_7.7730130934851e-05
1016,3078,39-22-8-1-1,1.80333903768854e-05_1.80333903768854e-05_1.80333903768854e-05_1.80333903768854e-05_1.80333903768854e-05
1016,3079,195-37-4-2-1,4.29070322760377e-05_4.29070322760377e-05_4.29070322760377e-05_4.29070322760377e-05_4.29070322760377e-05
1016,3080,17-11-4-2-1,8.70577466470331e-06_8.70577466470331e-06_8.70577466470331e-06_8.70577466470331e-06_8.70577466470331e-06
1016,3081,174-15-9-2-1,8.0839336172245e-05_8.0839336172245e-05_8.0839336172245e-05_8.0839336172245e-05_8.0839336172245e-05
1016,3082,152-32-10-1-1,1.24368209495762e-05_1.24368209495762e-05_1.24368209495762e-05_1.24368209495762e-05_1.24368209495762e-05
1016,3083,10-3-3-1-1,8.33267003621602e-05_8.33267003621602e-05_8.33267003621602e-05_8.33267003621602e-05_8.33267003621602e-05
1016,3084,177-7-4-2-1,2.61173239941099e-05_2.61173239941099e-05_2.61173239941099e-05_2.61173239941099e-05_2.61173239941099e-05
1016,3085,80-11-4-2-1,0.000143645281967605_0.000143645281967605_0.000143645281967605_0.000143645281967605_0.000143645281967605
1016,3086,68-30-1-1-1,1.49241851394914e-05_1.49241851394914e-05_1.49241851394914e-05_1.49241851394914e-05_1.49241851394914e-05
1016,3087,172-40-4-2-1,5.59656942730927e-06_5.59656942730927e-06_5.59656942730927e-06_5.59656942730927e-06_5.59656942730927e-06
1016,3088,122-16-2-2-1,8.51922235045966e-05_8.51922235045966e-05_8.51922235045966e-05_8.51922235045966e-05_8.51922235045966e-05
1016,3089,122-16-2-2-1,2.67391650415887e-05_2.67391650415887e-05_2.67391650415887e-05_2.67391650415887e-05_2.67391650415887e-05
1016,3090,160-30-1-1-1,3.91759859911649e-05_3.91759859911649e-05_3.91759859911649e-05_3.91759859911649e-05_3.91759859911649e-05
1016,3091,142-42-12-1-1,7.46209256974569e-06_7.46209256974569e-06_7.46209256974569e-06_7.46209256974569e-06_7.46209256974569e-06
1016,3092,129-21-4-2-1,3.10920523739404e-06_3.10920523739404e-06_3.10920523739404e-06_3.10920523739404e-06_3.10920523739404e-06
1016,3093,161-36-10-1-1,4.97472837983046e-06_4.97472837983046e-06_4.97472837983046e-06_4.97472837983046e-06_4.97472837983046e-06
1016,3094,91-33-5-1-1,3.73104628487285e-06_3.73104628487285e-06_3.73104628487285e-06_3.73104628487285e-06_3.73104628487285e-06
1016,3095,137-26-4-2-1,0.000117527957973495_0.000117527957973495_0.000117527957973495_0.000117527957973495_0.000117527957973495
1016,3096,176-20-9-2-1,9.32761571218212e-06_9.32761571218212e-06_9.32761571218212e-06_9.32761571218212e-06_9.32761571218212e-06
1016,3097,23-10-2-2-1,1.80333903768854e-05_1.80333903768854e-05_1.80333903768854e-05_1.80333903768854e-05_1.80333903768854e-05
1016,3098,128-7-4-2-1,1.67897082819278e-05_1.67897082819278e-05_1.67897082819278e-05_1.67897082819278e-05_1.67897082819278e-05
1016,3099,26-15-9-2-1,2.30081187567159e-05_2.30081187567159e-05_2.30081187567159e-05_2.30081187567159e-05_2.30081187567159e-05
1016,3100,26-15-9-2-1,2.17644366617583e-05_2.17644366617583e-05_2.17644366617583e-05_2.17644366617583e-05_2.17644366617583e-05
1016,3101,140-42-12-1-1,3.73104628487285e-06_3.73104628487285e-06_3.73104628487285e-06_3.73104628487285e-06_3.73104628487285e-06
1016,3102,186-15-9-2-1,1.6167867234449e-05_1.6167867234449e-05_1.6167867234449e-05_1.6167867234449e-05_1.6167867234449e-05
1016,3103,172-40-4-2-1,3.10920523739404e-06_3.10920523739404e-06_3.10920523739404e-06_3.10920523739404e-06_3.10920523739404e-06
1016,3104,36-6-6-2-1,0.000129342937875592_0.000129342937875592_0.000129342937875592_0.000129342937875592_0.000129342937875592
1016,3105,74-31-9-2-1,6.4671468937796e-05_6.4671468937796e-05_6.4671468937796e-05_6.4671468937796e-05_6.4671468937796e-05
1016,3106,163-43-4-2-1,1.86552314243642e-05_1.86552314243642e-05_1.86552314243642e-05_1.86552314243642e-05_1.86552314243642e-05
1016,3107,172-40-4-2-1,1.18149799020973e-05_1.18149799020973e-05_1.18149799020973e-05_1.18149799020973e-05_1.18149799020973e-05
1016,3109,167-18-4-2-1,3.73104628487285e-06_3.73104628487285e-06_3.73104628487285e-06_3.73104628487285e-06_3.73104628487285e-06
1016,3110,181-40-4-2-1,0.000129342937875592_0.000129342937875592_0.000129342937875592_0.000129342937875592_0.000129342937875592
1016,3111,190-20-9-2-1,1.05712978071397e-05_1.05712978071397e-05_1.05712978071397e-05_1.05712978071397e-05_1.05712978071397e-05
1016,3112,185-41-9-2-1,3.73104628487285e-06_3.73104628487285e-06_3.73104628487285e-06_3.73104628487285e-06_3.73104628487285e-06
1016,3113,181-40-4-2-1,6.52933099852748e-05_6.52933099852748e-05_6.52933099852748e-05_6.52933099852748e-05_6.52933099852748e-05
1016,3114,125-30-1-1-1,0.000169140764914236_0.000169140764914236_0.000169140764914236_0.000169140764914236_0.000169140764914236
1016,3115,29-17-10-1-1,5.34783300831775e-05_5.34783300831775e-05_5.34783300831775e-05_5.34783300831775e-05_5.34783300831775e-05
1016,3116,117-27-8-1-1,0.000449591077327178_0.000449591077327178_0.000449591077327178_0.000449591077327178_0.000449591077327178
1016,3118,191-37-4-2-1,6.84025152226688e-06_6.84025152226688e-06_6.84025152226688e-06_6.84025152226688e-06_6.84025152226688e-06
1016,3119,172-40-4-2-1,4.97472837983046e-06_4.97472837983046e-06_4.97472837983046e-06_4.97472837983046e-06_4.97472837983046e-06
1016,3120,149-16-2-2-1,1.67897082819278e-05_1.67897082819278e-05_1.67897082819278e-05_1.67897082819278e-05_1.67897082819278e-05
1016,3121,4-4-4-2-1,3.73104628487285e-06_3.73104628487285e-06_3.73104628487285e-06_3.73104628487285e-06_3.73104628487285e-06
1016,3122,163-43-4-2-1,4.97472837983046e-06_4.97472837983046e-06_4.97472837983046e-06_4.97472837983046e-06_4.97472837983046e-06
1016,3123,180-40-4-2-1,1.24368209495762e-05_1.24368209495762e-05_1.24368209495762e-05_1.24368209495762e-05_1.24368209495762e-05
1016,3124,57-7-4-2-1,7.46209256974569e-06_7.46209256974569e-06_7.46209256974569e-06_7.46209256974569e-06_7.46209256974569e-06
1016,3125,6-6-6-2-1,4.72599196083894e-05_4.72599196083894e-05_4.72599196083894e-05_4.72599196083894e-05_4.72599196083894e-05
1016,3126,163-43-4-2-1,9.32761571218212e-06_9.32761571218212e-06_9.32761571218212e-06_9.32761571218212e-06_9.32761571218212e-06
1016,3127,71-29-2-2-1,8.70577466470331e-06_8.70577466470331e-06_8.70577466470331e-06_8.70577466470331e-06_8.70577466470331e-06
1016,3128,142-42-12-1-1,1.43023440920126e-05_1.43023440920126e-05_1.43023440920126e-05_1.43023440920126e-05_1.43023440920126e-05
1016,3130,70-27-8-1-1,8.70577466470331e-06_8.70577466470331e-06_8.70577466470331e-06_8.70577466470331e-06_8.70577466470331e-06
1016,3132,93-16-2-2-1,3.73104628487285e-05_3.73104628487285e-05_3.73104628487285e-05_3.73104628487285e-05_3.73104628487285e-05
1016,3133,161-36-10-1-1,4.35288733235165e-06_4.35288733235165e-06_4.35288733235165e-06_4.35288733235165e-06_4.35288733235165e-06
1016,3134,75-1-1-1-1,3.73104628487285e-06_3.73104628487285e-06_3.73104628487285e-06_3.73104628487285e-06_3.73104628487285e-06
1016,3135,114-40-4-2-1,9.32761571218212e-06_9.32761571218212e-06_9.32761571218212e-06_9.32761571218212e-06_9.32761571218212e-06
1016,3136,151-19-9-2-1,1.49241851394914e-05_1.49241851394914e-05_1.49241851394914e-05_1.49241851394914e-05_1.49241851394914e-05
1016,3137,172-40-4-2-1,4.97472837983046e-06_4.97472837983046e-06_4.97472837983046e-06_4.97472837983046e-06_4.97472837983046e-06
1016,3138,122-16-2-2-1,3.73104628487285e-05_3.73104628487285e-05_3.73104628487285e-05_3.73104628487285e-05_3.73104628487285e-05
1016,3139,185-41-9-2-1,3.73104628487285e-06_3.73104628487285e-06_3.73104628487285e-06_3.73104628487285e-06_3.73104628487285e-06
1016,3140,185-41-9-2-1,3.73104628487285e-06_3.73104628487285e-06_3.73104628487285e-06_3.73104628487285e-06_3.73104628487285e-06
1016,3141,135-41-9-2-1,2.73610060890675e-05_2.73610060890675e-05_2.73610060890675e-05_2.73610060890675e-05_2.73610060890675e-05
1016,3142,160-30-1-1-1,1.98989135193218e-05_1.98989135193218e-05_1.98989135193218e-05_1.98989135193218e-05_1.98989135193218e-05
1016,3143,186-15-9-2-1,2.36299598041947e-05_2.36299598041947e-05_2.36299598041947e-05_2.36299598041947e-05_2.36299598041947e-05
1016,3144,34-19-9-2-1,1.36805030445338e-05_1.36805030445338e-05_1.36805030445338e-05_1.36805030445338e-05_1.36805030445338e-05
1016,3145,185-41-9-2-1,3.10920523739404e-06_3.10920523739404e-06_3.10920523739404e-06_3.10920523739404e-06_3.10920523739404e-06
1016,3146,63-27-8-1-1,0.000291643451267561_0.000291643451267561_0.000291643451267561_0.000291643451267561_0.000291643451267561
1016,3147,151-19-9-2-1,4.97472837983046e-06_4.97472837983046e-06_4.97472837983046e-06_4.97472837983046e-06_4.97472837983046e-06
1016,3148,63-27-8-1-1,0.000119393481115931_0.000119393481115931_0.000119393481115931_0.000119393481115931_0.000119393481115931
1016,3149,191-37-4-2-1,6.34277868428384e-05_6.34277868428384e-05_6.34277868428384e-05_6.34277868428384e-05_6.34277868428384e-05
1016,3150,140-42-12-1-1,3.73104628487285e-06_3.73104628487285e-06_3.73104628487285e-06_3.73104628487285e-06_3.73104628487285e-06
1016,3151,126-29-2-2-1,0.000120637163210889_0.000120637163210889_0.000120637163210889_0.000120637163210889_0.000120637163210889
1016,3152,185-41-9-2-1,6.21841047478808e-06_6.21841047478808e-06_6.21841047478808e-06_6.21841047478808e-06_6.21841047478808e-06
1016,3153,153-18-4-2-1,9.94945675966092e-06_9.94945675966092e-06_9.94945675966092e-06_9.94945675966092e-06_9.94945675966092e-06
1016,3154,142-42-12-1-1,3.73104628487285e-06_3.73104628487285e-06_3.73104628487285e-06_3.73104628487285e-06_3.73104628487285e-06
1016,3155,142-42-12-1-1,3.10920523739404e-06_3.10920523739404e-06_3.10920523739404e-06_3.10920523739404e-06_3.10920523739404e-06
1016,3156,10-3-3-1-1,0.000190283360528515_0.000190283360528515_0.000190283360528515_0.000190283360528515_0.000190283360528515
1016,3157,160-30-1-1-1,1.24368209495762e-05_1.24368209495762e-05_1.24368209495762e-05_1.24368209495762e-05_1.24368209495762e-05
1016,3158,213-15-9-2-1,8.0839336172245e-06_8.0839336172245e-06_8.0839336172245e-06_8.0839336172245e-06_8.0839336172245e-06
1016,3159,169-32-10-1-1,9.76290444541728e-05_9.76290444541728e-05_9.76290444541728e-05_9.76290444541728e-05_9.76290444541728e-05
1016,3160,227-41-9-2-1,8.0839336172245e-06_8.0839336172245e-06_8.0839336172245e-06_8.0839336172245e-06_8.0839336172245e-06
1016,3162,172-40-4-2-1,4.35288733235165e-06_4.35288733235165e-06_4.35288733235165e-06_4.35288733235165e-06_4.35288733235165e-06
1016,3163,129-21-4-2-1,6.84025152226688e-06_6.84025152226688e-06_6.84025152226688e-06_6.84025152226688e-06_6.84025152226688e-06
1016,3164,127-30-1-1-1,6.84025152226688e-06_6.84025152226688e-06_6.84025152226688e-06_6.84025152226688e-06_6.84025152226688e-06
1016,3165,44-13-6-2-1,4.35288733235165e-06_4.35288733235165e-06_4.35288733235165e-06_4.35288733235165e-06_4.35288733235165e-06
1016,3166,160-30-1-1-1,8.0839336172245e-06_8.0839336172245e-06_8.0839336172245e-06_8.0839336172245e-06_8.0839336172245e-06
1016,3167,76-4-4-2-1,6.21841047478808e-06_6.21841047478808e-06_6.21841047478808e-06_6.21841047478808e-06_6.21841047478808e-06
1016,3168,229-5-5-1-1,5.96967405579655e-05_5.96967405579655e-05_5.96967405579655e-05_5.96967405579655e-05_5.96967405579655e-05
1016,3169,8-7-4-2-1,4.35288733235165e-06_4.35288733235165e-06_4.35288733235165e-06_4.35288733235165e-06_4.35288733235165e-06
1016,3170,122-16-2-2-1,3.73104628487285e-06_3.73104628487285e-06_3.73104628487285e-06_3.73104628487285e-06_3.73104628487285e-06
1016,3171,35-20-9-2-1,3.73104628487285e-06_3.73104628487285e-06_3.73104628487285e-06_3.73104628487285e-06_3.73104628487285e-06
1016,3172,152-32-10-1-1,4.97472837983046e-06_4.97472837983046e-06_4.97472837983046e-06_4.97472837983046e-06_4.97472837983046e-06
1016,3173,138-23-8-1-1,4.35288733235165e-06_4.35288733235165e-06_4.35288733235165e-06_4.35288733235165e-06_4.35288733235165e-06
1016,3174,102-13-6-2-1,7.52427667449357e-05_7.52427667449357e-05_7.52427667449357e-05_7.52427667449357e-05_7.52427667449357e-05
1016,3175,185-41-9-2-1,3.10920523739404e-06_3.10920523739404e-06_3.10920523739404e-06_3.10920523739404e-06_3.10920523739404e-06
1016,3176,74-31-9-2-1,2.11425956142795e-05_2.11425956142795e-05_2.11425956142795e-05_2.11425956142795e-05_2.11425956142795e-05
1016,3177,26-15-9-2-1,3.10920523739404e-06_3.10920523739404e-06_3.10920523739404e-06_3.10920523739404e-06_3.10920523739404e-06
1016,3178,230-14-4-2-1,2.11425956142795e-05_2.11425956142795e-05_2.11425956142795e-05_2.11425956142795e-05_2.11425956142795e-05
1016,3179,112-14-4-2-1,4.35288733235165e-06_4.35288733235165e-06_4.35288733235165e-06_4.35288733235165e-06_4.35288733235165e-06
1016,3180,112-14-4-2-1,1.6167867234449e-05_1.6167867234449e-05_1.6167867234449e-05_1.6167867234449e-05_1.6167867234449e-05
1016,3181,230-14-4-2-1,1.05712978071397e-05_1.05712978071397e-05_1.05712978071397e-05_1.05712978071397e-05_1.05712978071397e-05
1016,3182,89-13-6-2-1,6.84025152226688e-05_6.84025152226688e-05_6.84025152226688e-05_6.84025152226688e-05_6.84025152226688e-05
1016,3183,8-7-4-2-1,3.73104628487285e-05_3.73104628487285e-05_3.73104628487285e-05_3.73104628487285e-05_3.73104628487285e-05
1016,3184,70-27-8-1-1,0.000179090221673897_0.000179090221673897_0.000179090221673897_0.000179090221673897_0.000179090221673897
1016,3185,70-27-8-1-1,1.24368209495762e-05_1.24368209495762e-05_1.24368209495762e-05_1.24368209495762e-05_1.24368209495762e-05
1016,3186,228-17-10-1-1,9.32761571218212e-06_9.32761571218212e-06_9.32761571218212e-06_9.32761571218212e-06_9.32761571218212e-06
1016,3187,70-27-8-1-1,8.20830182672026e-05_8.20830182672026e-05_8.20830182672026e-05_8.20830182672026e-05_8.20830182672026e-05
1016,3188,186-15-9-2-1,1.6167867234449e-05_1.6167867234449e-05_1.6167867234449e-05_1.6167867234449e-05_1.6167867234449e-05
1016,3189,122-16-2-2-1,3.73104628487285e-06_3.73104628487285e-06_3.73104628487285e-06_3.73104628487285e-06_3.73104628487285e-06
1016,3190,140-42-12-1-1,3.73104628487285e-06_3.73104628487285e-06_3.73104628487285e-06_3.73104628487285e-06_3.73104628487285e-06
1016,3191,114-40-4-2-1,2.42518008516735e-05_2.42518008516735e-05_2.42518008516735e-05_2.42518008516735e-05_2.42518008516735e-05
1016,3192,172-40-4-2-1,3.10920523739404e-06_3.10920523739404e-06_3.10920523739404e-06_3.10920523739404e-06_3.10920523739404e-06
1016,3193,128-7-4-2-1,4.97472837983046e-06_4.97472837983046e-06_4.97472837983046e-06_4.97472837983046e-06_4.97472837983046e-06
1016,3194,185-41-9-2-1,3.10920523739404e-06_3.10920523739404e-06_3.10920523739404e-06_3.10920523739404e-06_3.10920523739404e-06
1016,3195,39-22-8-1-1,8.70577466470331e-06_8.70577466470331e-06_8.70577466470331e-06_8.70577466470331e-06_8.70577466470331e-06
1016,3196,199-19-9-2-1,1.49241851394914e-05_1.49241851394914e-05_1.49241851394914e-05_1.49241851394914e-05_1.49241851394914e-05
1016,3197,83-33-5-1-1,2.86046881840252e-05_2.86046881840252e-05_2.86046881840252e-05_2.86046881840252e-05_2.86046881840252e-05
1016,3198,214-26-4-2-1,6.21841047478808e-06_6.21841047478808e-06_6.21841047478808e-06_6.21841047478808e-06_6.21841047478808e-06
1016,3199,229-5-5-1-1,2.67391650415887e-05_2.67391650415887e-05_2.67391650415887e-05_2.67391650415887e-05_2.67391650415887e-05
1016,3200,7-4-4-2-1,6.84025152226688e-06_6.84025152226688e-06_6.84025152226688e-06_6.84025152226688e-06_6.84025152226688e-06
1016,3201,177-7-4-2-1,7.58646077924145e-05_7.58646077924145e-05_7.58646077924145e-05_7.58646077924145e-05_7.58646077924145e-05
1016,3202,47-22-8-1-1,3.10920523739404e-06_3.10920523739404e-06_3.10920523739404e-06_3.10920523739404e-06_3.10920523739404e-06
1016,3203,168-2-2-2-1,0.000393003542006606_0.000393003542006606_0.000393003542006606_0.000393003542006606_0.000393003542006606
1016,3204,102-13-6-2-1,3.29575755163768e-05_3.29575755163768e-05_3.29575755163768e-05_3.29575755163768e-05_3.29575755163768e-05
1016,3205,44-13-6-2-1,6.84025152226688e-06_6.84025152226688e-06_6.84025152226688e-06_6.84025152226688e-06_6.84025152226688e-06
1016,3206,16-10-2-2-1,8.70577466470331e-06_8.70577466470331e-06_8.70577466470331e-06_8.70577466470331e-06_8.70577466470331e-06
1016,3208,192-19-9-2-1,0.000102603772834003_0.000102603772834003_0.000102603772834003_0.000102603772834003_0.000102603772834003
1016,3209,185-41-9-2-1,2.48736418991523e-06_2.48736418991523e-06_2.48736418991523e-06_2.48736418991523e-06_2.48736418991523e-06
1016,3210,168-2-2-2-1,0.000139914235682732_0.000139914235682732_0.000139914235682732_0.000139914235682732_0.000139914235682732
1016,3211,45-5-5-1-1,3.73104628487285e-06_3.73104628487285e-06_3.73104628487285e-06_3.73104628487285e-06_3.73104628487285e-06
1016,3212,168-2-2-2-1,4.78817606558682e-05_4.78817606558682e-05_4.78817606558682e-05_4.78817606558682e-05_4.78817606558682e-05
1016,3213,25-10-2-2-1,6.21841047478808e-06_6.21841047478808e-06_6.21841047478808e-06_6.21841047478808e-06_6.21841047478808e-06
1016,3214,34-19-9-2-1,3.10920523739404e-06_3.10920523739404e-06_3.10920523739404e-06_3.10920523739404e-06_3.10920523739404e-06
1016,3215,216-19-9-2-1,1.36805030445338e-05_1.36805030445338e-05_1.36805030445338e-05_1.36805030445338e-05_1.36805030445338e-05
1016,3216,199-19-9-2-1,5.59656942730927e-06_5.59656942730927e-06_5.59656942730927e-06_5.59656942730927e-06_5.59656942730927e-06
1016,3217,7-4-4-2-1,4.66380785609106e-05_4.66380785609106e-05_4.66380785609106e-05_4.66380785609106e-05_4.66380785609106e-05
1016,3218,44-13-6-2-1,3.91759859911649e-05_3.91759859911649e-05_3.91759859911649e-05_3.91759859911649e-05_3.91759859911649e-05
1016,3219,45-5-5-1-1,3.10920523739404e-06_3.10920523739404e-06_3.10920523739404e-06_3.10920523739404e-06_3.10920523739404e-06
1016,3220,112-14-4-2-1,3.73104628487285e-06_3.73104628487285e-06_3.73104628487285e-06_3.73104628487285e-06_3.73104628487285e-06
1016,3221,59-5-5-1-1,5.65875353205715e-05_5.65875353205715e-05_5.65875353205715e-05_5.65875353205715e-05_5.65875353205715e-05
1016,3222,26-15-9-2-1,6.21841047478808e-06_6.21841047478808e-06_6.21841047478808e-06_6.21841047478808e-06_6.21841047478808e-06
1016,3223,199-19-9-2-1,1.36805030445338e-05_1.36805030445338e-05_1.36805030445338e-05_1.36805030445338e-05_1.36805030445338e-05
1016,3224,40-23-8-1-1,2.42518008516735e-05_2.42518008516735e-05_2.42518008516735e-05_2.42518008516735e-05_2.42518008516735e-05
1016,3225,40-23-8-1-1,2.79828471365463e-05_2.79828471365463e-05_2.79828471365463e-05_2.79828471365463e-05_2.79828471365463e-05
1016,3226,40-23-8-1-1,2.05207545668007e-05_2.05207545668007e-05_2.05207545668007e-05_2.05207545668007e-05_2.05207545668007e-05
1016,3227,166-18-4-2-1,1.05712978071397e-05_1.05712978071397e-05_1.05712978071397e-05_1.05712978071397e-05_1.05712978071397e-05
1016,3228,8-7-4-2-1,8.0839336172245e-06_8.0839336172245e-06_8.0839336172245e-06_8.0839336172245e-06_8.0839336172245e-06
1016,3229,160-30-1-1-1,1.55460261869702e-05_1.55460261869702e-05_1.55460261869702e-05_1.55460261869702e-05_1.55460261869702e-05
1016,3230,175-20-9-2-1,5.59656942730927e-06_5.59656942730927e-06_5.59656942730927e-06_5.59656942730927e-06_5.59656942730927e-06
1016,3231,141-42-12-1-1,2.48736418991523e-06_2.48736418991523e-06_2.48736418991523e-06_2.48736418991523e-06_2.48736418991523e-06
1016,3232,203-11-4-2-1,5.59656942730927e-06_5.59656942730927e-06_5.59656942730927e-06_5.59656942730927e-06_5.59656942730927e-06
1016,3233,122-16-2-2-1,1.43023440920126e-05_1.43023440920126e-05_1.43023440920126e-05_1.43023440920126e-05_1.43023440920126e-05
1016,3234,122-16-2-2-1,8.0839336172245e-06_8.0839336172245e-06_8.0839336172245e-06_8.0839336172245e-06_8.0839336172245e-06
1016,3235,196-14-4-2-1,3.73104628487285e-06_3.73104628487285e-06_3.73104628487285e-06_3.73104628487285e-06_3.73104628487285e-06
1016,3236,186-15-9-2-1,4.78817606558682e-05_4.78817606558682e-05_4.78817606558682e-05_4.78817606558682e-05_4.78817606558682e-05
1016,3237,167-18-4-2-1,3.10920523739404e-06_3.10920523739404e-06_3.10920523739404e-06_3.10920523739404e-06_3.10920523739404e-06
1016,3238,113-31-9-2-1,1.74115493294066e-05_1.74115493294066e-05_1.74115493294066e-05_1.74115493294066e-05_1.74115493294066e-05
1016,3239,140-42-12-1-1,2.42518008516735e-05_2.42518008516735e-05_2.42518008516735e-05_2.42518008516735e-05_2.42518008516735e-05
1016,3240,34-19-9-2-1,1.3058661997055e-05_1.3058661997055e-05_1.3058661997055e-05_1.3058661997055e-05_1.3058661997055e-05
1016,3241,186-15-9-2-1,1.36805030445338e-05_1.36805030445338e-05_1.36805030445338e-05_1.36805030445338e-05_1.36805030445338e-05
1016,3242,147-11-4-2-1,6.71588331277112e-05_6.71588331277112e-05_6.71588331277112e-05_6.71588331277112e-05_6.71588331277112e-05
1016,3243,32-18-4-2-1,3.73104628487285e-06_3.73104628487285e-06_3.73104628487285e-06_3.73104628487285e-06_3.73104628487285e-06
1016,3244,128-7-4-2-1,4.97472837983046e-06_4.97472837983046e-06_4.97472837983046e-06_4.97472837983046e-06_4.97472837983046e-06
1016,3245,70-27-8-1-1,4.72599196083894e-05_4.72599196083894e-05_4.72599196083894e-05_4.72599196083894e-05_4.72599196083894e-05
1016,3246,29-17-10-1-1,1.55460261869702e-05_1.55460261869702e-05_1.55460261869702e-05_1.55460261869702e-05_1.55460261869702e-05
1016,3247,185-41-9-2-1,3.73104628487285e-06_3.73104628487285e-06_3.73104628487285e-06_3.73104628487285e-06_3.73104628487285e-06
1016,3248,142-42-12-1-1,6.84025152226688e-06_6.84025152226688e-06_6.84025152226688e-06_6.84025152226688e-06_6.84025152226688e-06
1016,3249,213-15-9-2-1,4.35288733235165e-06_4.35288733235165e-06_4.35288733235165e-06_4.35288733235165e-06_4.35288733235165e-06
1016,3250,185-41-9-2-1,3.73104628487285e-06_3.73104628487285e-06_3.73104628487285e-06_3.73104628487285e-06_3.73104628487285e-06
1016,3251,93-16-2-2-1,0.000320248139451586_0.000320248139451586_0.000320248139451586_0.000320248139451586_0.000320248139451586
1016,3252,29-17-10-1-1,4.97472837983046e-06_4.97472837983046e-06_4.97472837983046e-06_4.97472837983046e-06_4.97472837983046e-06
1016,3253,186-15-9-2-1,1.67897082819278e-05_1.67897082819278e-05_1.67897082819278e-05_1.67897082819278e-05_1.67897082819278e-05
1016,3254,126-29-2-2-1,4.35288733235165e-06_4.35288733235165e-06_4.35288733235165e-06_4.35288733235165e-06_4.35288733235165e-06
1016,3255,142-42-12-1-1,1.11931388546185e-05_1.11931388546185e-05_1.11931388546185e-05_1.11931388546185e-05_1.11931388546185e-05
1016,3256,128-7-4-2-1,5.59656942730927e-06_5.59656942730927e-06_5.59656942730927e-06_5.59656942730927e-06_5.59656942730927e-06
1016,3257,7-4-4-2-1,4.97472837983046e-06_4.97472837983046e-06_4.97472837983046e-06_4.97472837983046e-06_4.97472837983046e-06
1016,3258,147-11-4-2-1,5.59656942730927e-06_5.59656942730927e-06_5.59656942730927e-06_5.59656942730927e-06_5.59656942730927e-06
1016,3259,57-7-4-2-1,3.2335734468898e-05_3.2335734468898e-05_3.2335734468898e-05_3.2335734468898e-05_3.2335734468898e-05
1016,3260,171-18-4-2-1,1.67897082819278e-05_1.67897082819278e-05_1.67897082819278e-05_1.67897082819278e-05_1.67897082819278e-05
1016,3261,230-14-4-2-1,8.14611772197238e-05_8.14611772197238e-05_8.14611772197238e-05_8.14611772197238e-05_8.14611772197238e-05
1016,3262,185-41-9-2-1,3.10920523739404e-06_3.10920523739404e-06_3.10920523739404e-06_3.10920523739404e-06_3.10920523739404e-06
1016,3263,213-15-9-2-1,1.36805030445338e-05_1.36805030445338e-05_1.36805030445338e-05_1.36805030445338e-05_1.36805030445338e-05
1016,3265,93-16-2-2-1,8.89232697894695e-05_8.89232697894695e-05_8.89232697894695e-05_8.89232697894695e-05_8.89232697894695e-05
1016,3266,201-17-10-1-1,3.79323038962073e-05_3.79323038962073e-05_3.79323038962073e-05_3.79323038962073e-05_3.79323038962073e-05
1016,3267,185-41-9-2-1,3.10920523739404e-06_3.10920523739404e-06_3.10920523739404e-06_3.10920523739404e-06_3.10920523739404e-06
1016,3269,86-10-2-2-1,0.000424095594380547_0.000424095594380547_0.000424095594380547_0.000424095594380547_0.000424095594380547
1016,3270,30-2-2-2-1,0.000100738249691567_0.000100738249691567_0.000100738249691567_0.000100738249691567_0.000100738249691567
1016,3271,17-11-4-2-1,5.09909658932622e-05_5.09909658932622e-05_5.09909658932622e-05_5.09909658932622e-05_5.09909658932622e-05
1016,3272,177-7-4-2-1,4.97472837983046e-06_4.97472837983046e-06_4.97472837983046e-06_4.97472837983046e-06_4.97472837983046e-06
1016,3273,152-32-10-1-1,4.97472837983046e-06_4.97472837983046e-06_4.97472837983046e-06_4.97472837983046e-06_4.97472837983046e-06
1016,3274,84-2-2-2-1,0.000138670553587774_0.000138670553587774_0.000138670553587774_0.000138670553587774_0.000138670553587774
1016,3275,199-19-9-2-1,4.97472837983046e-06_4.97472837983046e-06_4.97472837983046e-06_4.97472837983046e-06_4.97472837983046e-06
1016,3276,26-15-9-2-1,4.35288733235165e-06_4.35288733235165e-06_4.35288733235165e-06_4.35288733235165e-06_4.35288733235165e-06
1016,3277,116-36-10-1-1,2.48736418991523e-05_2.48736418991523e-05_2.48736418991523e-05_2.48736418991523e-05_2.48736418991523e-05
1016,3278,79-32-10-1-1,1.24368209495762e-05_1.24368209495762e-05_1.24368209495762e-05_1.24368209495762e-05_1.24368209495762e-05
1016,3279,147-11-4-2-1,3.91759859911649e-05_3.91759859911649e-05_3.91759859911649e-05_3.91759859911649e-05_3.91759859911649e-05
1016,3280,121-39-11-1-1,4.97472837983046e-06_4.97472837983046e-06_4.97472837983046e-06_4.97472837983046e-06_4.97472837983046e-06
1016,3281,147-11-4-2-1,0.000223240936044892_0.000223240936044892_0.000223240936044892_0.000223240936044892_0.000223240936044892
1016,3282,184-31-9-2-1,1.49241851394914e-05_1.49241851394914e-05_1.49241851394914e-05_1.49241851394914e-05_1.49241851394914e-05
1016,3283,122-16-2-2-1,7.64864488398933e-05_7.64864488398933e-05_7.64864488398933e-05_7.64864488398933e-05_7.64864488398933e-05
1016,3284,179-26-4-2-1,1.6167867234449e-05_1.6167867234449e-05_1.6167867234449e-05_1.6167867234449e-05_1.6167867234449e-05
1016,3285,68-30-1-1-1,5.1612806940741e-05_5.1612806940741e-05_5.1612806940741e-05_5.1612806940741e-05_5.1612806940741e-05
1016,3286,133-12-8-1-1,7.58646077924145e-05_7.58646077924145e-05_7.58646077924145e-05_7.58646077924145e-05_7.58646077924145e-05
1016,3287,184-31-9-2-1,2.05207545668007e-05_2.05207545668007e-05_2.05207545668007e-05_2.05207545668007e-05_2.05207545668007e-05
1016,3288,152-32-10-1-1,3.73104628487285e-06_3.73104628487285e-06_3.73104628487285e-06_3.73104628487285e-06_3.73104628487285e-06
1016,3289,37-11-4-2-1,8.0839336172245e-06_8.0839336172245e-06_8.0839336172245e-06_8.0839336172245e-06_8.0839336172245e-06
1016,3290,49-22-8-1-1,4.35288733235165e-06_4.35288733235165e-06_4.35288733235165e-06_4.35288733235165e-06_4.35288733235165e-06
1016,3291,126-29-2-2-1,1.24368209495762e-05_1.24368209495762e-05_1.24368209495762e-05_1.24368209495762e-05_1.24368209495762e-05
1016,3292,5-5-5-1-1,3.10920523739404e-06_3.10920523739404e-06_3.10920523739404e-06_3.10920523739404e-06_3.10920523739404e-06
1016,3293,166-18-4-2-1,9.94945675966092e-06_9.94945675966092e-06_9.94945675966092e-06_9.94945675966092e-06_9.94945675966092e-06
1016,3294,68-30-1-1-1,1.43023440920126e-05_1.43023440920126e-05_1.43023440920126e-05_1.43023440920126e-05_1.43023440920126e-05
1016,3295,37-11-4-2-1,1.18149799020973e-05_1.18149799020973e-05_1.18149799020973e-05_1.18149799020973e-05_1.18149799020973e-05
1016,3296,122-16-2-2-1,4.60162375134318e-05_4.60162375134318e-05_4.60162375134318e-05_4.60162375134318e-05_4.60162375134318e-05
1016,3297,216-19-9-2-1,5.59656942730927e-06_5.59656942730927e-06_5.59656942730927e-06_5.59656942730927e-06_5.59656942730927e-06
1016,3298,203-11-4-2-1,3.10920523739404e-06_3.10920523739404e-06_3.10920523739404e-06_3.10920523739404e-06_3.10920523739404e-06
1016,3299,203-11-4-2-1,8.70577466470331e-06_8.70577466470331e-06_8.70577466470331e-06_8.70577466470331e-06_8.70577466470331e-06
1016,3300,155-10-2-2-1,0.000159191308154575_0.000159191308154575_0.000159191308154575_0.000159191308154575_0.000159191308154575
1016,3301,181-40-4-2-1,0.000202720181478091_0.000202720181478091_0.000202720181478091_0.000202720181478091_0.000202720181478091
1016,3302,129-21-4-2-1,9.94945675966092e-06_9.94945675966092e-06_9.94945675966092e-06_9.94945675966092e-06_9.94945675966092e-06
1016,3303,136-26-4-2-1,3.10920523739404e-06_3.10920523739404e-06_3.10920523739404e-06_3.10920523739404e-06_3.10920523739404e-06
1016,3304,157-12-8-1-1,4.35288733235165e-06_4.35288733235165e-06_4.35288733235165e-06_4.35288733235165e-06_4.35288733235165e-06
1016,3305,161-36-10-1-1,1.86552314243642e-05_1.86552314243642e-05_1.86552314243642e-05_1.86552314243642e-05_1.86552314243642e-05
1016,3306,122-16-2-2-1,9.32761571218212e-06_9.32761571218212e-06_9.32761571218212e-06_9.32761571218212e-06_9.32761571218212e-06
1016,3307,200-15-9-2-1,7.46209256974569e-06_7.46209256974569e-06_7.46209256974569e-06_7.46209256974569e-06_7.46209256974569e-06
1016,3308,26-15-9-2-1,8.0839336172245e-06_8.0839336172245e-06_8.0839336172245e-06_8.0839336172245e-06_8.0839336172245e-06
1016,3309,161-36-10-1-1,6.21841047478808e-06_6.21841047478808e-06_6.21841047478808e-06_6.21841047478808e-06_6.21841047478808e-06
1016,3310,185-41-9-2-1,3.73104628487285e-06_3.73104628487285e-06_3.73104628487285e-06_3.73104628487285e-06_3.73104628487285e-06
1016,3311,163-43-4-2-1,3.73104628487285e-06_3.73104628487285e-06_3.73104628487285e-06_3.73104628487285e-06_3.73104628487285e-06
1016,3312,201-17-10-1-1,2.42518008516735e-05_2.42518008516735e-05_2.42518008516735e-05_2.42518008516735e-05_2.42518008516735e-05
1016,3313,25-10-2-2-1,1.3058661997055e-05_1.3058661997055e-05_1.3058661997055e-05_1.3058661997055e-05_1.3058661997055e-05
1016,3314,39-22-8-1-1,6.84025152226688e-06_6.84025152226688e-06_6.84025152226688e-06_6.84025152226688e-06_6.84025152226688e-06
1016,3315,155-10-2-2-1,0.000167897082819278_0.000167897082819278_0.000167897082819278_0.000167897082819278_0.000167897082819278
1016,3316,160-30-1-1-1,8.0839336172245e-06_8.0839336172245e-06_8.0839336172245e-06_8.0839336172245e-06_8.0839336172245e-06
1016,3317,128-7-4-2-1,3.85541449436861e-05_3.85541449436861e-05_3.85541449436861e-05_3.85541449436861e-05_3.85541449436861e-05
1016,3318,148-29-2-2-1,0.000134939507302901_0.000134939507302901_0.000134939507302901_0.000134939507302901_0.000134939507302901
1016,3319,131-13-6-2-1,8.33267003621602e-05_8.33267003621602e-05_8.33267003621602e-05_8.33267003621602e-05_8.33267003621602e-05
1016,3320,34-19-9-2-1,1.86552314243642e-06_1.86552314243642e-06_1.86552314243642e-06_1.86552314243642e-06_1.86552314243642e-06
1016,3321,185-41-9-2-1,1.24368209495762e-06_1.24368209495762e-06_1.24368209495762e-06_1.24368209495762e-06_1.24368209495762e-06
1016,3322,216-19-9-2-1,2.48736418991523e-06_2.48736418991523e-06_2.48736418991523e-06_2.48736418991523e-06_2.48736418991523e-06
1016,3323,180-40-4-2-1,2.42518008516735e-05_2.42518008516735e-05_2.42518008516735e-05_2.42518008516735e-05_2.42518008516735e-05
1016,3324,18-12-8-1-1,5.59656942730927e-06_5.59656942730927e-06_5.59656942730927e-06_5.59656942730927e-06_5.59656942730927e-06
1016,3325,224-39-11-1-1,8.70577466470331e-06_8.70577466470331e-06_8.70577466470331e-06_8.70577466470331e-06_8.70577466470331e-06
1016,3326,184-31-9-2-1,4.66380785609106e-05_4.66380785609106e-05_4.66380785609106e-05_4.66380785609106e-05_4.66380785609106e-05
1016,3327,88-35-4-2-1,3.73104628487285e-06_3.73104628487285e-06_3.73104628487285e-06_3.73104628487285e-06_3.73104628487285e-06
1016,3328,57-7-4-2-1,7.46209256974569e-06_7.46209256974569e-06_7.46209256974569e-06_7.46209256974569e-06_7.46209256974569e-06
1016,3330,112-14-4-2-1,4.35288733235165e-06_4.35288733235165e-06_4.35288733235165e-06_4.35288733235165e-06_4.35288733235165e-06
1016,3331,4-4-4-2-1,3.10920523739404e-06_3.10920523739404e-06_3.10920523739404e-06_3.10920523739404e-06_3.10920523739404e-06
1016,3332,29-17-10-1-1,8.33267003621602e-05_8.33267003621602e-05_8.33267003621602e-05_8.33267003621602e-05_8.33267003621602e-05
1016,3333,141-42-12-1-1,4.35288733235165e-06_4.35288733235165e-06_4.35288733235165e-06_4.35288733235165e-06_4.35288733235165e-06
1016,3334,122-16-2-2-1,4.97472837983046e-06_4.97472837983046e-06_4.97472837983046e-06_4.97472837983046e-06_4.97472837983046e-06
1016,3335,122-16-2-2-1,3.10920523739404e-06_3.10920523739404e-06_3.10920523739404e-06_3.10920523739404e-06_3.10920523739404e-06
1016,3336,68-30-1-1-1,0.000108822183308791_0.000108822183308791_0.000108822183308791_0.000108822183308791_0.000108822183308791
1016,3337,180-40-4-2-1,3.73104628487285e-06_3.73104628487285e-06_3.73104628487285e-06_3.73104628487285e-06_3.73104628487285e-06
1016,3338,112-14-4-2-1,2.05207545668007e-05_2.05207545668007e-05_2.05207545668007e-05_2.05207545668007e-05_2.05207545668007e-05
1016,3339,44-13-6-2-1,1.18149799020973e-05_1.18149799020973e-05_1.18149799020973e-05_1.18149799020973e-05_1.18149799020973e-05
1016,3340,8-7-4-2-1,3.10920523739404e-06_3.10920523739404e-06_3.10920523739404e-06_3.10920523739404e-06_3.10920523739404e-06
1016,3341,114-40-4-2-1,3.73104628487285e-06_3.73104628487285e-06_3.73104628487285e-06_3.73104628487285e-06_3.73104628487285e-06
1016,3342,95-37-4-2-1,9.32761571218212e-06_9.32761571218212e-06_9.32761571218212e-06_9.32761571218212e-06_9.32761571218212e-06
1016,3343,180-40-4-2-1,1.18149799020973e-05_1.18149799020973e-05_1.18149799020973e-05_1.18149799020973e-05_1.18149799020973e-05
1016,3344,163-43-4-2-1,2.48736418991523e-06_2.48736418991523e-06_2.48736418991523e-06_2.48736418991523e-06_2.48736418991523e-06
1016,3345,147-11-4-2-1,1.36805030445338e-05_1.36805030445338e-05_1.36805030445338e-05_1.36805030445338e-05_1.36805030445338e-05
1016,3346,172-40-4-2-1,7.46209256974569e-06_7.46209256974569e-06_7.46209256974569e-06_7.46209256974569e-06_7.46209256974569e-06
1016,3347,40-23-8-1-1,9.32761571218212e-06_9.32761571218212e-06_9.32761571218212e-06_9.32761571218212e-06_9.32761571218212e-06
1016,3348,26-15-9-2-1,3.10920523739404e-06_3.10920523739404e-06_3.10920523739404e-06_3.10920523739404e-06_3.10920523739404e-06
1016,3349,77-28-5-1-1,3.2335734468898e-05_3.2335734468898e-05_3.2335734468898e-05_3.2335734468898e-05_3.2335734468898e-05
1016,3350,49-22-8-1-1,1.24368209495762e-05_1.24368209495762e-05_1.24368209495762e-05_1.24368209495762e-05_1.24368209495762e-05
1016,3352,121-39-11-1-1,3.73104628487285e-06_3.73104628487285e-06_3.73104628487285e-06_3.73104628487285e-06_3.73104628487285e-06
1016,3353,133-12-8-1-1,3.2335734468898e-05_3.2335734468898e-05_3.2335734468898e-05_3.2335734468898e-05_3.2335734468898e-05
1016,3354,167-18-4-2-1,3.10920523739404e-06_3.10920523739404e-06_3.10920523739404e-06_3.10920523739404e-06_3.10920523739404e-06
1016,3355,235-34-11-1-1,3.73104628487285e-05_3.73104628487285e-05_3.73104628487285e-05_3.73104628487285e-05_3.73104628487285e-05
1016,3356,176-20-9-2-1,3.73104628487285e-06_3.73104628487285e-06_3.73104628487285e-06_3.73104628487285e-06_3.73104628487285e-06
1016,3357,10-3-3-1-1,0.000105712978071397_0.000105712978071397_0.000105712978071397_0.000105712978071397_0.000105712978071397
1016,3358,186-15-9-2-1,5.59656942730927e-06_5.59656942730927e-06_5.59656942730927e-06_5.59656942730927e-06_5.59656942730927e-06
1016,3360,37-11-4-2-1,4.72599196083894e-05_4.72599196083894e-05_4.72599196083894e-05_4.72599196083894e-05_4.72599196083894e-05
1016,3361,8-7-4-2-1,3.10920523739404e-06_3.10920523739404e-06_3.10920523739404e-06_3.10920523739404e-06_3.10920523739404e-06
1016,3362,209-35-4-2-1,1.43023440920126e-05_1.43023440920126e-05_1.43023440920126e-05_1.43023440920126e-05_1.43023440920126e-05
1016,3363,125-30-1-1-1,0.000207073068810443_0.000207073068810443_0.000207073068810443_0.000207073068810443_0.000207073068810443
1016,3365,127-30-1-1-1,1.98989135193218e-05_1.98989135193218e-05_1.98989135193218e-05_1.98989135193218e-05_1.98989135193218e-05
1016,3366,10-3-3-1-1,2.9226529231504e-05_2.9226529231504e-05_2.9226529231504e-05_2.9226529231504e-05_2.9226529231504e-05
1016,3367,171-18-4-2-1,1.05712978071397e-05_1.05712978071397e-05_1.05712978071397e-05_1.05712978071397e-05_1.05712978071397e-05
1016,3368,116-36-10-1-1,3.2335734468898e-05_3.2335734468898e-05_3.2335734468898e-05_3.2335734468898e-05_3.2335734468898e-05
1016,3370,16-10-2-2-1,7.02680383651053e-05_7.02680383651053e-05_7.02680383651053e-05_7.02680383651053e-05_7.02680383651053e-05
1016,3371,122-16-2-2-1,6.84025152226688e-06_6.84025152226688e-06_6.84025152226688e-06_6.84025152226688e-06_6.84025152226688e-06
1016,3372,35-20-9-2-1,3.73104628487285e-06_3.73104628487285e-06_3.73104628487285e-06_3.73104628487285e-06_3.73104628487285e-06
1016,3373,25-10-2-2-1,1.80333903768854e-05_1.80333903768854e-05_1.80333903768854e-05_1.80333903768854e-05_1.80333903768854e-05
1016,3374,16-10-2-2-1,3.91759859911649e-05_3.91759859911649e-05_3.91759859911649e-05_3.91759859911649e-05_3.91759859911649e-05
1016,3375,205-12-8-1-1,8.0839336172245e-06_8.0839336172245e-06_8.0839336172245e-06_8.0839336172245e-06_8.0839336172245e-06
1016,3376,21-8-3-1-1,0.000623084729573765_0.000623084729573765_0.000623084729573765_0.000623084729573765_0.000623084729573765
1016,3377,178-44-12-1-1,7.46209256974569e-06_7.46209256974569e-06_7.46209256974569e-06_7.46209256974569e-06_7.46209256974569e-06
1016,3378,74-31-9-2-1,3.73104628487285e-06_3.73104628487285e-06_3.73104628487285e-06_3.73104628487285e-06_3.73104628487285e-06
1016,3379,179-26-4-2-1,1.36805030445338e-05_1.36805030445338e-05_1.36805030445338e-05_1.36805030445338e-05_1.36805030445338e-05
1016,3380,129-21-4-2-1,5.59656942730927e-06_5.59656942730927e-06_5.59656942730927e-06_5.59656942730927e-06_5.59656942730927e-06
1016,3381,163-43-4-2-1,2.48736418991523e-06_2.48736418991523e-06_2.48736418991523e-06_2.48736418991523e-06_2.48736418991523e-06
1016,3382,34-19-9-2-1,5.59656942730927e-06_5.59656942730927e-06_5.59656942730927e-06_5.59656942730927e-06_5.59656942730927e-06
1016,3383,160-30-1-1-1,1.11931388546185e-05_1.11931388546185e-05_1.11931388546185e-05_1.11931388546185e-05_1.11931388546185e-05
1016,3384,8-7-4-2-1,1.3058661997055e-05_1.3058661997055e-05_1.3058661997055e-05_1.3058661997055e-05_1.3058661997055e-05
1016,3385,112-14-4-2-1,9.32761571218212e-06_9.32761571218212e-06_9.32761571218212e-06_9.32761571218212e-06_9.32761571218212e-06
1016,3386,199-19-9-2-1,3.04702113264616e-05_3.04702113264616e-05_3.04702113264616e-05_3.04702113264616e-05_3.04702113264616e-05
1016,3387,199-19-9-2-1,3.73104628487285e-06_3.73104628487285e-06_3.73104628487285e-06_3.73104628487285e-06_3.73104628487285e-06
1016,3388,185-41-9-2-1,3.10920523739404e-06_3.10920523739404e-06_3.10920523739404e-06_3.10920523739404e-06_3.10920523739404e-06
1016,3389,83-33-5-1-1,1.9277072471843e-05_1.9277072471843e-05_1.9277072471843e-05_1.9277072471843e-05_1.9277072471843e-05
1016,3390,138-23-8-1-1,9.94945675966092e-06_9.94945675966092e-06_9.94945675966092e-06_9.94945675966092e-06_9.94945675966092e-06
1016,3391,196-14-4-2-1,6.21841047478808e-06_6.21841047478808e-06_6.21841047478808e-06_6.21841047478808e-06_6.21841047478808e-06
1016,3392,154-25-8-1-1,5.59656942730927e-06_5.59656942730927e-06_5.59656942730927e-06_5.59656942730927e-06_5.59656942730927e-06
1016,3393,163-43-4-2-1,9.94945675966092e-06_9.94945675966092e-06_9.94945675966092e-06_9.94945675966092e-06_9.94945675966092e-06
1016,3394,237-44-12-1-1,4.97472837983046e-06_4.97472837983046e-06_4.97472837983046e-06_4.97472837983046e-06_4.97472837983046e-06
1016,3395,141-42-12-1-1,2.11425956142795e-05_2.11425956142795e-05_2.11425956142795e-05_2.11425956142795e-05_2.11425956142795e-05
1016,3396,42-13-6-2-1,0.000248736418991523_0.000248736418991523_0.000248736418991523_0.000248736418991523_0.000248736418991523
1016,3397,138-23-8-1-1,3.85541449436861e-05_3.85541449436861e-05_3.85541449436861e-05_3.85541449436861e-05_3.85541449436861e-05
1016,3398,138-23-8-1-1,3.73104628487285e-06_3.73104628487285e-06_3.73104628487285e-06_3.73104628487285e-06_3.73104628487285e-06
1016,3399,138-23-8-1-1,3.2335734468898e-05_3.2335734468898e-05_3.2335734468898e-05_3.2335734468898e-05_3.2335734468898e-05
1016,3400,145-25-8-1-1,0.00057395928682294_0.00057395928682294_0.00057395928682294_0.00057395928682294_0.00057395928682294
1016,3401,163-43-4-2-1,6.21841047478808e-06_6.21841047478808e-06_6.21841047478808e-06_6.21841047478808e-06_6.21841047478808e-06
1016,3402,145-25-8-1-1,0.000136183189397859_0.000136183189397859_0.000136183189397859_0.000136183189397859_0.000136183189397859
1016,3403,218-7-4-2-1,1.55460261869702e-05_1.55460261869702e-05_1.55460261869702e-05_1.55460261869702e-05_1.55460261869702e-05
1016,3404,98-27-8-1-1,0.000202720181478091_0.000202720181478091_0.000202720181478091_0.000202720181478091_0.000202720181478091
1016,3405,8-7-4-2-1,9.32761571218212e-06_9.32761571218212e-06_9.32761571218212e-06_9.32761571218212e-06_9.32761571218212e-06
1016,3406,172-40-4-2-1,4.97472837983046e-06_4.97472837983046e-06_4.97472837983046e-06_4.97472837983046e-06_4.97472837983046e-06
1016,3407,163-43-4-2-1,1.3058661997055e-05_1.3058661997055e-05_1.3058661997055e-05_1.3058661997055e-05_1.3058661997055e-05
1016,3408,147-11-4-2-1,4.35288733235165e-06_4.35288733235165e-06_4.35288733235165e-06_4.35288733235165e-06_4.35288733235165e-06
1016,3409,4-4-4-2-1,9.82508855016516e-05_9.82508855016516e-05_9.82508855016516e-05_9.82508855016516e-05_9.82508855016516e-05
1016,3410,63-27-8-1-1,6.84025152226688e-06_6.84025152226688e-06_6.84025152226688e-06_6.84025152226688e-06_6.84025152226688e-06
1016,3411,17-11-4-2-1,1.80333903768854e-05_1.80333903768854e-05_1.80333903768854e-05_1.80333903768854e-05_1.80333903768854e-05
1016,3412,185-41-9-2-1,6.21841047478808e-06_6.21841047478808e-06_6.21841047478808e-06_6.21841047478808e-06_6.21841047478808e-06
1016,3413,218-7-4-2-1,1.55460261869702e-05_1.55460261869702e-05_1.55460261869702e-05_1.55460261869702e-05_1.55460261869702e-05
1016,3414,136-26-4-2-1,1.9277072471843e-05_1.9277072471843e-05_1.9277072471843e-05_1.9277072471843e-05_1.9277072471843e-05
1016,3415,37-11-4-2-1,4.97472837983046e-06_4.97472837983046e-06_4.97472837983046e-06_4.97472837983046e-06_4.97472837983046e-06
1016,3416,137-26-4-2-1,1.98989135193218e-05_1.98989135193218e-05_1.98989135193218e-05_1.98989135193218e-05_1.98989135193218e-05
1016,3417,220-22-8-1-1,4.35288733235165e-06_4.35288733235165e-06_4.35288733235165e-06_4.35288733235165e-06_4.35288733235165e-06
1016,3418,170-43-4-2-1,6.09404226529231e-05_6.09404226529231e-05_6.09404226529231e-05_6.09404226529231e-05_6.09404226529231e-05
1016,3419,44-13-6-2-1,1.24368209495762e-05_1.24368209495762e-05_1.24368209495762e-05_1.24368209495762e-05_1.24368209495762e-05
1016,3420,44-13-6-2-1,2.98483702789828e-05_2.98483702789828e-05_2.98483702789828e-05_2.98483702789828e-05_2.98483702789828e-05
1016,3421,170-43-4-2-1,9.94945675966092e-06_9.94945675966092e-06_9.94945675966092e-06_9.94945675966092e-06_9.94945675966092e-06
1016,3422,25-10-2-2-1,1.24368209495762e-05_1.24368209495762e-05_1.24368209495762e-05_1.24368209495762e-05_1.24368209495762e-05
1016,3423,216-19-9-2-1,8.0839336172245e-06_8.0839336172245e-06_8.0839336172245e-06_8.0839336172245e-06_8.0839336172245e-06
1016,3424,185-41-9-2-1,3.73104628487285e-06_3.73104628487285e-06_3.73104628487285e-06_3.73104628487285e-06_3.73104628487285e-06
1016,3425,170-43-4-2-1,2.17644366617583e-05_2.17644366617583e-05_2.17644366617583e-05_2.17644366617583e-05_2.17644366617583e-05
1016,3426,144-43-4-2-1,1.74115493294066e-05_1.74115493294066e-05_1.74115493294066e-05_1.74115493294066e-05_1.74115493294066e-05
1016,3427,196-14-4-2-1,3.29575755163768e-05_3.29575755163768e-05_3.29575755163768e-05_3.29575755163768e-05_3.29575755163768e-05
1016,3428,144-43-4-2-1,7.46209256974569e-06_7.46209256974569e-06_7.46209256974569e-06_7.46209256974569e-06_7.46209256974569e-06
1016,3429,160-30-1-1-1,3.73104628487285e-06_3.73104628487285e-06_3.73104628487285e-06_3.73104628487285e-06_3.73104628487285e-06
1016,3430,118-36-10-1-1,3.10920523739404e-06_3.10920523739404e-06_3.10920523739404e-06_3.10920523739404e-06_3.10920523739404e-06
1016,3431,216-19-9-2-1,8.70577466470331e-06_8.70577466470331e-06_8.70577466470331e-06_8.70577466470331e-06_8.70577466470331e-06
1016,3432,31-6-6-2-1,0.000286046881840252_0.000286046881840252_0.000286046881840252_0.000286046881840252_0.000286046881840252
1016,3433,112-14-4-2-1,4.97472837983046e-06_4.97472837983046e-06_4.97472837983046e-06_4.97472837983046e-06_4.97472837983046e-06
1016,3435,185-41-9-2-1,2.48736418991523e-06_2.48736418991523e-06_2.48736418991523e-06_2.48736418991523e-06_2.48736418991523e-06
1016,3436,180-40-4-2-1,6.21841047478808e-06_6.21841047478808e-06_6.21841047478808e-06_6.21841047478808e-06_6.21841047478808e-06
1016,3437,37-11-4-2-1,4.97472837983046e-06_4.97472837983046e-06_4.97472837983046e-06_4.97472837983046e-06_4.97472837983046e-06
1016,3438,68-30-1-1-1,2.30081187567159e-05_2.30081187567159e-05_2.30081187567159e-05_2.30081187567159e-05_2.30081187567159e-05
1016,3439,71-29-2-2-1,3.73104628487285e-06_3.73104628487285e-06_3.73104628487285e-06_3.73104628487285e-06_3.73104628487285e-06
1016,3440,154-25-8-1-1,5.59656942730927e-06_5.59656942730927e-06_5.59656942730927e-06_5.59656942730927e-06_5.59656942730927e-06
1016,3441,181-40-4-2-1,7.33772436024993e-05_7.33772436024993e-05_7.33772436024993e-05_7.33772436024993e-05_7.33772436024993e-05
1016,3442,216-19-9-2-1,1.11931388546185e-05_1.11931388546185e-05_1.11931388546185e-05_1.11931388546185e-05_1.11931388546185e-05
1016,3443,161-36-10-1-1,1.11931388546185e-05_1.11931388546185e-05_1.11931388546185e-05_1.11931388546185e-05_1.11931388546185e-05
1016,3444,4-4-4-2-1,7.46209256974569e-06_7.46209256974569e-06_7.46209256974569e-06_7.46209256974569e-06_7.46209256974569e-06
1016,3445,25-10-2-2-1,1.67897082819278e-05_1.67897082819278e-05_1.67897082819278e-05_1.67897082819278e-05_1.67897082819278e-05
1016,3446,186-15-9-2-1,3.73104628487285e-06_3.73104628487285e-06_3.73104628487285e-06_3.73104628487285e-06_3.73104628487285e-06
1016,3447,102-13-6-2-1,1.86552314243642e-05_1.86552314243642e-05_1.86552314243642e-05_1.86552314243642e-05_1.86552314243642e-05
1016,3448,175-20-9-2-1,3.73104628487285e-06_3.73104628487285e-06_3.73104628487285e-06_3.73104628487285e-06_3.73104628487285e-06
1016,3449,214-26-4-2-1,3.73104628487285e-06_3.73104628487285e-06_3.73104628487285e-06_3.73104628487285e-06_3.73104628487285e-06
1016,3450,57-7-4-2-1,3.10920523739404e-06_3.10920523739404e-06_3.10920523739404e-06_3.10920523739404e-06_3.10920523739404e-06
1016,3451,185-41-9-2-1,3.73104628487285e-06_3.73104628487285e-06_3.73104628487285e-06_3.73104628487285e-06_3.73104628487285e-06
1016,3452,216-19-9-2-1,9.14106339793847e-05_9.14106339793847e-05_9.14106339793847e-05_9.14106339793847e-05_9.14106339793847e-05
1016,3453,213-15-9-2-1,3.10920523739404e-06_3.10920523739404e-06_3.10920523739404e-06_3.10920523739404e-06_3.10920523739404e-06
1016,3454,216-19-9-2-1,3.91759859911649e-05_3.91759859911649e-05_3.91759859911649e-05_3.91759859911649e-05_3.91759859911649e-05
1016,3455,8-7-4-2-1,7.46209256974569e-06_7.46209256974569e-06_7.46209256974569e-06_7.46209256974569e-06_7.46209256974569e-06
1016,3456,172-40-4-2-1,5.59656942730927e-06_5.59656942730927e-06_5.59656942730927e-06_5.59656942730927e-06_5.59656942730927e-06
1016,3457,172-40-4-2-1,3.10920523739404e-06_3.10920523739404e-06_3.10920523739404e-06_3.10920523739404e-06_3.10920523739404e-06
1016,3458,184-31-9-2-1,1.3058661997055e-05_1.3058661997055e-05_1.3058661997055e-05_1.3058661997055e-05_1.3058661997055e-05
1016,3459,126-29-2-2-1,8.70577466470331e-06_8.70577466470331e-06_8.70577466470331e-06_8.70577466470331e-06_8.70577466470331e-06
1016,3460,175-20-9-2-1,4.35288733235165e-06_4.35288733235165e-06_4.35288733235165e-06_4.35288733235165e-06_4.35288733235165e-06
1016,3461,200-15-9-2-1,3.10920523739404e-06_3.10920523739404e-06_3.10920523739404e-06_3.10920523739404e-06_3.10920523739404e-06
1016,3462,176-20-9-2-1,5.59656942730927e-05_5.59656942730927e-05_5.59656942730927e-05_5.59656942730927e-05_5.59656942730927e-05
1016,3463,35-20-9-2-1,1.05712978071397e-05_1.05712978071397e-05_1.05712978071397e-05_1.05712978071397e-05_1.05712978071397e-05
1016,3464,176-20-9-2-1,4.78817606558682e-05_4.78817606558682e-05_4.78817606558682e-05_4.78817606558682e-05_4.78817606558682e-05
1016,3465,185-41-9-2-1,6.84025152226688e-06_6.84025152226688e-06_6.84025152226688e-06_6.84025152226688e-06_6.84025152226688e-06
1016,3466,185-41-9-2-1,4.35288733235165e-06_4.35288733235165e-06_4.35288733235165e-06_4.35288733235165e-06_4.35288733235165e-06
1016,3467,171-18-4-2-1,1.9277072471843e-05_1.9277072471843e-05_1.9277072471843e-05_1.9277072471843e-05_1.9277072471843e-05
1016,3468,11-4-4-2-1,5.59656942730927e-06_5.59656942730927e-06_5.59656942730927e-06_5.59656942730927e-06_5.59656942730927e-06
1016,3469,171-18-4-2-1,4.10415091336013e-05_4.10415091336013e-05_4.10415091336013e-05_4.10415091336013e-05_4.10415091336013e-05
1016,3471,125-30-1-1-1,7.39990846499781e-05_7.39990846499781e-05_7.39990846499781e-05_7.39990846499781e-05_7.39990846499781e-05
1016,3472,7-4-4-2-1,8.0839336172245e-06_8.0839336172245e-06_8.0839336172245e-06_8.0839336172245e-06_8.0839336172245e-06
1016,3473,4-4-4-2-1,3.73104628487285e-06_3.73104628487285e-06_3.73104628487285e-06_3.73104628487285e-06_3.73104628487285e-06
1016,3474,172-40-4-2-1,3.10920523739404e-06_3.10920523739404e-06_3.10920523739404e-06_3.10920523739404e-06_3.10920523739404e-06
1016,3475,68-30-1-1-1,5.65875353205715e-05_5.65875353205715e-05_5.65875353205715e-05_5.65875353205715e-05_5.65875353205715e-05
1016,3476,185-41-9-2-1,3.10920523739404e-06_3.10920523739404e-06_3.10920523739404e-06_3.10920523739404e-06_3.10920523739404e-06
1016,3477,164-38-11-1-1,0.00137737792016556_0.00137737792016556_0.00137737792016556_0.00137737792016556_0.00137737792016556
1016,3478,188-14-4-2-1,4.35288733235165e-06_4.35288733235165e-06_4.35288733235165e-06_4.35288733235165e-06_4.35288733235165e-06
1016,3479,188-14-4-2-1,0.000225728300234807_0.000225728300234807_0.000225728300234807_0.000225728300234807_0.000225728300234807
1016,3480,171-18-4-2-1,0.000132452143112986_0.000132452143112986_0.000132452143112986_0.000132452143112986_0.000132452143112986
1016,3481,185-41-9-2-1,3.73104628487285e-06_3.73104628487285e-06_3.73104628487285e-06_3.73104628487285e-06_3.73104628487285e-06
1016,3482,40-23-8-1-1,1.05712978071397e-05_1.05712978071397e-05_1.05712978071397e-05_1.05712978071397e-05_1.05712978071397e-05
1016,3483,171-18-4-2-1,9.57635213117364e-05_9.57635213117364e-05_9.57635213117364e-05_9.57635213117364e-05_9.57635213117364e-05
1016,3484,171-18-4-2-1,8.51922235045966e-05_8.51922235045966e-05_8.51922235045966e-05_8.51922235045966e-05_8.51922235045966e-05
1016,3485,8-7-4-2-1,1.67897082819278e-05_1.67897082819278e-05_1.67897082819278e-05_1.67897082819278e-05_1.67897082819278e-05
1016,3486,45-5-5-1-1,4.97472837983046e-06_4.97472837983046e-06_4.97472837983046e-06_4.97472837983046e-06_4.97472837983046e-06
1016,3487,26-15-9-2-1,4.97472837983046e-06_4.97472837983046e-06_4.97472837983046e-06_4.97472837983046e-06_4.97472837983046e-06
1016,3488,128-7-4-2-1,3.73104628487285e-06_3.73104628487285e-06_3.73104628487285e-06_3.73104628487285e-06_3.73104628487285e-06
1016,3489,156-37-4-2-1,1.74115493294066e-05_1.74115493294066e-05_1.74115493294066e-05_1.74115493294066e-05_1.74115493294066e-05
1016,3490,66-29-2-2-1,2.23862777092371e-05_2.23862777092371e-05_2.23862777092371e-05_2.23862777092371e-05_2.23862777092371e-05
1016,3491,54-26-4-2-1,0.000833888844669081_0.000833888844669081_0.000833888844669081_0.000833888844669081_0.000833888844669081
1016,3492,235-34-11-1-1,3.10920523739404e-06_3.10920523739404e-06_3.10920523739404e-06_3.10920523739404e-06_3.10920523739404e-06
1016,3493,185-41-9-2-1,3.10920523739404e-06_3.10920523739404e-06_3.10920523739404e-06_3.10920523739404e-06_3.10920523739404e-06
1016,3494,124-29-2-2-1,0.000273610060890675_0.000273610060890675_0.000273610060890675_0.000273610060890675_0.000273610060890675
1016,3495,185-41-9-2-1,3.73104628487285e-06_3.73104628487285e-06_3.73104628487285e-06_3.73104628487285e-06_3.73104628487285e-06
1016,3496,109-28-5-1-1,6.84025152226688e-06_6.84025152226688e-06_6.84025152226688e-06_6.84025152226688e-06_6.84025152226688e-06
1016,3497,218-7-4-2-1,8.70577466470331e-06_8.70577466470331e-06_8.70577466470331e-06_8.70577466470331e-06_8.70577466470331e-06
1016,3498,118-36-10-1-1,8.70577466470331e-06_8.70577466470331e-06_8.70577466470331e-06_8.70577466470331e-06_8.70577466470331e-06
1016,3499,188-14-4-2-1,4.60162375134318e-05_4.60162375134318e-05_4.60162375134318e-05_4.60162375134318e-05_4.60162375134318e-05
1016,3500,185-41-9-2-1,3.10920523739404e-06_3.10920523739404e-06_3.10920523739404e-06_3.10920523739404e-06_3.10920523739404e-06
1016,3501,112-14-4-2-1,2.48736418991523e-06_2.48736418991523e-06_2.48736418991523e-06_2.48736418991523e-06_2.48736418991523e-06
1016,3502,200-15-9-2-1,1.05712978071397e-05_1.05712978071397e-05_1.05712978071397e-05_1.05712978071397e-05_1.05712978071397e-05
1016,3503,130-12-8-1-1,1.24368209495762e-05_1.24368209495762e-05_1.24368209495762e-05_1.24368209495762e-05_1.24368209495762e-05
1016,3504,140-42-12-1-1,9.32761571218212e-06_9.32761571218212e-06_9.32761571218212e-06_9.32761571218212e-06_9.32761571218212e-06
1016,3505,154-25-8-1-1,9.32761571218212e-06_9.32761571218212e-06_9.32761571218212e-06_9.32761571218212e-06_9.32761571218212e-06
1016,3506,34-19-9-2-1,9.32761571218212e-06_9.32761571218212e-06_9.32761571218212e-06_9.32761571218212e-06_9.32761571218212e-06
1016,3507,9-8-3-1-1,0.000343878099255781_0.000343878099255781_0.000343878099255781_0.000343878099255781_0.000343878099255781
1016,3508,122-16-2-2-1,3.10920523739404e-06_3.10920523739404e-06_3.10920523739404e-06_3.10920523739404e-06_3.10920523739404e-06
1016,3509,199-19-9-2-1,2.54954829466311e-05_2.54954829466311e-05_2.54954829466311e-05_2.54954829466311e-05_2.54954829466311e-05
1016,3510,186-15-9-2-1,2.11425956142795e-05_2.11425956142795e-05_2.11425956142795e-05_2.11425956142795e-05_2.11425956142795e-05
1016,3511,199-19-9-2-1,2.98483702789828e-05_2.98483702789828e-05_2.98483702789828e-05_2.98483702789828e-05_2.98483702789828e-05
1016,3512,147-11-4-2-1,4.35288733235165e-06_4.35288733235165e-06_4.35288733235165e-06_4.35288733235165e-06_4.35288733235165e-06
1016,3513,160-30-1-1-1,1.3058661997055e-05_1.3058661997055e-05_1.3058661997055e-05_1.3058661997055e-05_1.3058661997055e-05
1016,3514,151-19-9-2-1,4.04196680861225e-05_4.04196680861225e-05_4.04196680861225e-05_4.04196680861225e-05_4.04196680861225e-05
1016,3515,114-40-4-2-1,7.46209256974569e-06_7.46209256974569e-06_7.46209256974569e-06_7.46209256974569e-06_7.46209256974569e-06
1016,3516,208-30-1-1-1,3.73104628487285e-06_3.73104628487285e-06_3.73104628487285e-06_3.73104628487285e-06_3.73104628487285e-06
1016,3517,170-43-4-2-1,5.34783300831775e-05_5.34783300831775e-05_5.34783300831775e-05_5.34783300831775e-05_5.34783300831775e-05
1016,3518,197-30-1-1-1,1.9277072471843e-05_1.9277072471843e-05_1.9277072471843e-05_1.9277072471843e-05_1.9277072471843e-05
1016,3519,45-5-5-1-1,2.36299598041947e-05_2.36299598041947e-05_2.36299598041947e-05_2.36299598041947e-05_2.36299598041947e-05
1016,3520,180-40-4-2-1,7.46209256974569e-06_7.46209256974569e-06_7.46209256974569e-06_7.46209256974569e-06_7.46209256974569e-06
1016,3521,109-28-5-1-1,3.10920523739404e-06_3.10920523739404e-06_3.10920523739404e-06_3.10920523739404e-06_3.10920523739404e-06
1016,3522,117-27-8-1-1,0.00138857105902018_0.00138857105902018_0.00138857105902018_0.00138857105902018_0.00138857105902018
1016,3523,18-12-8-1-1,3.97978270386437e-05_3.97978270386437e-05_3.97978270386437e-05_3.97978270386437e-05_3.97978270386437e-05
1016,3524,172-40-4-2-1,3.73104628487285e-06_3.73104628487285e-06_3.73104628487285e-06_3.73104628487285e-06_3.73104628487285e-06
1016,3525,18-12-8-1-1,3.42012576113344e-05_3.42012576113344e-05_3.42012576113344e-05_3.42012576113344e-05_3.42012576113344e-05
1016,3526,117-27-8-1-1,0.000446481872089784_0.000446481872089784_0.000446481872089784_0.000446481872089784_0.000446481872089784
1016,3527,98-27-8-1-1,1.43023440920126e-05_1.43023440920126e-05_1.43023440920126e-05_1.43023440920126e-05_1.43023440920126e-05
1016,3528,10-3-3-1-1,2.79828471365463e-05_2.79828471365463e-05_2.79828471365463e-05_2.79828471365463e-05_2.79828471365463e-05
1016,3529,163-43-4-2-1,5.59656942730927e-06_5.59656942730927e-06_5.59656942730927e-06_5.59656942730927e-06_5.59656942730927e-06
1016,3530,112-14-4-2-1,3.10920523739404e-06_3.10920523739404e-06_3.10920523739404e-06_3.10920523739404e-06_3.10920523739404e-06
1016,3531,185-41-9-2-1,3.10920523739404e-06_3.10920523739404e-06_3.10920523739404e-06_3.10920523739404e-06_3.10920523739404e-06
1016,3532,138-23-8-1-1,1.6167867234449e-05_1.6167867234449e-05_1.6167867234449e-05_1.6167867234449e-05_1.6167867234449e-05
1016,3533,174-15-9-2-1,3.91759859911649e-05_3.91759859911649e-05_3.91759859911649e-05_3.91759859911649e-05_3.91759859911649e-05
1016,3534,201-17-10-1-1,3.04702113264616e-05_3.04702113264616e-05_3.04702113264616e-05_3.04702113264616e-05_3.04702113264616e-05
1016,3535,123-41-9-2-1,1.36805030445338e-05_1.36805030445338e-05_1.36805030445338e-05_1.36805030445338e-05_1.36805030445338e-05
1016,3536,8-7-4-2-1,4.35288733235165e-06_4.35288733235165e-06_4.35288733235165e-06_4.35288733235165e-06_4.35288733235165e-06
1016,3537,200-15-9-2-1,2.67391650415887e-05_2.67391650415887e-05_2.67391650415887e-05_2.67391650415887e-05_2.67391650415887e-05
1016,3538,109-28-5-1-1,6.21841047478808e-06_6.21841047478808e-06_6.21841047478808e-06_6.21841047478808e-06_6.21841047478808e-06
1016,3539,178-44-12-1-1,5.59656942730927e-06_5.59656942730927e-06_5.59656942730927e-06_5.59656942730927e-06_5.59656942730927e-06
1016,3540,191-37-4-2-1,5.59656942730927e-06_5.59656942730927e-06_5.59656942730927e-06_5.59656942730927e-06_5.59656942730927e-06
1016,3541,236-42-12-1-1,1.74115493294066e-05_1.74115493294066e-05_1.74115493294066e-05_1.74115493294066e-05_1.74115493294066e-05
1016,3543,172-40-4-2-1,4.97472837983046e-06_4.97472837983046e-06_4.97472837983046e-06_4.97472837983046e-06_4.97472837983046e-06
1016,3544,45-5-5-1-1,4.97472837983046e-06_4.97472837983046e-06_4.97472837983046e-06_4.97472837983046e-06_4.97472837983046e-06
1016,3546,161-36-10-1-1,8.0839336172245e-06_8.0839336172245e-06_8.0839336172245e-06_8.0839336172245e-06_8.0839336172245e-06
1016,3547,237-44-12-1-1,8.14611772197238e-05_8.14611772197238e-05_8.14611772197238e-05_8.14611772197238e-05_8.14611772197238e-05
1016,3548,132-42-12-1-1,4.97472837983046e-06_4.97472837983046e-06_4.97472837983046e-06_4.97472837983046e-06_4.97472837983046e-06
1016,3549,185-41-9-2-1,4.97472837983046e-06_4.97472837983046e-06_4.97472837983046e-06_4.97472837983046e-06_4.97472837983046e-06
1016,3551,144-43-4-2-1,2.54954829466311e-05_2.54954829466311e-05_2.54954829466311e-05_2.54954829466311e-05_2.54954829466311e-05
1016,3552,197-30-1-1-1,7.02680383651053e-05_7.02680383651053e-05_7.02680383651053e-05_7.02680383651053e-05_7.02680383651053e-05
1016,3553,98-27-8-1-1,6.21841047478808e-06_6.21841047478808e-06_6.21841047478808e-06_6.21841047478808e-06_6.21841047478808e-06
1016,3554,26-15-9-2-1,6.21841047478808e-06_6.21841047478808e-06_6.21841047478808e-06_6.21841047478808e-06_6.21841047478808e-06
1016,3555,133-12-8-1-1,6.71588331277112e-05_6.71588331277112e-05_6.71588331277112e-05_6.71588331277112e-05_6.71588331277112e-05
1016,3556,32-18-4-2-1,3.42012576113344e-05_3.42012576113344e-05_3.42012576113344e-05_3.42012576113344e-05_3.42012576113344e-05
1016,3557,133-12-8-1-1,6.84025152226688e-06_6.84025152226688e-06_6.84025152226688e-06_6.84025152226688e-06_6.84025152226688e-06
1016,3558,200-15-9-2-1,1.43023440920126e-05_1.43023440920126e-05_1.43023440920126e-05_1.43023440920126e-05_1.43023440920126e-05
1016,3559,237-44-12-1-1,3.42012576113344e-05_3.42012576113344e-05_3.42012576113344e-05_3.42012576113344e-05_3.42012576113344e-05
1016,3560,138-23-8-1-1,5.59656942730927e-06_5.59656942730927e-06_5.59656942730927e-06_5.59656942730927e-06_5.59656942730927e-06
1016,3561,134-29-2-2-1,5.59656942730927e-06_5.59656942730927e-06_5.59656942730927e-06_5.59656942730927e-06_5.59656942730927e-06
1016,3562,230-14-4-2-1,3.73104628487285e-06_3.73104628487285e-06_3.73104628487285e-06_3.73104628487285e-06_3.73104628487285e-06
1016,3563,212-41-9-2-1,3.10920523739404e-06_3.10920523739404e-06_3.10920523739404e-06_3.10920523739404e-06_3.10920523739404e-06
1016,3564,179-26-4-2-1,4.97472837983046e-06_4.97472837983046e-06_4.97472837983046e-06_4.97472837983046e-06_4.97472837983046e-06
1016,3565,216-19-9-2-1,3.10920523739404e-06_3.10920523739404e-06_3.10920523739404e-06_3.10920523739404e-06_3.10920523739404e-06
1016,3567,34-19-9-2-1,0.000271744537748239_0.000271744537748239_0.000271744537748239_0.000271744537748239_0.000271744537748239
1016,3568,153-18-4-2-1,3.04702113264616e-05_3.04702113264616e-05_3.04702113264616e-05_3.04702113264616e-05_3.04702113264616e-05
1016,3569,153-18-4-2-1,3.73104628487285e-06_3.73104628487285e-06_3.73104628487285e-06_3.73104628487285e-06_3.73104628487285e-06
1016,3570,26-15-9-2-1,9.94945675966092e-06_9.94945675966092e-06_9.94945675966092e-06_9.94945675966092e-06_9.94945675966092e-06
1016,3571,153-18-4-2-1,9.32761571218212e-06_9.32761571218212e-06_9.32761571218212e-06_9.32761571218212e-06_9.32761571218212e-06
1016,3572,153-18-4-2-1,9.94945675966092e-06_9.94945675966092e-06_9.94945675966092e-06_9.94945675966092e-06_9.94945675966092e-06
1016,3573,34-19-9-2-1,0.000164787877581884_0.000164787877581884_0.000164787877581884_0.000164787877581884_0.000164787877581884
1016,3574,234-24-7-1-1,6.59151510327536e-05_6.59151510327536e-05_6.59151510327536e-05_6.59151510327536e-05_6.59151510327536e-05
1016,3575,34-19-9-2-1,3.73104628487285e-06_3.73104628487285e-06_3.73104628487285e-06_3.73104628487285e-06_3.73104628487285e-06
1016,3576,156-37-4-2-1,2.30081187567159e-05_2.30081187567159e-05_2.30081187567159e-05_2.30081187567159e-05_2.30081187567159e-05
1016,3577,40-23-8-1-1,4.35288733235165e-06_4.35288733235165e-06_4.35288733235165e-06_4.35288733235165e-06_4.35288733235165e-06
1016,3578,40-23-8-1-1,9.32761571218212e-06_9.32761571218212e-06_9.32761571218212e-06_9.32761571218212e-06_9.32761571218212e-06
1016,3579,22-13-6-2-1,1.43023440920126e-05_1.43023440920126e-05_1.43023440920126e-05_1.43023440920126e-05_1.43023440920126e-05
1016,3580,151-19-9-2-1,8.95451108369483e-05_8.95451108369483e-05_8.95451108369483e-05_8.95451108369483e-05_8.95451108369483e-05
1016,3581,199-19-9-2-1,1.80333903768854e-05_1.80333903768854e-05_1.80333903768854e-05_1.80333903768854e-05_1.80333903768854e-05
1016,3582,112-14-4-2-1,3.73104628487285e-06_3.73104628487285e-06_3.73104628487285e-06_3.73104628487285e-06_3.73104628487285e-06
1016,3583,199-19-9-2-1,3.73104628487285e-06_3.73104628487285e-06_3.73104628487285e-06_3.73104628487285e-06_3.73104628487285e-06
1016,3584,129-21-4-2-1,1.36805030445338e-05_1.36805030445338e-05_1.36805030445338e-05_1.36805030445338e-05_1.36805030445338e-05
1016,3585,129-21-4-2-1,1.80333903768854e-05_1.80333903768854e-05_1.80333903768854e-05_1.80333903768854e-05_1.80333903768854e-05
1016,3587,8-7-4-2-1,5.59656942730927e-06_5.59656942730927e-06_5.59656942730927e-06_5.59656942730927e-06_5.59656942730927e-06
1016,3588,129-21-4-2-1,9.94945675966092e-06_9.94945675966092e-06_9.94945675966092e-06_9.94945675966092e-06_9.94945675966092e-06
1016,3589,49-22-8-1-1,9.32761571218212e-06_9.32761571218212e-06_9.32761571218212e-06_9.32761571218212e-06_9.32761571218212e-06
1016,3590,214-26-4-2-1,3.10920523739404e-06_3.10920523739404e-06_3.10920523739404e-06_3.10920523739404e-06_3.10920523739404e-06
1016,3591,161-36-10-1-1,3.10920523739404e-06_3.10920523739404e-06_3.10920523739404e-06_3.10920523739404e-06_3.10920523739404e-06
1016,3592,122-16-2-2-1,7.46209256974569e-06_7.46209256974569e-06_7.46209256974569e-06_7.46209256974569e-06_7.46209256974569e-06
1016,3593,29-17-10-1-1,4.47725554184741e-05_4.47725554184741e-05_4.47725554184741e-05_4.47725554184741e-05_4.47725554184741e-05
1016,3594,213-15-9-2-1,4.97472837983046e-06_4.97472837983046e-06_4.97472837983046e-06_4.97472837983046e-06_4.97472837983046e-06
1016,3595,29-17-10-1-1,6.84025152226688e-06_6.84025152226688e-06_6.84025152226688e-06_6.84025152226688e-06_6.84025152226688e-06
1016,3596,194-31-9-2-1,3.10920523739404e-06_3.10920523739404e-06_3.10920523739404e-06_3.10920523739404e-06_3.10920523739404e-06
1016,3597,61-13-6-2-1,4.10415091336013e-05_4.10415091336013e-05_4.10415091336013e-05_4.10415091336013e-05_4.10415091336013e-05
1016,3598,191-37-4-2-1,5.59656942730927e-06_5.59656942730927e-06_5.59656942730927e-06_5.59656942730927e-06_5.59656942730927e-06
1016,3599,85-33-5-1-1,0.00104966768814423_0.00104966768814423_0.00104966768814423_0.00104966768814423_0.00104966768814423
1016,3600,147-11-4-2-1,3.10920523739404e-06_3.10920523739404e-06_3.10920523739404e-06_3.10920523739404e-06_3.10920523739404e-06
1016,3601,139-43-4-2-1,0.000804662315437577_0.000804662315437577_0.000804662315437577_0.000804662315437577_0.000804662315437577
1016,3602,163-43-4-2-1,1.55460261869702e-05_1.55460261869702e-05_1.55460261869702e-05_1.55460261869702e-05_1.55460261869702e-05
1016,3604,179-26-4-2-1,1.86552314243642e-06_1.86552314243642e-06_1.86552314243642e-06_1.86552314243642e-06_1.86552314243642e-06
1016,3605,6-6-6-2-1,0.00022448461813985_0.00022448461813985_0.00022448461813985_0.00022448461813985_0.00022448461813985
1016,3606,85-33-5-1-1,0.000205829386715485_0.000205829386715485_0.000205829386715485_0.000205829386715485_0.000205829386715485
1016,3607,159-4-4-2-1,6.21841047478808e-05_6.21841047478808e-05_6.21841047478808e-05_6.21841047478808e-05_6.21841047478808e-05
1016,3608,114-40-4-2-1,6.84025152226688e-06_6.84025152226688e-06_6.84025152226688e-06_6.84025152226688e-06_6.84025152226688e-06
1016,3609,185-41-9-2-1,3.73104628487285e-06_3.73104628487285e-06_3.73104628487285e-06_3.73104628487285e-06_3.73104628487285e-06
1016,3610,152-32-10-1-1,3.73104628487285e-06_3.73104628487285e-06_3.73104628487285e-06_3.73104628487285e-06_3.73104628487285e-06
1016,3611,44-13-6-2-1,4.35288733235165e-06_4.35288733235165e-06_4.35288733235165e-06_4.35288733235165e-06_4.35288733235165e-06
1016,3612,57-7-4-2-1,3.73104628487285e-06_3.73104628487285e-06_3.73104628487285e-06_3.73104628487285e-06_3.73104628487285e-06
1016,3613,191-37-4-2-1,4.97472837983046e-06_4.97472837983046e-06_4.97472837983046e-06_4.97472837983046e-06_4.97472837983046e-06
1016,3614,191-37-4-2-1,1.05712978071397e-05_1.05712978071397e-05_1.05712978071397e-05_1.05712978071397e-05_1.05712978071397e-05
1016,3615,140-42-12-1-1,6.21841047478808e-06_6.21841047478808e-06_6.21841047478808e-06_6.21841047478808e-06_6.21841047478808e-06
1016,3616,109-28-5-1-1,2.9226529231504e-05_2.9226529231504e-05_2.9226529231504e-05_2.9226529231504e-05_2.9226529231504e-05
1016,3617,33-16-2-2-1,4.22851912285589e-05_4.22851912285589e-05_4.22851912285589e-05_4.22851912285589e-05_4.22851912285589e-05
1016,3618,153-18-4-2-1,8.0839336172245e-06_8.0839336172245e-06_8.0839336172245e-06_8.0839336172245e-06_8.0839336172245e-06
1016,3619,93-16-2-2-1,3.97978270386437e-05_3.97978270386437e-05_3.97978270386437e-05_3.97978270386437e-05_3.97978270386437e-05
1016,3620,29-17-10-1-1,8.0839336172245e-06_8.0839336172245e-06_8.0839336172245e-06_8.0839336172245e-06_8.0839336172245e-06
1016,3622,122-16-2-2-1,0.000123124527400804_0.000123124527400804_0.000123124527400804_0.000123124527400804_0.000123124527400804
1016,3623,177-7-4-2-1,3.10920523739404e-06_3.10920523739404e-06_3.10920523739404e-06_3.10920523739404e-06_3.10920523739404e-06
1016,3624,91-33-5-1-1,3.73104628487285e-06_3.73104628487285e-06_3.73104628487285e-06_3.73104628487285e-06_3.73104628487285e-06
1016,3625,186-15-9-2-1,2.61173239941099e-05_2.61173239941099e-05_2.61173239941099e-05_2.61173239941099e-05_2.61173239941099e-05
1016,3626,8-7-4-2-1,4.35288733235165e-06_4.35288733235165e-06_4.35288733235165e-06_4.35288733235165e-06_4.35288733235165e-06
1016,3627,128-7-4-2-1,5.59656942730927e-06_5.59656942730927e-06_5.59656942730927e-06_5.59656942730927e-06_5.59656942730927e-06
1016,3628,230-14-4-2-1,0.000240652485374299_0.000240652485374299_0.000240652485374299_0.000240652485374299_0.000240652485374299
1016,3629,230-14-4-2-1,0.00012499005054324_0.00012499005054324_0.00012499005054324_0.00012499005054324_0.00012499005054324
1016,3630,141-42-12-1-1,3.73104628487285e-06_3.73104628487285e-06_3.73104628487285e-06_3.73104628487285e-06_3.73104628487285e-06
1016,3631,26-15-9-2-1,6.65369920802324e-05_6.65369920802324e-05_6.65369920802324e-05_6.65369920802324e-05_6.65369920802324e-05
1016,3632,203-11-4-2-1,5.65875353205715e-05_5.65875353205715e-05_5.65875353205715e-05_5.65875353205715e-05_5.65875353205715e-05
1016,3633,185-41-9-2-1,3.73104628487285e-06_3.73104628487285e-06_3.73104628487285e-06_3.73104628487285e-06_3.73104628487285e-06
1016,3634,226-32-10-1-1,1.18149799020973e-05_1.18149799020973e-05_1.18149799020973e-05_1.18149799020973e-05_1.18149799020973e-05
1016,3635,26-15-9-2-1,4.35288733235165e-06_4.35288733235165e-06_4.35288733235165e-06_4.35288733235165e-06_4.35288733235165e-06
1016,3636,133-12-8-1-1,4.97472837983046e-06_4.97472837983046e-06_4.97472837983046e-06_4.97472837983046e-06_4.97472837983046e-06
1016,3637,200-15-9-2-1,3.66886218012497e-05_3.66886218012497e-05_3.66886218012497e-05_3.66886218012497e-05_3.66886218012497e-05
1016,3638,236-42-12-1-1,3.10920523739404e-06_3.10920523739404e-06_3.10920523739404e-06_3.10920523739404e-06_3.10920523739404e-06
1016,3639,172-40-4-2-1,1.05712978071397e-05_1.05712978071397e-05_1.05712978071397e-05_1.05712978071397e-05_1.05712978071397e-05
1016,3640,68-30-1-1-1,8.0839336172245e-06_8.0839336172245e-06_8.0839336172245e-06_8.0839336172245e-06_8.0839336172245e-06
1016,3642,172-40-4-2-1,6.21841047478808e-06_6.21841047478808e-06_6.21841047478808e-06_6.21841047478808e-06_6.21841047478808e-06
1016,3643,171-18-4-2-1,4.97472837983046e-06_4.97472837983046e-06_4.97472837983046e-06_4.97472837983046e-06_4.97472837983046e-06
1016,3644,185-41-9-2-1,3.10920523739404e-06_3.10920523739404e-06_3.10920523739404e-06_3.10920523739404e-06_3.10920523739404e-06
1016,3646,26-15-9-2-1,0.000119393481115931_0.000119393481115931_0.000119393481115931_0.000119393481115931_0.000119393481115931
1016,3647,153-18-4-2-1,1.74115493294066e-05_1.74115493294066e-05_1.74115493294066e-05_1.74115493294066e-05_1.74115493294066e-05
1016,3648,133-12-8-1-1,1.18149799020973e-05_1.18149799020973e-05_1.18149799020973e-05_1.18149799020973e-05_1.18149799020973e-05
1016,3649,26-15-9-2-1,7.46209256974569e-06_7.46209256974569e-06_7.46209256974569e-06_7.46209256974569e-06_7.46209256974569e-06
1016,3650,26-15-9-2-1,4.97472837983046e-06_4.97472837983046e-06_4.97472837983046e-06_4.97472837983046e-06_4.97472837983046e-06
1016,3651,60-22-8-1-1,0.000144888964062562_0.000144888964062562_0.000144888964062562_0.000144888964062562_0.000144888964062562
1016,3652,47-22-8-1-1,7.46209256974569e-06_7.46209256974569e-06_7.46209256974569e-06_7.46209256974569e-06_7.46209256974569e-06
1016,3653,196-14-4-2-1,4.97472837983046e-06_4.97472837983046e-06_4.97472837983046e-06_4.97472837983046e-06_4.97472837983046e-06
1016,3654,26-15-9-2-1,5.59656942730927e-06_5.59656942730927e-06_5.59656942730927e-06_5.59656942730927e-06_5.59656942730927e-06
1016,3655,23-10-2-2-1,0.000228215664424722_0.000228215664424722_0.000228215664424722_0.000228215664424722_0.000228215664424722
1016,3657,23-10-2-2-1,5.90748995104867e-05_5.90748995104867e-05_5.90748995104867e-05_5.90748995104867e-05_5.90748995104867e-05
1016,3658,226-32-10-1-1,6.84025152226688e-06_6.84025152226688e-06_6.84025152226688e-06_6.84025152226688e-06_6.84025152226688e-06
1016,3659,156-37-4-2-1,5.59656942730927e-05_5.59656942730927e-05_5.59656942730927e-05_5.59656942730927e-05_5.59656942730927e-05
1016,3660,63-27-8-1-1,1.43023440920126e-05_1.43023440920126e-05_1.43023440920126e-05_1.43023440920126e-05_1.43023440920126e-05
1016,3661,122-16-2-2-1,8.83014287419907e-05_8.83014287419907e-05_8.83014287419907e-05_8.83014287419907e-05_8.83014287419907e-05
1016,3662,84-2-2-2-1,7.27554025550205e-05_7.27554025550205e-05_7.27554025550205e-05_7.27554025550205e-05_7.27554025550205e-05
1016,3663,75-1-1-1-1,3.73104628487285e-06_3.73104628487285e-06_3.73104628487285e-06_3.73104628487285e-06_3.73104628487285e-06
1016,3664,96-13-6-2-1,0.00012499005054324_0.00012499005054324_0.00012499005054324_0.00012499005054324_0.00012499005054324
1016,3665,95-37-4-2-1,1.11931388546185e-05_1.11931388546185e-05_1.11931388546185e-05_1.11931388546185e-05_1.11931388546185e-05
1016,3666,222-35-4-2-1,3.73104628487285e-06_3.73104628487285e-06_3.73104628487285e-06_3.73104628487285e-06_3.73104628487285e-06
1016,3667,222-35-4-2-1,2.36299598041947e-05_2.36299598041947e-05_2.36299598041947e-05_2.36299598041947e-05_2.36299598041947e-05
1016,3668,159-4-4-2-1,1.6167867234449e-05_1.6167867234449e-05_1.6167867234449e-05_1.6167867234449e-05_1.6167867234449e-05
1016,3669,168-2-2-2-1,0.000203963863573049_0.000203963863573049_0.000203963863573049_0.000203963863573049_0.000203963863573049
1016,3670,95-37-4-2-1,3.10920523739404e-05_3.10920523739404e-05_3.10920523739404e-05_3.10920523739404e-05_3.10920523739404e-05
1016,3671,44-13-6-2-1,6.34277868428384e-05_6.34277868428384e-05_6.34277868428384e-05_6.34277868428384e-05_6.34277868428384e-05
1016,3672,161-36-10-1-1,4.35288733235165e-06_4.35288733235165e-06_4.35288733235165e-06_4.35288733235165e-06_4.35288733235165e-06
1016,3673,166-18-4-2-1,3.10920523739404e-05_3.10920523739404e-05_3.10920523739404e-05_3.10920523739404e-05_3.10920523739404e-05
1016,3674,166-18-4-2-1,4.66380785609106e-05_4.66380785609106e-05_4.66380785609106e-05_4.66380785609106e-05_4.66380785609106e-05
1016,3675,57-7-4-2-1,1.18149799020973e-05_1.18149799020973e-05_1.18149799020973e-05_1.18149799020973e-05_1.18149799020973e-05
1016,3676,57-7-4-2-1,9.94945675966092e-06_9.94945675966092e-06_9.94945675966092e-06_9.94945675966092e-06_9.94945675966092e-06
1016,3677,216-19-9-2-1,1.43023440920126e-05_1.43023440920126e-05_1.43023440920126e-05_1.43023440920126e-05_1.43023440920126e-05
1016,3678,184-31-9-2-1,1.11931388546185e-05_1.11931388546185e-05_1.11931388546185e-05_1.11931388546185e-05_1.11931388546185e-05
1016,3679,128-7-4-2-1,4.97472837983046e-06_4.97472837983046e-06_4.97472837983046e-06_4.97472837983046e-06_4.97472837983046e-06
1016,3680,200-15-9-2-1,3.10920523739404e-06_3.10920523739404e-06_3.10920523739404e-06_3.10920523739404e-06_3.10920523739404e-06
1016,3681,203-11-4-2-1,3.2335734468898e-05_3.2335734468898e-05_3.2335734468898e-05_3.2335734468898e-05_3.2335734468898e-05
1016,3682,223-40-4-2-1,1.86552314243642e-05_1.86552314243642e-05_1.86552314243642e-05_1.86552314243642e-05_1.86552314243642e-05
1016,3683,122-16-2-2-1,1.24368209495762e-05_1.24368209495762e-05_1.24368209495762e-05_1.24368209495762e-05_1.24368209495762e-05
1016,3684,212-41-9-2-1,4.35288733235165e-06_4.35288733235165e-06_4.35288733235165e-06_4.35288733235165e-06_4.35288733235165e-06
1016,3685,130-12-8-1-1,8.70577466470331e-06_8.70577466470331e-06_8.70577466470331e-06_8.70577466470331e-06_8.70577466470331e-06
1016,3686,63-27-8-1-1,3.10920523739404e-05_3.10920523739404e-05_3.10920523739404e-05_3.10920523739404e-05_3.10920523739404e-05
1016,3687,141-42-12-1-1,3.73104628487285e-06_3.73104628487285e-06_3.73104628487285e-06_3.73104628487285e-06_3.73104628487285e-06
1016,3688,200-15-9-2-1,2.17644366617583e-05_2.17644366617583e-05_2.17644366617583e-05_2.17644366617583e-05_2.17644366617583e-05
1016,3689,68-30-1-1-1,6.84025152226688e-06_6.84025152226688e-06_6.84025152226688e-06_6.84025152226688e-06_6.84025152226688e-06
1016,3690,225-31-9-2-1,1.24368209495762e-05_1.24368209495762e-05_1.24368209495762e-05_1.24368209495762e-05_1.24368209495762e-05
1016,3691,185-41-9-2-1,4.35288733235165e-06_4.35288733235165e-06_4.35288733235165e-06_4.35288733235165e-06_4.35288733235165e-06
1016,3692,202-37-4-2-1,6.778067417519e-05_6.778067417519e-05_6.778067417519e-05_6.778067417519e-05_6.778067417519e-05
1016,3693,32-18-4-2-1,1.3058661997055e-05_1.3058661997055e-05_1.3058661997055e-05_1.3058661997055e-05_1.3058661997055e-05
1016,3694,76-4-4-2-1,8.0839336172245e-06_8.0839336172245e-06_8.0839336172245e-06_8.0839336172245e-06_8.0839336172245e-06
1016,3695,98-27-8-1-1,3.48230986588132e-05_3.48230986588132e-05_3.48230986588132e-05_3.48230986588132e-05_3.48230986588132e-05
1016,3696,57-7-4-2-1,7.95956540772874e-05_7.95956540772874e-05_7.95956540772874e-05_7.95956540772874e-05_7.95956540772874e-05
1016,3697,26-15-9-2-1,6.84025152226688e-06_6.84025152226688e-06_6.84025152226688e-06_6.84025152226688e-06_6.84025152226688e-06
1016,3698,1-1-1-1-1,8.70577466470331e-06_8.70577466470331e-06_8.70577466470331e-06_8.70577466470331e-06_8.70577466470331e-06
1016,3699,67-2-2-2-1,7.33772436024993e-05_7.33772436024993e-05_7.33772436024993e-05_7.33772436024993e-05_7.33772436024993e-05
1016,3700,55-22-8-1-1,6.84025152226688e-06_6.84025152226688e-06_6.84025152226688e-06_6.84025152226688e-06_6.84025152226688e-06
1016,3701,224-39-11-1-1,3.73104628487285e-06_3.73104628487285e-06_3.73104628487285e-06_3.73104628487285e-06_3.73104628487285e-06
1016,3702,185-41-9-2-1,5.59656942730927e-06_5.59656942730927e-06_5.59656942730927e-06_5.59656942730927e-06_5.59656942730927e-06
1016,3703,216-19-9-2-1,4.35288733235165e-06_4.35288733235165e-06_4.35288733235165e-06_4.35288733235165e-06_4.35288733235165e-06
1016,3704,177-7-4-2-1,3.73104628487285e-06_3.73104628487285e-06_3.73104628487285e-06_3.73104628487285e-06_3.73104628487285e-06
1016,3705,205-12-8-1-1,1.9277072471843e-05_1.9277072471843e-05_1.9277072471843e-05_1.9277072471843e-05_1.9277072471843e-05
1016,3706,202-37-4-2-1,4.35288733235165e-06_4.35288733235165e-06_4.35288733235165e-06_4.35288733235165e-06_4.35288733235165e-06
1016,3707,126-29-2-2-1,2.23862777092371e-05_2.23862777092371e-05_2.23862777092371e-05_2.23862777092371e-05_2.23862777092371e-05
1016,3709,26-15-9-2-1,5.59656942730927e-06_5.59656942730927e-06_5.59656942730927e-06_5.59656942730927e-06_5.59656942730927e-06
1016,3710,34-19-9-2-1,4.97472837983046e-06_4.97472837983046e-06_4.97472837983046e-06_4.97472837983046e-06_4.97472837983046e-06
1016,3711,201-17-10-1-1,1.36805030445338e-05_1.36805030445338e-05_1.36805030445338e-05_1.36805030445338e-05_1.36805030445338e-05
1016,3712,161-36-10-1-1,3.10920523739404e-06_3.10920523739404e-06_3.10920523739404e-06_3.10920523739404e-06_3.10920523739404e-06
1016,3713,227-41-9-2-1,3.73104628487285e-06_3.73104628487285e-06_3.73104628487285e-06_3.73104628487285e-06_3.73104628487285e-06
1016,3714,79-32-10-1-1,2.11425956142795e-05_2.11425956142795e-05_2.11425956142795e-05_2.11425956142795e-05_2.11425956142795e-05
1016,3715,212-41-9-2-1,1.18149799020973e-05_1.18149799020973e-05_1.18149799020973e-05_1.18149799020973e-05_1.18149799020973e-05
1016,3716,185-41-9-2-1,3.10920523739404e-06_3.10920523739404e-06_3.10920523739404e-06_3.10920523739404e-06_3.10920523739404e-06
1016,3717,79-32-10-1-1,7.46209256974569e-06_7.46209256974569e-06_7.46209256974569e-06_7.46209256974569e-06_7.46209256974569e-06
1016,3718,24-14-4-2-1,0.00220629203645481_0.00220629203645481_0.00220629203645481_0.00220629203645481_0.00220629203645481
1016,3719,196-14-4-2-1,1.24368209495762e-05_1.24368209495762e-05_1.24368209495762e-05_1.24368209495762e-05_1.24368209495762e-05
1016,3720,151-19-9-2-1,9.32761571218212e-06_9.32761571218212e-06_9.32761571218212e-06_9.32761571218212e-06_9.32761571218212e-06
1016,3721,26-15-9-2-1,2.11425956142795e-05_2.11425956142795e-05_2.11425956142795e-05_2.11425956142795e-05_2.11425956142795e-05
1016,3722,35-20-9-2-1,5.59656942730927e-06_5.59656942730927e-06_5.59656942730927e-06_5.59656942730927e-06_5.59656942730927e-06
1016,3723,216-19-9-2-1,9.32761571218212e-06_9.32761571218212e-06_9.32761571218212e-06_9.32761571218212e-06_9.32761571218212e-06
1016,3724,172-40-4-2-1,2.30081187567159e-05_2.30081187567159e-05_2.30081187567159e-05_2.30081187567159e-05_2.30081187567159e-05
1016,3725,185-41-9-2-1,2.48736418991523e-06_2.48736418991523e-06_2.48736418991523e-06_2.48736418991523e-06_2.48736418991523e-06
1016,3726,199-19-9-2-1,3.73104628487285e-06_3.73104628487285e-06_3.73104628487285e-06_3.73104628487285e-06_3.73104628487285e-06
1016,3727,106-39-11-1-1,0.00120450610896645_0.00120450610896645_0.00120450610896645_0.00120450610896645_0.00120450610896645
1016,3728,63-27-8-1-1,2.17644366617583e-05_2.17644366617583e-05_2.17644366617583e-05_2.17644366617583e-05_2.17644366617583e-05
1016,3729,39-22-8-1-1,5.59656942730927e-06_5.59656942730927e-06_5.59656942730927e-06_5.59656942730927e-06_5.59656942730927e-06
1016,3730,184-31-9-2-1,8.0839336172245e-06_8.0839336172245e-06_8.0839336172245e-06_8.0839336172245e-06_8.0839336172245e-06
1016,3731,112-14-4-2-1,3.73104628487285e-06_3.73104628487285e-06_3.73104628487285e-06_3.73104628487285e-06_3.73104628487285e-06
1016,3732,8-7-4-2-1,4.35288733235165e-06_4.35288733235165e-06_4.35288733235165e-06_4.35288733235165e-06_4.35288733235165e-06
1016,3733,191-37-4-2-1,1.3058661997055e-05_1.3058661997055e-05_1.3058661997055e-05_1.3058661997055e-05_1.3058661997055e-05
1016,3734,176-20-9-2-1,3.10920523739404e-06_3.10920523739404e-06_3.10920523739404e-06_3.10920523739404e-06_3.10920523739404e-06
1016,3735,106-39-11-1-1,0.00027112269670076_0.00027112269670076_0.00027112269670076_0.00027112269670076_0.00027112269670076
1016,3736,92-2-2-2-1,0.000698327496318701_0.000698327496318701_0.000698327496318701_0.000698327496318701_0.000698327496318701
1016,3737,166-18-4-2-1,1.36805030445338e-05_1.36805030445338e-05_1.36805030445338e-05_1.36805030445338e-05_1.36805030445338e-05
1016,3738,49-22-8-1-1,0.000276719266128069_0.000276719266128069_0.000276719266128069_0.000276719266128069_0.000276719266128069
1016,3739,185-41-9-2-1,3.10920523739404e-06_3.10920523739404e-06_3.10920523739404e-06_3.10920523739404e-06_3.10920523739404e-06
1016,3740,49-22-8-1-1,3.85541449436861e-05_3.85541449436861e-05_3.85541449436861e-05_3.85541449436861e-05_3.85541449436861e-05
1016,3741,139-43-4-2-1,9.38979981693e-05_9.38979981693e-05_9.38979981693e-05_9.38979981693e-05_9.38979981693e-05
1016,3742,158-2-2-2-1,2.9226529231504e-05_2.9226529231504e-05_2.9226529231504e-05_2.9226529231504e-05_2.9226529231504e-05
1016,3744,44-13-6-2-1,1.11931388546185e-05_1.11931388546185e-05_1.11931388546185e-05_1.11931388546185e-05_1.11931388546185e-05
1016,3745,138-23-8-1-1,3.73104628487285e-06_3.73104628487285e-06_3.73104628487285e-06_3.73104628487285e-06_3.73104628487285e-06
1016,3746,220-22-8-1-1,6.84025152226688e-06_6.84025152226688e-06_6.84025152226688e-06_6.84025152226688e-06_6.84025152226688e-06
1016,3747,63-27-8-1-1,1.3058661997055e-05_1.3058661997055e-05_1.3058661997055e-05_1.3058661997055e-05_1.3058661997055e-05
1016,3748,201-17-10-1-1,3.35794165638556e-05_3.35794165638556e-05_3.35794165638556e-05_3.35794165638556e-05_3.35794165638556e-05
1016,3749,212-41-9-2-1,3.73104628487285e-06_3.73104628487285e-06_3.73104628487285e-06_3.73104628487285e-06_3.73104628487285e-06
1016,3750,127-30-1-1-1,1.49241851394914e-05_1.49241851394914e-05_1.49241851394914e-05_1.49241851394914e-05_1.49241851394914e-05
1016,3751,199-19-9-2-1,1.86552314243642e-05_1.86552314243642e-05_1.86552314243642e-05_1.86552314243642e-05_1.86552314243642e-05
1016,3752,220-22-8-1-1,3.29575755163768e-05_3.29575755163768e-05_3.29575755163768e-05_3.29575755163768e-05_3.29575755163768e-05
1016,3753,199-19-9-2-1,4.35288733235165e-06_4.35288733235165e-06_4.35288733235165e-06_4.35288733235165e-06_4.35288733235165e-06
1016,3754,188-14-4-2-1,8.0839336172245e-06_8.0839336172245e-06_8.0839336172245e-06_8.0839336172245e-06_8.0839336172245e-06
1016,3755,122-16-2-2-1,4.97472837983046e-06_4.97472837983046e-06_4.97472837983046e-06_4.97472837983046e-06_4.97472837983046e-06
1016,3756,68-30-1-1-1,6.59151510327536e-05_6.59151510327536e-05_6.59151510327536e-05_6.59151510327536e-05_6.59151510327536e-05
1016,3757,172-40-4-2-1,3.73104628487285e-06_3.73104628487285e-06_3.73104628487285e-06_3.73104628487285e-06_3.73104628487285e-06
1016,3758,216-19-9-2-1,1.05712978071397e-05_1.05712978071397e-05_1.05712978071397e-05_1.05712978071397e-05_1.05712978071397e-05
1016,3759,128-7-4-2-1,1.43023440920126e-05_1.43023440920126e-05_1.43023440920126e-05_1.43023440920126e-05_1.43023440920126e-05
1016,3760,74-31-9-2-1,3.10920523739404e-06_3.10920523739404e-06_3.10920523739404e-06_3.10920523739404e-06_3.10920523739404e-06
1016,3761,185-41-9-2-1,3.73104628487285e-06_3.73104628487285e-06_3.73104628487285e-06_3.73104628487285e-06_3.73104628487285e-06
1016,3762,140-42-12-1-1,1.18149799020973e-05_1.18149799020973e-05_1.18149799020973e-05_1.18149799020973e-05_1.18149799020973e-05
1016,3763,152-32-10-1-1,3.73104628487285e-06_3.73104628487285e-06_3.73104628487285e-06_3.73104628487285e-06_3.73104628487285e-06
1016,3764,24-14-4-2-1,4.78817606558682e-05_4.78817606558682e-05_4.78817606558682e-05_4.78817606558682e-05_4.78817606558682e-05
1016,3765,112-14-4-2-1,6.84025152226688e-06_6.84025152226688e-06_6.84025152226688e-06_6.84025152226688e-06_6.84025152226688e-06
1016,3766,98-27-8-1-1,9.32761571218212e-06_9.32761571218212e-06_9.32761571218212e-06_9.32761571218212e-06_9.32761571218212e-06
1016,3767,55-22-8-1-1,7.46209256974569e-06_7.46209256974569e-06_7.46209256974569e-06_7.46209256974569e-06_7.46209256974569e-06
1016,3768,183-23-8-1-1,5.90748995104867e-05_5.90748995104867e-05_5.90748995104867e-05_5.90748995104867e-05_5.90748995104867e-05
1016,3769,40-23-8-1-1,2.48736418991523e-06_2.48736418991523e-06_2.48736418991523e-06_2.48736418991523e-06_2.48736418991523e-06
1016,3770,183-23-8-1-1,2.67391650415887e-05_2.67391650415887e-05_2.67391650415887e-05_2.67391650415887e-05_2.67391650415887e-05
1016,3771,8-7-4-2-1,5.59656942730927e-06_5.59656942730927e-06_5.59656942730927e-06_5.59656942730927e-06_5.59656942730927e-06
1016,3772,144-43-4-2-1,0.000115040593783579_0.000115040593783579_0.000115040593783579_0.000115040593783579_0.000115040593783579
1016,3773,144-43-4-2-1,2.73610060890675e-05_2.73610060890675e-05_2.73610060890675e-05_2.73610060890675e-05_2.73610060890675e-05
1016,3774,29-17-10-1-1,2.48736418991523e-05_2.48736418991523e-05_2.48736418991523e-05_2.48736418991523e-05_2.48736418991523e-05
1016,3775,29-17-10-1-1,1.67897082819278e-05_1.67897082819278e-05_1.67897082819278e-05_1.67897082819278e-05_1.67897082819278e-05
1016,3776,114-40-4-2-1,4.35288733235165e-06_4.35288733235165e-06_4.35288733235165e-06_4.35288733235165e-06_4.35288733235165e-06
1016,3777,153-18-4-2-1,2.73610060890675e-05_2.73610060890675e-05_2.73610060890675e-05_2.73610060890675e-05_2.73610060890675e-05
1016,3778,40-23-8-1-1,2.30081187567159e-05_2.30081187567159e-05_2.30081187567159e-05_2.30081187567159e-05_2.30081187567159e-05
1016,3779,133-12-8-1-1,1.05712978071397e-05_1.05712978071397e-05_1.05712978071397e-05_1.05712978071397e-05_1.05712978071397e-05
1016,3780,44-13-6-2-1,1.11931388546185e-05_1.11931388546185e-05_1.11931388546185e-05_1.11931388546185e-05_1.11931388546185e-05
1016,3781,141-42-12-1-1,3.10920523739404e-06_3.10920523739404e-06_3.10920523739404e-06_3.10920523739404e-06_3.10920523739404e-06
1016,3782,185-41-9-2-1,3.73104628487285e-06_3.73104628487285e-06_3.73104628487285e-06_3.73104628487285e-06_3.73104628487285e-06
1016,3783,216-19-9-2-1,9.32761571218212e-06_9.32761571218212e-06_9.32761571218212e-06_9.32761571218212e-06_9.32761571218212e-06
1016,3784,199-19-9-2-1,3.10920523739404e-06_3.10920523739404e-06_3.10920523739404e-06_3.10920523739404e-06_3.10920523739404e-06
1016,3785,28-16-2-2-1,0.000158569467107096_0.000158569467107096_0.000158569467107096_0.000158569467107096_0.000158569467107096
1016,3786,181-40-4-2-1,5.90748995104867e-05_5.90748995104867e-05_5.90748995104867e-05_5.90748995104867e-05_5.90748995104867e-05
1016,3787,235-34-11-1-1,1.36805030445338e-05_1.36805030445338e-05_1.36805030445338e-05_1.36805030445338e-05_1.36805030445338e-05
1016,3788,24-14-4-2-1,0.000499960202172961_0.000499960202172961_0.000499960202172961_0.000499960202172961_0.000499960202172961
1016,3789,196-14-4-2-1,9.94945675966092e-06_9.94945675966092e-06_9.94945675966092e-06_9.94945675966092e-06_9.94945675966092e-06
1016,3790,212-41-9-2-1,8.70577466470331e-06_8.70577466470331e-06_8.70577466470331e-06_8.70577466470331e-06_8.70577466470331e-06
1016,3791,200-15-9-2-1,3.10920523739404e-06_3.10920523739404e-06_3.10920523739404e-06_3.10920523739404e-06_3.10920523739404e-06
1016,3793,151-19-9-2-1,6.21841047478808e-06_6.21841047478808e-06_6.21841047478808e-06_6.21841047478808e-06_6.21841047478808e-06
1016,3794,203-11-4-2-1,8.0839336172245e-06_8.0839336172245e-06_8.0839336172245e-06_8.0839336172245e-06_8.0839336172245e-06
1016,3795,225-31-9-2-1,7.46209256974569e-06_7.46209256974569e-06_7.46209256974569e-06_7.46209256974569e-06_7.46209256974569e-06
1016,3796,122-16-2-2-1,1.86552314243642e-06_1.86552314243642e-06_1.86552314243642e-06_1.86552314243642e-06_1.86552314243642e-06
1016,3797,8-7-4-2-1,3.10920523739404e-06_3.10920523739404e-06_3.10920523739404e-06_3.10920523739404e-06_3.10920523739404e-06
1016,3798,98-27-8-1-1,3.10920523739404e-06_3.10920523739404e-06_3.10920523739404e-06_3.10920523739404e-06_3.10920523739404e-06
1016,3799,151-19-9-2-1,1.55460261869702e-05_1.55460261869702e-05_1.55460261869702e-05_1.55460261869702e-05_1.55460261869702e-05
1016,3801,163-43-4-2-1,6.84025152226688e-06_6.84025152226688e-06_6.84025152226688e-06_6.84025152226688e-06_6.84025152226688e-06
1016,3802,99-28-5-1-1,0.000379944880009551_0.000379944880009551_0.000379944880009551_0.000379944880009551_0.000379944880009551
1016,3803,179-26-4-2-1,1.49241851394914e-05_1.49241851394914e-05_1.49241851394914e-05_1.49241851394914e-05_1.49241851394914e-05
1016,3804,185-41-9-2-1,4.97472837983046e-06_4.97472837983046e-06_4.97472837983046e-06_4.97472837983046e-06_4.97472837983046e-06
1016,3805,153-18-4-2-1,4.35288733235165e-06_4.35288733235165e-06_4.35288733235165e-06_4.35288733235165e-06_4.35288733235165e-06
1016,3806,134-29-2-2-1,4.35288733235165e-05_4.35288733235165e-05_4.35288733235165e-05_4.35288733235165e-05_4.35288733235165e-05
1016,3807,134-29-2-2-1,9.94945675966092e-06_9.94945675966092e-06_9.94945675966092e-06_9.94945675966092e-06_9.94945675966092e-06
1016,3808,152-32-10-1-1,3.10920523739404e-06_3.10920523739404e-06_3.10920523739404e-06_3.10920523739404e-06_3.10920523739404e-06
1016,3809,70-27-8-1-1,3.10920523739404e-06_3.10920523739404e-06_3.10920523739404e-06_3.10920523739404e-06_3.10920523739404e-06
1016,3810,79-32-10-1-1,3.79323038962073e-05_3.79323038962073e-05_3.79323038962073e-05_3.79323038962073e-05_3.79323038962073e-05
1016,3811,153-18-4-2-1,1.18149799020973e-05_1.18149799020973e-05_1.18149799020973e-05_1.18149799020973e-05_1.18149799020973e-05
1016,3812,212-41-9-2-1,0.000142401599872647_0.000142401599872647_0.000142401599872647_0.000142401599872647_0.000142401599872647
1016,3813,88-35-4-2-1,3.10920523739404e-06_3.10920523739404e-06_3.10920523739404e-06_3.10920523739404e-06_3.10920523739404e-06
1016,3815,212-41-9-2-1,4.97472837983046e-06_4.97472837983046e-06_4.97472837983046e-06_4.97472837983046e-06_4.97472837983046e-06
1016,3816,179-26-4-2-1,0.000265526127273451_0.000265526127273451_0.000265526127273451_0.000265526127273451_0.000265526127273451
1016,3817,31-6-6-2-1,3.48230986588132e-05_3.48230986588132e-05_3.48230986588132e-05_3.48230986588132e-05_3.48230986588132e-05
1016,3818,214-26-4-2-1,6.21841047478808e-06_6.21841047478808e-06_6.21841047478808e-06_6.21841047478808e-06_6.21841047478808e-06
1016,3819,172-40-4-2-1,3.10920523739404e-06_3.10920523739404e-06_3.10920523739404e-06_3.10920523739404e-06_3.10920523739404e-06
1016,3820,112-14-4-2-1,3.10920523739404e-06_3.10920523739404e-06_3.10920523739404e-06_3.10920523739404e-06_3.10920523739404e-06
1016,3821,40-23-8-1-1,0.000253711147371354_0.000253711147371354_0.000253711147371354_0.000253711147371354_0.000253711147371354
1016,3822,185-41-9-2-1,3.10920523739404e-06_3.10920523739404e-06_3.10920523739404e-06_3.10920523739404e-06_3.10920523739404e-06
1016,3823,114-40-4-2-1,4.35288733235165e-06_4.35288733235165e-06_4.35288733235165e-06_4.35288733235165e-06_4.35288733235165e-06
1016,3824,44-13-6-2-1,3.10920523739404e-06_3.10920523739404e-06_3.10920523739404e-06_3.10920523739404e-06_3.10920523739404e-06
1016,3825,185-41-9-2-1,4.97472837983046e-06_4.97472837983046e-06_4.97472837983046e-06_4.97472837983046e-06_4.97472837983046e-06
1016,3826,171-18-4-2-1,1.24368209495762e-05_1.24368209495762e-05_1.24368209495762e-05_1.24368209495762e-05_1.24368209495762e-05
1016,3827,115-8-3-1-1,0.000330197596211247_0.000330197596211247_0.000330197596211247_0.000330197596211247_0.000330197596211247
1016,3828,141-42-12-1-1,3.10920523739404e-06_3.10920523739404e-06_3.10920523739404e-06_3.10920523739404e-06_3.10920523739404e-06
1016,3829,79-32-10-1-1,8.0839336172245e-06_8.0839336172245e-06_8.0839336172245e-06_8.0839336172245e-06_8.0839336172245e-06
1016,3830,188-14-4-2-1,7.33772436024993e-05_7.33772436024993e-05_7.33772436024993e-05_7.33772436024993e-05_7.33772436024993e-05
1016,3831,126-29-2-2-1,1.11931388546185e-05_1.11931388546185e-05_1.11931388546185e-05_1.11931388546185e-05_1.11931388546185e-05
1016,3832,212-41-9-2-1,3.73104628487285e-06_3.73104628487285e-06_3.73104628487285e-06_3.73104628487285e-06_3.73104628487285e-06
1016,3833,203-11-4-2-1,2.05207545668007e-05_2.05207545668007e-05_2.05207545668007e-05_2.05207545668007e-05_2.05207545668007e-05
1016,3834,123-41-9-2-1,6.09404226529231e-05_6.09404226529231e-05_6.09404226529231e-05_6.09404226529231e-05_6.09404226529231e-05
1016,3835,191-37-4-2-1,2.36299598041947e-05_2.36299598041947e-05_2.36299598041947e-05_2.36299598041947e-05_2.36299598041947e-05
1016,3836,161-36-10-1-1,4.97472837983046e-06_4.97472837983046e-06_4.97472837983046e-06_4.97472837983046e-06_4.97472837983046e-06
1016,3837,199-19-9-2-1,2.17644366617583e-05_2.17644366617583e-05_2.17644366617583e-05_2.17644366617583e-05_2.17644366617583e-05
1016,3838,160-30-1-1-1,9.32761571218212e-06_9.32761571218212e-06_9.32761571218212e-06_9.32761571218212e-06_9.32761571218212e-06
1016,3839,26-15-9-2-1,3.10920523739404e-06_3.10920523739404e-06_3.10920523739404e-06_3.10920523739404e-06_3.10920523739404e-06
1016,3840,122-16-2-2-1,5.59656942730927e-06_5.59656942730927e-06_5.59656942730927e-06_5.59656942730927e-06_5.59656942730927e-06
1016,3841,116-36-10-1-1,2.17644366617583e-05_2.17644366617583e-05_2.17644366617583e-05_2.17644366617583e-05_2.17644366617583e-05
1016,3842,116-36-10-1-1,3.10920523739404e-06_3.10920523739404e-06_3.10920523739404e-06_3.10920523739404e-06_3.10920523739404e-06
1016,3843,55-22-8-1-1,3.73104628487285e-06_3.73104628487285e-06_3.73104628487285e-06_3.73104628487285e-06_3.73104628487285e-06
1016,3844,220-22-8-1-1,2.42518008516735e-05_2.42518008516735e-05_2.42518008516735e-05_2.42518008516735e-05_2.42518008516735e-05
1016,3845,40-23-8-1-1,0.000103225613881482_0.000103225613881482_0.000103225613881482_0.000103225613881482_0.000103225613881482
1016,3846,172-40-4-2-1,4.35288733235165e-06_4.35288733235165e-06_4.35288733235165e-06_4.35288733235165e-06_4.35288733235165e-06
1016,3847,55-22-8-1-1,1.67897082819278e-05_1.67897082819278e-05_1.67897082819278e-05_1.67897082819278e-05_1.67897082819278e-05
1016,3848,6-6-6-2-1,0.000176602857483981_0.000176602857483981_0.000176602857483981_0.000176602857483981_0.000176602857483981
1016,3849,140-42-12-1-1,9.32761571218212e-06_9.32761571218212e-06_9.32761571218212e-06_9.32761571218212e-06_9.32761571218212e-06
1016,3850,68-30-1-1-1,3.79323038962073e-05_3.79323038962073e-05_3.79323038962073e-05_3.79323038962073e-05_3.79323038962073e-05
1016,3851,141-42-12-1-1,3.73104628487285e-06_3.73104628487285e-06_3.73104628487285e-06_3.73104628487285e-06_3.73104628487285e-06
1016,3852,112-14-4-2-1,4.35288733235165e-06_4.35288733235165e-06_4.35288733235165e-06_4.35288733235165e-06_4.35288733235165e-06
1016,3853,148-29-2-2-1,0.000114418752736101_0.000114418752736101_0.000114418752736101_0.000114418752736101_0.000114418752736101
1016,3854,6-6-6-2-1,9.45198392167788e-05_9.45198392167788e-05_9.45198392167788e-05_9.45198392167788e-05_9.45198392167788e-05
1016,3855,45-5-5-1-1,1.74115493294066e-05_1.74115493294066e-05_1.74115493294066e-05_1.74115493294066e-05_1.74115493294066e-05
1016,3856,193-40-4-2-1,3.10920523739404e-05_3.10920523739404e-05_3.10920523739404e-05_3.10920523739404e-05_3.10920523739404e-05
1016,3857,212-41-9-2-1,1.55460261869702e-05_1.55460261869702e-05_1.55460261869702e-05_1.55460261869702e-05_1.55460261869702e-05
1016,3858,25-10-2-2-1,1.05712978071397e-05_1.05712978071397e-05_1.05712978071397e-05_1.05712978071397e-05_1.05712978071397e-05
1016,3859,153-18-4-2-1,3.10920523739404e-06_3.10920523739404e-06_3.10920523739404e-06_3.10920523739404e-06_3.10920523739404e-06
1016,3860,122-16-2-2-1,4.35288733235165e-06_4.35288733235165e-06_4.35288733235165e-06_4.35288733235165e-06_4.35288733235165e-06
1016,3861,200-15-9-2-1,6.21841047478808e-06_6.21841047478808e-06_6.21841047478808e-06_6.21841047478808e-06_6.21841047478808e-06
1016,3862,172-40-4-2-1,3.10920523739404e-06_3.10920523739404e-06_3.10920523739404e-06_3.10920523739404e-06_3.10920523739404e-06
1016,3863,171-18-4-2-1,5.59656942730927e-06_5.59656942730927e-06_5.59656942730927e-06_5.59656942730927e-06_5.59656942730927e-06
1016,3865,121-39-11-1-1,3.73104628487285e-06_3.73104628487285e-06_3.73104628487285e-06_3.73104628487285e-06_3.73104628487285e-06
1016,3866,109-28-5-1-1,8.0839336172245e-06_8.0839336172245e-06_8.0839336172245e-06_8.0839336172245e-06_8.0839336172245e-06
1016,3868,16-10-2-2-1,0.000939601822740478_0.000939601822740478_0.000939601822740478_0.000939601822740478_0.000939601822740478
1016,3869,25-10-2-2-1,6.21841047478808e-06_6.21841047478808e-06_6.21841047478808e-06_6.21841047478808e-06_6.21841047478808e-06
1016,3870,205-12-8-1-1,2.48736418991523e-06_2.48736418991523e-06_2.48736418991523e-06_2.48736418991523e-06_2.48736418991523e-06
1016,3871,221-35-4-2-1,1.24368209495762e-05_1.24368209495762e-05_1.24368209495762e-05_1.24368209495762e-05_1.24368209495762e-05
1016,3872,221-35-4-2-1,1.74115493294066e-05_1.74115493294066e-05_1.74115493294066e-05_1.74115493294066e-05_1.74115493294066e-05
1016,3873,32-18-4-2-1,1.43023440920126e-05_1.43023440920126e-05_1.43023440920126e-05_1.43023440920126e-05_1.43023440920126e-05
1016,3874,204-35-4-2-1,6.1562263700402e-05_6.1562263700402e-05_6.1562263700402e-05_6.1562263700402e-05_6.1562263700402e-05
1016,3875,152-32-10-1-1,1.55460261869702e-05_1.55460261869702e-05_1.55460261869702e-05_1.55460261869702e-05_1.55460261869702e-05
1016,3876,178-44-12-1-1,3.73104628487285e-06_3.73104628487285e-06_3.73104628487285e-06_3.73104628487285e-06_3.73104628487285e-06
1016,3877,1-1-1-1-1,8.70577466470331e-06_8.70577466470331e-06_8.70577466470331e-06_8.70577466470331e-06_8.70577466470331e-06
1016,3878,122-16-2-2-1,3.10920523739404e-06_3.10920523739404e-06_3.10920523739404e-06_3.10920523739404e-06_3.10920523739404e-06
1016,3880,1-1-1-1-1,8.70577466470331e-06_8.70577466470331e-06_8.70577466470331e-06_8.70577466470331e-06_8.70577466470331e-06
1016,3881,63-27-8-1-1,5.59656942730927e-06_5.59656942730927e-06_5.59656942730927e-06_5.59656942730927e-06_5.59656942730927e-06
1016,3882,123-41-9-2-1,6.84025152226688e-06_6.84025152226688e-06_6.84025152226688e-06_6.84025152226688e-06_6.84025152226688e-06
1016,3883,148-29-2-2-1,7.46209256974569e-06_7.46209256974569e-06_7.46209256974569e-06_7.46209256974569e-06_7.46209256974569e-06
1016,3884,138-23-8-1-1,3.66886218012497e-05_3.66886218012497e-05_3.66886218012497e-05_3.66886218012497e-05_3.66886218012497e-05
1016,3885,114-40-4-2-1,4.97472837983046e-06_4.97472837983046e-06_4.97472837983046e-06_4.97472837983046e-06_4.97472837983046e-06
1016,3886,209-35-4-2-1,5.59656942730927e-06_5.59656942730927e-06_5.59656942730927e-06_5.59656942730927e-06_5.59656942730927e-06
1016,3887,110-3-3-1-1,9.26543160743423e-05_9.26543160743423e-05_9.26543160743423e-05_9.26543160743423e-05_9.26543160743423e-05
1016,3888,174-15-9-2-1,7.46209256974569e-06_7.46209256974569e-06_7.46209256974569e-06_7.46209256974569e-06_7.46209256974569e-06
1016,3889,212-41-9-2-1,4.97472837983046e-06_4.97472837983046e-06_4.97472837983046e-06_4.97472837983046e-06_4.97472837983046e-06
1016,3890,192-19-9-2-1,4.22851912285589e-05_4.22851912285589e-05_4.22851912285589e-05_4.22851912285589e-05_4.22851912285589e-05
1016,3891,34-19-9-2-1,2.23862777092371e-05_2.23862777092371e-05_2.23862777092371e-05_2.23862777092371e-05_2.23862777092371e-05
1016,3892,177-7-4-2-1,1.55460261869702e-05_1.55460261869702e-05_1.55460261869702e-05_1.55460261869702e-05_1.55460261869702e-05
1016,3893,185-41-9-2-1,3.10920523739404e-06_3.10920523739404e-06_3.10920523739404e-06_3.10920523739404e-06_3.10920523739404e-06
1016,3894,172-40-4-2-1,8.70577466470331e-06_8.70577466470331e-06_8.70577466470331e-06_8.70577466470331e-06_8.70577466470331e-06
1016,3895,228-17-10-1-1,8.0839336172245e-06_8.0839336172245e-06_8.0839336172245e-06_8.0839336172245e-06_8.0839336172245e-06
1016,3896,216-19-9-2-1,5.59656942730927e-06_5.59656942730927e-06_5.59656942730927e-06_5.59656942730927e-06_5.59656942730927e-06
1016,3897,140-42-12-1-1,1.43023440920126e-05_1.43023440920126e-05_1.43023440920126e-05_1.43023440920126e-05_1.43023440920126e-05
1016,3898,70-27-8-1-1,7.46209256974569e-06_7.46209256974569e-06_7.46209256974569e-06_7.46209256974569e-06_7.46209256974569e-06
1016,3899,57-7-4-2-1,7.46209256974569e-06_7.46209256974569e-06_7.46209256974569e-06_7.46209256974569e-06_7.46209256974569e-06
1016,3900,47-22-8-1-1,2.48736418991523e-06_2.48736418991523e-06_2.48736418991523e-06_2.48736418991523e-06_2.48736418991523e-06
1016,3901,209-35-4-2-1,6.21841047478808e-06_6.21841047478808e-06_6.21841047478808e-06_6.21841047478808e-06_6.21841047478808e-06
1016,3902,160-30-1-1-1,4.97472837983046e-06_4.97472837983046e-06_4.97472837983046e-06_4.97472837983046e-06_4.97472837983046e-06
1016,3903,47-22-8-1-1,3.10920523739404e-06_3.10920523739404e-06_3.10920523739404e-06_3.10920523739404e-06_3.10920523739404e-06
1016,3904,225-31-9-2-1,3.73104628487285e-06_3.73104628487285e-06_3.73104628487285e-06_3.73104628487285e-06_3.73104628487285e-06
1016,3905,63-27-8-1-1,6.84025152226688e-06_6.84025152226688e-06_6.84025152226688e-06_6.84025152226688e-06_6.84025152226688e-06
1016,3906,140-42-12-1-1,4.35288733235165e-06_4.35288733235165e-06_4.35288733235165e-06_4.35288733235165e-06_4.35288733235165e-06
1016,3907,116-36-10-1-1,3.73104628487285e-06_3.73104628487285e-06_3.73104628487285e-06_3.73104628487285e-06_3.73104628487285e-06
1016,3908,135-41-9-2-1,2.30081187567159e-05_2.30081187567159e-05_2.30081187567159e-05_2.30081187567159e-05_2.30081187567159e-05
1016,3909,128-7-4-2-1,3.10920523739404e-06_3.10920523739404e-06_3.10920523739404e-06_3.10920523739404e-06_3.10920523739404e-06
1016,3910,172-40-4-2-1,2.48736418991523e-06_2.48736418991523e-06_2.48736418991523e-06_2.48736418991523e-06_2.48736418991523e-06
1016,3911,51-22-8-1-1,7.46209256974569e-06_7.46209256974569e-06_7.46209256974569e-06_7.46209256974569e-06_7.46209256974569e-06
1016,3912,45-5-5-1-1,7.46209256974569e-05_7.46209256974569e-05_7.46209256974569e-05_7.46209256974569e-05_7.46209256974569e-05
1016,3913,142-42-12-1-1,2.36299598041947e-05_2.36299598041947e-05_2.36299598041947e-05_2.36299598041947e-05_2.36299598041947e-05
1016,3914,10-3-3-1-1,0.000122502686353325_0.000122502686353325_0.000122502686353325_0.000122502686353325_0.000122502686353325
1016,3915,55-22-8-1-1,6.84025152226688e-06_6.84025152226688e-06_6.84025152226688e-06_6.84025152226688e-06_6.84025152226688e-06
1016,3916,214-26-4-2-1,1.98989135193218e-05_1.98989135193218e-05_1.98989135193218e-05_1.98989135193218e-05_1.98989135193218e-05
1016,3917,179-26-4-2-1,1.55460261869702e-05_1.55460261869702e-05_1.55460261869702e-05_1.55460261869702e-05_1.55460261869702e-05
1016,3918,122-16-2-2-1,0.000795334699725395_0.000795334699725395_0.000795334699725395_0.000795334699725395_0.000795334699725395
1016,3919,189-12-8-1-1,3.73104628487285e-06_3.73104628487285e-06_3.73104628487285e-06_3.73104628487285e-06_3.73104628487285e-06
1016,3920,122-16-2-2-1,9.94945675966092e-06_9.94945675966092e-06_9.94945675966092e-06_9.94945675966092e-06_9.94945675966092e-06
1016,3921,71-29-2-2-1,0.000541001711306563_0.000541001711306563_0.000541001711306563_0.000541001711306563_0.000541001711306563
1016,3922,225-31-9-2-1,9.32761571218212e-06_9.32761571218212e-06_9.32761571218212e-06_9.32761571218212e-06_9.32761571218212e-06
1016,3923,214-26-4-2-1,0.000164166036534405_0.000164166036534405_0.000164166036534405_0.000164166036534405_0.000164166036534405
1016,3924,71-29-2-2-1,0.000103847454928961_0.000103847454928961_0.000103847454928961_0.000103847454928961_0.000103847454928961
1016,3925,127-30-1-1-1,7.46209256974569e-06_7.46209256974569e-06_7.46209256974569e-06_7.46209256974569e-06_7.46209256974569e-06
1016,3926,214-26-4-2-1,2.98483702789828e-05_2.98483702789828e-05_2.98483702789828e-05_2.98483702789828e-05_2.98483702789828e-05
1016,3927,167-18-4-2-1,8.70577466470331e-06_8.70577466470331e-06_8.70577466470331e-06_8.70577466470331e-06_8.70577466470331e-06
1016,3928,71-29-2-2-1,3.60667807537708e-05_3.60667807537708e-05_3.60667807537708e-05_3.60667807537708e-05_3.60667807537708e-05
1016,3929,222-35-4-2-1,1.9277072471843e-05_1.9277072471843e-05_1.9277072471843e-05_1.9277072471843e-05_1.9277072471843e-05
1016,3930,196-14-4-2-1,4.97472837983046e-06_4.97472837983046e-06_4.97472837983046e-06_4.97472837983046e-06_4.97472837983046e-06
1016,3931,67-2-2-2-1,9.32761571218212e-06_9.32761571218212e-06_9.32761571218212e-06_9.32761571218212e-06_9.32761571218212e-06
1016,3932,159-4-4-2-1,4.35288733235165e-06_4.35288733235165e-06_4.35288733235165e-06_4.35288733235165e-06_4.35288733235165e-06
1016,3933,121-39-11-1-1,5.59656942730927e-06_5.59656942730927e-06_5.59656942730927e-06_5.59656942730927e-06_5.59656942730927e-06
1016,3934,121-39-11-1-1,3.85541449436861e-05_3.85541449436861e-05_3.85541449436861e-05_3.85541449436861e-05_3.85541449436861e-05
1016,3935,49-22-8-1-1,6.1562263700402e-05_6.1562263700402e-05_6.1562263700402e-05_6.1562263700402e-05_6.1562263700402e-05
1016,3936,159-4-4-2-1,3.73104628487285e-06_3.73104628487285e-06_3.73104628487285e-06_3.73104628487285e-06_3.73104628487285e-06
1016,3937,49-22-8-1-1,0.000107578501213834_0.000107578501213834_0.000107578501213834_0.000107578501213834_0.000107578501213834
1016,3938,58-13-6-2-1,1.67897082819278e-05_1.67897082819278e-05_1.67897082819278e-05_1.67897082819278e-05_1.67897082819278e-05
1016,3939,39-22-8-1-1,1.43023440920126e-05_1.43023440920126e-05_1.43023440920126e-05_1.43023440920126e-05_1.43023440920126e-05
1016,3940,185-41-9-2-1,6.84025152226688e-06_6.84025152226688e-06_6.84025152226688e-06_6.84025152226688e-06_6.84025152226688e-06
1016,3941,153-18-4-2-1,2.42518008516735e-05_2.42518008516735e-05_2.42518008516735e-05_2.42518008516735e-05_2.42518008516735e-05
1016,3942,49-22-8-1-1,4.35288733235165e-06_4.35288733235165e-06_4.35288733235165e-06_4.35288733235165e-06_4.35288733235165e-06
1016,3943,140-42-12-1-1,3.73104628487285e-06_3.73104628487285e-06_3.73104628487285e-06_3.73104628487285e-06_3.73104628487285e-06
1016,3944,18-12-8-1-1,3.10920523739404e-06_3.10920523739404e-06_3.10920523739404e-06_3.10920523739404e-06_3.10920523739404e-06
1016,3946,172-40-4-2-1,1.43023440920126e-05_1.43023440920126e-05_1.43023440920126e-05_1.43023440920126e-05_1.43023440920126e-05
1016,3947,32-18-4-2-1,4.35288733235165e-06_4.35288733235165e-06_4.35288733235165e-06_4.35288733235165e-06_4.35288733235165e-06
1016,3948,142-42-12-1-1,3.10920523739404e-06_3.10920523739404e-06_3.10920523739404e-06_3.10920523739404e-06_3.10920523739404e-06
1016,3949,175-20-9-2-1,2.30081187567159e-05_2.30081187567159e-05_2.30081187567159e-05_2.30081187567159e-05_2.30081187567159e-05
1016,3950,185-41-9-2-1,3.10920523739404e-06_3.10920523739404e-06_3.10920523739404e-06_3.10920523739404e-06_3.10920523739404e-06
1016,3951,160-30-1-1-1,4.97472837983046e-06_4.97472837983046e-06_4.97472837983046e-06_4.97472837983046e-06_4.97472837983046e-06
1016,3953,140-42-12-1-1,2.36299598041947e-05_2.36299598041947e-05_2.36299598041947e-05_2.36299598041947e-05_2.36299598041947e-05
1016,3954,185-41-9-2-1,4.35288733235165e-06_4.35288733235165e-06_4.35288733235165e-06_4.35288733235165e-06_4.35288733235165e-06
1016,3955,208-30-1-1-1,3.04702113264616e-05_3.04702113264616e-05_3.04702113264616e-05_3.04702113264616e-05_3.04702113264616e-05
1016,3956,216-19-9-2-1,6.84025152226688e-06_6.84025152226688e-06_6.84025152226688e-06_6.84025152226688e-06_6.84025152226688e-06
1016,3957,160-30-1-1-1,8.20830182672026e-05_8.20830182672026e-05_8.20830182672026e-05_8.20830182672026e-05_8.20830182672026e-05
1016,3958,223-40-4-2-1,3.73104628487285e-06_3.73104628487285e-06_3.73104628487285e-06_3.73104628487285e-06_3.73104628487285e-06
1016,3959,218-7-4-2-1,4.60162375134318e-05_4.60162375134318e-05_4.60162375134318e-05_4.60162375134318e-05_4.60162375134318e-05
1016,3960,128-7-4-2-1,4.97472837983046e-06_4.97472837983046e-06_4.97472837983046e-06_4.97472837983046e-06_4.97472837983046e-06
1016,3961,7-4-4-2-1,8.0839336172245e-05_8.0839336172245e-05_8.0839336172245e-05_8.0839336172245e-05_8.0839336172245e-05
1016,3962,174-15-9-2-1,3.10920523739404e-06_3.10920523739404e-06_3.10920523739404e-06_3.10920523739404e-06_3.10920523739404e-06
1016,3963,18-12-8-1-1,3.85541449436861e-05_3.85541449436861e-05_3.85541449436861e-05_3.85541449436861e-05_3.85541449436861e-05
1016,3964,203-11-4-2-1,1.18149799020973e-05_1.18149799020973e-05_1.18149799020973e-05_1.18149799020973e-05_1.18149799020973e-05
1016,3965,178-44-12-1-1,6.90243562701477e-05_6.90243562701477e-05_6.90243562701477e-05_6.90243562701477e-05_6.90243562701477e-05
1016,3966,166-18-4-2-1,6.84025152226688e-06_6.84025152226688e-06_6.84025152226688e-06_6.84025152226688e-06_6.84025152226688e-06
1016,3967,55-22-8-1-1,3.10920523739404e-05_3.10920523739404e-05_3.10920523739404e-05_3.10920523739404e-05_3.10920523739404e-05
1016,3968,61-13-6-2-1,3.79323038962073e-05_3.79323038962073e-05_3.79323038962073e-05_3.79323038962073e-05_3.79323038962073e-05
1016,3969,35-20-9-2-1,7.46209256974569e-06_7.46209256974569e-06_7.46209256974569e-06_7.46209256974569e-06_7.46209256974569e-06
1016,3970,227-41-9-2-1,2.48736418991523e-06_2.48736418991523e-06_2.48736418991523e-06_2.48736418991523e-06_2.48736418991523e-06
1016,3971,185-41-9-2-1,3.10920523739404e-06_3.10920523739404e-06_3.10920523739404e-06_3.10920523739404e-06_3.10920523739404e-06
1016,3972,149-16-2-2-1,8.70577466470331e-06_8.70577466470331e-06_8.70577466470331e-06_8.70577466470331e-06_8.70577466470331e-06
1016,3973,112-14-4-2-1,9.94945675966092e-06_9.94945675966092e-06_9.94945675966092e-06_9.94945675966092e-06_9.94945675966092e-06
1016,3974,113-31-9-2-1,9.32761571218212e-06_9.32761571218212e-06_9.32761571218212e-06_9.32761571218212e-06_9.32761571218212e-06
1016,3975,226-32-10-1-1,1.43023440920126e-05_1.43023440920126e-05_1.43023440920126e-05_1.43023440920126e-05_1.43023440920126e-05
1016,3976,141-42-12-1-1,6.21841047478808e-06_6.21841047478808e-06_6.21841047478808e-06_6.21841047478808e-06_6.21841047478808e-06
1016,3977,208-30-1-1-1,2.48736418991523e-06_2.48736418991523e-06_2.48736418991523e-06_2.48736418991523e-06_2.48736418991523e-06
1016,3978,225-31-9-2-1,4.97472837983046e-06_4.97472837983046e-06_4.97472837983046e-06_4.97472837983046e-06_4.97472837983046e-06
1016,3979,13-6-6-2-1,0.000407927727146098_0.000407927727146098_0.000407927727146098_0.000407927727146098_0.000407927727146098
1016,3980,212-41-9-2-1,1.11931388546185e-05_1.11931388546185e-05_1.11931388546185e-05_1.11931388546185e-05_1.11931388546185e-05
1016,3981,185-41-9-2-1,4.35288733235165e-06_4.35288733235165e-06_4.35288733235165e-06_4.35288733235165e-06_4.35288733235165e-06
1016,3982,54-26-4-2-1,0.000123124527400804_0.000123124527400804_0.000123124527400804_0.000123124527400804_0.000123124527400804
1016,3983,185-41-9-2-1,2.48736418991523e-06_2.48736418991523e-06_2.48736418991523e-06_2.48736418991523e-06_2.48736418991523e-06
1016,3984,172-40-4-2-1,2.48736418991523e-06_2.48736418991523e-06_2.48736418991523e-06_2.48736418991523e-06_2.48736418991523e-06
1016,3985,46-2-2-2-1,0.000727554025550205_0.000727554025550205_0.000727554025550205_0.000727554025550205_0.000727554025550205
1016,3986,35-20-9-2-1,3.10920523739404e-06_3.10920523739404e-06_3.10920523739404e-06_3.10920523739404e-06_3.10920523739404e-06
1016,3987,36-6-6-2-1,0.000274231901938154_0.000274231901938154_0.000274231901938154_0.000274231901938154_0.000274231901938154
1016,3988,236-42-12-1-1,3.10920523739404e-06_3.10920523739404e-06_3.10920523739404e-06_3.10920523739404e-06_3.10920523739404e-06
1016,3989,172-40-4-2-1,4.97472837983046e-06_4.97472837983046e-06_4.97472837983046e-06_4.97472837983046e-06_4.97472837983046e-06
1016,3990,36-6-6-2-1,0.000139914235682732_0.000139914235682732_0.000139914235682732_0.000139914235682732_0.000139914235682732
1016,3991,121-39-11-1-1,0.000164166036534405_0.000164166036534405_0.000164166036534405_0.000164166036534405_0.000164166036534405
1016,3992,37-11-4-2-1,4.66380785609106e-05_4.66380785609106e-05_4.66380785609106e-05_4.66380785609106e-05_4.66380785609106e-05
1016,3993,45-5-5-1-1,6.21841047478808e-06_6.21841047478808e-06_6.21841047478808e-06_6.21841047478808e-06_6.21841047478808e-06
1016,3994,172-40-4-2-1,1.11931388546185e-05_1.11931388546185e-05_1.11931388546185e-05_1.11931388546185e-05_1.11931388546185e-05
1016,3995,147-11-4-2-1,3.73104628487285e-06_3.73104628487285e-06_3.73104628487285e-06_3.73104628487285e-06_3.73104628487285e-06
1016,3996,185-41-9-2-1,4.16633501810801e-05_4.16633501810801e-05_4.16633501810801e-05_4.16633501810801e-05_4.16633501810801e-05
1016,3997,144-43-4-2-1,1.05712978071397e-05_1.05712978071397e-05_1.05712978071397e-05_1.05712978071397e-05_1.05712978071397e-05
1016,3998,177-7-4-2-1,7.46209256974569e-06_7.46209256974569e-06_7.46209256974569e-06_7.46209256974569e-06_7.46209256974569e-06
1016,3999,93-16-2-2-1,3.17138934214192e-05_3.17138934214192e-05_3.17138934214192e-05_3.17138934214192e-05_3.17138934214192e-05
1016,4000,174-15-9-2-1,6.84025152226688e-06_6.84025152226688e-06_6.84025152226688e-06_6.84025152226688e-06_6.84025152226688e-06
1016,4001,160-30-1-1-1,1.36805030445338e-05_1.36805030445338e-05_1.36805030445338e-05_1.36805030445338e-05_1.36805030445338e-05
1016,4002,160-30-1-1-1,5.59656942730927e-06_5.59656942730927e-06_5.59656942730927e-06_5.59656942730927e-06_5.59656942730927e-06
1016,4003,153-18-4-2-1,4.35288733235165e-06_4.35288733235165e-06_4.35288733235165e-06_4.35288733235165e-06_4.35288733235165e-06
1016,4004,110-3-3-1-1,5.53438532256139e-05_5.53438532256139e-05_5.53438532256139e-05_5.53438532256139e-05_5.53438532256139e-05
1016,4005,71-29-2-2-1,8.0839336172245e-06_8.0839336172245e-06_8.0839336172245e-06_8.0839336172245e-06_8.0839336172245e-06
1016,4006,37-11-4-2-1,3.79323038962073e-05_3.79323038962073e-05_3.79323038962073e-05_3.79323038962073e-05_3.79323038962073e-05
1016,4007,199-19-9-2-1,1.36805030445338e-05_1.36805030445338e-05_1.36805030445338e-05_1.36805030445338e-05_1.36805030445338e-05
1016,4008,96-13-6-2-1,0.000330197596211247_0.000330197596211247_0.000330197596211247_0.000330197596211247_0.000330197596211247
1016,4009,88-35-4-2-1,0.0001877959963386_0.0001877959963386_0.0001877959963386_0.0001877959963386_0.0001877959963386
1016,4010,130-12-8-1-1,2.17644366617583e-05_2.17644366617583e-05_2.17644366617583e-05_2.17644366617583e-05_2.17644366617583e-05
1016,4011,128-7-4-2-1,7.46209256974569e-06_7.46209256974569e-06_7.46209256974569e-06_7.46209256974569e-06_7.46209256974569e-06
1016,4012,96-13-6-2-1,9.7007203406694e-05_9.7007203406694e-05_9.7007203406694e-05_9.7007203406694e-05_9.7007203406694e-05
1016,4013,96-13-6-2-1,7.83519719823298e-05_7.83519719823298e-05_7.83519719823298e-05_7.83519719823298e-05_7.83519719823298e-05
1016,4014,122-16-2-2-1,1.55460261869702e-05_1.55460261869702e-05_1.55460261869702e-05_1.55460261869702e-05_1.55460261869702e-05
1016,4015,172-40-4-2-1,3.10920523739404e-06_3.10920523739404e-06_3.10920523739404e-06_3.10920523739404e-06_3.10920523739404e-06
1016,4017,223-40-4-2-1,5.84530584630079e-05_5.84530584630079e-05_5.84530584630079e-05_5.84530584630079e-05_5.84530584630079e-05
1016,4018,223-40-4-2-1,0.000169762605961714_0.000169762605961714_0.000169762605961714_0.000169762605961714_0.000169762605961714
1016,4019,212-41-9-2-1,3.17138934214192e-05_3.17138934214192e-05_3.17138934214192e-05_3.17138934214192e-05_3.17138934214192e-05
1016,4020,186-15-9-2-1,1.18149799020973e-05_1.18149799020973e-05_1.18149799020973e-05_1.18149799020973e-05_1.18149799020973e-05
1016,4021,185-41-9-2-1,8.0839336172245e-06_8.0839336172245e-06_8.0839336172245e-06_8.0839336172245e-06_8.0839336172245e-06
1016,4022,122-16-2-2-1,8.0839336172245e-06_8.0839336172245e-06_8.0839336172245e-06_8.0839336172245e-06_8.0839336172245e-06
1016,4023,80-11-4-2-1,1.05712978071397e-05_1.05712978071397e-05_1.05712978071397e-05_1.05712978071397e-05_1.05712978071397e-05
1016,4024,156-37-4-2-1,8.70577466470331e-06_8.70577466470331e-06_8.70577466470331e-06_8.70577466470331e-06_8.70577466470331e-06
1016,4025,153-18-4-2-1,3.10920523739404e-06_3.10920523739404e-06_3.10920523739404e-06_3.10920523739404e-06_3.10920523739404e-06
1016,4026,67-2-2-2-1,1.67897082819278e-05_1.67897082819278e-05_1.67897082819278e-05_1.67897082819278e-05_1.67897082819278e-05
1016,4027,209-35-4-2-1,3.73104628487285e-06_3.73104628487285e-06_3.73104628487285e-06_3.73104628487285e-06_3.73104628487285e-06
1016,4028,1-1-1-1-1,6.21841047478808e-06_6.21841047478808e-06_6.21841047478808e-06_6.21841047478808e-06_6.21841047478808e-06
1016,4029,35-20-9-2-1,4.35288733235165e-05_4.35288733235165e-05_4.35288733235165e-05_4.35288733235165e-05_4.35288733235165e-05
1016,4030,163-43-4-2-1,1.43023440920126e-05_1.43023440920126e-05_1.43023440920126e-05_1.43023440920126e-05_1.43023440920126e-05
1016,4031,126-29-2-2-1,3.04702113264616e-05_3.04702113264616e-05_3.04702113264616e-05_3.04702113264616e-05_3.04702113264616e-05
1016,4032,196-14-4-2-1,3.73104628487285e-06_3.73104628487285e-06_3.73104628487285e-06_3.73104628487285e-06_3.73104628487285e-06
1016,4033,94-9-7-1-1,0.000707655112030883_0.000707655112030883_0.000707655112030883_0.000707655112030883_0.000707655112030883
1016,4034,76-4-4-2-1,6.84025152226688e-06_6.84025152226688e-06_6.84025152226688e-06_6.84025152226688e-06_6.84025152226688e-06
1016,4035,25-10-2-2-1,1.43023440920126e-05_1.43023440920126e-05_1.43023440920126e-05_1.43023440920126e-05_1.43023440920126e-05
1016,4036,200-15-9-2-1,8.89232697894695e-05_8.89232697894695e-05_8.89232697894695e-05_8.89232697894695e-05_8.89232697894695e-05
1016,4037,109-28-5-1-1,7.46209256974569e-06_7.46209256974569e-06_7.46209256974569e-06_7.46209256974569e-06_7.46209256974569e-06
1016,4038,37-11-4-2-1,5.96967405579655e-05_5.96967405579655e-05_5.96967405579655e-05_5.96967405579655e-05_5.96967405579655e-05
1016,4039,237-44-12-1-1,3.73104628487285e-06_3.73104628487285e-06_3.73104628487285e-06_3.73104628487285e-06_3.73104628487285e-06
1016,4040,160-30-1-1-1,3.73104628487285e-06_3.73104628487285e-06_3.73104628487285e-06_3.73104628487285e-06_3.73104628487285e-06
1016,4041,180-40-4-2-1,1.24368209495762e-05_1.24368209495762e-05_1.24368209495762e-05_1.24368209495762e-05_1.24368209495762e-05
1016,4042,21-8-3-1-1,0.000800931269152704_0.000800931269152704_0.000800931269152704_0.000800931269152704_0.000800931269152704
1016,4043,174-15-9-2-1,4.35288733235165e-06_4.35288733235165e-06_4.35288733235165e-06_4.35288733235165e-06_4.35288733235165e-06
1016,4044,72-10-2-2-1,0.000368129900107454_0.000368129900107454_0.000368129900107454_0.000368129900107454_0.000368129900107454
1016,4045,72-10-2-2-1,0.000152351056632308_0.000152351056632308_0.000152351056632308_0.000152351056632308_0.000152351056632308
1016,4046,160-30-1-1-1,5.59656942730927e-06_5.59656942730927e-06_5.59656942730927e-06_5.59656942730927e-06_5.59656942730927e-06
1016,4047,22-13-6-2-1,1.6167867234449e-05_1.6167867234449e-05_1.6167867234449e-05_1.6167867234449e-05_1.6167867234449e-05
1016,4048,74-31-9-2-1,4.35288733235165e-06_4.35288733235165e-06_4.35288733235165e-06_4.35288733235165e-06_4.35288733235165e-06
1016,4049,177-7-4-2-1,6.21841047478808e-06_6.21841047478808e-06_6.21841047478808e-06_6.21841047478808e-06_6.21841047478808e-06
1016,4050,172-40-4-2-1,8.0839336172245e-06_8.0839336172245e-06_8.0839336172245e-06_8.0839336172245e-06_8.0839336172245e-06
1016,4051,205-12-8-1-1,9.32761571218212e-06_9.32761571218212e-06_9.32761571218212e-06_9.32761571218212e-06_9.32761571218212e-06
1016,4052,81-9-7-1-1,0.00106086082699885_0.00106086082699885_0.00106086082699885_0.00106086082699885_0.00106086082699885
1016,4053,181-40-4-2-1,0.000300971066979743_0.000300971066979743_0.000300971066979743_0.000300971066979743_0.000300971066979743
1016,4054,159-4-4-2-1,8.0839336172245e-06_8.0839336172245e-06_8.0839336172245e-06_8.0839336172245e-06_8.0839336172245e-06
1016,4055,77-28-5-1-1,3.73104628487285e-06_3.73104628487285e-06_3.73104628487285e-06_3.73104628487285e-06_3.73104628487285e-06
1016,4056,36-6-6-2-1,0.000172871811199109_0.000172871811199109_0.000172871811199109_0.000172871811199109_0.000172871811199109
1016,4057,191-37-4-2-1,4.97472837983046e-06_4.97472837983046e-06_4.97472837983046e-06_4.97472837983046e-06_4.97472837983046e-06
1016,4058,151-19-9-2-1,2.79828471365463e-05_2.79828471365463e-05_2.79828471365463e-05_2.79828471365463e-05_2.79828471365463e-05
1016,4059,180-40-4-2-1,4.35288733235165e-06_4.35288733235165e-06_4.35288733235165e-06_4.35288733235165e-06_4.35288733235165e-06
1016,4060,8-7-4-2-1,8.70577466470331e-06_8.70577466470331e-06_8.70577466470331e-06_8.70577466470331e-06_8.70577466470331e-06
1016,4061,8-7-4-2-1,5.59656942730927e-06_5.59656942730927e-06_5.59656942730927e-06_5.59656942730927e-06_5.59656942730927e-06
1016,4062,150-30-1-1-1,6.40496278903172e-05_6.40496278903172e-05_6.40496278903172e-05_6.40496278903172e-05_6.40496278903172e-05
1016,4063,4-4-4-2-1,8.0839336172245e-06_8.0839336172245e-06_8.0839336172245e-06_8.0839336172245e-06_8.0839336172245e-06
1016,4064,151-19-9-2-1,3.10920523739404e-06_3.10920523739404e-06_3.10920523739404e-06_3.10920523739404e-06_3.10920523739404e-06
1016,4065,8-7-4-2-1,9.32761571218212e-06_9.32761571218212e-06_9.32761571218212e-06_9.32761571218212e-06_9.32761571218212e-06
1016,4066,84-2-2-2-1,2.30081187567159e-05_2.30081187567159e-05_2.30081187567159e-05_2.30081187567159e-05_2.30081187567159e-05
1016,4067,174-15-9-2-1,1.74115493294066e-05_1.74115493294066e-05_1.74115493294066e-05_1.74115493294066e-05_1.74115493294066e-05
1016,4068,122-16-2-2-1,6.84025152226688e-06_6.84025152226688e-06_6.84025152226688e-06_6.84025152226688e-06_6.84025152226688e-06
1016,4069,163-43-4-2-1,5.59656942730927e-06_5.59656942730927e-06_5.59656942730927e-06_5.59656942730927e-06_5.59656942730927e-06
1016,4070,82-6-6-2-1,0.00106334819118876_0.00106334819118876_0.00106334819118876_0.00106334819118876_0.00106334819118876
1016,4071,216-19-9-2-1,7.27554025550205e-05_7.27554025550205e-05_7.27554025550205e-05_7.27554025550205e-05_7.27554025550205e-05
1016,4072,216-19-9-2-1,6.84025152226688e-06_6.84025152226688e-06_6.84025152226688e-06_6.84025152226688e-06_6.84025152226688e-06
1016,4073,218-7-4-2-1,9.32761571218212e-06_9.32761571218212e-06_9.32761571218212e-06_9.32761571218212e-06_9.32761571218212e-06
1016,4074,199-19-9-2-1,1.18149799020973e-05_1.18149799020973e-05_1.18149799020973e-05_1.18149799020973e-05_1.18149799020973e-05
1016,4075,199-19-9-2-1,3.73104628487285e-05_3.73104628487285e-05_3.73104628487285e-05_3.73104628487285e-05_3.73104628487285e-05
1016,4076,70-27-8-1-1,2.48736418991523e-06_2.48736418991523e-06_2.48736418991523e-06_2.48736418991523e-06_2.48736418991523e-06
1016,4077,199-19-9-2-1,2.11425956142795e-05_2.11425956142795e-05_2.11425956142795e-05_2.11425956142795e-05_2.11425956142795e-05
1016,4078,122-16-2-2-1,5.1612806940741e-05_5.1612806940741e-05_5.1612806940741e-05_5.1612806940741e-05_5.1612806940741e-05
1016,4079,112-14-4-2-1,1.18149799020973e-05_1.18149799020973e-05_1.18149799020973e-05_1.18149799020973e-05_1.18149799020973e-05
1016,4080,49-22-8-1-1,4.97472837983046e-06_4.97472837983046e-06_4.97472837983046e-06_4.97472837983046e-06_4.97472837983046e-06
1016,4081,49-22-8-1-1,1.86552314243642e-05_1.86552314243642e-05_1.86552314243642e-05_1.86552314243642e-05_1.86552314243642e-05
1016,4082,44-13-6-2-1,1.67897082819278e-05_1.67897082819278e-05_1.67897082819278e-05_1.67897082819278e-05_1.67897082819278e-05
1016,4083,76-4-4-2-1,3.2335734468898e-05_3.2335734468898e-05_3.2335734468898e-05_3.2335734468898e-05_3.2335734468898e-05
1016,4084,51-22-8-1-1,2.48736418991523e-05_2.48736418991523e-05_2.48736418991523e-05_2.48736418991523e-05_2.48736418991523e-05
1016,4085,7-4-4-2-1,6.21841047478808e-06_6.21841047478808e-06_6.21841047478808e-06_6.21841047478808e-06_6.21841047478808e-06
1016,4086,4-4-4-2-1,6.84025152226688e-06_6.84025152226688e-06_6.84025152226688e-06_6.84025152226688e-06_6.84025152226688e-06
1016,4087,142-42-12-1-1,3.73104628487285e-06_3.73104628487285e-06_3.73104628487285e-06_3.73104628487285e-06_3.73104628487285e-06
1016,4088,189-12-8-1-1,2.67391650415887e-05_2.67391650415887e-05_2.67391650415887e-05_2.67391650415887e-05_2.67391650415887e-05
1016,4089,228-17-10-1-1,3.10920523739404e-06_3.10920523739404e-06_3.10920523739404e-06_3.10920523739404e-06_3.10920523739404e-06
1016,4090,91-33-5-1-1,2.73610060890675e-05_2.73610060890675e-05_2.73610060890675e-05_2.73610060890675e-05_2.73610060890675e-05
1016,4091,200-15-9-2-1,4.35288733235165e-06_4.35288733235165e-06_4.35288733235165e-06_4.35288733235165e-06_4.35288733235165e-06
1016,4092,161-36-10-1-1,3.73104628487285e-06_3.73104628487285e-06_3.73104628487285e-06_3.73104628487285e-06_3.73104628487285e-06
1016,4093,142-42-12-1-1,1.49241851394914e-05_1.49241851394914e-05_1.49241851394914e-05_1.49241851394914e-05_1.49241851394914e-05
1016,4094,44-13-6-2-1,4.5394396465953e-05_4.5394396465953e-05_4.5394396465953e-05_4.5394396465953e-05_4.5394396465953e-05
1016,4095,236-42-12-1-1,9.94945675966092e-06_9.94945675966092e-06_9.94945675966092e-06_9.94945675966092e-06_9.94945675966092e-06
1016,4096,159-4-4-2-1,5.59656942730927e-06_5.59656942730927e-06_5.59656942730927e-06_5.59656942730927e-06_5.59656942730927e-06
1016,4097,203-11-4-2-1,1.11931388546185e-05_1.11931388546185e-05_1.11931388546185e-05_1.11931388546185e-05_1.11931388546185e-05
1016,4098,40-23-8-1-1,4.35288733235165e-06_4.35288733235165e-06_4.35288733235165e-06_4.35288733235165e-06_4.35288733235165e-06
1016,4099,203-11-4-2-1,8.70577466470331e-06_8.70577466470331e-06_8.70577466470331e-06_8.70577466470331e-06_8.70577466470331e-06
1016,4100,216-19-9-2-1,3.73104628487285e-06_3.73104628487285e-06_3.73104628487285e-06_3.73104628487285e-06_3.73104628487285e-06
1016,4101,191-37-4-2-1,6.21841047478808e-06_6.21841047478808e-06_6.21841047478808e-06_6.21841047478808e-06_6.21841047478808e-06
1016,4102,142-42-12-1-1,7.46209256974569e-06_7.46209256974569e-06_7.46209256974569e-06_7.46209256974569e-06_7.46209256974569e-06
1016,4103,135-41-9-2-1,2.67391650415887e-05_2.67391650415887e-05_2.67391650415887e-05_2.67391650415887e-05_2.67391650415887e-05
1016,4104,140-42-12-1-1,4.97472837983046e-06_4.97472837983046e-06_4.97472837983046e-06_4.97472837983046e-06_4.97472837983046e-06
1016,4105,128-7-4-2-1,1.43023440920126e-05_1.43023440920126e-05_1.43023440920126e-05_1.43023440920126e-05_1.43023440920126e-05
1016,4106,216-19-9-2-1,0.00016665340072432_0.00016665340072432_0.00016665340072432_0.00016665340072432_0.00016665340072432
1016,4107,199-19-9-2-1,1.05712978071397e-05_1.05712978071397e-05_1.05712978071397e-05_1.05712978071397e-05_1.05712978071397e-05
1016,4108,161-36-10-1-1,9.32761571218212e-06_9.32761571218212e-06_9.32761571218212e-06_9.32761571218212e-06_9.32761571218212e-06
1016,4109,173-5-5-1-1,3.97978270386437e-05_3.97978270386437e-05_3.97978270386437e-05_3.97978270386437e-05_3.97978270386437e-05
1016,4111,102-13-6-2-1,0.000185930473196163_0.000185930473196163_0.000185930473196163_0.000185930473196163_0.000185930473196163
1016,4112,75-1-1-1-1,1.05712978071397e-05_1.05712978071397e-05_1.05712978071397e-05_1.05712978071397e-05_1.05712978071397e-05
1016,4113,71-29-2-2-1,2.42518008516735e-05_2.42518008516735e-05_2.42518008516735e-05_2.42518008516735e-05_2.42518008516735e-05
1016,4114,51-22-8-1-1,3.48230986588132e-05_3.48230986588132e-05_3.48230986588132e-05_3.48230986588132e-05_3.48230986588132e-05
1016,4115,118-36-10-1-1,4.97472837983046e-06_4.97472837983046e-06_4.97472837983046e-06_4.97472837983046e-06_4.97472837983046e-06
1016,4116,69-29-2-2-1,0.000286046881840252_0.000286046881840252_0.000286046881840252_0.000286046881840252_0.000286046881840252
1016,4117,184-31-9-2-1,3.79323038962073e-05_3.79323038962073e-05_3.79323038962073e-05_3.79323038962073e-05_3.79323038962073e-05
1016,4118,172-40-4-2-1,6.84025152226688e-06_6.84025152226688e-06_6.84025152226688e-06_6.84025152226688e-06_6.84025152226688e-06
1016,4119,220-22-8-1-1,3.10920523739404e-06_3.10920523739404e-06_3.10920523739404e-06_3.10920523739404e-06_3.10920523739404e-06
1016,4120,161-36-10-1-1,9.32761571218212e-06_9.32761571218212e-06_9.32761571218212e-06_9.32761571218212e-06_9.32761571218212e-06
1016,4121,167-18-4-2-1,9.94945675966092e-06_9.94945675966092e-06_9.94945675966092e-06_9.94945675966092e-06_9.94945675966092e-06
1016,4122,149-16-2-2-1,4.35288733235165e-06_4.35288733235165e-06_4.35288733235165e-06_4.35288733235165e-06_4.35288733235165e-06
1016,4123,118-36-10-1-1,5.59656942730927e-06_5.59656942730927e-06_5.59656942730927e-06_5.59656942730927e-06_5.59656942730927e-06
1016,4124,149-16-2-2-1,9.82508855016516e-05_9.82508855016516e-05_9.82508855016516e-05_9.82508855016516e-05_9.82508855016516e-05
1016,4125,7-4-4-2-1,3.73104628487285e-06_3.73104628487285e-06_3.73104628487285e-06_3.73104628487285e-06_3.73104628487285e-06
1016,4126,153-18-4-2-1,2.11425956142795e-05_2.11425956142795e-05_2.11425956142795e-05_2.11425956142795e-05_2.11425956142795e-05
1016,4127,216-19-9-2-1,2.23862777092371e-05_2.23862777092371e-05_2.23862777092371e-05_2.23862777092371e-05_2.23862777092371e-05
1016,4128,216-19-9-2-1,3.73104628487285e-06_3.73104628487285e-06_3.73104628487285e-06_3.73104628487285e-06_3.73104628487285e-06
1016,4129,110-3-3-1-1,2.36299598041947e-05_2.36299598041947e-05_2.36299598041947e-05_2.36299598041947e-05_2.36299598041947e-05
1016,4130,1-1-1-1-1,1.43023440920126e-05_1.43023440920126e-05_1.43023440920126e-05_1.43023440920126e-05_1.43023440920126e-05
1016,4131,160-30-1-1-1,1.36805030445338e-05_1.36805030445338e-05_1.36805030445338e-05_1.36805030445338e-05_1.36805030445338e-05
1016,4132,39-22-8-1-1,6.84025152226688e-06_6.84025152226688e-06_6.84025152226688e-06_6.84025152226688e-06_6.84025152226688e-06
1016,4133,176-20-9-2-1,3.73104628487285e-06_3.73104628487285e-06_3.73104628487285e-06_3.73104628487285e-06_3.73104628487285e-06
1016,4134,192-19-9-2-1,2.73610060890675e-05_2.73610060890675e-05_2.73610060890675e-05_2.73610060890675e-05_2.73610060890675e-05
1016,4135,32-18-4-2-1,0.000207073068810443_0.000207073068810443_0.000207073068810443_0.000207073068810443_0.000207073068810443
1016,4136,32-18-4-2-1,1.55460261869702e-05_1.55460261869702e-05_1.55460261869702e-05_1.55460261869702e-05_1.55460261869702e-05
1016,4137,201-17-10-1-1,3.35794165638556e-05_3.35794165638556e-05_3.35794165638556e-05_3.35794165638556e-05_3.35794165638556e-05
1016,4138,32-18-4-2-1,0.000370617264297369_0.000370617264297369_0.000370617264297369_0.000370617264297369_0.000370617264297369
1016,4139,142-42-12-1-1,3.73104628487285e-06_3.73104628487285e-06_3.73104628487285e-06_3.73104628487285e-06_3.73104628487285e-06
1016,4142,127-30-1-1-1,3.73104628487285e-06_3.73104628487285e-06_3.73104628487285e-06_3.73104628487285e-06_3.73104628487285e-06
1016,4143,190-20-9-2-1,4.41507143709953e-05_4.41507143709953e-05_4.41507143709953e-05_4.41507143709953e-05_4.41507143709953e-05
1016,4145,76-4-4-2-1,1.11931388546185e-05_1.11931388546185e-05_1.11931388546185e-05_1.11931388546185e-05_1.11931388546185e-05
1016,4146,186-15-9-2-1,1.9277072471843e-05_1.9277072471843e-05_1.9277072471843e-05_1.9277072471843e-05_1.9277072471843e-05
1016,4147,177-7-4-2-1,2.48736418991523e-06_2.48736418991523e-06_2.48736418991523e-06_2.48736418991523e-06_2.48736418991523e-06
1016,4148,172-40-4-2-1,1.86552314243642e-06_1.86552314243642e-06_1.86552314243642e-06_1.86552314243642e-06_1.86552314243642e-06
1016,4149,225-31-9-2-1,3.10920523739404e-06_3.10920523739404e-06_3.10920523739404e-06_3.10920523739404e-06_3.10920523739404e-06
1016,4150,186-15-9-2-1,8.0839336172245e-06_8.0839336172245e-06_8.0839336172245e-06_8.0839336172245e-06_8.0839336172245e-06
1016,4151,216-19-9-2-1,4.35288733235165e-06_4.35288733235165e-06_4.35288733235165e-06_4.35288733235165e-06_4.35288733235165e-06
1016,4152,216-19-9-2-1,8.95451108369483e-05_8.95451108369483e-05_8.95451108369483e-05_8.95451108369483e-05_8.95451108369483e-05
1016,4153,4-4-4-2-1,3.10920523739404e-06_3.10920523739404e-06_3.10920523739404e-06_3.10920523739404e-06_3.10920523739404e-06
1016,4155,122-16-2-2-1,2.42518008516735e-05_2.42518008516735e-05_2.42518008516735e-05_2.42518008516735e-05_2.42518008516735e-05
1016,4156,126-29-2-2-1,3.73104628487285e-06_3.73104628487285e-06_3.73104628487285e-06_3.73104628487285e-06_3.73104628487285e-06
1016,4157,190-20-9-2-1,5.59656942730927e-06_5.59656942730927e-06_5.59656942730927e-06_5.59656942730927e-06_5.59656942730927e-06
1016,4158,35-20-9-2-1,1.05712978071397e-05_1.05712978071397e-05_1.05712978071397e-05_1.05712978071397e-05_1.05712978071397e-05
1016,4159,200-15-9-2-1,3.73104628487285e-06_3.73104628487285e-06_3.73104628487285e-06_3.73104628487285e-06_3.73104628487285e-06
1016,4160,151-19-9-2-1,6.40496278903172e-05_6.40496278903172e-05_6.40496278903172e-05_6.40496278903172e-05_6.40496278903172e-05
1016,4161,151-19-9-2-1,1.18149799020973e-05_1.18149799020973e-05_1.18149799020973e-05_1.18149799020973e-05_1.18149799020973e-05
1016,4162,61-13-6-2-1,0.000205207545668007_0.000205207545668007_0.000205207545668007_0.000205207545668007_0.000205207545668007
1016,4163,62-3-3-1-1,5.72093763680503e-05_5.72093763680503e-05_5.72093763680503e-05_5.72093763680503e-05_5.72093763680503e-05
1016,4164,212-41-9-2-1,1.05712978071397e-05_1.05712978071397e-05_1.05712978071397e-05_1.05712978071397e-05_1.05712978071397e-05
1016,4165,32-18-4-2-1,7.46209256974569e-06_7.46209256974569e-06_7.46209256974569e-06_7.46209256974569e-06_7.46209256974569e-06
1016,4166,167-18-4-2-1,4.35288733235165e-06_4.35288733235165e-06_4.35288733235165e-06_4.35288733235165e-06_4.35288733235165e-06
1016,4167,176-20-9-2-1,5.59656942730927e-06_5.59656942730927e-06_5.59656942730927e-06_5.59656942730927e-06_5.59656942730927e-06
1016,4168,216-19-9-2-1,3.73104628487285e-06_3.73104628487285e-06_3.73104628487285e-06_3.73104628487285e-06_3.73104628487285e-06
1016,4169,62-3-3-1-1,0.000226971982329765_0.000226971982329765_0.000226971982329765_0.000226971982329765_0.000226971982329765
1016,4170,174-15-9-2-1,6.84025152226688e-06_6.84025152226688e-06_6.84025152226688e-06_6.84025152226688e-06_6.84025152226688e-06
1016,4171,18-12-8-1-1,3.10920523739404e-06_3.10920523739404e-06_3.10920523739404e-06_3.10920523739404e-06_3.10920523739404e-06
1016,4172,42-13-6-2-1,6.90243562701477e-05_6.90243562701477e-05_6.90243562701477e-05_6.90243562701477e-05_6.90243562701477e-05
1016,4173,153-18-4-2-1,1.86552314243642e-05_1.86552314243642e-05_1.86552314243642e-05_1.86552314243642e-05_1.86552314243642e-05
1016,4174,142-42-12-1-1,3.10920523739404e-06_3.10920523739404e-06_3.10920523739404e-06_3.10920523739404e-06_3.10920523739404e-06
1016,4175,63-27-8-1-1,3.73104628487285e-06_3.73104628487285e-06_3.73104628487285e-06_3.73104628487285e-06_3.73104628487285e-06
1016,4176,213-15-9-2-1,1.80333903768854e-05_1.80333903768854e-05_1.80333903768854e-05_1.80333903768854e-05_1.80333903768854e-05
1016,4177,172-40-4-2-1,3.73104628487285e-06_3.73104628487285e-06_3.73104628487285e-06_3.73104628487285e-06_3.73104628487285e-06
1016,4178,18-12-8-1-1,4.35288733235165e-06_4.35288733235165e-06_4.35288733235165e-06_4.35288733235165e-06_4.35288733235165e-06
1016,4179,177-7-4-2-1,5.59656942730927e-06_5.59656942730927e-06_5.59656942730927e-06_5.59656942730927e-06_5.59656942730927e-06
1016,4180,140-42-12-1-1,3.10920523739404e-06_3.10920523739404e-06_3.10920523739404e-06_3.10920523739404e-06_3.10920523739404e-06
1016,4181,180-40-4-2-1,4.35288733235165e-06_4.35288733235165e-06_4.35288733235165e-06_4.35288733235165e-06_4.35288733235165e-06
1016,4182,191-37-4-2-1,4.35288733235165e-06_4.35288733235165e-06_4.35288733235165e-06_4.35288733235165e-06_4.35288733235165e-06
1016,4183,179-26-4-2-1,7.46209256974569e-06_7.46209256974569e-06_7.46209256974569e-06_7.46209256974569e-06_7.46209256974569e-06
1016,4184,201-17-10-1-1,1.11931388546185e-05_1.11931388546185e-05_1.11931388546185e-05_1.11931388546185e-05_1.11931388546185e-05
1016,4185,125-30-1-1-1,0.000188417837386079_0.000188417837386079_0.000188417837386079_0.000188417837386079_0.000188417837386079
1016,4186,13-6-6-2-1,4.41507143709953e-05_4.41507143709953e-05_4.41507143709953e-05_4.41507143709953e-05_4.41507143709953e-05
1016,4187,8-7-4-2-1,3.10920523739404e-06_3.10920523739404e-06_3.10920523739404e-06_3.10920523739404e-06_3.10920523739404e-06
1016,4188,186-15-9-2-1,1.9277072471843e-05_1.9277072471843e-05_1.9277072471843e-05_1.9277072471843e-05_1.9277072471843e-05
1016,4189,227-41-9-2-1,1.74115493294066e-05_1.74115493294066e-05_1.74115493294066e-05_1.74115493294066e-05_1.74115493294066e-05
1016,4190,213-15-9-2-1,9.94945675966092e-06_9.94945675966092e-06_9.94945675966092e-06_9.94945675966092e-06_9.94945675966092e-06
1016,4191,203-11-4-2-1,3.35794165638556e-05_3.35794165638556e-05_3.35794165638556e-05_3.35794165638556e-05_3.35794165638556e-05
1016,4192,227-41-9-2-1,3.73104628487285e-06_3.73104628487285e-06_3.73104628487285e-06_3.73104628487285e-06_3.73104628487285e-06
1016,4193,153-18-4-2-1,3.73104628487285e-06_3.73104628487285e-06_3.73104628487285e-06_3.73104628487285e-06_3.73104628487285e-06
1016,4194,7-4-4-2-1,2.48736418991523e-06_2.48736418991523e-06_2.48736418991523e-06_2.48736418991523e-06_2.48736418991523e-06
1016,4195,177-7-4-2-1,0.000364398853822581_0.000364398853822581_0.000364398853822581_0.000364398853822581_0.000364398853822581
1016,4196,167-18-4-2-1,4.97472837983046e-06_4.97472837983046e-06_4.97472837983046e-06_4.97472837983046e-06_4.97472837983046e-06
1016,4197,185-41-9-2-1,8.70577466470331e-06_8.70577466470331e-06_8.70577466470331e-06_8.70577466470331e-06_8.70577466470331e-06
1016,4198,133-12-8-1-1,4.35288733235165e-06_4.35288733235165e-06_4.35288733235165e-06_4.35288733235165e-06_4.35288733235165e-06
1016,4199,4-4-4-2-1,4.29070322760377e-05_4.29070322760377e-05_4.29070322760377e-05_4.29070322760377e-05_4.29070322760377e-05
1016,4200,174-15-9-2-1,6.21841047478808e-06_6.21841047478808e-06_6.21841047478808e-06_6.21841047478808e-06_6.21841047478808e-06
1016,4201,63-27-8-1-1,2.98483702789828e-05_2.98483702789828e-05_2.98483702789828e-05_2.98483702789828e-05_2.98483702789828e-05
1016,4202,44-13-6-2-1,6.21841047478808e-06_6.21841047478808e-06_6.21841047478808e-06_6.21841047478808e-06_6.21841047478808e-06
1016,4203,213-15-9-2-1,6.84025152226688e-06_6.84025152226688e-06_6.84025152226688e-06_6.84025152226688e-06_6.84025152226688e-06
1016,4204,188-14-4-2-1,2.48736418991523e-06_2.48736418991523e-06_2.48736418991523e-06_2.48736418991523e-06_2.48736418991523e-06
1016,4205,127-30-1-1-1,1.80333903768854e-05_1.80333903768854e-05_1.80333903768854e-05_1.80333903768854e-05_1.80333903768854e-05
1016,4206,199-19-9-2-1,6.84025152226688e-06_6.84025152226688e-06_6.84025152226688e-06_6.84025152226688e-06_6.84025152226688e-06
1016,4207,180-40-4-2-1,4.97472837983046e-06_4.97472837983046e-06_4.97472837983046e-06_4.97472837983046e-06_4.97472837983046e-06
1016,4208,184-31-9-2-1,8.33267003621602e-05_8.33267003621602e-05_8.33267003621602e-05_8.33267003621602e-05_8.33267003621602e-05
1016,4209,184-31-9-2-1,2.11425956142795e-05_2.11425956142795e-05_2.11425956142795e-05_2.11425956142795e-05_2.11425956142795e-05
1016,4210,116-36-10-1-1,8.0839336172245e-06_8.0839336172245e-06_8.0839336172245e-06_8.0839336172245e-06_8.0839336172245e-06
1016,4211,76-4-4-2-1,3.10920523739404e-06_3.10920523739404e-06_3.10920523739404e-06_3.10920523739404e-06_3.10920523739404e-06
1016,4212,17-11-4-2-1,3.73104628487285e-06_3.73104628487285e-06_3.73104628487285e-06_3.73104628487285e-06_3.73104628487285e-06
1016,4213,186-15-9-2-1,4.97472837983046e-06_4.97472837983046e-06_4.97472837983046e-06_4.97472837983046e-06_4.97472837983046e-06
1016,4214,180-40-4-2-1,8.0839336172245e-06_8.0839336172245e-06_8.0839336172245e-06_8.0839336172245e-06_8.0839336172245e-06
1016,4215,67-2-2-2-1,7.46209256974569e-06_7.46209256974569e-06_7.46209256974569e-06_7.46209256974569e-06_7.46209256974569e-06
1016,4216,113-31-9-2-1,1.24368209495762e-05_1.24368209495762e-05_1.24368209495762e-05_1.24368209495762e-05_1.24368209495762e-05
1016,4217,47-22-8-1-1,3.10920523739404e-06_3.10920523739404e-06_3.10920523739404e-06_3.10920523739404e-06_3.10920523739404e-06
1016,4218,44-13-6-2-1,3.73104628487285e-06_3.73104628487285e-06_3.73104628487285e-06_3.73104628487285e-06_3.73104628487285e-06
1016,4219,7-4-4-2-1,4.97472837983046e-06_4.97472837983046e-06_4.97472837983046e-06_4.97472837983046e-06_4.97472837983046e-06
1016,4220,7-4-4-2-1,2.11425956142795e-05_2.11425956142795e-05_2.11425956142795e-05_2.11425956142795e-05_2.11425956142795e-05
1016,4221,153-18-4-2-1,3.10920523739404e-05_3.10920523739404e-05_3.10920523739404e-05_3.10920523739404e-05_3.10920523739404e-05
1016,4222,199-19-9-2-1,9.94945675966092e-06_9.94945675966092e-06_9.94945675966092e-06_9.94945675966092e-06_9.94945675966092e-06
1016,4223,79-32-10-1-1,4.35288733235165e-06_4.35288733235165e-06_4.35288733235165e-06_4.35288733235165e-06_4.35288733235165e-06
1016,4224,178-44-12-1-1,9.32761571218212e-06_9.32761571218212e-06_9.32761571218212e-06_9.32761571218212e-06_9.32761571218212e-06
1016,4225,201-17-10-1-1,0.00014613264615752_0.00014613264615752_0.00014613264615752_0.00014613264615752_0.00014613264615752
1016,4226,185-41-9-2-1,6.21841047478808e-05_6.21841047478808e-05_6.21841047478808e-05_6.21841047478808e-05_6.21841047478808e-05
1016,4227,49-22-8-1-1,3.73104628487285e-06_3.73104628487285e-06_3.73104628487285e-06_3.73104628487285e-06_3.73104628487285e-06
1016,4228,185-41-9-2-1,5.59656942730927e-06_5.59656942730927e-06_5.59656942730927e-06_5.59656942730927e-06_5.59656942730927e-06
1016,4229,151-19-9-2-1,9.32761571218212e-06_9.32761571218212e-06_9.32761571218212e-06_9.32761571218212e-06_9.32761571218212e-06
1016,4230,25-10-2-2-1,8.0839336172245e-06_8.0839336172245e-06_8.0839336172245e-06_8.0839336172245e-06_8.0839336172245e-06
1016,4231,77-28-5-1-1,0.000111309547498707_0.000111309547498707_0.000111309547498707_0.000111309547498707_0.000111309547498707
1016,4232,213-15-9-2-1,4.35288733235165e-06_4.35288733235165e-06_4.35288733235165e-06_4.35288733235165e-06_4.35288733235165e-06
1016,4233,227-41-9-2-1,2.9226529231504e-05_2.9226529231504e-05_2.9226529231504e-05_2.9226529231504e-05_2.9226529231504e-05
1016,4234,213-15-9-2-1,1.6167867234449e-05_1.6167867234449e-05_1.6167867234449e-05_1.6167867234449e-05_1.6167867234449e-05
1016,4235,44-13-6-2-1,1.74115493294066e-05_1.74115493294066e-05_1.74115493294066e-05_1.74115493294066e-05_1.74115493294066e-05
1016,4236,26-15-9-2-1,4.16633501810801e-05_4.16633501810801e-05_4.16633501810801e-05_4.16633501810801e-05_4.16633501810801e-05
1016,4237,185-41-9-2-1,9.94945675966092e-06_9.94945675966092e-06_9.94945675966092e-06_9.94945675966092e-06_9.94945675966092e-06
1016,4238,185-41-9-2-1,2.48736418991523e-06_2.48736418991523e-06_2.48736418991523e-06_2.48736418991523e-06_2.48736418991523e-06
1016,4239,153-18-4-2-1,1.05712978071397e-05_1.05712978071397e-05_1.05712978071397e-05_1.05712978071397e-05_1.05712978071397e-05
1016,4240,58-13-6-2-1,0.000127477414733156_0.000127477414733156_0.000127477414733156_0.000127477414733156_0.000127477414733156
1016,4241,177-7-4-2-1,5.09909658932622e-05_5.09909658932622e-05_5.09909658932622e-05_5.09909658932622e-05_5.09909658932622e-05
1016,4243,17-11-4-2-1,7.46209256974569e-06_7.46209256974569e-06_7.46209256974569e-06_7.46209256974569e-06_7.46209256974569e-06
1016,4244,222-35-4-2-1,9.32761571218212e-06_9.32761571218212e-06_9.32761571218212e-06_9.32761571218212e-06_9.32761571218212e-06
1016,4245,95-37-4-2-1,3.10920523739404e-06_3.10920523739404e-06_3.10920523739404e-06_3.10920523739404e-06_3.10920523739404e-06
1016,4246,81-9-7-1-1,0.000291021610220082_0.000291021610220082_0.000291021610220082_0.000291021610220082_0.000291021610220082
1016,4247,205-12-8-1-1,6.84025152226688e-06_6.84025152226688e-06_6.84025152226688e-06_6.84025152226688e-06_6.84025152226688e-06
1016,4248,39-22-8-1-1,0.000110687706451228_0.000110687706451228_0.000110687706451228_0.000110687706451228_0.000110687706451228
1016,4249,69-29-2-2-1,7.27554025550205e-05_7.27554025550205e-05_7.27554025550205e-05_7.27554025550205e-05_7.27554025550205e-05
1016,4250,39-22-8-1-1,3.66886218012497e-05_3.66886218012497e-05_3.66886218012497e-05_3.66886218012497e-05_3.66886218012497e-05
1016,4252,198-17-10-1-1,0.00302960958331675_0.00302960958331675_0.00302960958331675_0.00302960958331675_0.00302960958331675
1016,4253,71-29-2-2-1,2.36299598041947e-05_2.36299598041947e-05_2.36299598041947e-05_2.36299598041947e-05_2.36299598041947e-05
1016,4255,142-42-12-1-1,3.10920523739404e-06_3.10920523739404e-06_3.10920523739404e-06_3.10920523739404e-06_3.10920523739404e-06
1016,4256,185-41-9-2-1,5.59656942730927e-06_5.59656942730927e-06_5.59656942730927e-06_5.59656942730927e-06_5.59656942730927e-06
1016,4257,234-24-7-1-1,7.58646077924145e-05_7.58646077924145e-05_7.58646077924145e-05_7.58646077924145e-05_7.58646077924145e-05
1016,4258,234-24-7-1-1,5.72093763680503e-05_5.72093763680503e-05_5.72093763680503e-05_5.72093763680503e-05_5.72093763680503e-05
1016,4260,196-14-4-2-1,1.86552314243642e-05_1.86552314243642e-05_1.86552314243642e-05_1.86552314243642e-05_1.86552314243642e-05
1016,4261,229-5-5-1-1,0.000126233732638198_0.000126233732638198_0.000126233732638198_0.000126233732638198_0.000126233732638198
1016,4262,177-7-4-2-1,5.59656942730927e-06_5.59656942730927e-06_5.59656942730927e-06_5.59656942730927e-06_5.59656942730927e-06
1016,4263,32-18-4-2-1,8.0839336172245e-06_8.0839336172245e-06_8.0839336172245e-06_8.0839336172245e-06_8.0839336172245e-06
1016,4264,67-2-2-2-1,1.43023440920126e-05_1.43023440920126e-05_1.43023440920126e-05_1.43023440920126e-05_1.43023440920126e-05
1016,4265,65-1-1-1-1,8.0839336172245e-06_8.0839336172245e-06_8.0839336172245e-06_8.0839336172245e-06_8.0839336172245e-06
1016,4266,7-4-4-2-1,6.84025152226688e-06_6.84025152226688e-06_6.84025152226688e-06_6.84025152226688e-06_6.84025152226688e-06
1016,4267,214-26-4-2-1,0.000205207545668007_0.000205207545668007_0.000205207545668007_0.000205207545668007_0.000205207545668007
1016,4268,83-33-5-1-1,5.65875353205715e-05_5.65875353205715e-05_5.65875353205715e-05_5.65875353205715e-05_5.65875353205715e-05
1016,4269,83-33-5-1-1,6.71588331277112e-05_6.71588331277112e-05_6.71588331277112e-05_6.71588331277112e-05_6.71588331277112e-05
1016,4270,229-5-5-1-1,0.00012001532216341_0.00012001532216341_0.00012001532216341_0.00012001532216341_0.00012001532216341
1016,4271,26-15-9-2-1,4.35288733235165e-06_4.35288733235165e-06_4.35288733235165e-06_4.35288733235165e-06_4.35288733235165e-06
1016,4272,8-7-4-2-1,3.73104628487285e-06_3.73104628487285e-06_3.73104628487285e-06_3.73104628487285e-06_3.73104628487285e-06
1016,4273,44-13-6-2-1,4.35288733235165e-06_4.35288733235165e-06_4.35288733235165e-06_4.35288733235165e-06_4.35288733235165e-06
1016,4274,151-19-9-2-1,4.35288733235165e-06_4.35288733235165e-06_4.35288733235165e-06_4.35288733235165e-06_4.35288733235165e-06
1016,4275,122-16-2-2-1,6.40496278903172e-05_6.40496278903172e-05_6.40496278903172e-05_6.40496278903172e-05_6.40496278903172e-05
1016,4276,185-41-9-2-1,3.10920523739404e-06_3.10920523739404e-06_3.10920523739404e-06_3.10920523739404e-06_3.10920523739404e-06
1016,4277,122-16-2-2-1,7.46209256974569e-06_7.46209256974569e-06_7.46209256974569e-06_7.46209256974569e-06_7.46209256974569e-06
1016,4278,8-7-4-2-1,4.35288733235165e-06_4.35288733235165e-06_4.35288733235165e-06_4.35288733235165e-06_4.35288733235165e-06
1016,4279,151-19-9-2-1,8.0839336172245e-06_8.0839336172245e-06_8.0839336172245e-06_8.0839336172245e-06_8.0839336172245e-06
1016,4280,200-15-9-2-1,3.73104628487285e-06_3.73104628487285e-06_3.73104628487285e-06_3.73104628487285e-06_3.73104628487285e-06
1016,4281,97-26-4-2-1,2.36299598041947e-05_2.36299598041947e-05_2.36299598041947e-05_2.36299598041947e-05_2.36299598041947e-05
1016,4282,209-35-4-2-1,3.73104628487285e-06_3.73104628487285e-06_3.73104628487285e-06_3.73104628487285e-06_3.73104628487285e-06
1016,4283,83-33-5-1-1,4.10415091336013e-05_4.10415091336013e-05_4.10415091336013e-05_4.10415091336013e-05_4.10415091336013e-05
1016,4285,124-29-2-2-1,2.30081187567159e-05_2.30081187567159e-05_2.30081187567159e-05_2.30081187567159e-05_2.30081187567159e-05
1016,4286,8-7-4-2-1,7.46209256974569e-06_7.46209256974569e-06_7.46209256974569e-06_7.46209256974569e-06_7.46209256974569e-06
1016,4287,74-31-9-2-1,0.000329575755163768_0.000329575755163768_0.000329575755163768_0.000329575755163768_0.000329575755163768
1016,4288,196-14-4-2-1,1.05712978071397e-05_1.05712978071397e-05_1.05712978071397e-05_1.05712978071397e-05_1.05712978071397e-05
1016,4289,191-37-4-2-1,0.000274231901938154_0.000274231901938154_0.000274231901938154_0.000274231901938154_0.000274231901938154
1016,4290,201-17-10-1-1,8.70577466470331e-05_8.70577466470331e-05_8.70577466470331e-05_8.70577466470331e-05_8.70577466470331e-05
1016,4291,152-32-10-1-1,2.11425956142795e-05_2.11425956142795e-05_2.11425956142795e-05_2.11425956142795e-05_2.11425956142795e-05
1016,4292,29-17-10-1-1,1.49241851394914e-05_1.49241851394914e-05_1.49241851394914e-05_1.49241851394914e-05_1.49241851394914e-05
1016,4293,136-26-4-2-1,9.32761571218212e-06_9.32761571218212e-06_9.32761571218212e-06_9.32761571218212e-06_9.32761571218212e-06
1016,4294,176-20-9-2-1,1.18149799020973e-05_1.18149799020973e-05_1.18149799020973e-05_1.18149799020973e-05_1.18149799020973e-05
1016,4295,147-11-4-2-1,4.97472837983046e-06_4.97472837983046e-06_4.97472837983046e-06_4.97472837983046e-06_4.97472837983046e-06
1016,4296,112-14-4-2-1,3.73104628487285e-06_3.73104628487285e-06_3.73104628487285e-06_3.73104628487285e-06_3.73104628487285e-06
1016,4297,179-26-4-2-1,1.05712978071397e-05_1.05712978071397e-05_1.05712978071397e-05_1.05712978071397e-05_1.05712978071397e-05
1016,4298,191-37-4-2-1,2.48736418991523e-06_2.48736418991523e-06_2.48736418991523e-06_2.48736418991523e-06_2.48736418991523e-06
1016,4299,47-22-8-1-1,7.46209256974569e-06_7.46209256974569e-06_7.46209256974569e-06_7.46209256974569e-06_7.46209256974569e-06
1016,4300,220-22-8-1-1,7.46209256974569e-06_7.46209256974569e-06_7.46209256974569e-06_7.46209256974569e-06_7.46209256974569e-06
1016,4301,113-31-9-2-1,1.6167867234449e-05_1.6167867234449e-05_1.6167867234449e-05_1.6167867234449e-05_1.6167867234449e-05
1016,4302,205-12-8-1-1,4.47725554184741e-05_4.47725554184741e-05_4.47725554184741e-05_4.47725554184741e-05_4.47725554184741e-05
1016,4303,205-12-8-1-1,4.97472837983046e-06_4.97472837983046e-06_4.97472837983046e-06_4.97472837983046e-06_4.97472837983046e-06
1016,4304,17-11-4-2-1,7.46209256974569e-06_7.46209256974569e-06_7.46209256974569e-06_7.46209256974569e-06_7.46209256974569e-06
1016,4305,191-37-4-2-1,8.0839336172245e-06_8.0839336172245e-06_8.0839336172245e-06_8.0839336172245e-06_8.0839336172245e-06
1016,4306,68-30-1-1-1,4.97472837983046e-05_4.97472837983046e-05_4.97472837983046e-05_4.97472837983046e-05_4.97472837983046e-05
1016,4307,183-23-8-1-1,0.000373104628487285_0.000373104628487285_0.000373104628487285_0.000373104628487285_0.000373104628487285
1016,4308,183-23-8-1-1,6.52933099852748e-05_6.52933099852748e-05_6.52933099852748e-05_6.52933099852748e-05_6.52933099852748e-05
1016,4309,183-23-8-1-1,7.02680383651053e-05_7.02680383651053e-05_7.02680383651053e-05_7.02680383651053e-05_7.02680383651053e-05
1016,4310,183-23-8-1-1,4.78817606558682e-05_4.78817606558682e-05_4.78817606558682e-05_4.78817606558682e-05_4.78817606558682e-05
1016,4311,183-23-8-1-1,0.000164787877581884_0.000164787877581884_0.000164787877581884_0.000164787877581884_0.000164787877581884
1016,4312,183-23-8-1-1,1.24368209495762e-05_1.24368209495762e-05_1.24368209495762e-05_1.24368209495762e-05_1.24368209495762e-05
1016,4313,185-41-9-2-1,7.46209256974569e-06_7.46209256974569e-06_7.46209256974569e-06_7.46209256974569e-06_7.46209256974569e-06
1016,4314,183-23-8-1-1,9.94945675966092e-06_9.94945675966092e-06_9.94945675966092e-06_9.94945675966092e-06_9.94945675966092e-06
1016,4315,172-40-4-2-1,2.48736418991523e-06_2.48736418991523e-06_2.48736418991523e-06_2.48736418991523e-06_2.48736418991523e-06
1016,4316,196-14-4-2-1,1.6167867234449e-05_1.6167867234449e-05_1.6167867234449e-05_1.6167867234449e-05_1.6167867234449e-05
1016,4317,181-40-4-2-1,2.98483702789828e-05_2.98483702789828e-05_2.98483702789828e-05_2.98483702789828e-05_2.98483702789828e-05
1016,4318,109-28-5-1-1,9.32761571218212e-06_9.32761571218212e-06_9.32761571218212e-06_9.32761571218212e-06_9.32761571218212e-06
1016,4319,171-18-4-2-1,1.98989135193218e-05_1.98989135193218e-05_1.98989135193218e-05_1.98989135193218e-05_1.98989135193218e-05
1016,4320,44-13-6-2-1,6.84025152226688e-06_6.84025152226688e-06_6.84025152226688e-06_6.84025152226688e-06_6.84025152226688e-06
1016,4321,237-44-12-1-1,5.59656942730927e-06_5.59656942730927e-06_5.59656942730927e-06_5.59656942730927e-06_5.59656942730927e-06
1016,4322,236-42-12-1-1,8.0839336172245e-06_8.0839336172245e-06_8.0839336172245e-06_8.0839336172245e-06_8.0839336172245e-06
1016,4323,18-12-8-1-1,1.36805030445338e-05_1.36805030445338e-05_1.36805030445338e-05_1.36805030445338e-05_1.36805030445338e-05
1016,4324,17-11-4-2-1,5.59656942730927e-06_5.59656942730927e-06_5.59656942730927e-06_5.59656942730927e-06_5.59656942730927e-06
1016,4325,174-15-9-2-1,8.0839336172245e-06_8.0839336172245e-06_8.0839336172245e-06_8.0839336172245e-06_8.0839336172245e-06
1016,4326,75-1-1-1-1,0.000115662434831058_0.000115662434831058_0.000115662434831058_0.000115662434831058_0.000115662434831058
1016,4327,11-4-4-2-1,8.0839336172245e-06_8.0839336172245e-06_8.0839336172245e-06_8.0839336172245e-06_8.0839336172245e-06
1016,4328,77-28-5-1-1,9.94945675966092e-06_9.94945675966092e-06_9.94945675966092e-06_9.94945675966092e-06_9.94945675966092e-06
1016,4330,136-26-4-2-1,6.96461973176265e-05_6.96461973176265e-05_6.96461973176265e-05_6.96461973176265e-05_6.96461973176265e-05
1016,4331,74-31-9-2-1,3.10920523739404e-06_3.10920523739404e-06_3.10920523739404e-06_3.10920523739404e-06_3.10920523739404e-06
1016,4332,25-10-2-2-1,4.35288733235165e-06_4.35288733235165e-06_4.35288733235165e-06_4.35288733235165e-06_4.35288733235165e-06
1016,4333,55-22-8-1-1,5.90748995104867e-05_5.90748995104867e-05_5.90748995104867e-05_5.90748995104867e-05_5.90748995104867e-05
1016,4334,26-15-9-2-1,1.36805030445338e-05_1.36805030445338e-05_1.36805030445338e-05_1.36805030445338e-05_1.36805030445338e-05
1016,4335,236-42-12-1-1,7.46209256974569e-06_7.46209256974569e-06_7.46209256974569e-06_7.46209256974569e-06_7.46209256974569e-06
1016,4336,68-30-1-1-1,1.67897082819278e-05_1.67897082819278e-05_1.67897082819278e-05_1.67897082819278e-05_1.67897082819278e-05
1016,4337,167-18-4-2-1,0.000187174155291121_0.000187174155291121_0.000187174155291121_0.000187174155291121_0.000187174155291121
1016,4338,218-7-4-2-1,3.66886218012497e-05_3.66886218012497e-05_3.66886218012497e-05_3.66886218012497e-05_3.66886218012497e-05
1016,4339,212-41-9-2-1,6.21841047478808e-06_6.21841047478808e-06_6.21841047478808e-06_6.21841047478808e-06_6.21841047478808e-06
1016,4340,77-28-5-1-1,3.10920523739404e-06_3.10920523739404e-06_3.10920523739404e-06_3.10920523739404e-06_3.10920523739404e-06
1016,4341,191-37-4-2-1,3.79323038962073e-05_3.79323038962073e-05_3.79323038962073e-05_3.79323038962073e-05_3.79323038962073e-05
1016,4342,142-42-12-1-1,1.11931388546185e-05_1.11931388546185e-05_1.11931388546185e-05_1.11931388546185e-05_1.11931388546185e-05
1016,4343,4-4-4-2-1,0.000107578501213834_0.000107578501213834_0.000107578501213834_0.000107578501213834_0.000107578501213834
1016,4344,59-5-5-1-1,3.73104628487285e-05_3.73104628487285e-05_3.73104628487285e-05_3.73104628487285e-05_3.73104628487285e-05
1016,4345,4-4-4-2-1,3.10920523739404e-06_3.10920523739404e-06_3.10920523739404e-06_3.10920523739404e-06_3.10920523739404e-06
1016,4346,203-11-4-2-1,3.73104628487285e-06_3.73104628487285e-06_3.73104628487285e-06_3.73104628487285e-06_3.73104628487285e-06
1016,4347,4-4-4-2-1,6.28059457953596e-05_6.28059457953596e-05_6.28059457953596e-05_6.28059457953596e-05_6.28059457953596e-05
1016,4348,176-20-9-2-1,2.30081187567159e-05_2.30081187567159e-05_2.30081187567159e-05_2.30081187567159e-05_2.30081187567159e-05
1016,4349,185-41-9-2-1,3.10920523739404e-06_3.10920523739404e-06_3.10920523739404e-06_3.10920523739404e-06_3.10920523739404e-06
1016,4350,122-16-2-2-1,3.10920523739404e-06_3.10920523739404e-06_3.10920523739404e-06_3.10920523739404e-06_3.10920523739404e-06
1016,4351,160-30-1-1-1,4.35288733235165e-06_4.35288733235165e-06_4.35288733235165e-06_4.35288733235165e-06_4.35288733235165e-06
1016,4352,163-43-4-2-1,1.18149799020973e-05_1.18149799020973e-05_1.18149799020973e-05_1.18149799020973e-05_1.18149799020973e-05
1016,4353,228-17-10-1-1,4.97472837983046e-06_4.97472837983046e-06_4.97472837983046e-06_4.97472837983046e-06_4.97472837983046e-06
1016,4354,167-18-4-2-1,6.84025152226688e-06_6.84025152226688e-06_6.84025152226688e-06_6.84025152226688e-06_6.84025152226688e-06
1016,4355,197-30-1-1-1,3.60667807537708e-05_3.60667807537708e-05_3.60667807537708e-05_3.60667807537708e-05_3.60667807537708e-05
1016,4356,57-7-4-2-1,4.35288733235165e-06_4.35288733235165e-06_4.35288733235165e-06_4.35288733235165e-06_4.35288733235165e-06
1016,4357,197-30-1-1-1,6.21841047478808e-06_6.21841047478808e-06_6.21841047478808e-06_6.21841047478808e-06_6.21841047478808e-06
1016,4358,176-20-9-2-1,3.73104628487285e-06_3.73104628487285e-06_3.73104628487285e-06_3.73104628487285e-06_3.73104628487285e-06
1016,4359,171-18-4-2-1,5.59656942730927e-06_5.59656942730927e-06_5.59656942730927e-06_5.59656942730927e-06_5.59656942730927e-06
1016,4360,126-29-2-2-1,6.21841047478808e-06_6.21841047478808e-06_6.21841047478808e-06_6.21841047478808e-06_6.21841047478808e-06
1016,4361,55-22-8-1-1,3.10920523739404e-06_3.10920523739404e-06_3.10920523739404e-06_3.10920523739404e-06_3.10920523739404e-06
1016,4362,105-8-3-1-1,0.00105153321128666_0.00105153321128666_0.00105153321128666_0.00105153321128666_0.00105153321128666
1016,4363,26-15-9-2-1,3.73104628487285e-06_3.73104628487285e-06_3.73104628487285e-06_3.73104628487285e-06_3.73104628487285e-06
1016,4364,123-41-9-2-1,0.000571471922633024_0.000571471922633024_0.000571471922633024_0.000571471922633024_0.000571471922633024
1016,4365,122-16-2-2-1,3.73104628487285e-06_3.73104628487285e-06_3.73104628487285e-06_3.73104628487285e-06_3.73104628487285e-06
1016,4366,148-29-2-2-1,3.48230986588132e-05_3.48230986588132e-05_3.48230986588132e-05_3.48230986588132e-05_3.48230986588132e-05
1016,4367,105-8-3-1-1,0.00022945934651968_0.00022945934651968_0.00022945934651968_0.00022945934651968_0.00022945934651968
1016,4368,35-20-9-2-1,2.9226529231504e-05_2.9226529231504e-05_2.9226529231504e-05_2.9226529231504e-05_2.9226529231504e-05
1016,4369,33-16-2-2-1,9.26543160743423e-05_9.26543160743423e-05_9.26543160743423e-05_9.26543160743423e-05_9.26543160743423e-05
1016,4370,223-40-4-2-1,7.46209256974569e-06_7.46209256974569e-06_7.46209256974569e-06_7.46209256974569e-06_7.46209256974569e-06
1016,4371,123-41-9-2-1,0.000105091137023918_0.000105091137023918_0.000105091137023918_0.000105091137023918_0.000105091137023918
1016,4372,172-40-4-2-1,4.35288733235165e-06_4.35288733235165e-06_4.35288733235165e-06_4.35288733235165e-06_4.35288733235165e-06
1016,4373,126-29-2-2-1,3.48230986588132e-05_3.48230986588132e-05_3.48230986588132e-05_3.48230986588132e-05_3.48230986588132e-05
1016,4374,45-5-5-1-1,4.47725554184741e-05_4.47725554184741e-05_4.47725554184741e-05_4.47725554184741e-05_4.47725554184741e-05
1016,4375,183-23-8-1-1,1.05712978071397e-05_1.05712978071397e-05_1.05712978071397e-05_1.05712978071397e-05_1.05712978071397e-05
1016,4376,163-43-4-2-1,3.73104628487285e-06_3.73104628487285e-06_3.73104628487285e-06_3.73104628487285e-06_3.73104628487285e-06
1016,4377,217-30-1-1-1,0.000294130815457476_0.000294130815457476_0.000294130815457476_0.000294130815457476_0.000294130815457476
1016,4378,70-27-8-1-1,0.000112553229593664_0.000112553229593664_0.000112553229593664_0.000112553229593664_0.000112553229593664
1016,4379,228-17-10-1-1,4.78817606558682e-05_4.78817606558682e-05_4.78817606558682e-05_4.78817606558682e-05_4.78817606558682e-05
1016,4380,213-15-9-2-1,1.80333903768854e-05_1.80333903768854e-05_1.80333903768854e-05_1.80333903768854e-05_1.80333903768854e-05
1016,4381,228-17-10-1-1,1.6167867234449e-05_1.6167867234449e-05_1.6167867234449e-05_1.6167867234449e-05_1.6167867234449e-05
1016,4382,40-23-8-1-1,3.10920523739404e-06_3.10920523739404e-06_3.10920523739404e-06_3.10920523739404e-06_3.10920523739404e-06
1016,4383,185-41-9-2-1,6.84025152226688e-06_6.84025152226688e-06_6.84025152226688e-06_6.84025152226688e-06_6.84025152226688e-06
1016,4384,172-40-4-2-1,3.10920523739404e-06_3.10920523739404e-06_3.10920523739404e-06_3.10920523739404e-06_3.10920523739404e-06
1016,4385,149-16-2-2-1,0.000494985473793131_0.000494985473793131_0.000494985473793131_0.000494985473793131_0.000494985473793131
1016,4386,161-36-10-1-1,3.73104628487285e-06_3.73104628487285e-06_3.73104628487285e-06_3.73104628487285e-06_3.73104628487285e-06
1016,4387,132-42-12-1-1,3.10920523739404e-06_3.10920523739404e-06_3.10920523739404e-06_3.10920523739404e-06_3.10920523739404e-06
1016,4388,149-16-2-2-1,4.8503601703347e-05_4.8503601703347e-05_4.8503601703347e-05_4.8503601703347e-05_4.8503601703347e-05
1016,4389,149-16-2-2-1,0.000331441278306204_0.000331441278306204_0.000331441278306204_0.000331441278306204_0.000331441278306204
1016,4390,167-18-4-2-1,4.35288733235165e-06_4.35288733235165e-06_4.35288733235165e-06_4.35288733235165e-06_4.35288733235165e-06
1016,4391,31-6-6-2-1,8.64359055995543e-05_8.64359055995543e-05_8.64359055995543e-05_8.64359055995543e-05_8.64359055995543e-05
1016,4392,10-3-3-1-1,3.79323038962073e-05_3.79323038962073e-05_3.79323038962073e-05_3.79323038962073e-05_3.79323038962073e-05
1016,4393,218-7-4-2-1,2.23862777092371e-05_2.23862777092371e-05_2.23862777092371e-05_2.23862777092371e-05_2.23862777092371e-05
1016,4394,18-12-8-1-1,3.73104628487285e-06_3.73104628487285e-06_3.73104628487285e-06_3.73104628487285e-06_3.73104628487285e-06
1016,4395,214-26-4-2-1,4.35288733235165e-06_4.35288733235165e-06_4.35288733235165e-06_4.35288733235165e-06_4.35288733235165e-06
1016,4396,45-5-5-1-1,1.98989135193218e-05_1.98989135193218e-05_1.98989135193218e-05_1.98989135193218e-05_1.98989135193218e-05
1016,4397,185-41-9-2-1,5.59656942730927e-06_5.59656942730927e-06_5.59656942730927e-06_5.59656942730927e-06_5.59656942730927e-06
1016,4398,71-29-2-2-1,9.32761571218212e-06_9.32761571218212e-06_9.32761571218212e-06_9.32761571218212e-06_9.32761571218212e-06
1016,4399,112-14-4-2-1,4.35288733235165e-06_4.35288733235165e-06_4.35288733235165e-06_4.35288733235165e-06_4.35288733235165e-06
1016,4400,68-30-1-1-1,8.70577466470331e-06_8.70577466470331e-06_8.70577466470331e-06_8.70577466470331e-06_8.70577466470331e-06
1016,4401,127-30-1-1-1,1.74115493294066e-05_1.74115493294066e-05_1.74115493294066e-05_1.74115493294066e-05_1.74115493294066e-05
1016,4402,220-22-8-1-1,3.73104628487285e-06_3.73104628487285e-06_3.73104628487285e-06_3.73104628487285e-06_3.73104628487285e-06
1016,4403,66-29-2-2-1,4.35288733235165e-06_4.35288733235165e-06_4.35288733235165e-06_4.35288733235165e-06_4.35288733235165e-06
1016,4404,134-29-2-2-1,8.0839336172245e-06_8.0839336172245e-06_8.0839336172245e-06_8.0839336172245e-06_8.0839336172245e-06
1016,4405,122-16-2-2-1,4.35288733235165e-06_4.35288733235165e-06_4.35288733235165e-06_4.35288733235165e-06_4.35288733235165e-06
1016,4406,49-22-8-1-1,4.35288733235165e-06_4.35288733235165e-06_4.35288733235165e-06_4.35288733235165e-06_4.35288733235165e-06
1016,4407,66-29-2-2-1,6.21841047478808e-06_6.21841047478808e-06_6.21841047478808e-06_6.21841047478808e-06_6.21841047478808e-06
1016,4408,8-7-4-2-1,6.21841047478808e-06_6.21841047478808e-06_6.21841047478808e-06_6.21841047478808e-06_6.21841047478808e-06
1016,4409,201-17-10-1-1,7.46209256974569e-06_7.46209256974569e-06_7.46209256974569e-06_7.46209256974569e-06_7.46209256974569e-06
1016,4410,189-12-8-1-1,3.10920523739404e-06_3.10920523739404e-06_3.10920523739404e-06_3.10920523739404e-06_3.10920523739404e-06
1016,4411,57-7-4-2-1,6.1562263700402e-05_6.1562263700402e-05_6.1562263700402e-05_6.1562263700402e-05_6.1562263700402e-05
1016,4412,80-11-4-2-1,1.43023440920126e-05_1.43023440920126e-05_1.43023440920126e-05_1.43023440920126e-05_1.43023440920126e-05
1016,4413,57-7-4-2-1,1.3058661997055e-05_1.3058661997055e-05_1.3058661997055e-05_1.3058661997055e-05_1.3058661997055e-05
1016,4414,166-18-4-2-1,1.98989135193218e-05_1.98989135193218e-05_1.98989135193218e-05_1.98989135193218e-05_1.98989135193218e-05
1016,4415,167-18-4-2-1,1.3058661997055e-05_1.3058661997055e-05_1.3058661997055e-05_1.3058661997055e-05_1.3058661997055e-05
1016,4416,171-18-4-2-1,3.10920523739404e-06_3.10920523739404e-06_3.10920523739404e-06_3.10920523739404e-06_3.10920523739404e-06
1016,4417,26-15-9-2-1,0.000118149799020973_0.000118149799020973_0.000118149799020973_0.000118149799020973_0.000118149799020973
1016,4418,26-15-9-2-1,2.86046881840252e-05_2.86046881840252e-05_2.86046881840252e-05_2.86046881840252e-05_2.86046881840252e-05
1016,4419,121-39-11-1-1,5.59656942730927e-06_5.59656942730927e-06_5.59656942730927e-06_5.59656942730927e-06_5.59656942730927e-06
1016,4420,197-30-1-1-1,6.59151510327536e-05_6.59151510327536e-05_6.59151510327536e-05_6.59151510327536e-05_6.59151510327536e-05
1016,4421,216-19-9-2-1,8.0839336172245e-06_8.0839336172245e-06_8.0839336172245e-06_8.0839336172245e-06_8.0839336172245e-06
1016,4422,177-7-4-2-1,4.35288733235165e-06_4.35288733235165e-06_4.35288733235165e-06_4.35288733235165e-06_4.35288733235165e-06
1016,4423,70-27-8-1-1,1.18149799020973e-05_1.18149799020973e-05_1.18149799020973e-05_1.18149799020973e-05_1.18149799020973e-05
1016,4424,163-43-4-2-1,3.10920523739404e-06_3.10920523739404e-06_3.10920523739404e-06_3.10920523739404e-06_3.10920523739404e-06
1016,4425,161-36-10-1-1,2.48736418991523e-06_2.48736418991523e-06_2.48736418991523e-06_2.48736418991523e-06_2.48736418991523e-06
1016,4426,185-41-9-2-1,3.10920523739404e-06_3.10920523739404e-06_3.10920523739404e-06_3.10920523739404e-06_3.10920523739404e-06
1016,4427,68-30-1-1-1,4.10415091336013e-05_4.10415091336013e-05_4.10415091336013e-05_4.10415091336013e-05_4.10415091336013e-05
1016,4428,44-13-6-2-1,2.48736418991523e-06_2.48736418991523e-06_2.48736418991523e-06_2.48736418991523e-06_2.48736418991523e-06
1016,4429,112-14-4-2-1,9.32761571218212e-06_9.32761571218212e-06_9.32761571218212e-06_9.32761571218212e-06_9.32761571218212e-06
1016,4430,8-7-4-2-1,8.0839336172245e-06_8.0839336172245e-06_8.0839336172245e-06_8.0839336172245e-06_8.0839336172245e-06
1016,4431,29-17-10-1-1,1.6167867234449e-05_1.6167867234449e-05_1.6167867234449e-05_1.6167867234449e-05_1.6167867234449e-05
1016,4432,122-16-2-2-1,5.59656942730927e-06_5.59656942730927e-06_5.59656942730927e-06_5.59656942730927e-06_5.59656942730927e-06
1016,4433,142-42-12-1-1,3.73104628487285e-06_3.73104628487285e-06_3.73104628487285e-06_3.73104628487285e-06_3.73104628487285e-06
1016,4434,172-40-4-2-1,9.32761571218212e-06_9.32761571218212e-06_9.32761571218212e-06_9.32761571218212e-06_9.32761571218212e-06
1016,4436,138-23-8-1-1,1.24368209495762e-05_1.24368209495762e-05_1.24368209495762e-05_1.24368209495762e-05_1.24368209495762e-05
1016,4437,149-16-2-2-1,4.91254427508258e-05_4.91254427508258e-05_4.91254427508258e-05_4.91254427508258e-05_4.91254427508258e-05
1016,4438,149-16-2-2-1,4.29070322760377e-05_4.29070322760377e-05_4.29070322760377e-05_4.29070322760377e-05_4.29070322760377e-05
1016,4439,172-40-4-2-1,3.10920523739404e-06_3.10920523739404e-06_3.10920523739404e-06_3.10920523739404e-06_3.10920523739404e-06
1016,4440,151-19-9-2-1,1.55460261869702e-05_1.55460261869702e-05_1.55460261869702e-05_1.55460261869702e-05_1.55460261869702e-05
1016,4441,161-36-10-1-1,7.46209256974569e-06_7.46209256974569e-06_7.46209256974569e-06_7.46209256974569e-06_7.46209256974569e-06
1016,4442,109-28-5-1-1,0.000195258088908346_0.000195258088908346_0.000195258088908346_0.000195258088908346_0.000195258088908346
1016,4444,185-41-9-2-1,3.10920523739404e-06_3.10920523739404e-06_3.10920523739404e-06_3.10920523739404e-06_3.10920523739404e-06
1016,4445,109-28-5-1-1,2.48736418991523e-05_2.48736418991523e-05_2.48736418991523e-05_2.48736418991523e-05_2.48736418991523e-05
1016,4446,49-22-8-1-1,2.42518008516735e-05_2.42518008516735e-05_2.42518008516735e-05_2.42518008516735e-05_2.42518008516735e-05
1016,4447,199-19-9-2-1,6.84025152226688e-06_6.84025152226688e-06_6.84025152226688e-06_6.84025152226688e-06_6.84025152226688e-06
1016,4448,34-19-9-2-1,0.000472599196083894_0.000472599196083894_0.000472599196083894_0.000472599196083894_0.000472599196083894
1016,4449,34-19-9-2-1,1.11931388546185e-05_1.11931388546185e-05_1.11931388546185e-05_1.11931388546185e-05_1.11931388546185e-05
1016,4450,57-7-4-2-1,3.10920523739404e-06_3.10920523739404e-06_3.10920523739404e-06_3.10920523739404e-06_3.10920523739404e-06
1016,4451,236-42-12-1-1,4.97472837983046e-06_4.97472837983046e-06_4.97472837983046e-06_4.97472837983046e-06_4.97472837983046e-06
1016,4452,179-26-4-2-1,7.46209256974569e-06_7.46209256974569e-06_7.46209256974569e-06_7.46209256974569e-06_7.46209256974569e-06
1016,4453,7-4-4-2-1,8.70577466470331e-06_8.70577466470331e-06_8.70577466470331e-06_8.70577466470331e-06_8.70577466470331e-06
1016,4454,185-41-9-2-1,5.59656942730927e-06_5.59656942730927e-06_5.59656942730927e-06_5.59656942730927e-06_5.59656942730927e-06
1016,4455,172-40-4-2-1,2.30081187567159e-05_2.30081187567159e-05_2.30081187567159e-05_2.30081187567159e-05_2.30081187567159e-05
1016,4456,8-7-4-2-1,4.35288733235165e-06_4.35288733235165e-06_4.35288733235165e-06_4.35288733235165e-06_4.35288733235165e-06
1016,4457,32-18-4-2-1,1.74115493294066e-05_1.74115493294066e-05_1.74115493294066e-05_1.74115493294066e-05_1.74115493294066e-05
1016,4458,8-7-4-2-1,5.59656942730927e-06_5.59656942730927e-06_5.59656942730927e-06_5.59656942730927e-06_5.59656942730927e-06
1016,4459,160-30-1-1-1,4.35288733235165e-05_4.35288733235165e-05_4.35288733235165e-05_4.35288733235165e-05_4.35288733235165e-05
1016,4460,44-13-6-2-1,2.05207545668007e-05_2.05207545668007e-05_2.05207545668007e-05_2.05207545668007e-05_2.05207545668007e-05
1016,4461,141-42-12-1-1,5.59656942730927e-06_5.59656942730927e-06_5.59656942730927e-06_5.59656942730927e-06_5.59656942730927e-06
1016,4462,177-7-4-2-1,4.35288733235165e-06_4.35288733235165e-06_4.35288733235165e-06_4.35288733235165e-06_4.35288733235165e-06
1016,4463,190-20-9-2-1,0.000282315835555379_0.000282315835555379_0.000282315835555379_0.000282315835555379_0.000282315835555379
1016,4464,127-30-1-1-1,1.74115493294066e-05_1.74115493294066e-05_1.74115493294066e-05_1.74115493294066e-05_1.74115493294066e-05
1016,4466,159-4-4-2-1,4.97472837983046e-06_4.97472837983046e-06_4.97472837983046e-06_4.97472837983046e-06_4.97472837983046e-06
1016,4467,109-28-5-1-1,3.10920523739404e-06_3.10920523739404e-06_3.10920523739404e-06_3.10920523739404e-06_3.10920523739404e-06
1016,4468,185-41-9-2-1,3.10920523739404e-06_3.10920523739404e-06_3.10920523739404e-06_3.10920523739404e-06_3.10920523739404e-06
1016,4469,151-19-9-2-1,0.000172871811199109_0.000172871811199109_0.000172871811199109_0.000172871811199109_0.000172871811199109
1016,4470,70-27-8-1-1,3.10920523739404e-06_3.10920523739404e-06_3.10920523739404e-06_3.10920523739404e-06_3.10920523739404e-06
1016,4471,66-29-2-2-1,4.35288733235165e-06_4.35288733235165e-06_4.35288733235165e-06_4.35288733235165e-06_4.35288733235165e-06
1016,4472,122-16-2-2-1,4.35288733235165e-06_4.35288733235165e-06_4.35288733235165e-06_4.35288733235165e-06_4.35288733235165e-06
1016,4473,227-41-9-2-1,9.94945675966092e-06_9.94945675966092e-06_9.94945675966092e-06_9.94945675966092e-06_9.94945675966092e-06
1016,4474,152-32-10-1-1,2.48736418991523e-06_2.48736418991523e-06_2.48736418991523e-06_2.48736418991523e-06_2.48736418991523e-06
1016,4475,1-1-1-1-1,2.48736418991523e-05_2.48736418991523e-05_2.48736418991523e-05_2.48736418991523e-05_2.48736418991523e-05
1016,4476,121-39-11-1-1,3.10920523739404e-06_3.10920523739404e-06_3.10920523739404e-06_3.10920523739404e-06_3.10920523739404e-06
1016,4477,185-41-9-2-1,3.10920523739404e-06_3.10920523739404e-06_3.10920523739404e-06_3.10920523739404e-06_3.10920523739404e-06
1016,4478,44-13-6-2-1,6.21841047478808e-06_6.21841047478808e-06_6.21841047478808e-06_6.21841047478808e-06_6.21841047478808e-06
1016,4479,148-29-2-2-1,1.86552314243642e-05_1.86552314243642e-05_1.86552314243642e-05_1.86552314243642e-05_1.86552314243642e-05
1016,4480,7-4-4-2-1,9.32761571218212e-06_9.32761571218212e-06_9.32761571218212e-06_9.32761571218212e-06_9.32761571218212e-06
1016,4481,128-7-4-2-1,3.10920523739404e-06_3.10920523739404e-06_3.10920523739404e-06_3.10920523739404e-06_3.10920523739404e-06
1016,4482,40-23-8-1-1,3.17138934214192e-05_3.17138934214192e-05_3.17138934214192e-05_3.17138934214192e-05_3.17138934214192e-05
1016,4483,185-41-9-2-1,4.35288733235165e-06_4.35288733235165e-06_4.35288733235165e-06_4.35288733235165e-06_4.35288733235165e-06
1016,4484,47-22-8-1-1,3.73104628487285e-06_3.73104628487285e-06_3.73104628487285e-06_3.73104628487285e-06_3.73104628487285e-06
1016,4485,36-6-6-2-1,4.10415091336013e-05_4.10415091336013e-05_4.10415091336013e-05_4.10415091336013e-05_4.10415091336013e-05
1016,4486,78-3-3-1-1,7.7730130934851e-05_7.7730130934851e-05_7.7730130934851e-05_7.7730130934851e-05_7.7730130934851e-05
1016,4487,63-27-8-1-1,0.00013556134835038_0.00013556134835038_0.00013556134835038_0.00013556134835038_0.00013556134835038
1016,4488,63-27-8-1-1,6.03185816054443e-05_6.03185816054443e-05_6.03185816054443e-05_6.03185816054443e-05_6.03185816054443e-05
1016,4489,181-40-4-2-1,3.5444939706292e-05_3.5444939706292e-05_3.5444939706292e-05_3.5444939706292e-05_3.5444939706292e-05
1016,4490,184-31-9-2-1,0.000122502686353325_0.000122502686353325_0.000122502686353325_0.000122502686353325_0.000122502686353325
1016,4491,63-27-8-1-1,4.10415091336013e-05_4.10415091336013e-05_4.10415091336013e-05_4.10415091336013e-05_4.10415091336013e-05
1016,4492,57-7-4-2-1,3.35794165638556e-05_3.35794165638556e-05_3.35794165638556e-05_3.35794165638556e-05_3.35794165638556e-05
1016,4493,185-41-9-2-1,6.21841047478808e-06_6.21841047478808e-06_6.21841047478808e-06_6.21841047478808e-06_6.21841047478808e-06
1016,4494,18-12-8-1-1,5.59656942730927e-06_5.59656942730927e-06_5.59656942730927e-06_5.59656942730927e-06_5.59656942730927e-06
1016,4495,201-17-10-1-1,2.36299598041947e-05_2.36299598041947e-05_2.36299598041947e-05_2.36299598041947e-05_2.36299598041947e-05
1016,4496,18-12-8-1-1,6.84025152226688e-06_6.84025152226688e-06_6.84025152226688e-06_6.84025152226688e-06_6.84025152226688e-06
1016,4497,60-22-8-1-1,0.000200232817288176_0.000200232817288176_0.000200232817288176_0.000200232817288176_0.000200232817288176
1016,4498,60-22-8-1-1,3.91759859911649e-05_3.91759859911649e-05_3.91759859911649e-05_3.91759859911649e-05_3.91759859911649e-05
1016,4499,40-23-8-1-1,4.35288733235165e-06_4.35288733235165e-06_4.35288733235165e-06_4.35288733235165e-06_4.35288733235165e-06
1016,4501,208-30-1-1-1,3.10920523739404e-06_3.10920523739404e-06_3.10920523739404e-06_3.10920523739404e-06_3.10920523739404e-06
1016,4502,68-30-1-1-1,5.65875353205715e-05_5.65875353205715e-05_5.65875353205715e-05_5.65875353205715e-05_5.65875353205715e-05
1016,4503,93-16-2-2-1,4.41507143709953e-05_4.41507143709953e-05_4.41507143709953e-05_4.41507143709953e-05_4.41507143709953e-05
1016,4504,112-14-4-2-1,1.80333903768854e-05_1.80333903768854e-05_1.80333903768854e-05_1.80333903768854e-05_1.80333903768854e-05
1016,4505,185-41-9-2-1,3.73104628487285e-06_3.73104628487285e-06_3.73104628487285e-06_3.73104628487285e-06_3.73104628487285e-06
1016,4506,199-19-9-2-1,3.73104628487285e-06_3.73104628487285e-06_3.73104628487285e-06_3.73104628487285e-06_3.73104628487285e-06
1016,4507,167-18-4-2-1,3.73104628487285e-06_3.73104628487285e-06_3.73104628487285e-06_3.73104628487285e-06_3.73104628487285e-06
1016,4508,184-31-9-2-1,4.97472837983046e-06_4.97472837983046e-06_4.97472837983046e-06_4.97472837983046e-06_4.97472837983046e-06
1016,4509,225-31-9-2-1,1.98989135193218e-05_1.98989135193218e-05_1.98989135193218e-05_1.98989135193218e-05_1.98989135193218e-05
1016,4510,213-15-9-2-1,3.73104628487285e-06_3.73104628487285e-06_3.73104628487285e-06_3.73104628487285e-06_3.73104628487285e-06
1016,4511,212-41-9-2-1,5.59656942730927e-06_5.59656942730927e-06_5.59656942730927e-06_5.59656942730927e-06_5.59656942730927e-06
1016,4512,8-7-4-2-1,7.46209256974569e-06_7.46209256974569e-06_7.46209256974569e-06_7.46209256974569e-06_7.46209256974569e-06
1016,4513,131-13-6-2-1,0.00010944402435627_0.00010944402435627_0.00010944402435627_0.00010944402435627_0.00010944402435627
1016,4514,160-30-1-1-1,1.80333903768854e-05_1.80333903768854e-05_1.80333903768854e-05_1.80333903768854e-05_1.80333903768854e-05
1016,4515,127-30-1-1-1,1.3058661997055e-05_1.3058661997055e-05_1.3058661997055e-05_1.3058661997055e-05_1.3058661997055e-05
1016,4516,208-30-1-1-1,4.35288733235165e-06_4.35288733235165e-06_4.35288733235165e-06_4.35288733235165e-06_4.35288733235165e-06
1016,4517,225-31-9-2-1,3.60667807537708e-05_3.60667807537708e-05_3.60667807537708e-05_3.60667807537708e-05_3.60667807537708e-05
1016,4518,122-16-2-2-1,4.35288733235165e-06_4.35288733235165e-06_4.35288733235165e-06_4.35288733235165e-06_4.35288733235165e-06
1016,4519,176-20-9-2-1,4.97472837983046e-06_4.97472837983046e-06_4.97472837983046e-06_4.97472837983046e-06_4.97472837983046e-06
1016,4521,29-17-10-1-1,9.32761571218212e-06_9.32761571218212e-06_9.32761571218212e-06_9.32761571218212e-06_9.32761571218212e-06
1016,4522,77-28-5-1-1,3.10920523739404e-06_3.10920523739404e-06_3.10920523739404e-06_3.10920523739404e-06_3.10920523739404e-06
1016,4524,37-11-4-2-1,1.80333903768854e-05_1.80333903768854e-05_1.80333903768854e-05_1.80333903768854e-05_1.80333903768854e-05
1016,4526,36-6-6-2-1,3.17138934214192e-05_3.17138934214192e-05_3.17138934214192e-05_3.17138934214192e-05_3.17138934214192e-05
1016,4527,228-17-10-1-1,3.73104628487285e-06_3.73104628487285e-06_3.73104628487285e-06_3.73104628487285e-06_3.73104628487285e-06
1016,4528,121-39-11-1-1,1.11931388546185e-05_1.11931388546185e-05_1.11931388546185e-05_1.11931388546185e-05_1.11931388546185e-05
1016,4529,129-21-4-2-1,4.22851912285589e-05_4.22851912285589e-05_4.22851912285589e-05_4.22851912285589e-05_4.22851912285589e-05
1016,4530,191-37-4-2-1,1.43023440920126e-05_1.43023440920126e-05_1.43023440920126e-05_1.43023440920126e-05_1.43023440920126e-05
1016,4531,172-40-4-2-1,3.10920523739404e-06_3.10920523739404e-06_3.10920523739404e-06_3.10920523739404e-06_3.10920523739404e-06
1016,4532,213-15-9-2-1,1.86552314243642e-05_1.86552314243642e-05_1.86552314243642e-05_1.86552314243642e-05_1.86552314243642e-05
1016,4533,29-17-10-1-1,1.24368209495762e-05_1.24368209495762e-05_1.24368209495762e-05_1.24368209495762e-05_1.24368209495762e-05
1016,4534,172-40-4-2-1,3.73104628487285e-06_3.73104628487285e-06_3.73104628487285e-06_3.73104628487285e-06_3.73104628487285e-06
1016,4535,213-15-9-2-1,0.000120637163210889_0.000120637163210889_0.000120637163210889_0.000120637163210889_0.000120637163210889
1016,4536,26-15-9-2-1,4.35288733235165e-06_4.35288733235165e-06_4.35288733235165e-06_4.35288733235165e-06_4.35288733235165e-06
1016,4537,153-18-4-2-1,4.97472837983046e-05_4.97472837983046e-05_4.97472837983046e-05_4.97472837983046e-05_4.97472837983046e-05
1016,4538,17-11-4-2-1,0.000194636247860867_0.000194636247860867_0.000194636247860867_0.000194636247860867_0.000194636247860867
1016,4539,129-21-4-2-1,3.42012576113344e-05_3.42012576113344e-05_3.42012576113344e-05_3.42012576113344e-05_3.42012576113344e-05
1016,4540,4-4-4-2-1,3.73104628487285e-06_3.73104628487285e-06_3.73104628487285e-06_3.73104628487285e-06_3.73104628487285e-06
1016,4541,201-17-10-1-1,1.86552314243642e-05_1.86552314243642e-05_1.86552314243642e-05_1.86552314243642e-05_1.86552314243642e-05
1016,4542,140-42-12-1-1,3.73104628487285e-05_3.73104628487285e-05_3.73104628487285e-05_3.73104628487285e-05_3.73104628487285e-05
1016,4543,184-31-9-2-1,1.11931388546185e-05_1.11931388546185e-05_1.11931388546185e-05_1.11931388546185e-05_1.11931388546185e-05
1016,4544,15-8-3-1-1,0.0011970440163967_0.0011970440163967_0.0011970440163967_0.0011970440163967_0.0011970440163967
1016,4545,109-28-5-1-1,3.73104628487285e-06_3.73104628487285e-06_3.73104628487285e-06_3.73104628487285e-06_3.73104628487285e-06
1016,4546,209-35-4-2-1,1.36805030445338e-05_1.36805030445338e-05_1.36805030445338e-05_1.36805030445338e-05_1.36805030445338e-05
1016,4548,32-18-4-2-1,3.10920523739404e-06_3.10920523739404e-06_3.10920523739404e-06_3.10920523739404e-06_3.10920523739404e-06
1016,4549,109-28-5-1-1,1.18149799020973e-05_1.18149799020973e-05_1.18149799020973e-05_1.18149799020973e-05_1.18149799020973e-05
1016,4550,163-43-4-2-1,5.59656942730927e-06_5.59656942730927e-06_5.59656942730927e-06_5.59656942730927e-06_5.59656942730927e-06
1016,4551,55-22-8-1-1,1.55460261869702e-05_1.55460261869702e-05_1.55460261869702e-05_1.55460261869702e-05_1.55460261869702e-05
1016,4552,5-5-5-1-1,8.70577466470331e-06_8.70577466470331e-06_8.70577466470331e-06_8.70577466470331e-06_8.70577466470331e-06
1016,4553,55-22-8-1-1,3.10920523739404e-06_3.10920523739404e-06_3.10920523739404e-06_3.10920523739404e-06_3.10920523739404e-06
1016,4554,51-22-8-1-1,3.10920523739404e-06_3.10920523739404e-06_3.10920523739404e-06_3.10920523739404e-06_3.10920523739404e-06
1016,4555,55-22-8-1-1,6.21841047478808e-06_6.21841047478808e-06_6.21841047478808e-06_6.21841047478808e-06_6.21841047478808e-06
1016,4556,172-40-4-2-1,3.73104628487285e-06_3.73104628487285e-06_3.73104628487285e-06_3.73104628487285e-06_3.73104628487285e-06
1016,4557,169-32-10-1-1,0.000264282445178493_0.000264282445178493_0.000264282445178493_0.000264282445178493_0.000264282445178493
1016,4558,67-2-2-2-1,1.6167867234449e-05_1.6167867234449e-05_1.6167867234449e-05_1.6167867234449e-05_1.6167867234449e-05
1016,4559,180-40-4-2-1,9.94945675966092e-06_9.94945675966092e-06_9.94945675966092e-06_9.94945675966092e-06_9.94945675966092e-06
1016,4560,229-5-5-1-1,2.48736418991523e-05_2.48736418991523e-05_2.48736418991523e-05_2.48736418991523e-05_2.48736418991523e-05
1016,4561,167-18-4-2-1,3.73104628487285e-06_3.73104628487285e-06_3.73104628487285e-06_3.73104628487285e-06_3.73104628487285e-06
1016,4562,143-1-1-1-1,0.000868711943327894_0.000868711943327894_0.000868711943327894_0.000868711943327894_0.000868711943327894
1016,4563,47-22-8-1-1,3.60667807537708e-05_3.60667807537708e-05_3.60667807537708e-05_3.60667807537708e-05_3.60667807537708e-05
1016,4564,71-29-2-2-1,0.000102603772834003_0.000102603772834003_0.000102603772834003_0.000102603772834003_0.000102603772834003
1016,4565,180-40-4-2-1,5.59656942730927e-06_5.59656942730927e-06_5.59656942730927e-06_5.59656942730927e-06_5.59656942730927e-06
1016,4566,95-37-4-2-1,3.10920523739404e-06_3.10920523739404e-06_3.10920523739404e-06_3.10920523739404e-06_3.10920523739404e-06
1016,4567,177-7-4-2-1,3.10920523739404e-06_3.10920523739404e-06_3.10920523739404e-06_3.10920523739404e-06_3.10920523739404e-06
1016,4568,69-29-2-2-1,4.78817606558682e-05_4.78817606558682e-05_4.78817606558682e-05_4.78817606558682e-05_4.78817606558682e-05
1016,4569,225-31-9-2-1,6.21841047478808e-06_6.21841047478808e-06_6.21841047478808e-06_6.21841047478808e-06_6.21841047478808e-06
1016,4570,134-29-2-2-1,1.36805030445338e-05_1.36805030445338e-05_1.36805030445338e-05_1.36805030445338e-05_1.36805030445338e-05
1016,4571,121-39-11-1-1,9.94945675966092e-06_9.94945675966092e-06_9.94945675966092e-06_9.94945675966092e-06_9.94945675966092e-06
1016,4572,31-6-6-2-1,4.72599196083894e-05_4.72599196083894e-05_4.72599196083894e-05_4.72599196083894e-05_4.72599196083894e-05
1016,4573,58-13-6-2-1,2.9226529231504e-05_2.9226529231504e-05_2.9226529231504e-05_2.9226529231504e-05_2.9226529231504e-05
1016,4574,62-3-3-1-1,2.42518008516735e-05_2.42518008516735e-05_2.42518008516735e-05_2.42518008516735e-05_2.42518008516735e-05
1016,4575,89-13-6-2-1,4.41507143709953e-05_4.41507143709953e-05_4.41507143709953e-05_4.41507143709953e-05_4.41507143709953e-05
1016,4576,59-5-5-1-1,3.48230986588132e-05_3.48230986588132e-05_3.48230986588132e-05_3.48230986588132e-05_3.48230986588132e-05
1016,4577,185-41-9-2-1,4.97472837983046e-06_4.97472837983046e-06_4.97472837983046e-06_4.97472837983046e-06_4.97472837983046e-06
1016,4578,196-14-4-2-1,1.49241851394914e-05_1.49241851394914e-05_1.49241851394914e-05_1.49241851394914e-05_1.49241851394914e-05
1016,4579,112-14-4-2-1,9.94945675966092e-06_9.94945675966092e-06_9.94945675966092e-06_9.94945675966092e-06_9.94945675966092e-06
1016,4580,58-13-6-2-1,0.000327710232021332_0.000327710232021332_0.000327710232021332_0.000327710232021332_0.000327710232021332
1016,4581,175-20-9-2-1,2.42518008516735e-05_2.42518008516735e-05_2.42518008516735e-05_2.42518008516735e-05_2.42518008516735e-05
1016,4582,172-40-4-2-1,1.24368209495762e-05_1.24368209495762e-05_1.24368209495762e-05_1.24368209495762e-05_1.24368209495762e-05
1016,4583,66-29-2-2-1,3.66886218012497e-05_3.66886218012497e-05_3.66886218012497e-05_3.66886218012497e-05_3.66886218012497e-05
1016,4584,112-14-4-2-1,3.10920523739404e-06_3.10920523739404e-06_3.10920523739404e-06_3.10920523739404e-06_3.10920523739404e-06
1016,4585,55-22-8-1-1,1.24368209495762e-05_1.24368209495762e-05_1.24368209495762e-05_1.24368209495762e-05_1.24368209495762e-05
1016,4586,145-25-8-1-1,2.86046881840252e-05_2.86046881840252e-05_2.86046881840252e-05_2.86046881840252e-05_2.86046881840252e-05
1016,4587,17-11-4-2-1,3.35794165638556e-05_3.35794165638556e-05_3.35794165638556e-05_3.35794165638556e-05_3.35794165638556e-05
1016,4588,35-20-9-2-1,6.21841047478808e-06_6.21841047478808e-06_6.21841047478808e-06_6.21841047478808e-06_6.21841047478808e-06
1016,4589,214-26-4-2-1,4.35288733235165e-06_4.35288733235165e-06_4.35288733235165e-06_4.35288733235165e-06_4.35288733235165e-06
1016,4590,137-26-4-2-1,6.71588331277112e-05_6.71588331277112e-05_6.71588331277112e-05_6.71588331277112e-05_6.71588331277112e-05
1016,4591,54-26-4-2-1,3.5444939706292e-05_3.5444939706292e-05_3.5444939706292e-05_3.5444939706292e-05_3.5444939706292e-05
1016,4592,32-18-4-2-1,1.6167867234449e-05_1.6167867234449e-05_1.6167867234449e-05_1.6167867234449e-05_1.6167867234449e-05
1016,4593,178-44-12-1-1,0.000111931388546185_0.000111931388546185_0.000111931388546185_0.000111931388546185_0.000111931388546185
1016,4594,2-2-2-2-1,0.000762998965256497_0.000762998965256497_0.000762998965256497_0.000762998965256497_0.000762998965256497
1016,4595,185-41-9-2-1,3.73104628487285e-06_3.73104628487285e-06_3.73104628487285e-06_3.73104628487285e-06_3.73104628487285e-06
1016,4596,122-16-2-2-1,9.32761571218212e-06_9.32761571218212e-06_9.32761571218212e-06_9.32761571218212e-06_9.32761571218212e-06
1016,4597,105-8-3-1-1,0.000485657858080949_0.000485657858080949_0.000485657858080949_0.000485657858080949_0.000485657858080949
1016,4598,185-41-9-2-1,4.97472837983046e-06_4.97472837983046e-06_4.97472837983046e-06_4.97472837983046e-06_4.97472837983046e-06
1016,4599,105-8-3-1-1,5.34783300831775e-05_5.34783300831775e-05_5.34783300831775e-05_5.34783300831775e-05_5.34783300831775e-05
1016,4600,188-14-4-2-1,7.02680383651053e-05_7.02680383651053e-05_7.02680383651053e-05_7.02680383651053e-05_7.02680383651053e-05
1016,4601,122-16-2-2-1,2.11425956142795e-05_2.11425956142795e-05_2.11425956142795e-05_2.11425956142795e-05_2.11425956142795e-05
1016,4602,105-8-3-1-1,0.000116284275878537_0.000116284275878537_0.000116284275878537_0.000116284275878537_0.000116284275878537
1016,4603,185-41-9-2-1,6.84025152226688e-06_6.84025152226688e-06_6.84025152226688e-06_6.84025152226688e-06_6.84025152226688e-06
1016,4604,49-22-8-1-1,1.3058661997055e-05_1.3058661997055e-05_1.3058661997055e-05_1.3058661997055e-05_1.3058661997055e-05
1016,4605,191-37-4-2-1,4.97472837983046e-06_4.97472837983046e-06_4.97472837983046e-06_4.97472837983046e-06_4.97472837983046e-06
1016,4606,54-26-4-2-1,0.000356314920205357_0.000356314920205357_0.000356314920205357_0.000356314920205357_0.000356314920205357
1016,4607,144-43-4-2-1,1.49241851394914e-05_1.49241851394914e-05_1.49241851394914e-05_1.49241851394914e-05_1.49241851394914e-05
1016,4608,40-23-8-1-1,3.73104628487285e-06_3.73104628487285e-06_3.73104628487285e-06_3.73104628487285e-06_3.73104628487285e-06
1016,4609,25-10-2-2-1,3.73104628487285e-06_3.73104628487285e-06_3.73104628487285e-06_3.73104628487285e-06_3.73104628487285e-06
1016,4610,136-26-4-2-1,0.000825804911051857_0.000825804911051857_0.000825804911051857_0.000825804911051857_0.000825804911051857
1016,4611,140-42-12-1-1,3.73104628487285e-06_3.73104628487285e-06_3.73104628487285e-06_3.73104628487285e-06_3.73104628487285e-06
1016,4612,10-3-3-1-1,1.3058661997055e-05_1.3058661997055e-05_1.3058661997055e-05_1.3058661997055e-05_1.3058661997055e-05
1016,4613,154-25-8-1-1,1.6167867234449e-05_1.6167867234449e-05_1.6167867234449e-05_1.6167867234449e-05_1.6167867234449e-05
1016,4614,112-14-4-2-1,4.35288733235165e-06_4.35288733235165e-06_4.35288733235165e-06_4.35288733235165e-06_4.35288733235165e-06
1016,4615,86-10-2-2-1,6.71588331277112e-05_6.71588331277112e-05_6.71588331277112e-05_6.71588331277112e-05_6.71588331277112e-05
1016,4616,189-12-8-1-1,4.97472837983046e-06_4.97472837983046e-06_4.97472837983046e-06_4.97472837983046e-06_4.97472837983046e-06
1016,4617,42-13-6-2-1,0.000207694909857922_0.000207694909857922_0.000207694909857922_0.000207694909857922_0.000207694909857922
1016,4618,127-30-1-1-1,9.32761571218212e-06_9.32761571218212e-06_9.32761571218212e-06_9.32761571218212e-06_9.32761571218212e-06
1016,4619,61-13-6-2-1,2.86046881840252e-05_2.86046881840252e-05_2.86046881840252e-05_2.86046881840252e-05_2.86046881840252e-05
1016,4620,176-20-9-2-1,5.03691248457834e-05_5.03691248457834e-05_5.03691248457834e-05_5.03691248457834e-05_5.03691248457834e-05
1016,4621,51-22-8-1-1,7.46209256974569e-06_7.46209256974569e-06_7.46209256974569e-06_7.46209256974569e-06_7.46209256974569e-06
1016,4622,180-40-4-2-1,6.21841047478808e-06_6.21841047478808e-06_6.21841047478808e-06_6.21841047478808e-06_6.21841047478808e-06
1016,4623,212-41-9-2-1,9.32761571218212e-06_9.32761571218212e-06_9.32761571218212e-06_9.32761571218212e-06_9.32761571218212e-06
1016,4624,167-18-4-2-1,1.55460261869702e-05_1.55460261869702e-05_1.55460261869702e-05_1.55460261869702e-05_1.55460261869702e-05
1016,4625,5-5-5-1-1,1.80333903768854e-05_1.80333903768854e-05_1.80333903768854e-05_1.80333903768854e-05_1.80333903768854e-05
1016,4626,18-12-8-1-1,1.43023440920126e-05_1.43023440920126e-05_1.43023440920126e-05_1.43023440920126e-05_1.43023440920126e-05
1016,4627,156-37-4-2-1,4.35288733235165e-06_4.35288733235165e-06_4.35288733235165e-06_4.35288733235165e-06_4.35288733235165e-06
1016,4628,8-7-4-2-1,3.73104628487285e-06_3.73104628487285e-06_3.73104628487285e-06_3.73104628487285e-06_3.73104628487285e-06
1016,4629,137-26-4-2-1,1.43023440920126e-05_1.43023440920126e-05_1.43023440920126e-05_1.43023440920126e-05_1.43023440920126e-05
1016,4630,83-33-5-1-1,1.49241851394914e-05_1.49241851394914e-05_1.49241851394914e-05_1.49241851394914e-05_1.49241851394914e-05
1016,4631,88-35-4-2-1,7.39990846499781e-05_7.39990846499781e-05_7.39990846499781e-05_7.39990846499781e-05_7.39990846499781e-05
1016,4632,17-11-4-2-1,1.74115493294066e-05_1.74115493294066e-05_1.74115493294066e-05_1.74115493294066e-05_1.74115493294066e-05
1016,4633,185-41-9-2-1,4.35288733235165e-06_4.35288733235165e-06_4.35288733235165e-06_4.35288733235165e-06_4.35288733235165e-06
1016,4634,42-13-6-2-1,9.32761571218212e-06_9.32761571218212e-06_9.32761571218212e-06_9.32761571218212e-06_9.32761571218212e-06
1016,4635,179-26-4-2-1,1.3058661997055e-05_1.3058661997055e-05_1.3058661997055e-05_1.3058661997055e-05_1.3058661997055e-05
1016,4636,17-11-4-2-1,5.78312174155291e-05_5.78312174155291e-05_5.78312174155291e-05_5.78312174155291e-05_5.78312174155291e-05
1016,4637,123-41-9-2-1,1.49241851394914e-05_1.49241851394914e-05_1.49241851394914e-05_1.49241851394914e-05_1.49241851394914e-05
1016,4638,39-22-8-1-1,7.15117204600629e-05_7.15117204600629e-05_7.15117204600629e-05_7.15117204600629e-05_7.15117204600629e-05
1016,4639,137-26-4-2-1,5.59656942730927e-06_5.59656942730927e-06_5.59656942730927e-06_5.59656942730927e-06_5.59656942730927e-06
1016,4640,1-1-1-1-1,6.84025152226688e-06_6.84025152226688e-06_6.84025152226688e-06_6.84025152226688e-06_6.84025152226688e-06
1016,4641,161-36-10-1-1,7.46209256974569e-06_7.46209256974569e-06_7.46209256974569e-06_7.46209256974569e-06_7.46209256974569e-06
1016,4642,51-22-8-1-1,1.18149799020973e-05_1.18149799020973e-05_1.18149799020973e-05_1.18149799020973e-05_1.18149799020973e-05
1016,4643,160-30-1-1-1,6.84025152226688e-06_6.84025152226688e-06_6.84025152226688e-06_6.84025152226688e-06_6.84025152226688e-06
1016,4644,167-18-4-2-1,6.84025152226688e-06_6.84025152226688e-06_6.84025152226688e-06_6.84025152226688e-06_6.84025152226688e-06
1016,4645,227-41-9-2-1,4.97472837983046e-06_4.97472837983046e-06_4.97472837983046e-06_4.97472837983046e-06_4.97472837983046e-06
1016,4646,163-43-4-2-1,6.96461973176265e-05_6.96461973176265e-05_6.96461973176265e-05_6.96461973176265e-05_6.96461973176265e-05
1016,4647,44-13-6-2-1,2.36299598041947e-05_2.36299598041947e-05_2.36299598041947e-05_2.36299598041947e-05_2.36299598041947e-05
1016,4648,148-29-2-2-1,5.1612806940741e-05_5.1612806940741e-05_5.1612806940741e-05_5.1612806940741e-05_5.1612806940741e-05
1016,4649,166-18-4-2-1,6.84025152226688e-06_6.84025152226688e-06_6.84025152226688e-06_6.84025152226688e-06_6.84025152226688e-06
1016,4650,83-33-5-1-1,6.40496278903172e-05_6.40496278903172e-05_6.40496278903172e-05_6.40496278903172e-05_6.40496278903172e-05
1016,4651,83-33-5-1-1,5.47220121781351e-05_5.47220121781351e-05_5.47220121781351e-05_5.47220121781351e-05_5.47220121781351e-05
1016,4652,191-37-4-2-1,4.35288733235165e-06_4.35288733235165e-06_4.35288733235165e-06_4.35288733235165e-06_4.35288733235165e-06
1016,4653,65-1-1-1-1,0.000322735503641501_0.000322735503641501_0.000322735503641501_0.000322735503641501_0.000322735503641501
1016,4654,49-22-8-1-1,0.000136805030445338_0.000136805030445338_0.000136805030445338_0.000136805030445338_0.000136805030445338
1016,4655,107-6-6-2-1,0.0004900107454133_0.0004900107454133_0.0004900107454133_0.0004900107454133_0.0004900107454133
1016,4656,65-1-1-1-1,5.72093763680503e-05_5.72093763680503e-05_5.72093763680503e-05_5.72093763680503e-05_5.72093763680503e-05
1016,4657,75-1-1-1-1,2.30081187567159e-05_2.30081187567159e-05_2.30081187567159e-05_2.30081187567159e-05_2.30081187567159e-05
1016,4658,145-25-8-1-1,8.33267003621602e-05_8.33267003621602e-05_8.33267003621602e-05_8.33267003621602e-05_8.33267003621602e-05
1016,4659,172-40-4-2-1,4.35288733235165e-06_4.35288733235165e-06_4.35288733235165e-06_4.35288733235165e-06_4.35288733235165e-06
1016,4660,230-14-4-2-1,5.59656942730927e-06_5.59656942730927e-06_5.59656942730927e-06_5.59656942730927e-06_5.59656942730927e-06
1016,4661,222-35-4-2-1,1.6167867234449e-05_1.6167867234449e-05_1.6167867234449e-05_1.6167867234449e-05_1.6167867234449e-05
1016,4662,208-30-1-1-1,7.46209256974569e-06_7.46209256974569e-06_7.46209256974569e-06_7.46209256974569e-06_7.46209256974569e-06
1016,4663,39-22-8-1-1,3.10920523739404e-06_3.10920523739404e-06_3.10920523739404e-06_3.10920523739404e-06_3.10920523739404e-06
1016,4664,58-13-6-2-1,4.5394396465953e-05_4.5394396465953e-05_4.5394396465953e-05_4.5394396465953e-05_4.5394396465953e-05
1016,4665,76-4-4-2-1,1.43023440920126e-05_1.43023440920126e-05_1.43023440920126e-05_1.43023440920126e-05_1.43023440920126e-05
1016,4666,204-35-4-2-1,6.84025152226688e-06_6.84025152226688e-06_6.84025152226688e-06_6.84025152226688e-06_6.84025152226688e-06
1016,4667,55-22-8-1-1,3.10920523739404e-06_3.10920523739404e-06_3.10920523739404e-06_3.10920523739404e-06_3.10920523739404e-06
1016,4668,205-12-8-1-1,6.21841047478808e-06_6.21841047478808e-06_6.21841047478808e-06_6.21841047478808e-06_6.21841047478808e-06
1016,4669,17-11-4-2-1,3.10920523739404e-06_3.10920523739404e-06_3.10920523739404e-06_3.10920523739404e-06_3.10920523739404e-06
1016,4670,34-19-9-2-1,3.73104628487285e-06_3.73104628487285e-06_3.73104628487285e-06_3.73104628487285e-06_3.73104628487285e-06
1016,4671,204-35-4-2-1,1.74115493294066e-05_1.74115493294066e-05_1.74115493294066e-05_1.74115493294066e-05_1.74115493294066e-05
1016,4672,183-23-8-1-1,4.97472837983046e-06_4.97472837983046e-06_4.97472837983046e-06_4.97472837983046e-06_4.97472837983046e-06
1016,4673,63-27-8-1-1,1.3058661997055e-05_1.3058661997055e-05_1.3058661997055e-05_1.3058661997055e-05_1.3058661997055e-05
1016,4674,98-27-8-1-1,1.74115493294066e-05_1.74115493294066e-05_1.74115493294066e-05_1.74115493294066e-05_1.74115493294066e-05
1016,4675,101-9-7-1-1,2.79828471365463e-05_2.79828471365463e-05_2.79828471365463e-05_2.79828471365463e-05_2.79828471365463e-05
1016,4676,163-43-4-2-1,3.73104628487285e-06_3.73104628487285e-06_3.73104628487285e-06_3.73104628487285e-06_3.73104628487285e-06
1016,4677,152-32-10-1-1,8.0839336172245e-06_8.0839336172245e-06_8.0839336172245e-06_8.0839336172245e-06_8.0839336172245e-06
1016,4678,70-27-8-1-1,4.97472837983046e-06_4.97472837983046e-06_4.97472837983046e-06_4.97472837983046e-06_4.97472837983046e-06
1016,4679,209-35-4-2-1,5.59656942730927e-06_5.59656942730927e-06_5.59656942730927e-06_5.59656942730927e-06_5.59656942730927e-06
1016,4680,212-41-9-2-1,4.35288733235165e-06_4.35288733235165e-06_4.35288733235165e-06_4.35288733235165e-06_4.35288733235165e-06
1016,4681,49-22-8-1-1,7.46209256974569e-06_7.46209256974569e-06_7.46209256974569e-06_7.46209256974569e-06_7.46209256974569e-06
1016,4682,234-24-7-1-1,8.33267003621602e-05_8.33267003621602e-05_8.33267003621602e-05_8.33267003621602e-05_8.33267003621602e-05
1016,4684,55-22-8-1-1,4.35288733235165e-06_4.35288733235165e-06_4.35288733235165e-06_4.35288733235165e-06_4.35288733235165e-06
1016,4685,172-40-4-2-1,3.10920523739404e-06_3.10920523739404e-06_3.10920523739404e-06_3.10920523739404e-06_3.10920523739404e-06
1016,4686,51-22-8-1-1,7.46209256974569e-06_7.46209256974569e-06_7.46209256974569e-06_7.46209256974569e-06_7.46209256974569e-06
1016,4687,76-4-4-2-1,1.11931388546185e-05_1.11931388546185e-05_1.11931388546185e-05_1.11931388546185e-05_1.11931388546185e-05
1016,4688,172-40-4-2-1,3.10920523739404e-06_3.10920523739404e-06_3.10920523739404e-06_3.10920523739404e-06_3.10920523739404e-06
1016,4689,4-4-4-2-1,4.35288733235165e-06_4.35288733235165e-06_4.35288733235165e-06_4.35288733235165e-06_4.35288733235165e-06
1016,4691,47-22-8-1-1,5.59656942730927e-06_5.59656942730927e-06_5.59656942730927e-06_5.59656942730927e-06_5.59656942730927e-06
1016,4692,193-40-4-2-1,2.98483702789828e-05_2.98483702789828e-05_2.98483702789828e-05_2.98483702789828e-05_2.98483702789828e-05
1016,4693,48-24-7-1-1,0.000443994507899869_0.000443994507899869_0.000443994507899869_0.000443994507899869_0.000443994507899869
1016,4694,18-12-8-1-1,4.16633501810801e-05_4.16633501810801e-05_4.16633501810801e-05_4.16633501810801e-05_4.16633501810801e-05
1016,4695,49-22-8-1-1,1.74115493294066e-05_1.74115493294066e-05_1.74115493294066e-05_1.74115493294066e-05_1.74115493294066e-05
1016,4696,212-41-9-2-1,1.86552314243642e-06_1.86552314243642e-06_1.86552314243642e-06_1.86552314243642e-06_1.86552314243642e-06
1016,4697,176-20-9-2-1,6.21841047478808e-05_6.21841047478808e-05_6.21841047478808e-05_6.21841047478808e-05_6.21841047478808e-05
1016,4698,228-17-10-1-1,3.73104628487285e-06_3.73104628487285e-06_3.73104628487285e-06_3.73104628487285e-06_3.73104628487285e-06
1016,4699,102-13-6-2-1,1.05712978071397e-05_1.05712978071397e-05_1.05712978071397e-05_1.05712978071397e-05_1.05712978071397e-05
1016,4700,71-29-2-2-1,1.24368209495762e-05_1.24368209495762e-05_1.24368209495762e-05_1.24368209495762e-05_1.24368209495762e-05
1016,4701,172-40-4-2-1,3.73104628487285e-06_3.73104628487285e-06_3.73104628487285e-06_3.73104628487285e-06_3.73104628487285e-06
1016,4702,71-29-2-2-1,1.74115493294066e-05_1.74115493294066e-05_1.74115493294066e-05_1.74115493294066e-05_1.74115493294066e-05
1016,4703,55-22-8-1-1,4.35288733235165e-05_4.35288733235165e-05_4.35288733235165e-05_4.35288733235165e-05_4.35288733235165e-05
1016,4704,47-22-8-1-1,1.6167867234449e-05_1.6167867234449e-05_1.6167867234449e-05_1.6167867234449e-05_1.6167867234449e-05
1016,4705,42-13-6-2-1,0.000114418752736101_0.000114418752736101_0.000114418752736101_0.000114418752736101_0.000114418752736101
1016,4706,13-6-6-2-1,0.000215778843475146_0.000215778843475146_0.000215778843475146_0.000215778843475146_0.000215778843475146
1016,4707,69-29-2-2-1,8.20830182672026e-05_8.20830182672026e-05_8.20830182672026e-05_8.20830182672026e-05_8.20830182672026e-05
1016,4708,118-36-10-1-1,0.000121880845305846_0.000121880845305846_0.000121880845305846_0.000121880845305846_0.000121880845305846
1016,4709,34-19-9-2-1,3.10920523739404e-06_3.10920523739404e-06_3.10920523739404e-06_3.10920523739404e-06_3.10920523739404e-06
1016,4710,149-16-2-2-1,3.35794165638556e-05_3.35794165638556e-05_3.35794165638556e-05_3.35794165638556e-05_3.35794165638556e-05
1016,4711,88-35-4-2-1,5.03691248457834e-05_5.03691248457834e-05_5.03691248457834e-05_5.03691248457834e-05_5.03691248457834e-05
1016,4712,214-26-4-2-1,7.46209256974569e-06_7.46209256974569e-06_7.46209256974569e-06_7.46209256974569e-06_7.46209256974569e-06
1016,4713,11-4-4-2-1,9.94945675966092e-06_9.94945675966092e-06_9.94945675966092e-06_9.94945675966092e-06_9.94945675966092e-06
1016,4714,184-31-9-2-1,5.59656942730927e-06_5.59656942730927e-06_5.59656942730927e-06_5.59656942730927e-06_5.59656942730927e-06
1016,4715,180-40-4-2-1,3.10920523739404e-06_3.10920523739404e-06_3.10920523739404e-06_3.10920523739404e-06_3.10920523739404e-06
1016,4716,8-7-4-2-1,5.59656942730927e-06_5.59656942730927e-06_5.59656942730927e-06_5.59656942730927e-06_5.59656942730927e-06
1016,4717,222-35-4-2-1,8.0839336172245e-06_8.0839336172245e-06_8.0839336172245e-06_8.0839336172245e-06_8.0839336172245e-06
1016,4718,222-35-4-2-1,2.42518008516735e-05_2.42518008516735e-05_2.42518008516735e-05_2.42518008516735e-05_2.42518008516735e-05
1016,4719,47-22-8-1-1,2.48736418991523e-06_2.48736418991523e-06_2.48736418991523e-06_2.48736418991523e-06_2.48736418991523e-06
1016,4720,172-40-4-2-1,3.10920523739404e-06_3.10920523739404e-06_3.10920523739404e-06_3.10920523739404e-06_3.10920523739404e-06
1016,4721,200-15-9-2-1,1.05712978071397e-05_1.05712978071397e-05_1.05712978071397e-05_1.05712978071397e-05_1.05712978071397e-05
1016,4722,201-17-10-1-1,1.36805030445338e-05_1.36805030445338e-05_1.36805030445338e-05_1.36805030445338e-05_1.36805030445338e-05
1016,4723,163-43-4-2-1,7.27554025550205e-05_7.27554025550205e-05_7.27554025550205e-05_7.27554025550205e-05_7.27554025550205e-05
1016,4724,37-11-4-2-1,1.05712978071397e-05_1.05712978071397e-05_1.05712978071397e-05_1.05712978071397e-05_1.05712978071397e-05
1016,4725,177-7-4-2-1,5.59656942730927e-06_5.59656942730927e-06_5.59656942730927e-06_5.59656942730927e-06_5.59656942730927e-06
1016,4726,166-18-4-2-1,6.21841047478808e-06_6.21841047478808e-06_6.21841047478808e-06_6.21841047478808e-06_6.21841047478808e-06
1016,4727,138-23-8-1-1,4.35288733235165e-06_4.35288733235165e-06_4.35288733235165e-06_4.35288733235165e-06_4.35288733235165e-06
1016,4728,4-4-4-2-1,1.05712978071397e-05_1.05712978071397e-05_1.05712978071397e-05_1.05712978071397e-05_1.05712978071397e-05
1016,4729,216-19-9-2-1,4.35288733235165e-06_4.35288733235165e-06_4.35288733235165e-06_4.35288733235165e-06_4.35288733235165e-06
1016,4730,183-23-8-1-1,0.000159813149202054_0.000159813149202054_0.000159813149202054_0.000159813149202054_0.000159813149202054
1016,4731,176-20-9-2-1,1.6167867234449e-05_1.6167867234449e-05_1.6167867234449e-05_1.6167867234449e-05_1.6167867234449e-05
1016,4732,176-20-9-2-1,1.86552314243642e-05_1.86552314243642e-05_1.86552314243642e-05_1.86552314243642e-05_1.86552314243642e-05
1016,4733,176-20-9-2-1,2.73610060890675e-05_2.73610060890675e-05_2.73610060890675e-05_2.73610060890675e-05_2.73610060890675e-05
1016,4734,158-2-2-2-1,0.000207694909857922_0.000207694909857922_0.000207694909857922_0.000207694909857922_0.000207694909857922
1016,4735,112-14-4-2-1,1.86552314243642e-06_1.86552314243642e-06_1.86552314243642e-06_1.86552314243642e-06_1.86552314243642e-06
1016,4736,225-31-9-2-1,5.59656942730927e-06_5.59656942730927e-06_5.59656942730927e-06_5.59656942730927e-06_5.59656942730927e-06
1016,4737,66-29-2-2-1,3.10920523739404e-06_3.10920523739404e-06_3.10920523739404e-06_3.10920523739404e-06_3.10920523739404e-06
1016,4738,149-16-2-2-1,3.10920523739404e-06_3.10920523739404e-06_3.10920523739404e-06_3.10920523739404e-06_3.10920523739404e-06
1016,4739,125-30-1-1-1,8.95451108369483e-05_8.95451108369483e-05_8.95451108369483e-05_8.95451108369483e-05_8.95451108369483e-05
1016,4740,142-42-12-1-1,4.97472837983046e-06_4.97472837983046e-06_4.97472837983046e-06_4.97472837983046e-06_4.97472837983046e-06
1016,4741,209-35-4-2-1,2.48736418991523e-05_2.48736418991523e-05_2.48736418991523e-05_2.48736418991523e-05_2.48736418991523e-05
1016,4742,65-1-1-1-1,4.8503601703347e-05_4.8503601703347e-05_4.8503601703347e-05_4.8503601703347e-05_4.8503601703347e-05
1016,4743,126-29-2-2-1,5.59656942730927e-06_5.59656942730927e-06_5.59656942730927e-06_5.59656942730927e-06_5.59656942730927e-06
1016,4744,172-40-4-2-1,3.10920523739404e-06_3.10920523739404e-06_3.10920523739404e-06_3.10920523739404e-06_3.10920523739404e-06
1016,4745,218-7-4-2-1,3.10920523739404e-06_3.10920523739404e-06_3.10920523739404e-06_3.10920523739404e-06_3.10920523739404e-06
1016,4746,216-19-9-2-1,4.35288733235165e-06_4.35288733235165e-06_4.35288733235165e-06_4.35288733235165e-06_4.35288733235165e-06
1016,4747,185-41-9-2-1,4.97472837983046e-06_4.97472837983046e-06_4.97472837983046e-06_4.97472837983046e-06_4.97472837983046e-06
1016,4748,66-29-2-2-1,4.97472837983046e-05_4.97472837983046e-05_4.97472837983046e-05_4.97472837983046e-05_4.97472837983046e-05
1016,4749,32-18-4-2-1,8.70577466470331e-06_8.70577466470331e-06_8.70577466470331e-06_8.70577466470331e-06_8.70577466470331e-06
1016,4750,8-7-4-2-1,5.59656942730927e-06_5.59656942730927e-06_5.59656942730927e-06_5.59656942730927e-06_5.59656942730927e-06
1016,4751,227-41-9-2-1,3.73104628487285e-06_3.73104628487285e-06_3.73104628487285e-06_3.73104628487285e-06_3.73104628487285e-06
1016,4752,172-40-4-2-1,3.73104628487285e-06_3.73104628487285e-06_3.73104628487285e-06_3.73104628487285e-06_3.73104628487285e-06
1016,4753,102-13-6-2-1,6.34277868428384e-05_6.34277868428384e-05_6.34277868428384e-05_6.34277868428384e-05_6.34277868428384e-05
1016,4754,58-13-6-2-1,7.39990846499781e-05_7.39990846499781e-05_7.39990846499781e-05_7.39990846499781e-05_7.39990846499781e-05
1016,4755,75-1-1-1-1,2.05207545668007e-05_2.05207545668007e-05_2.05207545668007e-05_2.05207545668007e-05_2.05207545668007e-05
1016,4756,75-1-1-1-1,9.94945675966092e-06_9.94945675966092e-06_9.94945675966092e-06_9.94945675966092e-06_9.94945675966092e-06
1016,4757,160-30-1-1-1,4.97472837983046e-06_4.97472837983046e-06_4.97472837983046e-06_4.97472837983046e-06_4.97472837983046e-06
1016,4758,213-15-9-2-1,4.97472837983046e-06_4.97472837983046e-06_4.97472837983046e-06_4.97472837983046e-06_4.97472837983046e-06
1016,4759,102-13-6-2-1,1.11931388546185e-05_1.11931388546185e-05_1.11931388546185e-05_1.11931388546185e-05_1.11931388546185e-05
1016,4760,83-33-5-1-1,0.000129342937875592_0.000129342937875592_0.000129342937875592_0.000129342937875592_0.000129342937875592
1016,4761,83-33-5-1-1,3.5444939706292e-05_3.5444939706292e-05_3.5444939706292e-05_3.5444939706292e-05_3.5444939706292e-05
1016,4762,173-5-5-1-1,0.000152972897679787_0.000152972897679787_0.000152972897679787_0.000152972897679787_0.000152972897679787
1016,4763,205-12-8-1-1,1.18149799020973e-05_1.18149799020973e-05_1.18149799020973e-05_1.18149799020973e-05_1.18149799020973e-05
1016,4764,153-18-4-2-1,8.70577466470331e-06_8.70577466470331e-06_8.70577466470331e-06_8.70577466470331e-06_8.70577466470331e-06
1016,4765,185-41-9-2-1,4.97472837983046e-06_4.97472837983046e-06_4.97472837983046e-06_4.97472837983046e-06_4.97472837983046e-06
1016,4766,153-18-4-2-1,1.74115493294066e-05_1.74115493294066e-05_1.74115493294066e-05_1.74115493294066e-05_1.74115493294066e-05
1016,4767,51-22-8-1-1,1.05712978071397e-05_1.05712978071397e-05_1.05712978071397e-05_1.05712978071397e-05_1.05712978071397e-05
1016,4768,22-13-6-2-1,3.48230986588132e-05_3.48230986588132e-05_3.48230986588132e-05_3.48230986588132e-05_3.48230986588132e-05
1016,4769,153-18-4-2-1,6.21841047478808e-06_6.21841047478808e-06_6.21841047478808e-06_6.21841047478808e-06_6.21841047478808e-06
1016,4770,44-13-6-2-1,1.86552314243642e-05_1.86552314243642e-05_1.86552314243642e-05_1.86552314243642e-05_1.86552314243642e-05
1016,4771,79-32-10-1-1,8.0839336172245e-06_8.0839336172245e-06_8.0839336172245e-06_8.0839336172245e-06_8.0839336172245e-06
1016,4772,153-18-4-2-1,6.21841047478808e-06_6.21841047478808e-06_6.21841047478808e-06_6.21841047478808e-06_6.21841047478808e-06
1016,4773,163-43-4-2-1,1.6167867234449e-05_1.6167867234449e-05_1.6167867234449e-05_1.6167867234449e-05_1.6167867234449e-05
1016,4774,8-7-4-2-1,1.11931388546185e-05_1.11931388546185e-05_1.11931388546185e-05_1.11931388546185e-05_1.11931388546185e-05
1016,4775,172-40-4-2-1,2.48736418991523e-06_2.48736418991523e-06_2.48736418991523e-06_2.48736418991523e-06_2.48736418991523e-06
1016,4776,36-6-6-2-1,0.000215778843475146_0.000215778843475146_0.000215778843475146_0.000215778843475146_0.000215778843475146
1016,4777,202-37-4-2-1,4.97472837983046e-06_4.97472837983046e-06_4.97472837983046e-06_4.97472837983046e-06_4.97472837983046e-06
1016,4778,84-2-2-2-1,6.71588331277112e-05_6.71588331277112e-05_6.71588331277112e-05_6.71588331277112e-05_6.71588331277112e-05
1016,4779,222-35-4-2-1,2.54954829466311e-05_2.54954829466311e-05_2.54954829466311e-05_2.54954829466311e-05_2.54954829466311e-05
1016,4780,24-14-4-2-1,1.36805030445338e-05_1.36805030445338e-05_1.36805030445338e-05_1.36805030445338e-05_1.36805030445338e-05
1016,4781,24-14-4-2-1,7.02680383651053e-05_7.02680383651053e-05_7.02680383651053e-05_7.02680383651053e-05_7.02680383651053e-05
1016,4783,7-4-4-2-1,6.84025152226688e-06_6.84025152226688e-06_6.84025152226688e-06_6.84025152226688e-06_6.84025152226688e-06
1016,4784,74-31-9-2-1,1.11931388546185e-05_1.11931388546185e-05_1.11931388546185e-05_1.11931388546185e-05_1.11931388546185e-05
1016,4785,148-29-2-2-1,9.32761571218212e-06_9.32761571218212e-06_9.32761571218212e-06_9.32761571218212e-06_9.32761571218212e-06
1016,4786,185-41-9-2-1,3.73104628487285e-06_3.73104628487285e-06_3.73104628487285e-06_3.73104628487285e-06_3.73104628487285e-06
1016,4787,37-11-4-2-1,3.73104628487285e-06_3.73104628487285e-06_3.73104628487285e-06_3.73104628487285e-06_3.73104628487285e-06
1016,4788,142-42-12-1-1,3.10920523739404e-06_3.10920523739404e-06_3.10920523739404e-06_3.10920523739404e-06_3.10920523739404e-06
1016,4789,1-1-1-1-1,0.000155460261869702_0.000155460261869702_0.000155460261869702_0.000155460261869702_0.000155460261869702
1016,4790,133-12-8-1-1,0.00012001532216341_0.00012001532216341_0.00012001532216341_0.00012001532216341_0.00012001532216341
1016,4791,95-37-4-2-1,2.48736418991523e-05_2.48736418991523e-05_2.48736418991523e-05_2.48736418991523e-05_2.48736418991523e-05
1016,4792,133-12-8-1-1,0.000148620010347435_0.000148620010347435_0.000148620010347435_0.000148620010347435_0.000148620010347435
1016,4793,25-10-2-2-1,6.59151510327536e-05_6.59151510327536e-05_6.59151510327536e-05_6.59151510327536e-05_6.59151510327536e-05
1016,4794,234-24-7-1-1,6.84025152226688e-05_6.84025152226688e-05_6.84025152226688e-05_6.84025152226688e-05_6.84025152226688e-05
1016,4795,8-7-4-2-1,3.10920523739404e-06_3.10920523739404e-06_3.10920523739404e-06_3.10920523739404e-06_3.10920523739404e-06
1016,4796,57-7-4-2-1,1.55460261869702e-05_1.55460261869702e-05_1.55460261869702e-05_1.55460261869702e-05_1.55460261869702e-05
1016,4797,212-41-9-2-1,3.73104628487285e-06_3.73104628487285e-06_3.73104628487285e-06_3.73104628487285e-06_3.73104628487285e-06
1016,4798,63-27-8-1-1,5.59656942730927e-06_5.59656942730927e-06_5.59656942730927e-06_5.59656942730927e-06_5.59656942730927e-06
1016,4799,10-3-3-1-1,8.58140645520755e-05_8.58140645520755e-05_8.58140645520755e-05_8.58140645520755e-05_8.58140645520755e-05
1016,4800,203-11-4-2-1,6.21841047478808e-06_6.21841047478808e-06_6.21841047478808e-06_6.21841047478808e-06_6.21841047478808e-06
1016,4801,102-13-6-2-1,3.10920523739404e-05_3.10920523739404e-05_3.10920523739404e-05_3.10920523739404e-05_3.10920523739404e-05
1016,4802,75-1-1-1-1,6.84025152226688e-06_6.84025152226688e-06_6.84025152226688e-06_6.84025152226688e-06_6.84025152226688e-06
1016,4803,175-20-9-2-1,9.94945675966092e-06_9.94945675966092e-06_9.94945675966092e-06_9.94945675966092e-06_9.94945675966092e-06
1016,4804,167-18-4-2-1,2.36299598041947e-05_2.36299598041947e-05_2.36299598041947e-05_2.36299598041947e-05_2.36299598041947e-05
1016,4805,4-4-4-2-1,2.11425956142795e-05_2.11425956142795e-05_2.11425956142795e-05_2.11425956142795e-05_2.11425956142795e-05
1016,4806,153-18-4-2-1,6.84025152226688e-06_6.84025152226688e-06_6.84025152226688e-06_6.84025152226688e-06_6.84025152226688e-06
1016,4807,148-29-2-2-1,3.35794165638556e-05_3.35794165638556e-05_3.35794165638556e-05_3.35794165638556e-05_3.35794165638556e-05
1016,4808,32-18-4-2-1,1.36805030445338e-05_1.36805030445338e-05_1.36805030445338e-05_1.36805030445338e-05_1.36805030445338e-05
1016,4809,153-18-4-2-1,3.85541449436861e-05_3.85541449436861e-05_3.85541449436861e-05_3.85541449436861e-05_3.85541449436861e-05
1016,4810,153-18-4-2-1,6.21841047478808e-06_6.21841047478808e-06_6.21841047478808e-06_6.21841047478808e-06_6.21841047478808e-06
1016,4812,177-7-4-2-1,3.10920523739404e-06_3.10920523739404e-06_3.10920523739404e-06_3.10920523739404e-06_3.10920523739404e-06
1016,4813,159-4-4-2-1,1.55460261869702e-05_1.55460261869702e-05_1.55460261869702e-05_1.55460261869702e-05_1.55460261869702e-05
1016,4814,129-21-4-2-1,1.24368209495762e-05_1.24368209495762e-05_1.24368209495762e-05_1.24368209495762e-05_1.24368209495762e-05
1016,4815,156-37-4-2-1,1.43023440920126e-05_1.43023440920126e-05_1.43023440920126e-05_1.43023440920126e-05_1.43023440920126e-05
1016,4816,61-13-6-2-1,3.97978270386437e-05_3.97978270386437e-05_3.97978270386437e-05_3.97978270386437e-05_3.97978270386437e-05
1016,4817,32-18-4-2-1,1.3058661997055e-05_1.3058661997055e-05_1.3058661997055e-05_1.3058661997055e-05_1.3058661997055e-05
1016,4818,42-13-6-2-1,0.000221375412902456_0.000221375412902456_0.000221375412902456_0.000221375412902456_0.000221375412902456
1016,4819,153-18-4-2-1,9.32761571218212e-06_9.32761571218212e-06_9.32761571218212e-06_9.32761571218212e-06_9.32761571218212e-06
1016,4820,25-10-2-2-1,9.32761571218212e-06_9.32761571218212e-06_9.32761571218212e-06_9.32761571218212e-06_9.32761571218212e-06
1016,4821,227-41-9-2-1,6.21841047478808e-06_6.21841047478808e-06_6.21841047478808e-06_6.21841047478808e-06_6.21841047478808e-06
1016,4822,31-6-6-2-1,4.47725554184741e-05_4.47725554184741e-05_4.47725554184741e-05_4.47725554184741e-05_4.47725554184741e-05
1016,4823,31-6-6-2-1,3.79323038962073e-05_3.79323038962073e-05_3.79323038962073e-05_3.79323038962073e-05_3.79323038962073e-05
1016,4824,128-7-4-2-1,4.35288733235165e-06_4.35288733235165e-06_4.35288733235165e-06_4.35288733235165e-06_4.35288733235165e-06
1016,4825,114-40-4-2-1,1.36805030445338e-05_1.36805030445338e-05_1.36805030445338e-05_1.36805030445338e-05_1.36805030445338e-05
1016,4826,236-42-12-1-1,3.10920523739404e-06_3.10920523739404e-06_3.10920523739404e-06_3.10920523739404e-06_3.10920523739404e-06
1016,4827,18-12-8-1-1,2.73610060890675e-05_2.73610060890675e-05_2.73610060890675e-05_2.73610060890675e-05_2.73610060890675e-05
1016,4828,18-12-8-1-1,1.67897082819278e-05_1.67897082819278e-05_1.67897082819278e-05_1.67897082819278e-05_1.67897082819278e-05
1016,4829,17-11-4-2-1,3.10920523739404e-06_3.10920523739404e-06_3.10920523739404e-06_3.10920523739404e-06_3.10920523739404e-06
1016,4830,185-41-9-2-1,3.73104628487285e-06_3.73104628487285e-06_3.73104628487285e-06_3.73104628487285e-06_3.73104628487285e-06
1016,4831,167-18-4-2-1,3.04702113264616e-05_3.04702113264616e-05_3.04702113264616e-05_3.04702113264616e-05_3.04702113264616e-05
1016,4833,126-29-2-2-1,1.11931388546185e-05_1.11931388546185e-05_1.11931388546185e-05_1.11931388546185e-05_1.11931388546185e-05
1016,4834,58-13-6-2-1,8.76795876945119e-05_8.76795876945119e-05_8.76795876945119e-05_8.76795876945119e-05_8.76795876945119e-05
1016,4835,44-13-6-2-1,0.000153594738727265_0.000153594738727265_0.000153594738727265_0.000153594738727265_0.000153594738727265
1016,4836,185-41-9-2-1,3.10920523739404e-06_3.10920523739404e-06_3.10920523739404e-06_3.10920523739404e-06_3.10920523739404e-06
1016,4837,172-40-4-2-1,4.97472837983046e-06_4.97472837983046e-06_4.97472837983046e-06_4.97472837983046e-06_4.97472837983046e-06
1016,4838,8-7-4-2-1,8.0839336172245e-06_8.0839336172245e-06_8.0839336172245e-06_8.0839336172245e-06_8.0839336172245e-06
1016,4839,177-7-4-2-1,6.84025152226688e-06_6.84025152226688e-06_6.84025152226688e-06_6.84025152226688e-06_6.84025152226688e-06
1016,4840,35-20-9-2-1,3.10920523739404e-06_3.10920523739404e-06_3.10920523739404e-06_3.10920523739404e-06_3.10920523739404e-06
1016,4841,122-16-2-2-1,4.35288733235165e-06_4.35288733235165e-06_4.35288733235165e-06_4.35288733235165e-06_4.35288733235165e-06
1016,4842,112-14-4-2-1,8.70577466470331e-06_8.70577466470331e-06_8.70577466470331e-06_8.70577466470331e-06_8.70577466470331e-06
1016,4843,54-26-4-2-1,0.000174737334341545_0.000174737334341545_0.000174737334341545_0.000174737334341545_0.000174737334341545
1016,4844,148-29-2-2-1,1.6167867234449e-05_1.6167867234449e-05_1.6167867234449e-05_1.6167867234449e-05_1.6167867234449e-05
1016,4845,159-4-4-2-1,6.84025152226688e-06_6.84025152226688e-06_6.84025152226688e-06_6.84025152226688e-06_6.84025152226688e-06
1016,4846,153-18-4-2-1,4.97472837983046e-06_4.97472837983046e-06_4.97472837983046e-06_4.97472837983046e-06_4.97472837983046e-06
1016,4847,4-4-4-2-1,2.86046881840252e-05_2.86046881840252e-05_2.86046881840252e-05_2.86046881840252e-05_2.86046881840252e-05
1016,4848,39-22-8-1-1,3.10920523739404e-06_3.10920523739404e-06_3.10920523739404e-06_3.10920523739404e-06_3.10920523739404e-06
1016,4849,148-29-2-2-1,1.3058661997055e-05_1.3058661997055e-05_1.3058661997055e-05_1.3058661997055e-05_1.3058661997055e-05
1016,4850,55-22-8-1-1,3.17138934214192e-05_3.17138934214192e-05_3.17138934214192e-05_3.17138934214192e-05_3.17138934214192e-05
1016,4851,127-30-1-1-1,8.70577466470331e-06_8.70577466470331e-06_8.70577466470331e-06_8.70577466470331e-06_8.70577466470331e-06
1016,4852,178-44-12-1-1,3.97978270386437e-05_3.97978270386437e-05_3.97978270386437e-05_3.97978270386437e-05_3.97978270386437e-05
1016,4853,178-44-12-1-1,4.97472837983046e-06_4.97472837983046e-06_4.97472837983046e-06_4.97472837983046e-06_4.97472837983046e-06
1016,4854,196-14-4-2-1,8.70577466470331e-06_8.70577466470331e-06_8.70577466470331e-06_8.70577466470331e-06_8.70577466470331e-06
1016,4855,55-22-8-1-1,2.79828471365463e-05_2.79828471365463e-05_2.79828471365463e-05_2.79828471365463e-05_2.79828471365463e-05
1016,4856,177-7-4-2-1,1.24368209495762e-05_1.24368209495762e-05_1.24368209495762e-05_1.24368209495762e-05_1.24368209495762e-05
1016,4857,185-41-9-2-1,6.21841047478808e-06_6.21841047478808e-06_6.21841047478808e-06_6.21841047478808e-06_6.21841047478808e-06
1016,4858,130-12-8-1-1,4.22851912285589e-05_4.22851912285589e-05_4.22851912285589e-05_4.22851912285589e-05_4.22851912285589e-05
1016,4859,124-29-2-2-1,2.79828471365463e-05_2.79828471365463e-05_2.79828471365463e-05_2.79828471365463e-05_2.79828471365463e-05
1016,4860,194-31-9-2-1,1.6167867234449e-05_1.6167867234449e-05_1.6167867234449e-05_1.6167867234449e-05_1.6167867234449e-05
1016,4861,199-19-9-2-1,3.10920523739404e-05_3.10920523739404e-05_3.10920523739404e-05_3.10920523739404e-05_3.10920523739404e-05
1016,4862,85-33-5-1-1,0.000695840132128786_0.000695840132128786_0.000695840132128786_0.000695840132128786_0.000695840132128786
1016,4863,83-33-5-1-1,0.000199610976240697_0.000199610976240697_0.000199610976240697_0.000199610976240697_0.000199610976240697
1016,4864,83-33-5-1-1,6.84025152226688e-05_6.84025152226688e-05_6.84025152226688e-05_6.84025152226688e-05_6.84025152226688e-05
1016,4865,106-39-11-1-1,0.000204585704620528_0.000204585704620528_0.000204585704620528_0.000204585704620528_0.000204585704620528
1016,4866,5-5-5-1-1,6.28059457953596e-05_6.28059457953596e-05_6.28059457953596e-05_6.28059457953596e-05_6.28059457953596e-05
1016,4867,45-5-5-1-1,4.97472837983046e-06_4.97472837983046e-06_4.97472837983046e-06_4.97472837983046e-06_4.97472837983046e-06
1016,4868,45-5-5-1-1,6.21841047478808e-06_6.21841047478808e-06_6.21841047478808e-06_6.21841047478808e-06_6.21841047478808e-06
1016,4869,42-13-6-2-1,2.11425956142795e-05_2.11425956142795e-05_2.11425956142795e-05_2.11425956142795e-05_2.11425956142795e-05
1016,4870,151-19-9-2-1,2.17644366617583e-05_2.17644366617583e-05_2.17644366617583e-05_2.17644366617583e-05_2.17644366617583e-05
1016,4871,63-27-8-1-1,1.80333903768854e-05_1.80333903768854e-05_1.80333903768854e-05_1.80333903768854e-05_1.80333903768854e-05
1016,4872,209-35-4-2-1,4.35288733235165e-06_4.35288733235165e-06_4.35288733235165e-06_4.35288733235165e-06_4.35288733235165e-06
1016,4873,45-5-5-1-1,2.17644366617583e-05_2.17644366617583e-05_2.17644366617583e-05_2.17644366617583e-05_2.17644366617583e-05
1016,4874,128-7-4-2-1,5.59656942730927e-06_5.59656942730927e-06_5.59656942730927e-06_5.59656942730927e-06_5.59656942730927e-06
1016,4875,77-28-5-1-1,6.21841047478808e-06_6.21841047478808e-06_6.21841047478808e-06_6.21841047478808e-06_6.21841047478808e-06
1016,4876,36-6-6-2-1,2.23862777092371e-05_2.23862777092371e-05_2.23862777092371e-05_2.23862777092371e-05_2.23862777092371e-05
1016,4877,152-32-10-1-1,2.48736418991523e-05_2.48736418991523e-05_2.48736418991523e-05_2.48736418991523e-05_2.48736418991523e-05
1016,4878,57-7-4-2-1,4.35288733235165e-06_4.35288733235165e-06_4.35288733235165e-06_4.35288733235165e-06_4.35288733235165e-06
1016,4879,185-41-9-2-1,3.73104628487285e-06_3.73104628487285e-06_3.73104628487285e-06_3.73104628487285e-06_3.73104628487285e-06
1016,4880,94-9-7-1-1,0.000606295021291838_0.000606295021291838_0.000606295021291838_0.000606295021291838_0.000606295021291838
1016,4881,126-29-2-2-1,2.48736418991523e-06_2.48736418991523e-06_2.48736418991523e-06_2.48736418991523e-06_2.48736418991523e-06
1016,4882,32-18-4-2-1,4.35288733235165e-06_4.35288733235165e-06_4.35288733235165e-06_4.35288733235165e-06_4.35288733235165e-06
1016,4883,91-33-5-1-1,1.55460261869702e-05_1.55460261869702e-05_1.55460261869702e-05_1.55460261869702e-05_1.55460261869702e-05
1016,4884,112-14-4-2-1,2.05207545668007e-05_2.05207545668007e-05_2.05207545668007e-05_2.05207545668007e-05_2.05207545668007e-05
1016,4885,166-18-4-2-1,7.46209256974569e-06_7.46209256974569e-06_7.46209256974569e-06_7.46209256974569e-06_7.46209256974569e-06
1016,4886,222-35-4-2-1,6.21841047478808e-06_6.21841047478808e-06_6.21841047478808e-06_6.21841047478808e-06_6.21841047478808e-06
1016,4888,42-13-6-2-1,0.000137426871492816_0.000137426871492816_0.000137426871492816_0.000137426871492816_0.000137426871492816
1016,4889,147-11-4-2-1,1.24368209495762e-05_1.24368209495762e-05_1.24368209495762e-05_1.24368209495762e-05_1.24368209495762e-05
1016,4890,161-36-10-1-1,2.48736418991523e-06_2.48736418991523e-06_2.48736418991523e-06_2.48736418991523e-06_2.48736418991523e-06
1016,4891,130-12-8-1-1,1.05712978071397e-05_1.05712978071397e-05_1.05712978071397e-05_1.05712978071397e-05_1.05712978071397e-05
1016,4892,158-2-2-2-1,0.000272988219843197_0.000272988219843197_0.000272988219843197_0.000272988219843197_0.000272988219843197
1016,4893,44-13-6-2-1,6.28059457953596e-05_6.28059457953596e-05_6.28059457953596e-05_6.28059457953596e-05_6.28059457953596e-05
1016,4894,148-29-2-2-1,3.73104628487285e-05_3.73104628487285e-05_3.73104628487285e-05_3.73104628487285e-05_3.73104628487285e-05
1016,4895,209-35-4-2-1,4.41507143709953e-05_4.41507143709953e-05_4.41507143709953e-05_4.41507143709953e-05_4.41507143709953e-05
1016,4897,44-13-6-2-1,1.80333903768854e-05_1.80333903768854e-05_1.80333903768854e-05_1.80333903768854e-05_1.80333903768854e-05
1016,4898,66-29-2-2-1,1.24368209495762e-05_1.24368209495762e-05_1.24368209495762e-05_1.24368209495762e-05_1.24368209495762e-05
1016,4899,136-26-4-2-1,0.000389272495721734_0.000389272495721734_0.000389272495721734_0.000389272495721734_0.000389272495721734
1016,4900,137-26-4-2-1,2.23862777092371e-05_2.23862777092371e-05_2.23862777092371e-05_2.23862777092371e-05_2.23862777092371e-05
1016,4901,45-5-5-1-1,1.11931388546185e-05_1.11931388546185e-05_1.11931388546185e-05_1.11931388546185e-05_1.11931388546185e-05
1016,4902,130-12-8-1-1,3.73104628487285e-05_3.73104628487285e-05_3.73104628487285e-05_3.73104628487285e-05_3.73104628487285e-05
1016,4903,83-33-5-1-1,2.05207545668007e-05_2.05207545668007e-05_2.05207545668007e-05_2.05207545668007e-05_2.05207545668007e-05
1016,4904,234-24-7-1-1,9.88727265491304e-05_9.88727265491304e-05_9.88727265491304e-05_9.88727265491304e-05_9.88727265491304e-05
1016,4905,205-12-8-1-1,3.73104628487285e-06_3.73104628487285e-06_3.73104628487285e-06_3.73104628487285e-06_3.73104628487285e-06
1016,4906,154-25-8-1-1,6.84025152226688e-06_6.84025152226688e-06_6.84025152226688e-06_6.84025152226688e-06_6.84025152226688e-06
1016,4907,98-27-8-1-1,9.32761571218212e-06_9.32761571218212e-06_9.32761571218212e-06_9.32761571218212e-06_9.32761571218212e-06
1016,4908,71-29-2-2-1,1.3058661997055e-05_1.3058661997055e-05_1.3058661997055e-05_1.3058661997055e-05_1.3058661997055e-05
1016,4909,2-2-2-2-1,5.47220121781351e-05_5.47220121781351e-05_5.47220121781351e-05_5.47220121781351e-05_5.47220121781351e-05
1016,4910,32-18-4-2-1,1.11931388546185e-05_1.11931388546185e-05_1.11931388546185e-05_1.11931388546185e-05_1.11931388546185e-05
1016,4911,98-27-8-1-1,4.97472837983046e-06_4.97472837983046e-06_4.97472837983046e-06_4.97472837983046e-06_4.97472837983046e-06
1016,4912,74-31-9-2-1,1.49241851394914e-05_1.49241851394914e-05_1.49241851394914e-05_1.49241851394914e-05_1.49241851394914e-05
1016,4913,75-1-1-1-1,1.80333903768854e-05_1.80333903768854e-05_1.80333903768854e-05_1.80333903768854e-05_1.80333903768854e-05
1016,4914,153-18-4-2-1,1.49241851394914e-05_1.49241851394914e-05_1.49241851394914e-05_1.49241851394914e-05_1.49241851394914e-05
1016,4915,161-36-10-1-1,6.21841047478808e-06_6.21841047478808e-06_6.21841047478808e-06_6.21841047478808e-06_6.21841047478808e-06
1016,4916,109-28-5-1-1,5.59656942730927e-06_5.59656942730927e-06_5.59656942730927e-06_5.59656942730927e-06_5.59656942730927e-06
1016,4917,148-29-2-2-1,0.000202720181478091_0.000202720181478091_0.000202720181478091_0.000202720181478091_0.000202720181478091
1016,4918,66-29-2-2-1,3.2335734468898e-05_3.2335734468898e-05_3.2335734468898e-05_3.2335734468898e-05_3.2335734468898e-05
1016,4919,18-12-8-1-1,1.6167867234449e-05_1.6167867234449e-05_1.6167867234449e-05_1.6167867234449e-05_1.6167867234449e-05
1016,4920,137-26-4-2-1,8.70577466470331e-06_8.70577466470331e-06_8.70577466470331e-06_8.70577466470331e-06_8.70577466470331e-06
1016,4921,230-14-4-2-1,7.46209256974569e-06_7.46209256974569e-06_7.46209256974569e-06_7.46209256974569e-06_7.46209256974569e-06
1016,4922,37-11-4-2-1,1.05712978071397e-05_1.05712978071397e-05_1.05712978071397e-05_1.05712978071397e-05_1.05712978071397e-05
1016,4923,166-18-4-2-1,2.36299598041947e-05_2.36299598041947e-05_2.36299598041947e-05_2.36299598041947e-05_2.36299598041947e-05
1016,4924,32-18-4-2-1,3.10920523739404e-06_3.10920523739404e-06_3.10920523739404e-06_3.10920523739404e-06_3.10920523739404e-06
1016,4925,88-35-4-2-1,4.97472837983046e-06_4.97472837983046e-06_4.97472837983046e-06_4.97472837983046e-06_4.97472837983046e-06
1016,4926,22-13-6-2-1,4.5394396465953e-05_4.5394396465953e-05_4.5394396465953e-05_4.5394396465953e-05_4.5394396465953e-05
1016,4927,16-10-2-2-1,8.14611772197238e-05_8.14611772197238e-05_8.14611772197238e-05_8.14611772197238e-05_8.14611772197238e-05
1016,4928,6-6-6-2-1,9.94945675966092e-06_9.94945675966092e-06_9.94945675966092e-06_9.94945675966092e-06_9.94945675966092e-06
1016,4929,185-41-9-2-1,4.35288733235165e-06_4.35288733235165e-06_4.35288733235165e-06_4.35288733235165e-06_4.35288733235165e-06
1016,4930,153-18-4-2-1,1.18149799020973e-05_1.18149799020973e-05_1.18149799020973e-05_1.18149799020973e-05_1.18149799020973e-05
1016,4931,55-22-8-1-1,7.46209256974569e-06_7.46209256974569e-06_7.46209256974569e-06_7.46209256974569e-06_7.46209256974569e-06
1016,4932,17-11-4-2-1,4.97472837983046e-06_4.97472837983046e-06_4.97472837983046e-06_4.97472837983046e-06_4.97472837983046e-06
1016,4933,57-7-4-2-1,0.000174115493294066_0.000174115493294066_0.000174115493294066_0.000174115493294066_0.000174115493294066
1016,4934,103-13-6-2-1,3.97978270386437e-05_3.97978270386437e-05_3.97978270386437e-05_3.97978270386437e-05_3.97978270386437e-05
1016,4935,4-4-4-2-1,6.84025152226688e-06_6.84025152226688e-06_6.84025152226688e-06_6.84025152226688e-06_6.84025152226688e-06
1016,4936,185-41-9-2-1,4.97472837983046e-06_4.97472837983046e-06_4.97472837983046e-06_4.97472837983046e-06_4.97472837983046e-06
1016,4937,83-33-5-1-1,1.24368209495762e-05_1.24368209495762e-05_1.24368209495762e-05_1.24368209495762e-05_1.24368209495762e-05
1016,4938,185-41-9-2-1,3.10920523739404e-06_3.10920523739404e-06_3.10920523739404e-06_3.10920523739404e-06_3.10920523739404e-06
1016,4939,109-28-5-1-1,2.11425956142795e-05_2.11425956142795e-05_2.11425956142795e-05_2.11425956142795e-05_2.11425956142795e-05
1016,4940,98-27-8-1-1,2.61173239941099e-05_2.61173239941099e-05_2.61173239941099e-05_2.61173239941099e-05_2.61173239941099e-05
1016,4941,8-7-4-2-1,4.35288733235165e-06_4.35288733235165e-06_4.35288733235165e-06_4.35288733235165e-06_4.35288733235165e-06
1016,4942,66-29-2-2-1,8.0839336172245e-06_8.0839336172245e-06_8.0839336172245e-06_8.0839336172245e-06_8.0839336172245e-06
1016,4943,221-35-4-2-1,8.0839336172245e-06_8.0839336172245e-06_8.0839336172245e-06_8.0839336172245e-06_8.0839336172245e-06
1016,4944,174-15-9-2-1,6.84025152226688e-06_6.84025152226688e-06_6.84025152226688e-06_6.84025152226688e-06_6.84025152226688e-06
1016,4945,185-41-9-2-1,6.21841047478808e-06_6.21841047478808e-06_6.21841047478808e-06_6.21841047478808e-06_6.21841047478808e-06
1016,4946,138-23-8-1-1,3.10920523739404e-06_3.10920523739404e-06_3.10920523739404e-06_3.10920523739404e-06_3.10920523739404e-06
1016,4947,126-29-2-2-1,1.3058661997055e-05_1.3058661997055e-05_1.3058661997055e-05_1.3058661997055e-05_1.3058661997055e-05
1016,4948,203-11-4-2-1,1.43023440920126e-05_1.43023440920126e-05_1.43023440920126e-05_1.43023440920126e-05_1.43023440920126e-05
1016,4949,184-31-9-2-1,4.97472837983046e-06_4.97472837983046e-06_4.97472837983046e-06_4.97472837983046e-06_4.97472837983046e-06
1016,4950,31-6-6-2-1,4.04196680861225e-05_4.04196680861225e-05_4.04196680861225e-05_4.04196680861225e-05_4.04196680861225e-05
1016,4951,91-33-5-1-1,2.73610060890675e-05_2.73610060890675e-05_2.73610060890675e-05_2.73610060890675e-05_2.73610060890675e-05
1016,4952,176-20-9-2-1,6.84025152226688e-06_6.84025152226688e-06_6.84025152226688e-06_6.84025152226688e-06_6.84025152226688e-06
1016,4953,153-18-4-2-1,1.6167867234449e-05_1.6167867234449e-05_1.6167867234449e-05_1.6167867234449e-05_1.6167867234449e-05
1016,4954,202-37-4-2-1,6.21841047478808e-06_6.21841047478808e-06_6.21841047478808e-06_6.21841047478808e-06_6.21841047478808e-06
1016,4955,26-15-9-2-1,3.17138934214192e-05_3.17138934214192e-05_3.17138934214192e-05_3.17138934214192e-05_3.17138934214192e-05
1016,4956,140-42-12-1-1,3.73104628487285e-06_3.73104628487285e-06_3.73104628487285e-06_3.73104628487285e-06_3.73104628487285e-06
1016,4957,192-19-9-2-1,0.000107578501213834_0.000107578501213834_0.000107578501213834_0.000107578501213834_0.000107578501213834
1016,4958,185-41-9-2-1,3.73104628487285e-06_3.73104628487285e-06_3.73104628487285e-06_3.73104628487285e-06_3.73104628487285e-06
1016,4959,216-19-9-2-1,4.35288733235165e-05_4.35288733235165e-05_4.35288733235165e-05_4.35288733235165e-05_4.35288733235165e-05
1016,4960,216-19-9-2-1,7.46209256974569e-06_7.46209256974569e-06_7.46209256974569e-06_7.46209256974569e-06_7.46209256974569e-06
1016,4961,220-22-8-1-1,3.73104628487285e-06_3.73104628487285e-06_3.73104628487285e-06_3.73104628487285e-06_3.73104628487285e-06
1016,4962,128-7-4-2-1,1.11931388546185e-05_1.11931388546185e-05_1.11931388546185e-05_1.11931388546185e-05_1.11931388546185e-05
1016,4963,34-19-9-2-1,1.18149799020973e-05_1.18149799020973e-05_1.18149799020973e-05_1.18149799020973e-05_1.18149799020973e-05
1016,4964,192-19-9-2-1,0.000105712978071397_0.000105712978071397_0.000105712978071397_0.000105712978071397_0.000105712978071397
1016,4965,8-7-4-2-1,8.70577466470331e-06_8.70577466470331e-06_8.70577466470331e-06_8.70577466470331e-06_8.70577466470331e-06
1016,4966,189-12-8-1-1,6.84025152226688e-06_6.84025152226688e-06_6.84025152226688e-06_6.84025152226688e-06_6.84025152226688e-06
1016,4967,98-27-8-1-1,3.10920523739404e-06_3.10920523739404e-06_3.10920523739404e-06_3.10920523739404e-06_3.10920523739404e-06
1016,4968,110-3-3-1-1,0.000512397023122537_0.000512397023122537_0.000512397023122537_0.000512397023122537_0.000512397023122537
1016,4969,190-20-9-2-1,1.98989135193218e-05_1.98989135193218e-05_1.98989135193218e-05_1.98989135193218e-05_1.98989135193218e-05
1016,4970,26-15-9-2-1,8.0839336172245e-06_8.0839336172245e-06_8.0839336172245e-06_8.0839336172245e-06_8.0839336172245e-06
1016,4971,138-23-8-1-1,2.17644366617583e-05_2.17644366617583e-05_2.17644366617583e-05_2.17644366617583e-05_2.17644366617583e-05
1016,4973,216-19-9-2-1,3.10920523739404e-06_3.10920523739404e-06_3.10920523739404e-06_3.10920523739404e-06_3.10920523739404e-06
1016,4974,172-40-4-2-1,4.35288733235165e-06_4.35288733235165e-06_4.35288733235165e-06_4.35288733235165e-06_4.35288733235165e-06
1016,4975,226-32-10-1-1,6.84025152226688e-06_6.84025152226688e-06_6.84025152226688e-06_6.84025152226688e-06_6.84025152226688e-06
1016,4976,186-15-9-2-1,4.97472837983046e-06_4.97472837983046e-06_4.97472837983046e-06_4.97472837983046e-06_4.97472837983046e-06
1016,4977,209-35-4-2-1,4.97472837983046e-06_4.97472837983046e-06_4.97472837983046e-06_4.97472837983046e-06_4.97472837983046e-06
1016,4978,109-28-5-1-1,3.73104628487285e-06_3.73104628487285e-06_3.73104628487285e-06_3.73104628487285e-06_3.73104628487285e-06
1016,4979,44-13-6-2-1,4.35288733235165e-06_4.35288733235165e-06_4.35288733235165e-06_4.35288733235165e-06_4.35288733235165e-06
1016,4980,213-15-9-2-1,6.21841047478808e-06_6.21841047478808e-06_6.21841047478808e-06_6.21841047478808e-06_6.21841047478808e-06
1016,4981,35-20-9-2-1,4.97472837983046e-06_4.97472837983046e-06_4.97472837983046e-06_4.97472837983046e-06_4.97472837983046e-06
1016,4982,172-40-4-2-1,2.48736418991523e-06_2.48736418991523e-06_2.48736418991523e-06_2.48736418991523e-06_2.48736418991523e-06
1016,4983,185-41-9-2-1,4.35288733235165e-06_4.35288733235165e-06_4.35288733235165e-06_4.35288733235165e-06_4.35288733235165e-06
1016,4984,35-20-9-2-1,4.97472837983046e-06_4.97472837983046e-06_4.97472837983046e-06_4.97472837983046e-06_4.97472837983046e-06
1016,4985,35-20-9-2-1,7.46209256974569e-06_7.46209256974569e-06_7.46209256974569e-06_7.46209256974569e-06_7.46209256974569e-06
1016,4986,29-17-10-1-1,1.36805030445338e-05_1.36805030445338e-05_1.36805030445338e-05_1.36805030445338e-05_1.36805030445338e-05
1016,4987,230-14-4-2-1,9.45198392167788e-05_9.45198392167788e-05_9.45198392167788e-05_9.45198392167788e-05_9.45198392167788e-05
1016,4988,159-4-4-2-1,4.47725554184741e-05_4.47725554184741e-05_4.47725554184741e-05_4.47725554184741e-05_4.47725554184741e-05
1016,4989,142-42-12-1-1,3.10920523739404e-06_3.10920523739404e-06_3.10920523739404e-06_3.10920523739404e-06_3.10920523739404e-06
1016,4990,95-37-4-2-1,4.97472837983046e-06_4.97472837983046e-06_4.97472837983046e-06_4.97472837983046e-06_4.97472837983046e-06
1016,4991,83-33-5-1-1,1.05712978071397e-05_1.05712978071397e-05_1.05712978071397e-05_1.05712978071397e-05_1.05712978071397e-05
1016,4992,117-27-8-1-1,2.54954829466311e-05_2.54954829466311e-05_2.54954829466311e-05_2.54954829466311e-05_2.54954829466311e-05
1016,4993,4-4-4-2-1,2.67391650415887e-05_2.67391650415887e-05_2.67391650415887e-05_2.67391650415887e-05_2.67391650415887e-05
1016,4994,230-14-4-2-1,9.32761571218212e-06_9.32761571218212e-06_9.32761571218212e-06_9.32761571218212e-06_9.32761571218212e-06
1016,4995,142-42-12-1-1,3.10920523739404e-06_3.10920523739404e-06_3.10920523739404e-06_3.10920523739404e-06_3.10920523739404e-06
1016,4996,133-12-8-1-1,1.3058661997055e-05_1.3058661997055e-05_1.3058661997055e-05_1.3058661997055e-05_1.3058661997055e-05
1016,4997,112-14-4-2-1,4.97472837983046e-06_4.97472837983046e-06_4.97472837983046e-06_4.97472837983046e-06_4.97472837983046e-06
1016,4998,112-14-4-2-1,0.000149863692442393_0.000149863692442393_0.000149863692442393_0.000149863692442393_0.000149863692442393
1016,4999,83-33-5-1-1,0.000113175070641143_0.000113175070641143_0.000113175070641143_0.000113175070641143_0.000113175070641143
1016,5000,45-5-5-1-1,3.73104628487285e-06_3.73104628487285e-06_3.73104628487285e-06_3.73104628487285e-06_3.73104628487285e-06
1016,5001,172-40-4-2-1,3.73104628487285e-06_3.73104628487285e-06_3.73104628487285e-06_3.73104628487285e-06_3.73104628487285e-06
1016,5002,185-41-9-2-1,4.97472837983046e-06_4.97472837983046e-06_4.97472837983046e-06_4.97472837983046e-06_4.97472837983046e-06
1016,5003,185-41-9-2-1,4.35288733235165e-06_4.35288733235165e-06_4.35288733235165e-06_4.35288733235165e-06_4.35288733235165e-06
1016,5004,55-22-8-1-1,3.10920523739404e-06_3.10920523739404e-06_3.10920523739404e-06_3.10920523739404e-06_3.10920523739404e-06
1016,5005,175-20-9-2-1,3.10920523739404e-06_3.10920523739404e-06_3.10920523739404e-06_3.10920523739404e-06_3.10920523739404e-06
1016,5006,183-23-8-1-1,1.3058661997055e-05_1.3058661997055e-05_1.3058661997055e-05_1.3058661997055e-05_1.3058661997055e-05
1016,5007,74-31-9-2-1,4.35288733235165e-06_4.35288733235165e-06_4.35288733235165e-06_4.35288733235165e-06_4.35288733235165e-06
1016,5008,122-16-2-2-1,3.73104628487285e-06_3.73104628487285e-06_3.73104628487285e-06_3.73104628487285e-06_3.73104628487285e-06
1016,5009,8-7-4-2-1,4.35288733235165e-06_4.35288733235165e-06_4.35288733235165e-06_4.35288733235165e-06_4.35288733235165e-06
1016,5010,49-22-8-1-1,4.29070322760377e-05_4.29070322760377e-05_4.29070322760377e-05_4.29070322760377e-05_4.29070322760377e-05
1016,5011,149-16-2-2-1,4.35288733235165e-06_4.35288733235165e-06_4.35288733235165e-06_4.35288733235165e-06_4.35288733235165e-06
1016,5012,98-27-8-1-1,6.21841047478808e-06_6.21841047478808e-06_6.21841047478808e-06_6.21841047478808e-06_6.21841047478808e-06
1016,5013,216-19-9-2-1,8.70577466470331e-06_8.70577466470331e-06_8.70577466470331e-06_8.70577466470331e-06_8.70577466470331e-06
1016,5014,180-40-4-2-1,3.10920523739404e-06_3.10920523739404e-06_3.10920523739404e-06_3.10920523739404e-06_3.10920523739404e-06
1016,5015,142-42-12-1-1,5.59656942730927e-06_5.59656942730927e-06_5.59656942730927e-06_5.59656942730927e-06_5.59656942730927e-06
1016,5016,93-16-2-2-1,0.000186552314243642_0.000186552314243642_0.000186552314243642_0.000186552314243642_0.000186552314243642
1016,5017,234-24-7-1-1,7.39990846499781e-05_7.39990846499781e-05_7.39990846499781e-05_7.39990846499781e-05_7.39990846499781e-05
1016,5018,172-40-4-2-1,3.73104628487285e-06_3.73104628487285e-06_3.73104628487285e-06_3.73104628487285e-06_3.73104628487285e-06
1016,5019,153-18-4-2-1,3.10920523739404e-06_3.10920523739404e-06_3.10920523739404e-06_3.10920523739404e-06_3.10920523739404e-06
1016,5020,196-14-4-2-1,9.32761571218212e-06_9.32761571218212e-06_9.32761571218212e-06_9.32761571218212e-06_9.32761571218212e-06
1016,5021,168-2-2-2-1,0.000139914235682732_0.000139914235682732_0.000139914235682732_0.000139914235682732_0.000139914235682732
1016,5022,173-5-5-1-1,0.000955147848927449_0.000955147848927449_0.000955147848927449_0.000955147848927449_0.000955147848927449
1016,5023,235-34-11-1-1,1.67897082819278e-05_1.67897082819278e-05_1.67897082819278e-05_1.67897082819278e-05_1.67897082819278e-05
1016,5024,235-34-11-1-1,1.6167867234449e-05_1.6167867234449e-05_1.6167867234449e-05_1.6167867234449e-05_1.6167867234449e-05
1016,5025,235-34-11-1-1,1.55460261869702e-05_1.55460261869702e-05_1.55460261869702e-05_1.55460261869702e-05_1.55460261869702e-05
1016,5026,235-34-11-1-1,1.49241851394914e-05_1.49241851394914e-05_1.49241851394914e-05_1.49241851394914e-05_1.49241851394914e-05
1016,5027,235-34-11-1-1,1.43023440920126e-05_1.43023440920126e-05_1.43023440920126e-05_1.43023440920126e-05_1.43023440920126e-05
1016,5028,235-34-11-1-1,1.36805030445338e-05_1.36805030445338e-05_1.36805030445338e-05_1.36805030445338e-05_1.36805030445338e-05
1016,5029,235-34-11-1-1,1.3058661997055e-05_1.3058661997055e-05_1.3058661997055e-05_1.3058661997055e-05_1.3058661997055e-05
1016,5030,235-34-11-1-1,1.24368209495762e-05_1.24368209495762e-05_1.24368209495762e-05_1.24368209495762e-05_1.24368209495762e-05
1016,5031,235-34-11-1-1,1.18149799020973e-05_1.18149799020973e-05_1.18149799020973e-05_1.18149799020973e-05_1.18149799020973e-05
1016,5032,235-34-11-1-1,0.000103225613881482_0.000103225613881482_0.000103225613881482_0.000103225613881482_0.000103225613881482
1016,5033,229-5-5-1-1,0.000102603772834003_0.000102603772834003_0.000102603772834003_0.000102603772834003_0.000102603772834003
1016,5035,45-5-5-1-1,5.59656942730927e-06_5.59656942730927e-06_5.59656942730927e-06_5.59656942730927e-06_5.59656942730927e-06
1016,5036,235-34-11-1-1,1.86552314243642e-05_1.86552314243642e-05_1.86552314243642e-05_1.86552314243642e-05_1.86552314243642e-05
1016,5037,159-4-4-2-1,8.0839336172245e-06_8.0839336172245e-06_8.0839336172245e-06_8.0839336172245e-06_8.0839336172245e-06
1016,5038,136-26-4-2-1,1.67897082819278e-05_1.67897082819278e-05_1.67897082819278e-05_1.67897082819278e-05_1.67897082819278e-05
1016,5039,54-26-4-2-1,8.51922235045966e-05_8.51922235045966e-05_8.51922235045966e-05_8.51922235045966e-05_8.51922235045966e-05
1016,5040,209-35-4-2-1,2.30081187567159e-05_2.30081187567159e-05_2.30081187567159e-05_2.30081187567159e-05_2.30081187567159e-05
1016,5041,214-26-4-2-1,1.74115493294066e-05_1.74115493294066e-05_1.74115493294066e-05_1.74115493294066e-05_1.74115493294066e-05
1016,5042,36-6-6-2-1,0.000153594738727265_0.000153594738727265_0.000153594738727265_0.000153594738727265_0.000153594738727265
1016,5043,129-21-4-2-1,9.94945675966092e-06_9.94945675966092e-06_9.94945675966092e-06_9.94945675966092e-06_9.94945675966092e-06
1016,5044,214-26-4-2-1,4.97472837983046e-06_4.97472837983046e-06_4.97472837983046e-06_4.97472837983046e-06_4.97472837983046e-06
1016,5045,126-29-2-2-1,3.10920523739404e-06_3.10920523739404e-06_3.10920523739404e-06_3.10920523739404e-06_3.10920523739404e-06
1016,5046,89-13-6-2-1,5.03691248457834e-05_5.03691248457834e-05_5.03691248457834e-05_5.03691248457834e-05_5.03691248457834e-05
1016,5047,147-11-4-2-1,4.35288733235165e-06_4.35288733235165e-06_4.35288733235165e-06_4.35288733235165e-06_4.35288733235165e-06
1016,5048,172-40-4-2-1,3.10920523739404e-06_3.10920523739404e-06_3.10920523739404e-06_3.10920523739404e-06_3.10920523739404e-06
1016,5049,8-7-4-2-1,4.35288733235165e-06_4.35288733235165e-06_4.35288733235165e-06_4.35288733235165e-06_4.35288733235165e-06
1016,5050,214-26-4-2-1,5.59656942730927e-06_5.59656942730927e-06_5.59656942730927e-06_5.59656942730927e-06_5.59656942730927e-06
1016,5051,8-7-4-2-1,1.67897082819278e-05_1.67897082819278e-05_1.67897082819278e-05_1.67897082819278e-05_1.67897082819278e-05
1016,5052,220-22-8-1-1,3.73104628487285e-06_3.73104628487285e-06_3.73104628487285e-06_3.73104628487285e-06_3.73104628487285e-06
1016,5053,185-41-9-2-1,3.10920523739404e-06_3.10920523739404e-06_3.10920523739404e-06_3.10920523739404e-06_3.10920523739404e-06
1016,5054,222-35-4-2-1,1.36805030445338e-05_1.36805030445338e-05_1.36805030445338e-05_1.36805030445338e-05_1.36805030445338e-05
1016,5055,220-22-8-1-1,4.97472837983046e-06_4.97472837983046e-06_4.97472837983046e-06_4.97472837983046e-06_4.97472837983046e-06
1016,5056,166-18-4-2-1,1.24368209495762e-05_1.24368209495762e-05_1.24368209495762e-05_1.24368209495762e-05_1.24368209495762e-05
1016,5057,172-40-4-2-1,3.10920523739404e-06_3.10920523739404e-06_3.10920523739404e-06_3.10920523739404e-06_3.10920523739404e-06
1016,5058,159-4-4-2-1,7.46209256974569e-06_7.46209256974569e-06_7.46209256974569e-06_7.46209256974569e-06_7.46209256974569e-06
1016,5059,114-40-4-2-1,6.40496278903172e-05_6.40496278903172e-05_6.40496278903172e-05_6.40496278903172e-05_6.40496278903172e-05
1016,5060,185-41-9-2-1,3.10920523739404e-06_3.10920523739404e-06_3.10920523739404e-06_3.10920523739404e-06_3.10920523739404e-06
1016,5061,130-12-8-1-1,1.24368209495762e-05_1.24368209495762e-05_1.24368209495762e-05_1.24368209495762e-05_1.24368209495762e-05
1016,5062,185-41-9-2-1,4.97472837983046e-06_4.97472837983046e-06_4.97472837983046e-06_4.97472837983046e-06_4.97472837983046e-06
1016,5063,152-32-10-1-1,7.46209256974569e-06_7.46209256974569e-06_7.46209256974569e-06_7.46209256974569e-06_7.46209256974569e-06
1016,5064,161-36-10-1-1,6.84025152226688e-06_6.84025152226688e-06_6.84025152226688e-06_6.84025152226688e-06_6.84025152226688e-06
1016,5065,149-16-2-2-1,7.46209256974569e-06_7.46209256974569e-06_7.46209256974569e-06_7.46209256974569e-06_7.46209256974569e-06
1016,5066,22-13-6-2-1,0.000738747164404824_0.000738747164404824_0.000738747164404824_0.000738747164404824_0.000738747164404824
1016,5067,153-18-4-2-1,6.84025152226688e-06_6.84025152226688e-06_6.84025152226688e-06_6.84025152226688e-06_6.84025152226688e-06
1016,5068,151-19-9-2-1,2.11425956142795e-05_2.11425956142795e-05_2.11425956142795e-05_2.11425956142795e-05_2.11425956142795e-05
1016,5069,153-18-4-2-1,3.10920523739404e-06_3.10920523739404e-06_3.10920523739404e-06_3.10920523739404e-06_3.10920523739404e-06
1016,5070,109-28-5-1-1,2.30081187567159e-05_2.30081187567159e-05_2.30081187567159e-05_2.30081187567159e-05_2.30081187567159e-05
1016,5071,129-21-4-2-1,1.43023440920126e-05_1.43023440920126e-05_1.43023440920126e-05_1.43023440920126e-05_1.43023440920126e-05
1016,5072,97-26-4-2-1,0.000342634417160823_0.000342634417160823_0.000342634417160823_0.000342634417160823_0.000342634417160823
1016,5073,160-30-1-1-1,1.80333903768854e-05_1.80333903768854e-05_1.80333903768854e-05_1.80333903768854e-05_1.80333903768854e-05
1016,5074,79-32-10-1-1,5.59656942730927e-06_5.59656942730927e-06_5.59656942730927e-06_5.59656942730927e-06_5.59656942730927e-06
1016,5075,149-16-2-2-1,1.86552314243642e-05_1.86552314243642e-05_1.86552314243642e-05_1.86552314243642e-05_1.86552314243642e-05
1016,5076,185-41-9-2-1,7.46209256974569e-06_7.46209256974569e-06_7.46209256974569e-06_7.46209256974569e-06_7.46209256974569e-06
1016,5077,151-19-9-2-1,1.67897082819278e-05_1.67897082819278e-05_1.67897082819278e-05_1.67897082819278e-05_1.67897082819278e-05
1016,5078,194-31-9-2-1,5.59656942730927e-06_5.59656942730927e-06_5.59656942730927e-06_5.59656942730927e-06_5.59656942730927e-06
1016,5079,138-23-8-1-1,2.42518008516735e-05_2.42518008516735e-05_2.42518008516735e-05_2.42518008516735e-05_2.42518008516735e-05
1016,5080,145-25-8-1-1,4.97472837983046e-05_4.97472837983046e-05_4.97472837983046e-05_4.97472837983046e-05_4.97472837983046e-05
1016,5081,63-27-8-1-1,6.84025152226688e-06_6.84025152226688e-06_6.84025152226688e-06_6.84025152226688e-06_6.84025152226688e-06
1016,5082,172-40-4-2-1,1.24368209495762e-06_1.24368209495762e-06_1.24368209495762e-06_1.24368209495762e-06_1.24368209495762e-06
1016,5083,45-5-5-1-1,0.00010446929597644_0.00010446929597644_0.00010446929597644_0.00010446929597644_0.00010446929597644
1016,5084,45-5-5-1-1,3.73104628487285e-06_3.73104628487285e-06_3.73104628487285e-06_3.73104628487285e-06_3.73104628487285e-06
1016,5085,45-5-5-1-1,4.29070322760377e-05_4.29070322760377e-05_4.29070322760377e-05_4.29070322760377e-05_4.29070322760377e-05
1016,5086,159-4-4-2-1,1.6167867234449e-05_1.6167867234449e-05_1.6167867234449e-05_1.6167867234449e-05_1.6167867234449e-05
1016,5087,6-6-6-2-1,2.61173239941099e-05_2.61173239941099e-05_2.61173239941099e-05_2.61173239941099e-05_2.61173239941099e-05
1016,5088,102-13-6-2-1,2.73610060890675e-05_2.73610060890675e-05_2.73610060890675e-05_2.73610060890675e-05_2.73610060890675e-05
1016,5090,145-25-8-1-1,0.000470111831893979_0.000470111831893979_0.000470111831893979_0.000470111831893979_0.000470111831893979
1016,5091,177-7-4-2-1,9.94945675966092e-06_9.94945675966092e-06_9.94945675966092e-06_9.94945675966092e-06_9.94945675966092e-06
1016,5092,4-4-4-2-1,1.11931388546185e-05_1.11931388546185e-05_1.11931388546185e-05_1.11931388546185e-05_1.11931388546185e-05
1016,5093,177-7-4-2-1,4.97472837983046e-06_4.97472837983046e-06_4.97472837983046e-06_4.97472837983046e-06_4.97472837983046e-06
1016,5094,153-18-4-2-1,3.10920523739404e-06_3.10920523739404e-06_3.10920523739404e-06_3.10920523739404e-06_3.10920523739404e-06
1016,5095,71-29-2-2-1,3.73104628487285e-05_3.73104628487285e-05_3.73104628487285e-05_3.73104628487285e-05_3.73104628487285e-05
1016,5096,49-22-8-1-1,4.35288733235165e-06_4.35288733235165e-06_4.35288733235165e-06_4.35288733235165e-06_4.35288733235165e-06
1016,5097,229-5-5-1-1,7.46209256974569e-05_7.46209256974569e-05_7.46209256974569e-05_7.46209256974569e-05_7.46209256974569e-05
1016,5098,179-26-4-2-1,1.24368209495762e-05_1.24368209495762e-05_1.24368209495762e-05_1.24368209495762e-05_1.24368209495762e-05
1016,5099,179-26-4-2-1,5.59656942730927e-06_5.59656942730927e-06_5.59656942730927e-06_5.59656942730927e-06_5.59656942730927e-06
1016,5100,227-41-9-2-1,7.46209256974569e-06_7.46209256974569e-06_7.46209256974569e-06_7.46209256974569e-06_7.46209256974569e-06
1016,5101,13-6-6-2-1,9.7007203406694e-05_9.7007203406694e-05_9.7007203406694e-05_9.7007203406694e-05_9.7007203406694e-05
1016,5102,174-15-9-2-1,1.18149799020973e-05_1.18149799020973e-05_1.18149799020973e-05_1.18149799020973e-05_1.18149799020973e-05
1016,5103,89-13-6-2-1,2.36299598041947e-05_2.36299598041947e-05_2.36299598041947e-05_2.36299598041947e-05_2.36299598041947e-05
1016,5104,181-40-4-2-1,6.21841047478808e-05_6.21841047478808e-05_6.21841047478808e-05_6.21841047478808e-05_6.21841047478808e-05
1016,5105,160-30-1-1-1,3.10920523739404e-06_3.10920523739404e-06_3.10920523739404e-06_3.10920523739404e-06_3.10920523739404e-06
1016,5106,194-31-9-2-1,4.97472837983046e-06_4.97472837983046e-06_4.97472837983046e-06_4.97472837983046e-06_4.97472837983046e-06
1016,5107,172-40-4-2-1,3.10920523739404e-06_3.10920523739404e-06_3.10920523739404e-06_3.10920523739404e-06_3.10920523739404e-06
1016,5108,76-4-4-2-1,6.21841047478808e-06_6.21841047478808e-06_6.21841047478808e-06_6.21841047478808e-06_6.21841047478808e-06
1016,5109,172-40-4-2-1,3.73104628487285e-06_3.73104628487285e-06_3.73104628487285e-06_3.73104628487285e-06_3.73104628487285e-06
1016,5110,228-17-10-1-1,5.22346479882198e-05_5.22346479882198e-05_5.22346479882198e-05_5.22346479882198e-05_5.22346479882198e-05
1016,5111,42-13-6-2-1,3.66886218012497e-05_3.66886218012497e-05_3.66886218012497e-05_3.66886218012497e-05_3.66886218012497e-05
1016,5112,14-9-7-1-1,0.000169140764914236_0.000169140764914236_0.000169140764914236_0.000169140764914236_0.000169140764914236
1016,5113,61-13-6-2-1,0.000746831098022048_0.000746831098022048_0.000746831098022048_0.000746831098022048_0.000746831098022048
1016,5114,57-7-4-2-1,1.05712978071397e-05_1.05712978071397e-05_1.05712978071397e-05_1.05712978071397e-05_1.05712978071397e-05
1016,5115,25-10-2-2-1,2.36299598041947e-05_2.36299598041947e-05_2.36299598041947e-05_2.36299598041947e-05_2.36299598041947e-05
1016,5116,126-29-2-2-1,2.54954829466311e-05_2.54954829466311e-05_2.54954829466311e-05_2.54954829466311e-05_2.54954829466311e-05
1016,5117,126-29-2-2-1,1.98989135193218e-05_1.98989135193218e-05_1.98989135193218e-05_1.98989135193218e-05_1.98989135193218e-05
1016,5118,20-3-3-1-1,0.00135685716559876_0.00135685716559876_0.00135685716559876_0.00135685716559876_0.00135685716559876
1016,5119,57-7-4-2-1,1.11931388546185e-05_1.11931388546185e-05_1.11931388546185e-05_1.11931388546185e-05_1.11931388546185e-05
1016,5120,10-3-3-1-1,3.42012576113344e-05_3.42012576113344e-05_3.42012576113344e-05_3.42012576113344e-05_3.42012576113344e-05
1016,5121,76-4-4-2-1,8.0839336172245e-06_8.0839336172245e-06_8.0839336172245e-06_8.0839336172245e-06_8.0839336172245e-06
1016,5122,45-5-5-1-1,1.49241851394914e-05_1.49241851394914e-05_1.49241851394914e-05_1.49241851394914e-05_1.49241851394914e-05
1016,5123,11-4-4-2-1,3.91759859911649e-05_3.91759859911649e-05_3.91759859911649e-05_3.91759859911649e-05_3.91759859911649e-05
1016,5124,11-4-4-2-1,1.55460261869702e-05_1.55460261869702e-05_1.55460261869702e-05_1.55460261869702e-05_1.55460261869702e-05
1016,5125,47-22-8-1-1,0.000225728300234807_0.000225728300234807_0.000225728300234807_0.000225728300234807_0.000225728300234807
1016,5126,51-22-8-1-1,4.97472837983046e-06_4.97472837983046e-06_4.97472837983046e-06_4.97472837983046e-06_4.97472837983046e-06
1016,5127,126-29-2-2-1,0.000261795080988578_0.000261795080988578_0.000261795080988578_0.000261795080988578_0.000261795080988578
1016,5128,172-40-4-2-1,4.97472837983046e-06_4.97472837983046e-06_4.97472837983046e-06_4.97472837983046e-06_4.97472837983046e-06
1016,5129,163-43-4-2-1,1.86552314243642e-05_1.86552314243642e-05_1.86552314243642e-05_1.86552314243642e-05_1.86552314243642e-05
1016,5130,172-40-4-2-1,3.10920523739404e-06_3.10920523739404e-06_3.10920523739404e-06_3.10920523739404e-06_3.10920523739404e-06
1016,5131,126-29-2-2-1,6.34277868428384e-05_6.34277868428384e-05_6.34277868428384e-05_6.34277868428384e-05_6.34277868428384e-05
1016,5132,145-25-8-1-1,1.74115493294066e-05_1.74115493294066e-05_1.74115493294066e-05_1.74115493294066e-05_1.74115493294066e-05
1016,5133,102-13-6-2-1,3.79323038962073e-05_3.79323038962073e-05_3.79323038962073e-05_3.79323038962073e-05_3.79323038962073e-05
1016,5134,185-41-9-2-1,3.10920523739404e-06_3.10920523739404e-06_3.10920523739404e-06_3.10920523739404e-06_3.10920523739404e-06
1016,5135,113-31-9-2-1,1.36805030445338e-05_1.36805030445338e-05_1.36805030445338e-05_1.36805030445338e-05_1.36805030445338e-05
1016,5136,142-42-12-1-1,4.97472837983046e-06_4.97472837983046e-06_4.97472837983046e-06_4.97472837983046e-06_4.97472837983046e-06
1016,5137,141-42-12-1-1,4.35288733235165e-06_4.35288733235165e-06_4.35288733235165e-06_4.35288733235165e-06_4.35288733235165e-06
1016,5138,26-15-9-2-1,3.2335734468898e-05_3.2335734468898e-05_3.2335734468898e-05_3.2335734468898e-05_3.2335734468898e-05
1016,5139,212-41-9-2-1,3.10920523739404e-06_3.10920523739404e-06_3.10920523739404e-06_3.10920523739404e-06_3.10920523739404e-06
1016,5140,122-16-2-2-1,5.22346479882198e-05_5.22346479882198e-05_5.22346479882198e-05_5.22346479882198e-05_5.22346479882198e-05
1016,5141,152-32-10-1-1,3.73104628487285e-06_3.73104628487285e-06_3.73104628487285e-06_3.73104628487285e-06_3.73104628487285e-06
1016,5142,58-13-6-2-1,0.000310298682691925_0.000310298682691925_0.000310298682691925_0.000310298682691925_0.000310298682691925
1016,5143,133-12-8-1-1,5.90748995104867e-05_5.90748995104867e-05_5.90748995104867e-05_5.90748995104867e-05_5.90748995104867e-05
1016,5144,111-8-3-1-1,0.000207694909857922_0.000207694909857922_0.000207694909857922_0.000207694909857922_0.000207694909857922
1016,5145,169-32-10-1-1,5.34783300831775e-05_5.34783300831775e-05_5.34783300831775e-05_5.34783300831775e-05_5.34783300831775e-05
1016,5146,185-41-9-2-1,4.97472837983046e-06_4.97472837983046e-06_4.97472837983046e-06_4.97472837983046e-06_4.97472837983046e-06
1016,5147,22-13-6-2-1,6.1562263700402e-05_6.1562263700402e-05_6.1562263700402e-05_6.1562263700402e-05_6.1562263700402e-05
1016,5148,173-5-5-1-1,0.00135063875512397_0.00135063875512397_0.00135063875512397_0.00135063875512397_0.00135063875512397
1016,5149,45-5-5-1-1,5.41001711306563e-05_5.41001711306563e-05_5.41001711306563e-05_5.41001711306563e-05_5.41001711306563e-05
1016,5150,76-4-4-2-1,1.3058661997055e-05_1.3058661997055e-05_1.3058661997055e-05_1.3058661997055e-05_1.3058661997055e-05
1016,5151,1-1-1-1-1,2.11425956142795e-05_2.11425956142795e-05_2.11425956142795e-05_2.11425956142795e-05_2.11425956142795e-05
1016,5152,172-40-4-2-1,4.35288733235165e-06_4.35288733235165e-06_4.35288733235165e-06_4.35288733235165e-06_4.35288733235165e-06
1016,5153,1-1-1-1-1,2.67391650415887e-05_2.67391650415887e-05_2.67391650415887e-05_2.67391650415887e-05_2.67391650415887e-05
1016,5154,128-7-4-2-1,1.05712978071397e-05_1.05712978071397e-05_1.05712978071397e-05_1.05712978071397e-05_1.05712978071397e-05
1016,5155,44-13-6-2-1,4.97472837983046e-06_4.97472837983046e-06_4.97472837983046e-06_4.97472837983046e-06_4.97472837983046e-06
1016,5156,218-7-4-2-1,5.59656942730927e-06_5.59656942730927e-06_5.59656942730927e-06_5.59656942730927e-06_5.59656942730927e-06
1016,5157,185-41-9-2-1,3.10920523739404e-06_3.10920523739404e-06_3.10920523739404e-06_3.10920523739404e-06_3.10920523739404e-06
1016,5158,112-14-4-2-1,3.10920523739404e-06_3.10920523739404e-06_3.10920523739404e-06_3.10920523739404e-06_3.10920523739404e-06
1016,5159,45-5-5-1-1,4.35288733235165e-06_4.35288733235165e-06_4.35288733235165e-06_4.35288733235165e-06_4.35288733235165e-06
1016,5160,159-4-4-2-1,1.55460261869702e-05_1.55460261869702e-05_1.55460261869702e-05_1.55460261869702e-05_1.55460261869702e-05
1016,5161,122-16-2-2-1,9.32761571218212e-06_9.32761571218212e-06_9.32761571218212e-06_9.32761571218212e-06_9.32761571218212e-06
1016,5162,151-19-9-2-1,1.24368209495762e-05_1.24368209495762e-05_1.24368209495762e-05_1.24368209495762e-05_1.24368209495762e-05
1016,5163,150-30-1-1-1,2.23862777092371e-05_2.23862777092371e-05_2.23862777092371e-05_2.23862777092371e-05_2.23862777092371e-05
1016,5164,218-7-4-2-1,1.9277072471843e-05_1.9277072471843e-05_1.9277072471843e-05_1.9277072471843e-05_1.9277072471843e-05
1016,5165,167-18-4-2-1,4.97472837983046e-06_4.97472837983046e-06_4.97472837983046e-06_4.97472837983046e-06_4.97472837983046e-06
1016,5166,191-37-4-2-1,8.70577466470331e-06_8.70577466470331e-06_8.70577466470331e-06_8.70577466470331e-06_8.70577466470331e-06
1016,5167,18-12-8-1-1,1.05712978071397e-05_1.05712978071397e-05_1.05712978071397e-05_1.05712978071397e-05_1.05712978071397e-05
1016,5168,151-19-9-2-1,3.10920523739404e-06_3.10920523739404e-06_3.10920523739404e-06_3.10920523739404e-06_3.10920523739404e-06
1016,5169,75-1-1-1-1,3.73104628487285e-06_3.73104628487285e-06_3.73104628487285e-06_3.73104628487285e-06_3.73104628487285e-06
1016,5170,177-7-4-2-1,1.43023440920126e-05_1.43023440920126e-05_1.43023440920126e-05_1.43023440920126e-05_1.43023440920126e-05
1016,5171,199-19-9-2-1,1.36805030445338e-05_1.36805030445338e-05_1.36805030445338e-05_1.36805030445338e-05_1.36805030445338e-05
1016,5172,185-41-9-2-1,4.97472837983046e-06_4.97472837983046e-06_4.97472837983046e-06_4.97472837983046e-06_4.97472837983046e-06
1016,5173,130-12-8-1-1,5.09909658932622e-05_5.09909658932622e-05_5.09909658932622e-05_5.09909658932622e-05_5.09909658932622e-05
1016,5174,185-41-9-2-1,3.10920523739404e-06_3.10920523739404e-06_3.10920523739404e-06_3.10920523739404e-06_3.10920523739404e-06
1016,5175,130-12-8-1-1,2.9226529231504e-05_2.9226529231504e-05_2.9226529231504e-05_2.9226529231504e-05_2.9226529231504e-05
1016,5176,172-40-4-2-1,2.48736418991523e-06_2.48736418991523e-06_2.48736418991523e-06_2.48736418991523e-06_2.48736418991523e-06
1016,5178,76-4-4-2-1,1.36805030445338e-05_1.36805030445338e-05_1.36805030445338e-05_1.36805030445338e-05_1.36805030445338e-05
1016,5179,227-41-9-2-1,2.48736418991523e-06_2.48736418991523e-06_2.48736418991523e-06_2.48736418991523e-06_2.48736418991523e-06
1016,5180,176-20-9-2-1,1.6167867234449e-05_1.6167867234449e-05_1.6167867234449e-05_1.6167867234449e-05_1.6167867234449e-05
1016,5181,180-40-4-2-1,5.59656942730927e-06_5.59656942730927e-06_5.59656942730927e-06_5.59656942730927e-06_5.59656942730927e-06
1016,5182,200-15-9-2-1,3.73104628487285e-06_3.73104628487285e-06_3.73104628487285e-06_3.73104628487285e-06_3.73104628487285e-06
1016,5183,113-31-9-2-1,5.90748995104867e-05_5.90748995104867e-05_5.90748995104867e-05_5.90748995104867e-05_5.90748995104867e-05
1016,5184,199-19-9-2-1,6.84025152226688e-06_6.84025152226688e-06_6.84025152226688e-06_6.84025152226688e-06_6.84025152226688e-06
1016,5185,128-7-4-2-1,6.84025152226688e-06_6.84025152226688e-06_6.84025152226688e-06_6.84025152226688e-06_6.84025152226688e-06
1016,5186,79-32-10-1-1,8.70577466470331e-06_8.70577466470331e-06_8.70577466470331e-06_8.70577466470331e-06_8.70577466470331e-06
1016,5187,70-27-8-1-1,4.35288733235165e-06_4.35288733235165e-06_4.35288733235165e-06_4.35288733235165e-06_4.35288733235165e-06
1016,5188,185-41-9-2-1,7.46209256974569e-06_7.46209256974569e-06_7.46209256974569e-06_7.46209256974569e-06_7.46209256974569e-06
1016,5189,160-30-1-1-1,8.70577466470331e-06_8.70577466470331e-06_8.70577466470331e-06_8.70577466470331e-06_8.70577466470331e-06
1016,5190,161-36-10-1-1,1.18149799020973e-05_1.18149799020973e-05_1.18149799020973e-05_1.18149799020973e-05_1.18149799020973e-05
1016,5191,172-40-4-2-1,4.35288733235165e-06_4.35288733235165e-06_4.35288733235165e-06_4.35288733235165e-06_4.35288733235165e-06
1016,5192,123-41-9-2-1,1.24368209495762e-05_1.24368209495762e-05_1.24368209495762e-05_1.24368209495762e-05_1.24368209495762e-05
1016,5193,105-8-3-1-1,1.6167867234449e-05_1.6167867234449e-05_1.6167867234449e-05_1.6167867234449e-05_1.6167867234449e-05
1016,5194,68-30-1-1-1,3.35794165638556e-05_3.35794165638556e-05_3.35794165638556e-05_3.35794165638556e-05_3.35794165638556e-05
1016,5195,172-40-4-2-1,4.35288733235165e-06_4.35288733235165e-06_4.35288733235165e-06_4.35288733235165e-06_4.35288733235165e-06
1016,5196,29-17-10-1-1,0.000373726469534763_0.000373726469534763_0.000373726469534763_0.000373726469534763_0.000373726469534763
1016,5197,36-6-6-2-1,3.48230986588132e-05_3.48230986588132e-05_3.48230986588132e-05_3.48230986588132e-05_3.48230986588132e-05
1016,5198,126-29-2-2-1,6.90243562701477e-05_6.90243562701477e-05_6.90243562701477e-05_6.90243562701477e-05_6.90243562701477e-05
1016,5199,112-14-4-2-1,1.49241851394914e-05_1.49241851394914e-05_1.49241851394914e-05_1.49241851394914e-05_1.49241851394914e-05
1016,5200,185-41-9-2-1,6.84025152226688e-06_6.84025152226688e-06_6.84025152226688e-06_6.84025152226688e-06_6.84025152226688e-06
1016,5201,8-7-4-2-1,9.32761571218212e-06_9.32761571218212e-06_9.32761571218212e-06_9.32761571218212e-06_9.32761571218212e-06
1016,5202,63-27-8-1-1,8.70577466470331e-06_8.70577466470331e-06_8.70577466470331e-06_8.70577466470331e-06_8.70577466470331e-06
1016,5203,153-18-4-2-1,2.48736418991523e-06_2.48736418991523e-06_2.48736418991523e-06_2.48736418991523e-06_2.48736418991523e-06
1016,5204,209-35-4-2-1,6.84025152226688e-06_6.84025152226688e-06_6.84025152226688e-06_6.84025152226688e-06_6.84025152226688e-06
1016,5205,199-19-9-2-1,4.22851912285589e-05_4.22851912285589e-05_4.22851912285589e-05_4.22851912285589e-05_4.22851912285589e-05
1016,5206,128-7-4-2-1,5.59656942730927e-06_5.59656942730927e-06_5.59656942730927e-06_5.59656942730927e-06_5.59656942730927e-06
1016,5207,185-41-9-2-1,3.73104628487285e-06_3.73104628487285e-06_3.73104628487285e-06_3.73104628487285e-06_3.73104628487285e-06
1016,5208,149-16-2-2-1,5.28564890356987e-05_5.28564890356987e-05_5.28564890356987e-05_5.28564890356987e-05_5.28564890356987e-05
1016,5209,179-26-4-2-1,4.35288733235165e-06_4.35288733235165e-06_4.35288733235165e-06_4.35288733235165e-06_4.35288733235165e-06
1016,5210,144-43-4-2-1,9.32761571218212e-06_9.32761571218212e-06_9.32761571218212e-06_9.32761571218212e-06_9.32761571218212e-06
1016,5211,149-16-2-2-1,6.21841047478808e-06_6.21841047478808e-06_6.21841047478808e-06_6.21841047478808e-06_6.21841047478808e-06
1016,5212,208-30-1-1-1,2.48736418991523e-06_2.48736418991523e-06_2.48736418991523e-06_2.48736418991523e-06_2.48736418991523e-06
1016,5213,51-22-8-1-1,6.21841047478808e-06_6.21841047478808e-06_6.21841047478808e-06_6.21841047478808e-06_6.21841047478808e-06
1016,5214,31-6-6-2-1,0.000285425040792773_0.000285425040792773_0.000285425040792773_0.000285425040792773_0.000285425040792773
1016,5215,128-7-4-2-1,6.90243562701477e-05_6.90243562701477e-05_6.90243562701477e-05_6.90243562701477e-05_6.90243562701477e-05
1016,5216,128-7-4-2-1,4.97472837983046e-06_4.97472837983046e-06_4.97472837983046e-06_4.97472837983046e-06_4.97472837983046e-06
1016,5217,8-7-4-2-1,5.59656942730927e-06_5.59656942730927e-06_5.59656942730927e-06_5.59656942730927e-06_5.59656942730927e-06
1016,5218,37-11-4-2-1,0.000175359175389024_0.000175359175389024_0.000175359175389024_0.000175359175389024_0.000175359175389024
1016,5219,228-17-10-1-1,0.000129964778923071_0.000129964778923071_0.000129964778923071_0.000129964778923071_0.000129964778923071
1016,5220,7-4-4-2-1,1.36805030445338e-05_1.36805030445338e-05_1.36805030445338e-05_1.36805030445338e-05_1.36805030445338e-05
1016,5221,54-26-4-2-1,7.52427667449357e-05_7.52427667449357e-05_7.52427667449357e-05_7.52427667449357e-05_7.52427667449357e-05
1016,5222,55-22-8-1-1,1.24368209495762e-05_1.24368209495762e-05_1.24368209495762e-05_1.24368209495762e-05_1.24368209495762e-05
1016,5223,142-42-12-1-1,6.21841047478808e-06_6.21841047478808e-06_6.21841047478808e-06_6.21841047478808e-06_6.21841047478808e-06
1016,5224,79-32-10-1-1,0.000117527957973495_0.000117527957973495_0.000117527957973495_0.000117527957973495_0.000117527957973495
1016,5225,25-10-2-2-1,3.73104628487285e-06_3.73104628487285e-06_3.73104628487285e-06_3.73104628487285e-06_3.73104628487285e-06
1016,5226,140-42-12-1-1,7.46209256974569e-06_7.46209256974569e-06_7.46209256974569e-06_7.46209256974569e-06_7.46209256974569e-06
1016,5227,55-22-8-1-1,4.97472837983046e-06_4.97472837983046e-06_4.97472837983046e-06_4.97472837983046e-06_4.97472837983046e-06
1016,5228,153-18-4-2-1,6.84025152226688e-06_6.84025152226688e-06_6.84025152226688e-06_6.84025152226688e-06_6.84025152226688e-06
1016,5229,177-7-4-2-1,7.46209256974569e-06_7.46209256974569e-06_7.46209256974569e-06_7.46209256974569e-06_7.46209256974569e-06
1016,5230,112-14-4-2-1,3.73104628487285e-06_3.73104628487285e-06_3.73104628487285e-06_3.73104628487285e-06_3.73104628487285e-06
1016,5231,221-35-4-2-1,8.70577466470331e-06_8.70577466470331e-06_8.70577466470331e-06_8.70577466470331e-06_8.70577466470331e-06
1016,5232,167-18-4-2-1,4.35288733235165e-06_4.35288733235165e-06_4.35288733235165e-06_4.35288733235165e-06_4.35288733235165e-06
1016,5233,49-22-8-1-1,7.46209256974569e-06_7.46209256974569e-06_7.46209256974569e-06_7.46209256974569e-06_7.46209256974569e-06
1016,5234,106-39-11-1-1,0.000319626298404107_0.000319626298404107_0.000319626298404107_0.000319626298404107_0.000319626298404107
1016,5235,137-26-4-2-1,7.46209256974569e-06_7.46209256974569e-06_7.46209256974569e-06_7.46209256974569e-06_7.46209256974569e-06
1016,5236,51-22-8-1-1,1.43023440920126e-05_1.43023440920126e-05_1.43023440920126e-05_1.43023440920126e-05_1.43023440920126e-05
1016,5237,126-29-2-2-1,6.96461973176265e-05_6.96461973176265e-05_6.96461973176265e-05_6.96461973176265e-05_6.96461973176265e-05
1016,5238,26-15-9-2-1,4.35288733235165e-06_4.35288733235165e-06_4.35288733235165e-06_4.35288733235165e-06_4.35288733235165e-06
1016,5239,25-10-2-2-1,8.0839336172245e-06_8.0839336172245e-06_8.0839336172245e-06_8.0839336172245e-06_8.0839336172245e-06
1016,5240,163-43-4-2-1,5.59656942730927e-06_5.59656942730927e-06_5.59656942730927e-06_5.59656942730927e-06_5.59656942730927e-06
1016,5241,199-19-9-2-1,9.32761571218212e-06_9.32761571218212e-06_9.32761571218212e-06_9.32761571218212e-06_9.32761571218212e-06
1016,5242,163-43-4-2-1,4.35288733235165e-06_4.35288733235165e-06_4.35288733235165e-06_4.35288733235165e-06_4.35288733235165e-06
1016,5243,114-40-4-2-1,3.48230986588132e-05_3.48230986588132e-05_3.48230986588132e-05_3.48230986588132e-05_3.48230986588132e-05
1016,5244,122-16-2-2-1,8.0839336172245e-06_8.0839336172245e-06_8.0839336172245e-06_8.0839336172245e-06_8.0839336172245e-06
1016,5245,40-23-8-1-1,4.35288733235165e-06_4.35288733235165e-06_4.35288733235165e-06_4.35288733235165e-06_4.35288733235165e-06
1016,5246,163-43-4-2-1,6.84025152226688e-06_6.84025152226688e-06_6.84025152226688e-06_6.84025152226688e-06_6.84025152226688e-06
1016,5247,79-32-10-1-1,5.53438532256139e-05_5.53438532256139e-05_5.53438532256139e-05_5.53438532256139e-05_5.53438532256139e-05
1016,5248,171-18-4-2-1,1.67897082819278e-05_1.67897082819278e-05_1.67897082819278e-05_1.67897082819278e-05_1.67897082819278e-05
1016,5249,226-32-10-1-1,8.02174951247662e-05_8.02174951247662e-05_8.02174951247662e-05_8.02174951247662e-05_8.02174951247662e-05
1016,5250,205-12-8-1-1,3.10920523739404e-06_3.10920523739404e-06_3.10920523739404e-06_3.10920523739404e-06_3.10920523739404e-06
1016,5251,122-16-2-2-1,4.97472837983046e-06_4.97472837983046e-06_4.97472837983046e-06_4.97472837983046e-06_4.97472837983046e-06
1016,5252,44-13-6-2-1,1.3058661997055e-05_1.3058661997055e-05_1.3058661997055e-05_1.3058661997055e-05_1.3058661997055e-05
1016,5253,185-41-9-2-1,3.73104628487285e-06_3.73104628487285e-06_3.73104628487285e-06_3.73104628487285e-06_3.73104628487285e-06
1016,5255,203-11-4-2-1,0.000246249054801608_0.000246249054801608_0.000246249054801608_0.000246249054801608_0.000246249054801608
1016,5256,153-18-4-2-1,3.48230986588132e-05_3.48230986588132e-05_3.48230986588132e-05_3.48230986588132e-05_3.48230986588132e-05
1016,5257,8-7-4-2-1,3.73104628487285e-06_3.73104628487285e-06_3.73104628487285e-06_3.73104628487285e-06_3.73104628487285e-06
1016,5258,126-29-2-2-1,5.22346479882198e-05_5.22346479882198e-05_5.22346479882198e-05_5.22346479882198e-05_5.22346479882198e-05
1016,5259,153-18-4-2-1,3.10920523739404e-06_3.10920523739404e-06_3.10920523739404e-06_3.10920523739404e-06_3.10920523739404e-06
1016,5260,222-35-4-2-1,1.6167867234449e-05_1.6167867234449e-05_1.6167867234449e-05_1.6167867234449e-05_1.6167867234449e-05
1016,5261,47-22-8-1-1,9.94945675966092e-06_9.94945675966092e-06_9.94945675966092e-06_9.94945675966092e-06_9.94945675966092e-06
1016,5262,44-13-6-2-1,4.97472837983046e-06_4.97472837983046e-06_4.97472837983046e-06_4.97472837983046e-06_4.97472837983046e-06
1016,5263,196-14-4-2-1,4.35288733235165e-06_4.35288733235165e-06_4.35288733235165e-06_4.35288733235165e-06_4.35288733235165e-06
1016,5264,147-11-4-2-1,6.21841047478808e-06_6.21841047478808e-06_6.21841047478808e-06_6.21841047478808e-06_6.21841047478808e-06
1016,5265,177-7-4-2-1,4.97472837983046e-06_4.97472837983046e-06_4.97472837983046e-06_4.97472837983046e-06_4.97472837983046e-06
1016,5266,229-5-5-1-1,0.00020334202252557_0.00020334202252557_0.00020334202252557_0.00020334202252557_0.00020334202252557
1016,5267,138-23-8-1-1,5.59656942730927e-06_5.59656942730927e-06_5.59656942730927e-06_5.59656942730927e-06_5.59656942730927e-06
1016,5268,151-19-9-2-1,4.97472837983046e-06_4.97472837983046e-06_4.97472837983046e-06_4.97472837983046e-06_4.97472837983046e-06
1016,5269,216-19-9-2-1,1.24368209495762e-05_1.24368209495762e-05_1.24368209495762e-05_1.24368209495762e-05_1.24368209495762e-05
1016,5270,42-13-6-2-1,8.83014287419907e-05_8.83014287419907e-05_8.83014287419907e-05_8.83014287419907e-05_8.83014287419907e-05
1016,5271,66-29-2-2-1,5.22346479882198e-05_5.22346479882198e-05_5.22346479882198e-05_5.22346479882198e-05_5.22346479882198e-05
1016,5272,66-29-2-2-1,7.46209256974569e-06_7.46209256974569e-06_7.46209256974569e-06_7.46209256974569e-06_7.46209256974569e-06
1016,5273,177-7-4-2-1,4.97472837983046e-06_4.97472837983046e-06_4.97472837983046e-06_4.97472837983046e-06_4.97472837983046e-06
1016,5274,227-41-9-2-1,1.80333903768854e-05_1.80333903768854e-05_1.80333903768854e-05_1.80333903768854e-05_1.80333903768854e-05
1016,5275,172-40-4-2-1,3.10920523739404e-06_3.10920523739404e-06_3.10920523739404e-06_3.10920523739404e-06_3.10920523739404e-06
1016,5276,153-18-4-2-1,3.10920523739404e-06_3.10920523739404e-06_3.10920523739404e-06_3.10920523739404e-06_3.10920523739404e-06
1016,5277,32-18-4-2-1,9.32761571218212e-06_9.32761571218212e-06_9.32761571218212e-06_9.32761571218212e-06_9.32761571218212e-06
1016,5278,179-26-4-2-1,6.84025152226688e-06_6.84025152226688e-06_6.84025152226688e-06_6.84025152226688e-06_6.84025152226688e-06
1016,5281,71-29-2-2-1,1.05712978071397e-05_1.05712978071397e-05_1.05712978071397e-05_1.05712978071397e-05_1.05712978071397e-05
1016,5282,200-15-9-2-1,4.97472837983046e-06_4.97472837983046e-06_4.97472837983046e-06_4.97472837983046e-06_4.97472837983046e-06
1016,5283,29-17-10-1-1,6.21841047478808e-06_6.21841047478808e-06_6.21841047478808e-06_6.21841047478808e-06_6.21841047478808e-06
1016,5284,185-41-9-2-1,3.73104628487285e-06_3.73104628487285e-06_3.73104628487285e-06_3.73104628487285e-06_3.73104628487285e-06
1016,5285,45-5-5-1-1,2.48736418991523e-06_2.48736418991523e-06_2.48736418991523e-06_2.48736418991523e-06_2.48736418991523e-06
1016,5286,140-42-12-1-1,7.46209256974569e-06_7.46209256974569e-06_7.46209256974569e-06_7.46209256974569e-06_7.46209256974569e-06
1016,5287,200-15-9-2-1,2.73610060890675e-05_2.73610060890675e-05_2.73610060890675e-05_2.73610060890675e-05_2.73610060890675e-05
1016,5288,45-5-5-1-1,3.73104628487285e-06_3.73104628487285e-06_3.73104628487285e-06_3.73104628487285e-06_3.73104628487285e-06
1016,5289,76-4-4-2-1,2.48736418991523e-06_2.48736418991523e-06_2.48736418991523e-06_2.48736418991523e-06_2.48736418991523e-06
1016,5290,172-40-4-2-1,4.35288733235165e-06_4.35288733235165e-06_4.35288733235165e-06_4.35288733235165e-06_4.35288733235165e-06
1016,5291,127-30-1-1-1,9.94945675966092e-06_9.94945675966092e-06_9.94945675966092e-06_9.94945675966092e-06_9.94945675966092e-06
1016,5292,205-12-8-1-1,3.10920523739404e-06_3.10920523739404e-06_3.10920523739404e-06_3.10920523739404e-06_3.10920523739404e-06
1016,5293,172-40-4-2-1,2.48736418991523e-06_2.48736418991523e-06_2.48736418991523e-06_2.48736418991523e-06_2.48736418991523e-06
1016,5294,128-7-4-2-1,3.73104628487285e-06_3.73104628487285e-06_3.73104628487285e-06_3.73104628487285e-06_3.73104628487285e-06
1016,5295,161-36-10-1-1,6.84025152226688e-06_6.84025152226688e-06_6.84025152226688e-06_6.84025152226688e-06_6.84025152226688e-06
1016,5296,93-16-2-2-1,0.000371860946392327_0.000371860946392327_0.000371860946392327_0.000371860946392327_0.000371860946392327
1016,5297,230-14-4-2-1,5.03691248457834e-05_5.03691248457834e-05_5.03691248457834e-05_5.03691248457834e-05_5.03691248457834e-05
1016,5298,221-35-4-2-1,6.84025152226688e-06_6.84025152226688e-06_6.84025152226688e-06_6.84025152226688e-06_6.84025152226688e-06
1016,5299,191-37-4-2-1,1.05712978071397e-05_1.05712978071397e-05_1.05712978071397e-05_1.05712978071397e-05_1.05712978071397e-05
1016,5300,112-14-4-2-1,0.00013058661997055_0.00013058661997055_0.00013058661997055_0.00013058661997055_0.00013058661997055
1016,5301,112-14-4-2-1,1.55460261869702e-05_1.55460261869702e-05_1.55460261869702e-05_1.55460261869702e-05_1.55460261869702e-05
1016,5302,179-26-4-2-1,2.48736418991523e-06_2.48736418991523e-06_2.48736418991523e-06_2.48736418991523e-06_2.48736418991523e-06
1016,5303,122-16-2-2-1,1.98989135193218e-05_1.98989135193218e-05_1.98989135193218e-05_1.98989135193218e-05_1.98989135193218e-05
1016,5304,148-29-2-2-1,8.70577466470331e-06_8.70577466470331e-06_8.70577466470331e-06_8.70577466470331e-06_8.70577466470331e-06
1016,5305,196-14-4-2-1,3.73104628487285e-06_3.73104628487285e-06_3.73104628487285e-06_3.73104628487285e-06_3.73104628487285e-06
1016,5306,180-40-4-2-1,3.10920523739404e-06_3.10920523739404e-06_3.10920523739404e-06_3.10920523739404e-06_3.10920523739404e-06
1016,5307,220-22-8-1-1,3.73104628487285e-06_3.73104628487285e-06_3.73104628487285e-06_3.73104628487285e-06_3.73104628487285e-06
1016,5308,122-16-2-2-1,1.24368209495762e-05_1.24368209495762e-05_1.24368209495762e-05_1.24368209495762e-05_1.24368209495762e-05
1016,5311,186-15-9-2-1,1.80333903768854e-05_1.80333903768854e-05_1.80333903768854e-05_1.80333903768854e-05_1.80333903768854e-05
1016,5312,140-42-12-1-1,5.59656942730927e-06_5.59656942730927e-06_5.59656942730927e-06_5.59656942730927e-06_5.59656942730927e-06
1016,5313,177-7-4-2-1,0.000113175070641143_0.000113175070641143_0.000113175070641143_0.000113175070641143_0.000113175070641143
1016,5314,144-43-4-2-1,9.63853623592152e-05_9.63853623592152e-05_9.63853623592152e-05_9.63853623592152e-05_9.63853623592152e-05
1016,5315,159-4-4-2-1,5.59656942730927e-06_5.59656942730927e-06_5.59656942730927e-06_5.59656942730927e-06_5.59656942730927e-06
1016,5316,112-14-4-2-1,8.0839336172245e-06_8.0839336172245e-06_8.0839336172245e-06_8.0839336172245e-06_8.0839336172245e-06
1016,5317,110-3-3-1-1,6.59151510327536e-05_6.59151510327536e-05_6.59151510327536e-05_6.59151510327536e-05_6.59151510327536e-05
1016,5318,134-29-2-2-1,6.28059457953596e-05_6.28059457953596e-05_6.28059457953596e-05_6.28059457953596e-05_6.28059457953596e-05
1016,5319,76-4-4-2-1,4.35288733235165e-06_4.35288733235165e-06_4.35288733235165e-06_4.35288733235165e-06_4.35288733235165e-06
1016,5320,177-7-4-2-1,1.43023440920126e-05_1.43023440920126e-05_1.43023440920126e-05_1.43023440920126e-05_1.43023440920126e-05
1016,5321,161-36-10-1-1,5.59656942730927e-06_5.59656942730927e-06_5.59656942730927e-06_5.59656942730927e-06_5.59656942730927e-06
1016,5322,122-16-2-2-1,6.59151510327536e-05_6.59151510327536e-05_6.59151510327536e-05_6.59151510327536e-05_6.59151510327536e-05
1016,5323,220-22-8-1-1,3.10920523739404e-06_3.10920523739404e-06_3.10920523739404e-06_3.10920523739404e-06_3.10920523739404e-06
1016,5324,57-7-4-2-1,1.98989135193218e-05_1.98989135193218e-05_1.98989135193218e-05_1.98989135193218e-05_1.98989135193218e-05
1016,5325,153-18-4-2-1,1.98989135193218e-05_1.98989135193218e-05_1.98989135193218e-05_1.98989135193218e-05_1.98989135193218e-05
1016,5326,44-13-6-2-1,4.35288733235165e-06_4.35288733235165e-06_4.35288733235165e-06_4.35288733235165e-06_4.35288733235165e-06
1016,5327,27-8-3-1-1,7.7730130934851e-05_7.7730130934851e-05_7.7730130934851e-05_7.7730130934851e-05_7.7730130934851e-05
1016,5328,141-42-12-1-1,1.24368209495762e-05_1.24368209495762e-05_1.24368209495762e-05_1.24368209495762e-05_1.24368209495762e-05
1016,5329,141-42-12-1-1,8.70577466470331e-06_8.70577466470331e-06_8.70577466470331e-06_8.70577466470331e-06_8.70577466470331e-06
1016,5330,167-18-4-2-1,3.10920523739404e-06_3.10920523739404e-06_3.10920523739404e-06_3.10920523739404e-06_3.10920523739404e-06
1016,5331,160-30-1-1-1,4.97472837983046e-06_4.97472837983046e-06_4.97472837983046e-06_4.97472837983046e-06_4.97472837983046e-06
1016,5332,121-39-11-1-1,3.73104628487285e-06_3.73104628487285e-06_3.73104628487285e-06_3.73104628487285e-06_3.73104628487285e-06
1016,5333,191-37-4-2-1,7.46209256974569e-06_7.46209256974569e-06_7.46209256974569e-06_7.46209256974569e-06_7.46209256974569e-06
1016,5334,37-11-4-2-1,4.35288733235165e-06_4.35288733235165e-06_4.35288733235165e-06_4.35288733235165e-06_4.35288733235165e-06
1016,5335,44-13-6-2-1,1.18149799020973e-05_1.18149799020973e-05_1.18149799020973e-05_1.18149799020973e-05_1.18149799020973e-05
1016,5336,148-29-2-2-1,1.80333903768854e-05_1.80333903768854e-05_1.80333903768854e-05_1.80333903768854e-05_1.80333903768854e-05
1016,5337,213-15-9-2-1,9.94945675966092e-06_9.94945675966092e-06_9.94945675966092e-06_9.94945675966092e-06_9.94945675966092e-06
1016,5338,151-19-9-2-1,4.97472837983046e-06_4.97472837983046e-06_4.97472837983046e-06_4.97472837983046e-06_4.97472837983046e-06
1016,5339,188-14-4-2-1,9.32761571218212e-06_9.32761571218212e-06_9.32761571218212e-06_9.32761571218212e-06_9.32761571218212e-06
1016,5340,102-13-6-2-1,2.9226529231504e-05_2.9226529231504e-05_2.9226529231504e-05_2.9226529231504e-05_2.9226529231504e-05
1016,5341,44-13-6-2-1,4.66380785609106e-05_4.66380785609106e-05_4.66380785609106e-05_4.66380785609106e-05_4.66380785609106e-05
1016,5342,35-20-9-2-1,1.86552314243642e-06_1.86552314243642e-06_1.86552314243642e-06_1.86552314243642e-06_1.86552314243642e-06
1016,5343,179-26-4-2-1,3.73104628487285e-06_3.73104628487285e-06_3.73104628487285e-06_3.73104628487285e-06_3.73104628487285e-06
1016,5344,116-36-10-1-1,2.79828471365463e-05_2.79828471365463e-05_2.79828471365463e-05_2.79828471365463e-05_2.79828471365463e-05
1016,5345,221-35-4-2-1,1.86552314243642e-06_1.86552314243642e-06_1.86552314243642e-06_1.86552314243642e-06_1.86552314243642e-06
1016,5346,47-22-8-1-1,3.10920523739404e-05_3.10920523739404e-05_3.10920523739404e-05_3.10920523739404e-05_3.10920523739404e-05
1016,5348,147-11-4-2-1,3.73104628487285e-06_3.73104628487285e-06_3.73104628487285e-06_3.73104628487285e-06_3.73104628487285e-06
1016,5350,49-22-8-1-1,7.46209256974569e-06_7.46209256974569e-06_7.46209256974569e-06_7.46209256974569e-06_7.46209256974569e-06
1016,5351,4-4-4-2-1,9.32761571218212e-06_9.32761571218212e-06_9.32761571218212e-06_9.32761571218212e-06_9.32761571218212e-06
1016,5352,153-18-4-2-1,4.35288733235165e-06_4.35288733235165e-06_4.35288733235165e-06_4.35288733235165e-06_4.35288733235165e-06
1016,5353,221-35-4-2-1,6.84025152226688e-06_6.84025152226688e-06_6.84025152226688e-06_6.84025152226688e-06_6.84025152226688e-06
1016,5354,32-18-4-2-1,3.73104628487285e-06_3.73104628487285e-06_3.73104628487285e-06_3.73104628487285e-06_3.73104628487285e-06
1016,5355,34-19-9-2-1,4.35288733235165e-06_4.35288733235165e-06_4.35288733235165e-06_4.35288733235165e-06_4.35288733235165e-06
1016,5356,128-7-4-2-1,6.21841047478808e-06_6.21841047478808e-06_6.21841047478808e-06_6.21841047478808e-06_6.21841047478808e-06
1016,5357,128-7-4-2-1,6.21841047478808e-06_6.21841047478808e-06_6.21841047478808e-06_6.21841047478808e-06_6.21841047478808e-06
1016,5358,176-20-9-2-1,4.35288733235165e-06_4.35288733235165e-06_4.35288733235165e-06_4.35288733235165e-06_4.35288733235165e-06
1016,5359,216-19-9-2-1,3.10920523739404e-06_3.10920523739404e-06_3.10920523739404e-06_3.10920523739404e-06_3.10920523739404e-06
1016,5360,216-19-9-2-1,2.48736418991523e-06_2.48736418991523e-06_2.48736418991523e-06_2.48736418991523e-06_2.48736418991523e-06
1016,5361,44-13-6-2-1,6.84025152226688e-06_6.84025152226688e-06_6.84025152226688e-06_6.84025152226688e-06_6.84025152226688e-06
1016,5362,112-14-4-2-1,6.84025152226688e-06_6.84025152226688e-06_6.84025152226688e-06_6.84025152226688e-06_6.84025152226688e-06
1016,5363,234-24-7-1-1,0.000106956660166355_0.000106956660166355_0.000106956660166355_0.000106956660166355_0.000106956660166355
1016,5364,199-19-9-2-1,1.55460261869702e-05_1.55460261869702e-05_1.55460261869702e-05_1.55460261869702e-05_1.55460261869702e-05
1016,5365,140-42-12-1-1,1.9277072471843e-05_1.9277072471843e-05_1.9277072471843e-05_1.9277072471843e-05_1.9277072471843e-05
1016,5366,8-7-4-2-1,3.10920523739404e-06_3.10920523739404e-06_3.10920523739404e-06_3.10920523739404e-06_3.10920523739404e-06
1016,5367,185-41-9-2-1,3.10920523739404e-06_3.10920523739404e-06_3.10920523739404e-06_3.10920523739404e-06_3.10920523739404e-06
1016,5368,204-35-4-2-1,9.94945675966092e-06_9.94945675966092e-06_9.94945675966092e-06_9.94945675966092e-06_9.94945675966092e-06
1016,5369,135-41-9-2-1,1.9277072471843e-05_1.9277072471843e-05_1.9277072471843e-05_1.9277072471843e-05_1.9277072471843e-05
1016,5370,172-40-4-2-1,4.35288733235165e-06_4.35288733235165e-06_4.35288733235165e-06_4.35288733235165e-06_4.35288733235165e-06
1016,5371,74-31-9-2-1,8.14611772197238e-05_8.14611772197238e-05_8.14611772197238e-05_8.14611772197238e-05_8.14611772197238e-05
1016,5372,32-18-4-2-1,1.3058661997055e-05_1.3058661997055e-05_1.3058661997055e-05_1.3058661997055e-05_1.3058661997055e-05
1016,5373,61-13-6-2-1,0.000295374497552434_0.000295374497552434_0.000295374497552434_0.000295374497552434_0.000295374497552434
1016,5374,227-41-9-2-1,3.73104628487285e-06_3.73104628487285e-06_3.73104628487285e-06_3.73104628487285e-06_3.73104628487285e-06
1016,5375,61-13-6-2-1,2.36299598041947e-05_2.36299598041947e-05_2.36299598041947e-05_2.36299598041947e-05_2.36299598041947e-05
1016,5377,188-14-4-2-1,4.35288733235165e-06_4.35288733235165e-06_4.35288733235165e-06_4.35288733235165e-06_4.35288733235165e-06
1016,5378,172-40-4-2-1,3.10920523739404e-06_3.10920523739404e-06_3.10920523739404e-06_3.10920523739404e-06_3.10920523739404e-06
1016,5379,134-29-2-2-1,3.73104628487285e-06_3.73104628487285e-06_3.73104628487285e-06_3.73104628487285e-06_3.73104628487285e-06
1016,5380,170-43-4-2-1,5.28564890356987e-05_5.28564890356987e-05_5.28564890356987e-05_5.28564890356987e-05_5.28564890356987e-05
1016,5381,170-43-4-2-1,6.40496278903172e-05_6.40496278903172e-05_6.40496278903172e-05_6.40496278903172e-05_6.40496278903172e-05
1016,5382,226-32-10-1-1,9.82508855016516e-05_9.82508855016516e-05_9.82508855016516e-05_9.82508855016516e-05_9.82508855016516e-05
1016,5383,138-23-8-1-1,1.18149799020973e-05_1.18149799020973e-05_1.18149799020973e-05_1.18149799020973e-05_1.18149799020973e-05
1016,5384,138-23-8-1-1,8.0839336172245e-06_8.0839336172245e-06_8.0839336172245e-06_8.0839336172245e-06_8.0839336172245e-06
1016,5385,177-7-4-2-1,4.97472837983046e-06_4.97472837983046e-06_4.97472837983046e-06_4.97472837983046e-06_4.97472837983046e-06
1016,5386,161-36-10-1-1,2.42518008516735e-05_2.42518008516735e-05_2.42518008516735e-05_2.42518008516735e-05_2.42518008516735e-05
1016,5387,116-36-10-1-1,4.97472837983046e-06_4.97472837983046e-06_4.97472837983046e-06_4.97472837983046e-06_4.97472837983046e-06
1016,5388,140-42-12-1-1,3.10920523739404e-06_3.10920523739404e-06_3.10920523739404e-06_3.10920523739404e-06_3.10920523739404e-06
1016,5389,44-13-6-2-1,1.18149799020973e-05_1.18149799020973e-05_1.18149799020973e-05_1.18149799020973e-05_1.18149799020973e-05
1016,5390,35-20-9-2-1,2.05207545668007e-05_2.05207545668007e-05_2.05207545668007e-05_2.05207545668007e-05_2.05207545668007e-05
1016,5391,168-2-2-2-1,3.17138934214192e-05_3.17138934214192e-05_3.17138934214192e-05_3.17138934214192e-05_3.17138934214192e-05
1016,5392,185-41-9-2-1,3.10920523739404e-06_3.10920523739404e-06_3.10920523739404e-06_3.10920523739404e-06_3.10920523739404e-06
1016,5393,172-40-4-2-1,3.2335734468898e-05_3.2335734468898e-05_3.2335734468898e-05_3.2335734468898e-05_3.2335734468898e-05
1016,5394,31-6-6-2-1,0.000454565805707008_0.000454565805707008_0.000454565805707008_0.000454565805707008_0.000454565805707008
1016,5395,216-19-9-2-1,3.10920523739404e-06_3.10920523739404e-06_3.10920523739404e-06_3.10920523739404e-06_3.10920523739404e-06
1016,5396,208-30-1-1-1,7.46209256974569e-06_7.46209256974569e-06_7.46209256974569e-06_7.46209256974569e-06_7.46209256974569e-06
1016,5397,45-5-5-1-1,4.35288733235165e-06_4.35288733235165e-06_4.35288733235165e-06_4.35288733235165e-06_4.35288733235165e-06
1016,5398,208-30-1-1-1,7.46209256974569e-06_7.46209256974569e-06_7.46209256974569e-06_7.46209256974569e-06_7.46209256974569e-06
1016,5399,208-30-1-1-1,2.23862777092371e-05_2.23862777092371e-05_2.23862777092371e-05_2.23862777092371e-05_2.23862777092371e-05
1016,5400,213-15-9-2-1,3.2335734468898e-05_3.2335734468898e-05_3.2335734468898e-05_3.2335734468898e-05_3.2335734468898e-05
1016,5401,96-13-6-2-1,0.000774192104111115_0.000774192104111115_0.000774192104111115_0.000774192104111115_0.000774192104111115
1016,5402,51-22-8-1-1,9.32761571218212e-06_9.32761571218212e-06_9.32761571218212e-06_9.32761571218212e-06_9.32761571218212e-06
1016,5403,184-31-9-2-1,4.97472837983046e-06_4.97472837983046e-06_4.97472837983046e-06_4.97472837983046e-06_4.97472837983046e-06
1016,5404,199-19-9-2-1,2.79828471365463e-05_2.79828471365463e-05_2.79828471365463e-05_2.79828471365463e-05_2.79828471365463e-05
1016,5405,160-30-1-1-1,8.70577466470331e-06_8.70577466470331e-06_8.70577466470331e-06_8.70577466470331e-06_8.70577466470331e-06
1016,5406,160-30-1-1-1,1.3058661997055e-05_1.3058661997055e-05_1.3058661997055e-05_1.3058661997055e-05_1.3058661997055e-05
1016,5407,163-43-4-2-1,4.97472837983046e-06_4.97472837983046e-06_4.97472837983046e-06_4.97472837983046e-06_4.97472837983046e-06
1016,5408,216-19-9-2-1,4.97472837983046e-06_4.97472837983046e-06_4.97472837983046e-06_4.97472837983046e-06_4.97472837983046e-06
1016,5409,188-14-4-2-1,3.10920523739404e-06_3.10920523739404e-06_3.10920523739404e-06_3.10920523739404e-06_3.10920523739404e-06
1016,5410,163-43-4-2-1,1.05712978071397e-05_1.05712978071397e-05_1.05712978071397e-05_1.05712978071397e-05_1.05712978071397e-05
1016,5411,83-33-5-1-1,1.24368209495762e-05_1.24368209495762e-05_1.24368209495762e-05_1.24368209495762e-05_1.24368209495762e-05
1016,5412,75-1-1-1-1,3.10920523739404e-06_3.10920523739404e-06_3.10920523739404e-06_3.10920523739404e-06_3.10920523739404e-06
1016,5413,159-4-4-2-1,4.41507143709953e-05_4.41507143709953e-05_4.41507143709953e-05_4.41507143709953e-05_4.41507143709953e-05
1016,5414,122-16-2-2-1,6.84025152226688e-06_6.84025152226688e-06_6.84025152226688e-06_6.84025152226688e-06_6.84025152226688e-06
1016,5415,138-23-8-1-1,7.46209256974569e-06_7.46209256974569e-06_7.46209256974569e-06_7.46209256974569e-06_7.46209256974569e-06
1016,5416,44-13-6-2-1,3.10920523739404e-06_3.10920523739404e-06_3.10920523739404e-06_3.10920523739404e-06_3.10920523739404e-06
1016,5417,128-7-4-2-1,5.59656942730927e-06_5.59656942730927e-06_5.59656942730927e-06_5.59656942730927e-06_5.59656942730927e-06
1016,5418,167-18-4-2-1,2.98483702789828e-05_2.98483702789828e-05_2.98483702789828e-05_2.98483702789828e-05_2.98483702789828e-05
1016,5419,225-31-9-2-1,5.28564890356987e-05_5.28564890356987e-05_5.28564890356987e-05_5.28564890356987e-05_5.28564890356987e-05
1016,5420,137-26-4-2-1,0.000220131730807498_0.000220131730807498_0.000220131730807498_0.000220131730807498_0.000220131730807498
1016,5421,137-26-4-2-1,0.000169140764914236_0.000169140764914236_0.000169140764914236_0.000169140764914236_0.000169140764914236
1016,5422,172-40-4-2-1,4.35288733235165e-06_4.35288733235165e-06_4.35288733235165e-06_4.35288733235165e-06_4.35288733235165e-06
1016,5423,95-37-4-2-1,3.48230986588132e-05_3.48230986588132e-05_3.48230986588132e-05_3.48230986588132e-05_3.48230986588132e-05
1016,5424,208-30-1-1-1,0.000404196680861225_0.000404196680861225_0.000404196680861225_0.000404196680861225_0.000404196680861225
1016,5425,34-19-9-2-1,6.34277868428384e-05_6.34277868428384e-05_6.34277868428384e-05_6.34277868428384e-05_6.34277868428384e-05
1016,5426,140-42-12-1-1,6.21841047478808e-06_6.21841047478808e-06_6.21841047478808e-06_6.21841047478808e-06_6.21841047478808e-06
1016,5427,197-30-1-1-1,4.60162375134318e-05_4.60162375134318e-05_4.60162375134318e-05_4.60162375134318e-05_4.60162375134318e-05
1016,5428,49-22-8-1-1,3.73104628487285e-06_3.73104628487285e-06_3.73104628487285e-06_3.73104628487285e-06_3.73104628487285e-06
1016,5429,172-40-4-2-1,3.10920523739404e-06_3.10920523739404e-06_3.10920523739404e-06_3.10920523739404e-06_3.10920523739404e-06
1016,5430,208-30-1-1-1,5.22346479882198e-05_5.22346479882198e-05_5.22346479882198e-05_5.22346479882198e-05_5.22346479882198e-05
1016,5431,8-7-4-2-1,4.35288733235165e-06_4.35288733235165e-06_4.35288733235165e-06_4.35288733235165e-06_4.35288733235165e-06
1016,5432,208-30-1-1-1,6.28059457953596e-05_6.28059457953596e-05_6.28059457953596e-05_6.28059457953596e-05_6.28059457953596e-05
1016,5433,175-20-9-2-1,4.35288733235165e-06_4.35288733235165e-06_4.35288733235165e-06_4.35288733235165e-06_4.35288733235165e-06
1016,5434,174-15-9-2-1,2.11425956142795e-05_2.11425956142795e-05_2.11425956142795e-05_2.11425956142795e-05_2.11425956142795e-05
1016,5435,53-21-4-2-1,5.41001711306563e-05_5.41001711306563e-05_5.41001711306563e-05_5.41001711306563e-05_5.41001711306563e-05
1016,5437,49-22-8-1-1,4.97472837983046e-06_4.97472837983046e-06_4.97472837983046e-06_4.97472837983046e-06_4.97472837983046e-06
1016,5438,154-25-8-1-1,9.32761571218212e-06_9.32761571218212e-06_9.32761571218212e-06_9.32761571218212e-06_9.32761571218212e-06
1016,5439,66-29-2-2-1,2.11425956142795e-05_2.11425956142795e-05_2.11425956142795e-05_2.11425956142795e-05_2.11425956142795e-05
1016,5440,121-39-11-1-1,3.10920523739404e-06_3.10920523739404e-06_3.10920523739404e-06_3.10920523739404e-06_3.10920523739404e-06
1016,5441,47-22-8-1-1,1.11931388546185e-05_1.11931388546185e-05_1.11931388546185e-05_1.11931388546185e-05_1.11931388546185e-05
1016,5442,156-37-4-2-1,0.000169762605961714_0.000169762605961714_0.000169762605961714_0.000169762605961714_0.000169762605961714
1016,5443,156-37-4-2-1,1.43023440920126e-05_1.43023440920126e-05_1.43023440920126e-05_1.43023440920126e-05_1.43023440920126e-05
1016,5444,76-4-4-2-1,1.55460261869702e-05_1.55460261869702e-05_1.55460261869702e-05_1.55460261869702e-05_1.55460261869702e-05
1016,5445,185-41-9-2-1,3.73104628487285e-06_3.73104628487285e-06_3.73104628487285e-06_3.73104628487285e-06_3.73104628487285e-06
1016,5446,156-37-4-2-1,0.000159191308154575_0.000159191308154575_0.000159191308154575_0.000159191308154575_0.000159191308154575
1016,5447,112-14-4-2-1,5.72093763680503e-05_5.72093763680503e-05_5.72093763680503e-05_5.72093763680503e-05_5.72093763680503e-05
1016,5448,156-37-4-2-1,6.84025152226688e-05_6.84025152226688e-05_6.84025152226688e-05_6.84025152226688e-05_6.84025152226688e-05
1016,5449,175-20-9-2-1,3.10920523739404e-06_3.10920523739404e-06_3.10920523739404e-06_3.10920523739404e-06_3.10920523739404e-06
1016,5450,172-40-4-2-1,3.73104628487285e-06_3.73104628487285e-06_3.73104628487285e-06_3.73104628487285e-06_3.73104628487285e-06
1016,5451,57-7-4-2-1,7.46209256974569e-06_7.46209256974569e-06_7.46209256974569e-06_7.46209256974569e-06_7.46209256974569e-06
1016,5452,32-18-4-2-1,3.10920523739404e-06_3.10920523739404e-06_3.10920523739404e-06_3.10920523739404e-06_3.10920523739404e-06
1016,5453,200-15-9-2-1,3.10920523739404e-06_3.10920523739404e-06_3.10920523739404e-06_3.10920523739404e-06_3.10920523739404e-06
1016,5454,185-41-9-2-1,3.10920523739404e-06_3.10920523739404e-06_3.10920523739404e-06_3.10920523739404e-06_3.10920523739404e-06
1016,5455,161-36-10-1-1,4.35288733235165e-06_4.35288733235165e-06_4.35288733235165e-06_4.35288733235165e-06_4.35288733235165e-06
1016,5456,167-18-4-2-1,3.10920523739404e-06_3.10920523739404e-06_3.10920523739404e-06_3.10920523739404e-06_3.10920523739404e-06
1016,5457,185-41-9-2-1,3.10920523739404e-06_3.10920523739404e-06_3.10920523739404e-06_3.10920523739404e-06_3.10920523739404e-06
1016,5459,180-40-4-2-1,2.73610060890675e-05_2.73610060890675e-05_2.73610060890675e-05_2.73610060890675e-05_2.73610060890675e-05
1016,5460,152-32-10-1-1,3.73104628487285e-06_3.73104628487285e-06_3.73104628487285e-06_3.73104628487285e-06_3.73104628487285e-06
1016,5461,185-41-9-2-1,5.59656942730927e-06_5.59656942730927e-06_5.59656942730927e-06_5.59656942730927e-06_5.59656942730927e-06
1016,5462,119-6-6-2-1,0.000203963863573049_0.000203963863573049_0.000203963863573049_0.000203963863573049_0.000203963863573049
1016,5463,221-35-4-2-1,1.3058661997055e-05_1.3058661997055e-05_1.3058661997055e-05_1.3058661997055e-05_1.3058661997055e-05
1016,5464,216-19-9-2-1,8.0839336172245e-06_8.0839336172245e-06_8.0839336172245e-06_8.0839336172245e-06_8.0839336172245e-06
1016,5465,179-26-4-2-1,1.55460261869702e-05_1.55460261869702e-05_1.55460261869702e-05_1.55460261869702e-05_1.55460261869702e-05
1016,5466,66-29-2-2-1,6.21841047478808e-06_6.21841047478808e-06_6.21841047478808e-06_6.21841047478808e-06_6.21841047478808e-06
1016,5467,79-32-10-1-1,7.46209256974569e-06_7.46209256974569e-06_7.46209256974569e-06_7.46209256974569e-06_7.46209256974569e-06
1016,5468,232-34-11-1-1,0.00128161439885382_0.00128161439885382_0.00128161439885382_0.00128161439885382_0.00128161439885382
1016,5469,199-19-9-2-1,3.10920523739404e-06_3.10920523739404e-06_3.10920523739404e-06_3.10920523739404e-06_3.10920523739404e-06
1016,5470,199-19-9-2-1,2.42518008516735e-05_2.42518008516735e-05_2.42518008516735e-05_2.42518008516735e-05_2.42518008516735e-05
1016,5471,185-41-9-2-1,2.48736418991523e-06_2.48736418991523e-06_2.48736418991523e-06_2.48736418991523e-06_2.48736418991523e-06
1016,5472,140-42-12-1-1,1.6167867234449e-05_1.6167867234449e-05_1.6167867234449e-05_1.6167867234449e-05_1.6167867234449e-05
1016,5473,236-42-12-1-1,5.59656942730927e-06_5.59656942730927e-06_5.59656942730927e-06_5.59656942730927e-06_5.59656942730927e-06
1016,5474,172-40-4-2-1,6.84025152226688e-06_6.84025152226688e-06_6.84025152226688e-06_6.84025152226688e-06_6.84025152226688e-06
1016,5475,226-32-10-1-1,3.73104628487285e-06_3.73104628487285e-06_3.73104628487285e-06_3.73104628487285e-06_3.73104628487285e-06
1016,5476,122-16-2-2-1,1.98989135193218e-05_1.98989135193218e-05_1.98989135193218e-05_1.98989135193218e-05_1.98989135193218e-05
1016,5477,44-13-6-2-1,1.86552314243642e-05_1.86552314243642e-05_1.86552314243642e-05_1.86552314243642e-05_1.86552314243642e-05
1016,5478,130-12-8-1-1,0.000169762605961714_0.000169762605961714_0.000169762605961714_0.000169762605961714_0.000169762605961714
1016,5479,130-12-8-1-1,5.22346479882198e-05_5.22346479882198e-05_5.22346479882198e-05_5.22346479882198e-05_5.22346479882198e-05
1016,5480,205-12-8-1-1,3.29575755163768e-05_3.29575755163768e-05_3.29575755163768e-05_3.29575755163768e-05_3.29575755163768e-05
1016,5481,175-20-9-2-1,1.55460261869702e-05_1.55460261869702e-05_1.55460261869702e-05_1.55460261869702e-05_1.55460261869702e-05
1016,5482,51-22-8-1-1,1.6167867234449e-05_1.6167867234449e-05_1.6167867234449e-05_1.6167867234449e-05_1.6167867234449e-05
1016,5483,140-42-12-1-1,3.73104628487285e-06_3.73104628487285e-06_3.73104628487285e-06_3.73104628487285e-06_3.73104628487285e-06
1016,5484,131-13-6-2-1,0.000115662434831058_0.000115662434831058_0.000115662434831058_0.000115662434831058_0.000115662434831058
1016,5485,227-41-9-2-1,1.3058661997055e-05_1.3058661997055e-05_1.3058661997055e-05_1.3058661997055e-05_1.3058661997055e-05
1016,5486,138-23-8-1-1,8.70577466470331e-06_8.70577466470331e-06_8.70577466470331e-06_8.70577466470331e-06_8.70577466470331e-06
1016,5487,66-29-2-2-1,3.73104628487285e-06_3.73104628487285e-06_3.73104628487285e-06_3.73104628487285e-06_3.73104628487285e-06
1016,5488,166-18-4-2-1,8.95451108369483e-05_8.95451108369483e-05_8.95451108369483e-05_8.95451108369483e-05_8.95451108369483e-05
1016,5489,152-32-10-1-1,0.000154838420822223_0.000154838420822223_0.000154838420822223_0.000154838420822223_0.000154838420822223
1016,5490,152-32-10-1-1,4.35288733235165e-06_4.35288733235165e-06_4.35288733235165e-06_4.35288733235165e-06_4.35288733235165e-06
1016,5491,152-32-10-1-1,4.97472837983046e-06_4.97472837983046e-06_4.97472837983046e-06_4.97472837983046e-06_4.97472837983046e-06
1016,5493,212-41-9-2-1,6.84025152226688e-06_6.84025152226688e-06_6.84025152226688e-06_6.84025152226688e-06_6.84025152226688e-06
1016,5494,149-16-2-2-1,8.02174951247662e-05_8.02174951247662e-05_8.02174951247662e-05_8.02174951247662e-05_8.02174951247662e-05
1016,5495,68-30-1-1-1,6.96461973176265e-05_6.96461973176265e-05_6.96461973176265e-05_6.96461973176265e-05_6.96461973176265e-05
1016,5496,26-15-9-2-1,6.21841047478808e-06_6.21841047478808e-06_6.21841047478808e-06_6.21841047478808e-06_6.21841047478808e-06
1016,5497,185-41-9-2-1,6.21841047478808e-06_6.21841047478808e-06_6.21841047478808e-06_6.21841047478808e-06_6.21841047478808e-06
1016,5498,121-39-11-1-1,5.59656942730927e-06_5.59656942730927e-06_5.59656942730927e-06_5.59656942730927e-06_5.59656942730927e-06
1016,5499,171-18-4-2-1,5.72093763680503e-05_5.72093763680503e-05_5.72093763680503e-05_5.72093763680503e-05_5.72093763680503e-05
1016,5500,128-7-4-2-1,3.10920523739404e-06_3.10920523739404e-06_3.10920523739404e-06_3.10920523739404e-06_3.10920523739404e-06
1016,5501,120-16-2-2-1,0.000144267123015083_0.000144267123015083_0.000144267123015083_0.000144267123015083_0.000144267123015083
1016,5502,185-41-9-2-1,5.59656942730927e-06_5.59656942730927e-06_5.59656942730927e-06_5.59656942730927e-06_5.59656942730927e-06
1016,5503,167-18-4-2-1,1.36805030445338e-05_1.36805030445338e-05_1.36805030445338e-05_1.36805030445338e-05_1.36805030445338e-05
1016,5504,153-18-4-2-1,4.35288733235165e-06_4.35288733235165e-06_4.35288733235165e-06_4.35288733235165e-06_4.35288733235165e-06
1016,5505,143-1-1-1-1,5.78312174155291e-05_5.78312174155291e-05_5.78312174155291e-05_5.78312174155291e-05_5.78312174155291e-05
1016,5506,235-34-11-1-1,2.30081187567159e-05_2.30081187567159e-05_2.30081187567159e-05_2.30081187567159e-05_2.30081187567159e-05
1016,5507,140-42-12-1-1,4.35288733235165e-06_4.35288733235165e-06_4.35288733235165e-06_4.35288733235165e-06_4.35288733235165e-06
1016,5508,49-22-8-1-1,8.0839336172245e-06_8.0839336172245e-06_8.0839336172245e-06_8.0839336172245e-06_8.0839336172245e-06
1016,5509,109-28-5-1-1,4.35288733235165e-06_4.35288733235165e-06_4.35288733235165e-06_4.35288733235165e-06_4.35288733235165e-06
1016,5510,180-40-4-2-1,9.32761571218212e-06_9.32761571218212e-06_9.32761571218212e-06_9.32761571218212e-06_9.32761571218212e-06
1016,5511,149-16-2-2-1,3.10920523739404e-06_3.10920523739404e-06_3.10920523739404e-06_3.10920523739404e-06_3.10920523739404e-06
1016,5512,44-13-6-2-1,2.17644366617583e-05_2.17644366617583e-05_2.17644366617583e-05_2.17644366617583e-05_2.17644366617583e-05
1016,5513,112-14-4-2-1,6.21841047478808e-06_6.21841047478808e-06_6.21841047478808e-06_6.21841047478808e-06_6.21841047478808e-06
1016,5514,74-31-9-2-1,4.97472837983046e-06_4.97472837983046e-06_4.97472837983046e-06_4.97472837983046e-06_4.97472837983046e-06
1016,5515,93-16-2-2-1,0.000202720181478091_0.000202720181478091_0.000202720181478091_0.000202720181478091_0.000202720181478091
1016,5516,121-39-11-1-1,8.0839336172245e-06_8.0839336172245e-06_8.0839336172245e-06_8.0839336172245e-06_8.0839336172245e-06
1016,5517,186-15-9-2-1,6.21841047478808e-06_6.21841047478808e-06_6.21841047478808e-06_6.21841047478808e-06_6.21841047478808e-06
1016,5518,29-17-10-1-1,6.84025152226688e-06_6.84025152226688e-06_6.84025152226688e-06_6.84025152226688e-06_6.84025152226688e-06
1016,5519,200-15-9-2-1,5.28564890356987e-05_5.28564890356987e-05_5.28564890356987e-05_5.28564890356987e-05_5.28564890356987e-05
1016,5520,142-42-12-1-1,1.36805030445338e-05_1.36805030445338e-05_1.36805030445338e-05_1.36805030445338e-05_1.36805030445338e-05
1016,5521,200-15-9-2-1,2.11425956142795e-05_2.11425956142795e-05_2.11425956142795e-05_2.11425956142795e-05_2.11425956142795e-05
1016,5522,142-42-12-1-1,4.35288733235165e-06_4.35288733235165e-06_4.35288733235165e-06_4.35288733235165e-06_4.35288733235165e-06
1016,5523,216-19-9-2-1,8.70577466470331e-06_8.70577466470331e-06_8.70577466470331e-06_8.70577466470331e-06_8.70577466470331e-06
1016,5524,197-30-1-1-1,6.21841047478808e-06_6.21841047478808e-06_6.21841047478808e-06_6.21841047478808e-06_6.21841047478808e-06
1016,5525,172-40-4-2-1,1.86552314243642e-06_1.86552314243642e-06_1.86552314243642e-06_1.86552314243642e-06_1.86552314243642e-06
1016,5526,122-16-2-2-1,8.70577466470331e-06_8.70577466470331e-06_8.70577466470331e-06_8.70577466470331e-06_8.70577466470331e-06
1016,5527,127-30-1-1-1,4.35288733235165e-06_4.35288733235165e-06_4.35288733235165e-06_4.35288733235165e-06_4.35288733235165e-06
1016,5528,47-22-8-1-1,9.94945675966092e-06_9.94945675966092e-06_9.94945675966092e-06_9.94945675966092e-06_9.94945675966092e-06
1016,5529,196-14-4-2-1,3.73104628487285e-05_3.73104628487285e-05_3.73104628487285e-05_3.73104628487285e-05_3.73104628487285e-05
1016,5530,227-41-9-2-1,2.61173239941099e-05_2.61173239941099e-05_2.61173239941099e-05_2.61173239941099e-05_2.61173239941099e-05
1016,5531,230-14-4-2-1,1.55460261869702e-05_1.55460261869702e-05_1.55460261869702e-05_1.55460261869702e-05_1.55460261869702e-05
1016,5532,185-41-9-2-1,3.73104628487285e-06_3.73104628487285e-06_3.73104628487285e-06_3.73104628487285e-06_3.73104628487285e-06
1016,5533,1-1-1-1-1,0.000430314004855335_0.000430314004855335_0.000430314004855335_0.000430314004855335_0.000430314004855335
1016,5534,55-22-8-1-1,1.49241851394914e-05_1.49241851394914e-05_1.49241851394914e-05_1.49241851394914e-05_1.49241851394914e-05
1016,5535,55-22-8-1-1,3.10920523739404e-06_3.10920523739404e-06_3.10920523739404e-06_3.10920523739404e-06_3.10920523739404e-06
1016,5536,209-35-4-2-1,4.35288733235165e-06_4.35288733235165e-06_4.35288733235165e-06_4.35288733235165e-06_4.35288733235165e-06
1016,5537,182-24-7-1-1,0.00259494269112906_0.00259494269112906_0.00259494269112906_0.00259494269112906_0.00259494269112906
1016,5538,174-15-9-2-1,2.11425956142795e-05_2.11425956142795e-05_2.11425956142795e-05_2.11425956142795e-05_2.11425956142795e-05
1016,5539,201-17-10-1-1,0.000133695825207944_0.000133695825207944_0.000133695825207944_0.000133695825207944_0.000133695825207944
1016,5540,25-10-2-2-1,0.00010944402435627_0.00010944402435627_0.00010944402435627_0.00010944402435627_0.00010944402435627
1016,5541,44-13-6-2-1,9.51416802642576e-05_9.51416802642576e-05_9.51416802642576e-05_9.51416802642576e-05_9.51416802642576e-05
1016,5542,180-40-4-2-1,6.84025152226688e-06_6.84025152226688e-06_6.84025152226688e-06_6.84025152226688e-06_6.84025152226688e-06
1016,5543,142-42-12-1-1,1.18149799020973e-05_1.18149799020973e-05_1.18149799020973e-05_1.18149799020973e-05_1.18149799020973e-05
1016,5544,179-26-4-2-1,8.70577466470331e-06_8.70577466470331e-06_8.70577466470331e-06_8.70577466470331e-06_8.70577466470331e-06
1016,5545,35-20-9-2-1,1.67897082819278e-05_1.67897082819278e-05_1.67897082819278e-05_1.67897082819278e-05_1.67897082819278e-05
1016,5546,212-41-9-2-1,5.90748995104867e-05_5.90748995104867e-05_5.90748995104867e-05_5.90748995104867e-05_5.90748995104867e-05
1016,5547,35-20-9-2-1,3.10920523739404e-06_3.10920523739404e-06_3.10920523739404e-06_3.10920523739404e-06_3.10920523739404e-06
1016,5548,201-17-10-1-1,2.05207545668007e-05_2.05207545668007e-05_2.05207545668007e-05_2.05207545668007e-05_2.05207545668007e-05
1016,5549,142-42-12-1-1,3.10920523739404e-06_3.10920523739404e-06_3.10920523739404e-06_3.10920523739404e-06_3.10920523739404e-06
1016,5550,205-12-8-1-1,3.73104628487285e-06_3.73104628487285e-06_3.73104628487285e-06_3.73104628487285e-06_3.73104628487285e-06
1016,5551,30-2-2-2-1,0.00345246149560234_0.00345246149560234_0.00345246149560234_0.00345246149560234_0.00345246149560234
1016,5552,26-15-9-2-1,2.48736418991523e-06_2.48736418991523e-06_2.48736418991523e-06_2.48736418991523e-06_2.48736418991523e-06
1016,5553,160-30-1-1-1,6.84025152226688e-06_6.84025152226688e-06_6.84025152226688e-06_6.84025152226688e-06_6.84025152226688e-06
1016,5554,26-15-9-2-1,9.94945675966092e-06_9.94945675966092e-06_9.94945675966092e-06_9.94945675966092e-06_9.94945675966092e-06
1016,5555,135-41-9-2-1,3.73104628487285e-05_3.73104628487285e-05_3.73104628487285e-05_3.73104628487285e-05_3.73104628487285e-05
1016,5556,20-3-3-1-1,0.00193019461137422_0.00193019461137422_0.00193019461137422_0.00193019461137422_0.00193019461137422
1016,5557,23-10-2-2-1,1.86552314243642e-05_1.86552314243642e-05_1.86552314243642e-05_1.86552314243642e-05_1.86552314243642e-05
1016,5558,147-11-4-2-1,4.35288733235165e-06_4.35288733235165e-06_4.35288733235165e-06_4.35288733235165e-06_4.35288733235165e-06
1016,5559,55-22-8-1-1,5.59656942730927e-06_5.59656942730927e-06_5.59656942730927e-06_5.59656942730927e-06_5.59656942730927e-06
1016,5560,152-32-10-1-1,1.67897082819278e-05_1.67897082819278e-05_1.67897082819278e-05_1.67897082819278e-05_1.67897082819278e-05
1016,5561,212-41-9-2-1,5.09909658932622e-05_5.09909658932622e-05_5.09909658932622e-05_5.09909658932622e-05_5.09909658932622e-05
1016,5562,126-29-2-2-1,6.21841047478808e-06_6.21841047478808e-06_6.21841047478808e-06_6.21841047478808e-06_6.21841047478808e-06
1016,5563,103-13-6-2-1,0.000195258088908346_0.000195258088908346_0.000195258088908346_0.000195258088908346_0.000195258088908346
1016,5564,191-37-4-2-1,3.73104628487285e-06_3.73104628487285e-06_3.73104628487285e-06_3.73104628487285e-06_3.73104628487285e-06
1016,5565,191-37-4-2-1,3.73104628487285e-06_3.73104628487285e-06_3.73104628487285e-06_3.73104628487285e-06_3.73104628487285e-06
1016,5566,214-26-4-2-1,1.24368209495762e-05_1.24368209495762e-05_1.24368209495762e-05_1.24368209495762e-05_1.24368209495762e-05
1016,5567,34-19-9-2-1,7.46209256974569e-06_7.46209256974569e-06_7.46209256974569e-06_7.46209256974569e-06_7.46209256974569e-06
1016,5568,66-29-2-2-1,2.30081187567159e-05_2.30081187567159e-05_2.30081187567159e-05_2.30081187567159e-05_2.30081187567159e-05
1016,5569,226-32-10-1-1,9.94945675966092e-06_9.94945675966092e-06_9.94945675966092e-06_9.94945675966092e-06_9.94945675966092e-06
1016,5570,66-29-2-2-1,3.73104628487285e-06_3.73104628487285e-06_3.73104628487285e-06_3.73104628487285e-06_3.73104628487285e-06
1016,5571,47-22-8-1-1,5.65875353205715e-05_5.65875353205715e-05_5.65875353205715e-05_5.65875353205715e-05_5.65875353205715e-05
1016,5572,47-22-8-1-1,7.46209256974569e-06_7.46209256974569e-06_7.46209256974569e-06_7.46209256974569e-06_7.46209256974569e-06
1016,5573,36-6-6-2-1,0.000461406057229275_0.000461406057229275_0.000461406057229275_0.000461406057229275_0.000461406057229275
1016,5574,133-12-8-1-1,3.10920523739404e-06_3.10920523739404e-06_3.10920523739404e-06_3.10920523739404e-06_3.10920523739404e-06
1016,5575,196-14-4-2-1,4.72599196083894e-05_4.72599196083894e-05_4.72599196083894e-05_4.72599196083894e-05_4.72599196083894e-05
1016,5576,196-14-4-2-1,2.30081187567159e-05_2.30081187567159e-05_2.30081187567159e-05_2.30081187567159e-05_2.30081187567159e-05
1016,5577,196-14-4-2-1,2.42518008516735e-05_2.42518008516735e-05_2.42518008516735e-05_2.42518008516735e-05_2.42518008516735e-05
1016,5578,196-14-4-2-1,6.21841047478808e-06_6.21841047478808e-06_6.21841047478808e-06_6.21841047478808e-06_6.21841047478808e-06
1016,5579,102-13-6-2-1,0.000129964778923071_0.000129964778923071_0.000129964778923071_0.000129964778923071_0.000129964778923071
1016,5580,148-29-2-2-1,8.0839336172245e-06_8.0839336172245e-06_8.0839336172245e-06_8.0839336172245e-06_8.0839336172245e-06
1016,5581,72-10-2-2-1,9.38979981693e-05_9.38979981693e-05_9.38979981693e-05_9.38979981693e-05_9.38979981693e-05
1016,5582,83-33-5-1-1,4.8503601703347e-05_4.8503601703347e-05_4.8503601703347e-05_4.8503601703347e-05_4.8503601703347e-05
1016,5583,199-19-9-2-1,3.10920523739404e-06_3.10920523739404e-06_3.10920523739404e-06_3.10920523739404e-06_3.10920523739404e-06
1016,5584,74-31-9-2-1,7.64864488398933e-05_7.64864488398933e-05_7.64864488398933e-05_7.64864488398933e-05_7.64864488398933e-05
1016,5585,8-7-4-2-1,6.21841047478808e-06_6.21841047478808e-06_6.21841047478808e-06_6.21841047478808e-06_6.21841047478808e-06
1016,5586,8-7-4-2-1,3.10920523739404e-06_3.10920523739404e-06_3.10920523739404e-06_3.10920523739404e-06_3.10920523739404e-06
1016,5587,148-29-2-2-1,0.00015110737453735_0.00015110737453735_0.00015110737453735_0.00015110737453735_0.00015110737453735
1016,5588,57-7-4-2-1,3.73104628487285e-06_3.73104628487285e-06_3.73104628487285e-06_3.73104628487285e-06_3.73104628487285e-06
1016,5589,45-5-5-1-1,9.45198392167788e-05_9.45198392167788e-05_9.45198392167788e-05_9.45198392167788e-05_9.45198392167788e-05
1016,5590,67-2-2-2-1,4.35288733235165e-06_4.35288733235165e-06_4.35288733235165e-06_4.35288733235165e-06_4.35288733235165e-06
1016,5591,167-18-4-2-1,3.10920523739404e-05_3.10920523739404e-05_3.10920523739404e-05_3.10920523739404e-05_3.10920523739404e-05
1016,5592,167-18-4-2-1,7.46209256974569e-06_7.46209256974569e-06_7.46209256974569e-06_7.46209256974569e-06_7.46209256974569e-06
1016,5593,71-29-2-2-1,4.97472837983046e-06_4.97472837983046e-06_4.97472837983046e-06_4.97472837983046e-06_4.97472837983046e-06
1016,5594,61-13-6-2-1,1.86552314243642e-05_1.86552314243642e-05_1.86552314243642e-05_1.86552314243642e-05_1.86552314243642e-05
1016,5596,106-39-11-1-1,6.778067417519e-05_6.778067417519e-05_6.778067417519e-05_6.778067417519e-05_6.778067417519e-05
1016,5597,98-27-8-1-1,5.59656942730927e-06_5.59656942730927e-06_5.59656942730927e-06_5.59656942730927e-06_5.59656942730927e-06
1016,5598,196-14-4-2-1,4.97472837983046e-06_4.97472837983046e-06_4.97472837983046e-06_4.97472837983046e-06_4.97472837983046e-06
1016,5599,222-35-4-2-1,7.83519719823298e-05_7.83519719823298e-05_7.83519719823298e-05_7.83519719823298e-05_7.83519719823298e-05
1016,5600,129-21-4-2-1,1.18149799020973e-05_1.18149799020973e-05_1.18149799020973e-05_1.18149799020973e-05_1.18149799020973e-05
1016,5601,213-15-9-2-1,1.55460261869702e-05_1.55460261869702e-05_1.55460261869702e-05_1.55460261869702e-05_1.55460261869702e-05
1016,5602,84-2-2-2-1,4.10415091336013e-05_4.10415091336013e-05_4.10415091336013e-05_4.10415091336013e-05_4.10415091336013e-05
1016,5603,67-2-2-2-1,8.51922235045966e-05_8.51922235045966e-05_8.51922235045966e-05_8.51922235045966e-05_8.51922235045966e-05
1016,5604,167-18-4-2-1,4.66380785609106e-05_4.66380785609106e-05_4.66380785609106e-05_4.66380785609106e-05_4.66380785609106e-05
1016,5605,8-7-4-2-1,3.10920523739404e-06_3.10920523739404e-06_3.10920523739404e-06_3.10920523739404e-06_3.10920523739404e-06
1016,5606,8-7-4-2-1,6.84025152226688e-06_6.84025152226688e-06_6.84025152226688e-06_6.84025152226688e-06_6.84025152226688e-06
1016,5607,172-40-4-2-1,8.0839336172245e-06_8.0839336172245e-06_8.0839336172245e-06_8.0839336172245e-06_8.0839336172245e-06
1016,5608,86-10-2-2-1,0.00019277072471843_0.00019277072471843_0.00019277072471843_0.00019277072471843_0.00019277072471843
1016,5609,32-18-4-2-1,8.70577466470331e-06_8.70577466470331e-06_8.70577466470331e-06_8.70577466470331e-06_8.70577466470331e-06
1016,5610,16-10-2-2-1,0.00065168941775779_0.00065168941775779_0.00065168941775779_0.00065168941775779_0.00065168941775779
1016,5611,10-3-3-1-1,2.9226529231504e-05_2.9226529231504e-05_2.9226529231504e-05_2.9226529231504e-05_2.9226529231504e-05
1016,5612,205-12-8-1-1,2.48736418991523e-06_2.48736418991523e-06_2.48736418991523e-06_2.48736418991523e-06_2.48736418991523e-06
1016,5613,10-3-3-1-1,0.000164787877581884_0.000164787877581884_0.000164787877581884_0.000164787877581884_0.000164787877581884
1016,5614,119-6-6-2-1,0.000529186731404465_0.000529186731404465_0.000529186731404465_0.000529186731404465_0.000529186731404465
1016,5615,103-13-6-2-1,2.05207545668007e-05_2.05207545668007e-05_2.05207545668007e-05_2.05207545668007e-05_2.05207545668007e-05
1016,5616,60-22-8-1-1,4.60162375134318e-05_4.60162375134318e-05_4.60162375134318e-05_4.60162375134318e-05_4.60162375134318e-05
1016,5617,185-41-9-2-1,4.35288733235165e-06_4.35288733235165e-06_4.35288733235165e-06_4.35288733235165e-06_4.35288733235165e-06
1016,5618,13-6-6-2-1,0.000186552314243642_0.000186552314243642_0.000186552314243642_0.000186552314243642_0.000186552314243642
1016,5619,148-29-2-2-1,4.91254427508258e-05_4.91254427508258e-05_4.91254427508258e-05_4.91254427508258e-05_4.91254427508258e-05
1016,5620,225-31-9-2-1,2.61173239941099e-05_2.61173239941099e-05_2.61173239941099e-05_2.61173239941099e-05_2.61173239941099e-05
1016,5621,188-14-4-2-1,3.10920523739404e-06_3.10920523739404e-06_3.10920523739404e-06_3.10920523739404e-06_3.10920523739404e-06
1016,5622,188-14-4-2-1,4.35288733235165e-06_4.35288733235165e-06_4.35288733235165e-06_4.35288733235165e-06_4.35288733235165e-06
1016,5623,203-11-4-2-1,6.21841047478808e-06_6.21841047478808e-06_6.21841047478808e-06_6.21841047478808e-06_6.21841047478808e-06
1016,5624,222-35-4-2-1,1.05712978071397e-05_1.05712978071397e-05_1.05712978071397e-05_1.05712978071397e-05_1.05712978071397e-05
1016,5625,35-20-9-2-1,1.55460261869702e-05_1.55460261869702e-05_1.55460261869702e-05_1.55460261869702e-05_1.55460261869702e-05
1016,5626,148-29-2-2-1,2.42518008516735e-05_2.42518008516735e-05_2.42518008516735e-05_2.42518008516735e-05_2.42518008516735e-05
1016,5627,216-19-9-2-1,3.73104628487285e-06_3.73104628487285e-06_3.73104628487285e-06_3.73104628487285e-06_3.73104628487285e-06
1016,5628,39-22-8-1-1,1.55460261869702e-05_1.55460261869702e-05_1.55460261869702e-05_1.55460261869702e-05_1.55460261869702e-05
1016,5629,89-13-6-2-1,3.85541449436861e-05_3.85541449436861e-05_3.85541449436861e-05_3.85541449436861e-05_3.85541449436861e-05
1016,5630,172-40-4-2-1,8.70577466470331e-06_8.70577466470331e-06_8.70577466470331e-06_8.70577466470331e-06_8.70577466470331e-06
1016,5631,161-36-10-1-1,3.73104628487285e-06_3.73104628487285e-06_3.73104628487285e-06_3.73104628487285e-06_3.73104628487285e-06
1016,5632,184-31-9-2-1,3.10920523739404e-06_3.10920523739404e-06_3.10920523739404e-06_3.10920523739404e-06_3.10920523739404e-06
1016,5633,225-31-9-2-1,4.35288733235165e-06_4.35288733235165e-06_4.35288733235165e-06_4.35288733235165e-06_4.35288733235165e-06
1016,5634,113-31-9-2-1,9.94945675966092e-06_9.94945675966092e-06_9.94945675966092e-06_9.94945675966092e-06_9.94945675966092e-06
1016,5635,8-7-4-2-1,4.97472837983046e-06_4.97472837983046e-06_4.97472837983046e-06_4.97472837983046e-06_4.97472837983046e-06
1016,5636,161-36-10-1-1,1.36805030445338e-05_1.36805030445338e-05_1.36805030445338e-05_1.36805030445338e-05_1.36805030445338e-05
1016,5637,8-7-4-2-1,3.73104628487285e-06_3.73104628487285e-06_3.73104628487285e-06_3.73104628487285e-06_3.73104628487285e-06
1016,5638,236-42-12-1-1,3.73104628487285e-06_3.73104628487285e-06_3.73104628487285e-06_3.73104628487285e-06_3.73104628487285e-06
1016,5639,228-17-10-1-1,1.3058661997055e-05_1.3058661997055e-05_1.3058661997055e-05_1.3058661997055e-05_1.3058661997055e-05
1016,5640,138-23-8-1-1,4.35288733235165e-06_4.35288733235165e-06_4.35288733235165e-06_4.35288733235165e-06_4.35288733235165e-06
1016,5641,129-21-4-2-1,2.36299598041947e-05_2.36299598041947e-05_2.36299598041947e-05_2.36299598041947e-05_2.36299598041947e-05
1016,5642,76-4-4-2-1,7.46209256974569e-06_7.46209256974569e-06_7.46209256974569e-06_7.46209256974569e-06_7.46209256974569e-06
1016,5643,26-15-9-2-1,4.97472837983046e-06_4.97472837983046e-06_4.97472837983046e-06_4.97472837983046e-06_4.97472837983046e-06
1016,5644,37-11-4-2-1,7.64864488398933e-05_7.64864488398933e-05_7.64864488398933e-05_7.64864488398933e-05_7.64864488398933e-05
1016,5645,4-4-4-2-1,5.59656942730927e-06_5.59656942730927e-06_5.59656942730927e-06_5.59656942730927e-06_5.59656942730927e-06
1016,5646,205-12-8-1-1,1.05712978071397e-05_1.05712978071397e-05_1.05712978071397e-05_1.05712978071397e-05_1.05712978071397e-05
1016,5647,88-35-4-2-1,1.55460261869702e-05_1.55460261869702e-05_1.55460261869702e-05_1.55460261869702e-05_1.55460261869702e-05
1016,5648,122-16-2-2-1,3.10920523739404e-06_3.10920523739404e-06_3.10920523739404e-06_3.10920523739404e-06_3.10920523739404e-06
1016,5649,185-41-9-2-1,3.73104628487285e-06_3.73104628487285e-06_3.73104628487285e-06_3.73104628487285e-06_3.73104628487285e-06
1016,5650,205-12-8-1-1,5.59656942730927e-06_5.59656942730927e-06_5.59656942730927e-06_5.59656942730927e-06_5.59656942730927e-06
1016,5651,205-12-8-1-1,6.21841047478808e-06_6.21841047478808e-06_6.21841047478808e-06_6.21841047478808e-06_6.21841047478808e-06
1016,5652,26-15-9-2-1,1.05712978071397e-05_1.05712978071397e-05_1.05712978071397e-05_1.05712978071397e-05_1.05712978071397e-05
1016,5653,122-16-2-2-1,8.0839336172245e-06_8.0839336172245e-06_8.0839336172245e-06_8.0839336172245e-06_8.0839336172245e-06
1016,5654,205-12-8-1-1,4.35288733235165e-06_4.35288733235165e-06_4.35288733235165e-06_4.35288733235165e-06_4.35288733235165e-06
1016,5655,237-44-12-1-1,6.21841047478808e-06_6.21841047478808e-06_6.21841047478808e-06_6.21841047478808e-06_6.21841047478808e-06
1016,5656,5-5-5-1-1,2.42518008516735e-05_2.42518008516735e-05_2.42518008516735e-05_2.42518008516735e-05_2.42518008516735e-05
1016,5657,160-30-1-1-1,0.000110065865403749_0.000110065865403749_0.000110065865403749_0.000110065865403749_0.000110065865403749
1016,5658,114-40-4-2-1,1.36805030445338e-05_1.36805030445338e-05_1.36805030445338e-05_1.36805030445338e-05_1.36805030445338e-05
1016,5659,209-35-4-2-1,3.10920523739404e-06_3.10920523739404e-06_3.10920523739404e-06_3.10920523739404e-06_3.10920523739404e-06
1016,5660,25-10-2-2-1,3.2335734468898e-05_3.2335734468898e-05_3.2335734468898e-05_3.2335734468898e-05_3.2335734468898e-05
1016,5661,186-15-9-2-1,8.0839336172245e-06_8.0839336172245e-06_8.0839336172245e-06_8.0839336172245e-06_8.0839336172245e-06
1016,5662,160-30-1-1-1,9.32761571218212e-06_9.32761571218212e-06_9.32761571218212e-06_9.32761571218212e-06_9.32761571218212e-06
1016,5663,172-40-4-2-1,3.73104628487285e-06_3.73104628487285e-06_3.73104628487285e-06_3.73104628487285e-06_3.73104628487285e-06
1016,5664,1-1-1-1-1,5.34783300831775e-05_5.34783300831775e-05_5.34783300831775e-05_5.34783300831775e-05_5.34783300831775e-05
1016,5665,171-18-4-2-1,9.32761571218212e-06_9.32761571218212e-06_9.32761571218212e-06_9.32761571218212e-06_9.32761571218212e-06
1016,5666,166-18-4-2-1,7.46209256974569e-06_7.46209256974569e-06_7.46209256974569e-06_7.46209256974569e-06_7.46209256974569e-06
1016,5667,102-13-6-2-1,9.94945675966092e-06_9.94945675966092e-06_9.94945675966092e-06_9.94945675966092e-06_9.94945675966092e-06
1016,5668,212-41-9-2-1,3.10920523739404e-06_3.10920523739404e-06_3.10920523739404e-06_3.10920523739404e-06_3.10920523739404e-06
1016,5669,180-40-4-2-1,6.84025152226688e-06_6.84025152226688e-06_6.84025152226688e-06_6.84025152226688e-06_6.84025152226688e-06
1016,5670,196-14-4-2-1,8.0839336172245e-06_8.0839336172245e-06_8.0839336172245e-06_8.0839336172245e-06_8.0839336172245e-06
1016,5671,138-23-8-1-1,3.10920523739404e-06_3.10920523739404e-06_3.10920523739404e-06_3.10920523739404e-06_3.10920523739404e-06
1016,5672,32-18-4-2-1,3.91759859911649e-05_3.91759859911649e-05_3.91759859911649e-05_3.91759859911649e-05_3.91759859911649e-05
1016,5673,227-41-9-2-1,2.9226529231504e-05_2.9226529231504e-05_2.9226529231504e-05_2.9226529231504e-05_2.9226529231504e-05
1016,5674,209-35-4-2-1,3.73104628487285e-06_3.73104628487285e-06_3.73104628487285e-06_3.73104628487285e-06_3.73104628487285e-06
1016,5675,185-41-9-2-1,3.10920523739404e-06_3.10920523739404e-06_3.10920523739404e-06_3.10920523739404e-06_3.10920523739404e-06
1016,5676,153-18-4-2-1,1.43023440920126e-05_1.43023440920126e-05_1.43023440920126e-05_1.43023440920126e-05_1.43023440920126e-05
1016,5677,148-29-2-2-1,1.3058661997055e-05_1.3058661997055e-05_1.3058661997055e-05_1.3058661997055e-05_1.3058661997055e-05
1016,5678,44-13-6-2-1,1.11931388546185e-05_1.11931388546185e-05_1.11931388546185e-05_1.11931388546185e-05_1.11931388546185e-05
1016,5679,49-22-8-1-1,8.0839336172245e-06_8.0839336172245e-06_8.0839336172245e-06_8.0839336172245e-06_8.0839336172245e-06
1016,5680,49-22-8-1-1,4.35288733235165e-06_4.35288733235165e-06_4.35288733235165e-06_4.35288733235165e-06_4.35288733235165e-06
1016,5681,185-41-9-2-1,3.73104628487285e-06_3.73104628487285e-06_3.73104628487285e-06_3.73104628487285e-06_3.73104628487285e-06
1016,5682,185-41-9-2-1,3.10920523739404e-06_3.10920523739404e-06_3.10920523739404e-06_3.10920523739404e-06_3.10920523739404e-06
1016,5683,184-31-9-2-1,4.35288733235165e-06_4.35288733235165e-06_4.35288733235165e-06_4.35288733235165e-06_4.35288733235165e-06
1016,5684,172-40-4-2-1,3.10920523739404e-06_3.10920523739404e-06_3.10920523739404e-06_3.10920523739404e-06_3.10920523739404e-06
1016,5685,185-41-9-2-1,6.84025152226688e-06_6.84025152226688e-06_6.84025152226688e-06_6.84025152226688e-06_6.84025152226688e-06
1016,5686,102-13-6-2-1,6.84025152226688e-06_6.84025152226688e-06_6.84025152226688e-06_6.84025152226688e-06_6.84025152226688e-06
1016,5687,75-1-1-1-1,1.11931388546185e-05_1.11931388546185e-05_1.11931388546185e-05_1.11931388546185e-05_1.11931388546185e-05
1016,5688,147-11-4-2-1,6.84025152226688e-06_6.84025152226688e-06_6.84025152226688e-06_6.84025152226688e-06_6.84025152226688e-06
1016,5690,203-11-4-2-1,4.97472837983046e-06_4.97472837983046e-06_4.97472837983046e-06_4.97472837983046e-06_4.97472837983046e-06
1016,5691,196-14-4-2-1,1.3058661997055e-05_1.3058661997055e-05_1.3058661997055e-05_1.3058661997055e-05_1.3058661997055e-05
1016,5692,44-13-6-2-1,1.80333903768854e-05_1.80333903768854e-05_1.80333903768854e-05_1.80333903768854e-05_1.80333903768854e-05
1016,5693,80-11-4-2-1,1.49241851394914e-05_1.49241851394914e-05_1.49241851394914e-05_1.49241851394914e-05_1.49241851394914e-05
1016,5694,176-20-9-2-1,4.97472837983046e-06_4.97472837983046e-06_4.97472837983046e-06_4.97472837983046e-06_4.97472837983046e-06
1016,5695,18-12-8-1-1,5.59656942730927e-06_5.59656942730927e-06_5.59656942730927e-06_5.59656942730927e-06_5.59656942730927e-06
1016,5696,236-42-12-1-1,3.73104628487285e-06_3.73104628487285e-06_3.73104628487285e-06_3.73104628487285e-06_3.73104628487285e-06
1016,5697,185-41-9-2-1,2.48736418991523e-06_2.48736418991523e-06_2.48736418991523e-06_2.48736418991523e-06_2.48736418991523e-06
1016,5698,166-18-4-2-1,4.97472837983046e-06_4.97472837983046e-06_4.97472837983046e-06_4.97472837983046e-06_4.97472837983046e-06
1016,5699,137-26-4-2-1,4.97472837983046e-06_4.97472837983046e-06_4.97472837983046e-06_4.97472837983046e-06_4.97472837983046e-06
1016,5700,49-22-8-1-1,0.000485657858080949_0.000485657858080949_0.000485657858080949_0.000485657858080949_0.000485657858080949
1016,5701,47-22-8-1-1,9.20324750268635e-05_9.20324750268635e-05_9.20324750268635e-05_9.20324750268635e-05_9.20324750268635e-05
1016,5702,141-42-12-1-1,4.97472837983046e-06_4.97472837983046e-06_4.97472837983046e-06_4.97472837983046e-06_4.97472837983046e-06
1016,5703,172-40-4-2-1,3.73104628487285e-06_3.73104628487285e-06_3.73104628487285e-06_3.73104628487285e-06_3.73104628487285e-06
1016,5704,140-42-12-1-1,4.97472837983046e-06_4.97472837983046e-06_4.97472837983046e-06_4.97472837983046e-06_4.97472837983046e-06
1016,5705,188-14-4-2-1,5.47220121781351e-05_5.47220121781351e-05_5.47220121781351e-05_5.47220121781351e-05_5.47220121781351e-05
1016,5706,188-14-4-2-1,6.4671468937796e-05_6.4671468937796e-05_6.4671468937796e-05_6.4671468937796e-05_6.4671468937796e-05
1016,5707,95-37-4-2-1,1.18149799020973e-05_1.18149799020973e-05_1.18149799020973e-05_1.18149799020973e-05_1.18149799020973e-05
1016,5708,188-14-4-2-1,0.000103225613881482_0.000103225613881482_0.000103225613881482_0.000103225613881482_0.000103225613881482
1016,5709,199-19-9-2-1,3.73104628487285e-06_3.73104628487285e-06_3.73104628487285e-06_3.73104628487285e-06_3.73104628487285e-06
1016,5710,13-6-6-2-1,7.52427667449357e-05_7.52427667449357e-05_7.52427667449357e-05_7.52427667449357e-05_7.52427667449357e-05
1016,5711,158-2-2-2-1,4.8503601703347e-05_4.8503601703347e-05_4.8503601703347e-05_4.8503601703347e-05_4.8503601703347e-05
1016,5712,166-18-4-2-1,8.0839336172245e-06_8.0839336172245e-06_8.0839336172245e-06_8.0839336172245e-06_8.0839336172245e-06
1016,5713,141-42-12-1-1,4.35288733235165e-06_4.35288733235165e-06_4.35288733235165e-06_4.35288733235165e-06_4.35288733235165e-06
1016,5714,216-19-9-2-1,2.11425956142795e-05_2.11425956142795e-05_2.11425956142795e-05_2.11425956142795e-05_2.11425956142795e-05
1016,5715,230-14-4-2-1,6.21841047478808e-06_6.21841047478808e-06_6.21841047478808e-06_6.21841047478808e-06_6.21841047478808e-06
1016,5716,148-29-2-2-1,2.73610060890675e-05_2.73610060890675e-05_2.73610060890675e-05_2.73610060890675e-05_2.73610060890675e-05
1016,5718,177-7-4-2-1,5.59656942730927e-06_5.59656942730927e-06_5.59656942730927e-06_5.59656942730927e-06_5.59656942730927e-06
1016,5719,128-7-4-2-1,4.97472837983046e-06_4.97472837983046e-06_4.97472837983046e-06_4.97472837983046e-06_4.97472837983046e-06
1016,5720,216-19-9-2-1,5.59656942730927e-05_5.59656942730927e-05_5.59656942730927e-05_5.59656942730927e-05_5.59656942730927e-05
1016,5721,199-19-9-2-1,1.43023440920126e-05_1.43023440920126e-05_1.43023440920126e-05_1.43023440920126e-05_1.43023440920126e-05
1016,5722,172-40-4-2-1,4.35288733235165e-06_4.35288733235165e-06_4.35288733235165e-06_4.35288733235165e-06_4.35288733235165e-06
1016,5723,199-19-9-2-1,4.97472837983046e-06_4.97472837983046e-06_4.97472837983046e-06_4.97472837983046e-06_4.97472837983046e-06
1016,5724,128-7-4-2-1,6.84025152226688e-06_6.84025152226688e-06_6.84025152226688e-06_6.84025152226688e-06_6.84025152226688e-06
1016,5725,34-19-9-2-1,3.73104628487285e-06_3.73104628487285e-06_3.73104628487285e-06_3.73104628487285e-06_3.73104628487285e-06
1016,5726,11-4-4-2-1,0.000116906116926016_0.000116906116926016_0.000116906116926016_0.000116906116926016_0.000116906116926016
1016,5727,11-4-4-2-1,0.000157325785012138_0.000157325785012138_0.000157325785012138_0.000157325785012138_0.000157325785012138
1016,5728,11-4-4-2-1,7.08898794125841e-05_7.08898794125841e-05_7.08898794125841e-05_7.08898794125841e-05_7.08898794125841e-05
1016,5729,11-4-4-2-1,4.47725554184741e-05_4.47725554184741e-05_4.47725554184741e-05_4.47725554184741e-05_4.47725554184741e-05
1016,5730,11-4-4-2-1,3.66886218012497e-05_3.66886218012497e-05_3.66886218012497e-05_3.66886218012497e-05_3.66886218012497e-05
1016,5731,159-4-4-2-1,5.59656942730927e-06_5.59656942730927e-06_5.59656942730927e-06_5.59656942730927e-06_5.59656942730927e-06
1016,5732,11-4-4-2-1,1.49241851394914e-05_1.49241851394914e-05_1.49241851394914e-05_1.49241851394914e-05_1.49241851394914e-05
1016,5733,11-4-4-2-1,0.000378079356867115_0.000378079356867115_0.000378079356867115_0.000378079356867115_0.000378079356867115
1016,5734,180-40-4-2-1,4.35288733235165e-06_4.35288733235165e-06_4.35288733235165e-06_4.35288733235165e-06_4.35288733235165e-06
1016,5735,237-44-12-1-1,8.0839336172245e-06_8.0839336172245e-06_8.0839336172245e-06_8.0839336172245e-06_8.0839336172245e-06
1016,5736,177-7-4-2-1,3.73104628487285e-06_3.73104628487285e-06_3.73104628487285e-06_3.73104628487285e-06_3.73104628487285e-06
1016,5737,17-11-4-2-1,5.59656942730927e-06_5.59656942730927e-06_5.59656942730927e-06_5.59656942730927e-06_5.59656942730927e-06
1016,5738,203-11-4-2-1,4.35288733235165e-06_4.35288733235165e-06_4.35288733235165e-06_4.35288733235165e-06_4.35288733235165e-06
1016,5739,42-13-6-2-1,0.000123124527400804_0.000123124527400804_0.000123124527400804_0.000123124527400804_0.000123124527400804
1016,5740,44-13-6-2-1,1.36805030445338e-05_1.36805030445338e-05_1.36805030445338e-05_1.36805030445338e-05_1.36805030445338e-05
1016,5741,67-2-2-2-1,2.73610060890675e-05_2.73610060890675e-05_2.73610060890675e-05_2.73610060890675e-05_2.73610060890675e-05
1016,5742,167-18-4-2-1,1.80333903768854e-05_1.80333903768854e-05_1.80333903768854e-05_1.80333903768854e-05_1.80333903768854e-05
1016,5743,153-18-4-2-1,3.10920523739404e-06_3.10920523739404e-06_3.10920523739404e-06_3.10920523739404e-06_3.10920523739404e-06
1016,5744,223-40-4-2-1,9.32761571218212e-06_9.32761571218212e-06_9.32761571218212e-06_9.32761571218212e-06_9.32761571218212e-06
1016,5745,230-14-4-2-1,3.10920523739404e-05_3.10920523739404e-05_3.10920523739404e-05_3.10920523739404e-05_3.10920523739404e-05
1016,5746,221-35-4-2-1,1.18149799020973e-05_1.18149799020973e-05_1.18149799020973e-05_1.18149799020973e-05_1.18149799020973e-05
1016,5747,114-40-4-2-1,3.73104628487285e-06_3.73104628487285e-06_3.73104628487285e-06_3.73104628487285e-06_3.73104628487285e-06
1016,5748,185-41-9-2-1,9.94945675966092e-06_9.94945675966092e-06_9.94945675966092e-06_9.94945675966092e-06_9.94945675966092e-06
1016,5749,167-18-4-2-1,2.67391650415887e-05_2.67391650415887e-05_2.67391650415887e-05_2.67391650415887e-05_2.67391650415887e-05
1016,5750,166-18-4-2-1,1.18149799020973e-05_1.18149799020973e-05_1.18149799020973e-05_1.18149799020973e-05_1.18149799020973e-05
1016,5751,227-41-9-2-1,8.0839336172245e-06_8.0839336172245e-06_8.0839336172245e-06_8.0839336172245e-06_8.0839336172245e-06
1016,5752,65-1-1-1-1,2.48736418991523e-05_2.48736418991523e-05_2.48736418991523e-05_2.48736418991523e-05_2.48736418991523e-05
1016,5753,147-11-4-2-1,1.49241851394914e-05_1.49241851394914e-05_1.49241851394914e-05_1.49241851394914e-05_1.49241851394914e-05
1016,5754,227-41-9-2-1,4.97472837983046e-06_4.97472837983046e-06_4.97472837983046e-06_4.97472837983046e-06_4.97472837983046e-06
1016,5755,8-7-4-2-1,1.49241851394914e-05_1.49241851394914e-05_1.49241851394914e-05_1.49241851394914e-05_1.49241851394914e-05
1016,5756,185-41-9-2-1,3.10920523739404e-06_3.10920523739404e-06_3.10920523739404e-06_3.10920523739404e-06_3.10920523739404e-06
1016,5757,35-20-9-2-1,1.18149799020973e-05_1.18149799020973e-05_1.18149799020973e-05_1.18149799020973e-05_1.18149799020973e-05
1016,5758,121-39-11-1-1,4.97472837983046e-06_4.97472837983046e-06_4.97472837983046e-06_4.97472837983046e-06_4.97472837983046e-06
1016,5759,167-18-4-2-1,6.21841047478808e-06_6.21841047478808e-06_6.21841047478808e-06_6.21841047478808e-06_6.21841047478808e-06
1016,5760,167-18-4-2-1,9.94945675966092e-06_9.94945675966092e-06_9.94945675966092e-06_9.94945675966092e-06_9.94945675966092e-06
1016,5761,167-18-4-2-1,5.59656942730927e-06_5.59656942730927e-06_5.59656942730927e-06_5.59656942730927e-06_5.59656942730927e-06
1016,5762,167-18-4-2-1,3.10920523739404e-06_3.10920523739404e-06_3.10920523739404e-06_3.10920523739404e-06_3.10920523739404e-06
1016,5763,47-22-8-1-1,3.10920523739404e-06_3.10920523739404e-06_3.10920523739404e-06_3.10920523739404e-06_3.10920523739404e-06
1016,5764,141-42-12-1-1,3.73104628487285e-06_3.73104628487285e-06_3.73104628487285e-06_3.73104628487285e-06_3.73104628487285e-06
1016,5765,167-18-4-2-1,1.24368209495762e-05_1.24368209495762e-05_1.24368209495762e-05_1.24368209495762e-05_1.24368209495762e-05
1016,5766,148-29-2-2-1,3.5444939706292e-05_3.5444939706292e-05_3.5444939706292e-05_3.5444939706292e-05_3.5444939706292e-05
1016,5767,44-13-6-2-1,4.97472837983046e-06_4.97472837983046e-06_4.97472837983046e-06_4.97472837983046e-06_4.97472837983046e-06
1016,5768,177-7-4-2-1,3.73104628487285e-06_3.73104628487285e-06_3.73104628487285e-06_3.73104628487285e-06_3.73104628487285e-06
1016,5769,61-13-6-2-1,2.86046881840252e-05_2.86046881840252e-05_2.86046881840252e-05_2.86046881840252e-05_2.86046881840252e-05
1016,5770,66-29-2-2-1,4.35288733235165e-06_4.35288733235165e-06_4.35288733235165e-06_4.35288733235165e-06_4.35288733235165e-06
1016,5771,213-15-9-2-1,1.24368209495762e-05_1.24368209495762e-05_1.24368209495762e-05_1.24368209495762e-05_1.24368209495762e-05
1016,5772,161-36-10-1-1,5.59656942730927e-06_5.59656942730927e-06_5.59656942730927e-06_5.59656942730927e-06_5.59656942730927e-06
1016,5773,26-15-9-2-1,1.49241851394914e-05_1.49241851394914e-05_1.49241851394914e-05_1.49241851394914e-05_1.49241851394914e-05
1016,5774,196-14-4-2-1,1.36805030445338e-05_1.36805030445338e-05_1.36805030445338e-05_1.36805030445338e-05_1.36805030445338e-05
1016,5775,76-4-4-2-1,5.1612806940741e-05_5.1612806940741e-05_5.1612806940741e-05_5.1612806940741e-05_5.1612806940741e-05
1016,5776,76-4-4-2-1,7.95956540772874e-05_7.95956540772874e-05_7.95956540772874e-05_7.95956540772874e-05_7.95956540772874e-05
1016,5777,47-22-8-1-1,3.73104628487285e-06_3.73104628487285e-06_3.73104628487285e-06_3.73104628487285e-06_3.73104628487285e-06
1016,5778,76-4-4-2-1,2.79828471365463e-05_2.79828471365463e-05_2.79828471365463e-05_2.79828471365463e-05_2.79828471365463e-05
1016,5779,138-23-8-1-1,1.05712978071397e-05_1.05712978071397e-05_1.05712978071397e-05_1.05712978071397e-05_1.05712978071397e-05
1016,5780,76-4-4-2-1,3.10920523739404e-06_3.10920523739404e-06_3.10920523739404e-06_3.10920523739404e-06_3.10920523739404e-06
1016,5781,17-11-4-2-1,2.05207545668007e-05_2.05207545668007e-05_2.05207545668007e-05_2.05207545668007e-05_2.05207545668007e-05
1016,5782,203-11-4-2-1,1.11931388546185e-05_1.11931388546185e-05_1.11931388546185e-05_1.11931388546185e-05_1.11931388546185e-05
1016,5783,126-29-2-2-1,6.84025152226688e-06_6.84025152226688e-06_6.84025152226688e-06_6.84025152226688e-06_6.84025152226688e-06
1016,5784,95-37-4-2-1,1.9277072471843e-05_1.9277072471843e-05_1.9277072471843e-05_1.9277072471843e-05_1.9277072471843e-05
1016,5785,188-14-4-2-1,6.84025152226688e-06_6.84025152226688e-06_6.84025152226688e-06_6.84025152226688e-06_6.84025152226688e-06
1016,5786,95-37-4-2-1,2.67391650415887e-05_2.67391650415887e-05_2.67391650415887e-05_2.67391650415887e-05_2.67391650415887e-05
1016,5787,1-1-1-1-1,0.00016167867234449_0.00016167867234449_0.00016167867234449_0.00016167867234449_0.00016167867234449
1016,5788,66-29-2-2-1,1.98989135193218e-05_1.98989135193218e-05_1.98989135193218e-05_1.98989135193218e-05_1.98989135193218e-05
1016,5789,95-37-4-2-1,8.70577466470331e-06_8.70577466470331e-06_8.70577466470331e-06_8.70577466470331e-06_8.70577466470331e-06
1016,5790,95-37-4-2-1,3.42012576113344e-05_3.42012576113344e-05_3.42012576113344e-05_3.42012576113344e-05_3.42012576113344e-05
1016,5791,95-37-4-2-1,3.10920523739404e-06_3.10920523739404e-06_3.10920523739404e-06_3.10920523739404e-06_3.10920523739404e-06
1016,5792,35-20-9-2-1,1.74115493294066e-05_1.74115493294066e-05_1.74115493294066e-05_1.74115493294066e-05_1.74115493294066e-05
1016,5793,179-26-4-2-1,5.59656942730927e-06_5.59656942730927e-06_5.59656942730927e-06_5.59656942730927e-06_5.59656942730927e-06
1016,5794,129-21-4-2-1,1.55460261869702e-05_1.55460261869702e-05_1.55460261869702e-05_1.55460261869702e-05_1.55460261869702e-05
1016,5795,36-6-6-2-1,8.51922235045966e-05_8.51922235045966e-05_8.51922235045966e-05_8.51922235045966e-05_8.51922235045966e-05
1016,5796,42-13-6-2-1,2.67391650415887e-05_2.67391650415887e-05_2.67391650415887e-05_2.67391650415887e-05_2.67391650415887e-05
1016,5797,227-41-9-2-1,3.10920523739404e-06_3.10920523739404e-06_3.10920523739404e-06_3.10920523739404e-06_3.10920523739404e-06
1016,5798,44-13-6-2-1,6.84025152226688e-06_6.84025152226688e-06_6.84025152226688e-06_6.84025152226688e-06_6.84025152226688e-06
1016,5799,32-18-4-2-1,5.59656942730927e-06_5.59656942730927e-06_5.59656942730927e-06_5.59656942730927e-06_5.59656942730927e-06
1016,5800,159-4-4-2-1,5.59656942730927e-06_5.59656942730927e-06_5.59656942730927e-06_5.59656942730927e-06_5.59656942730927e-06
1016,5801,186-15-9-2-1,3.10920523739404e-06_3.10920523739404e-06_3.10920523739404e-06_3.10920523739404e-06_3.10920523739404e-06
1016,5803,66-29-2-2-1,3.10920523739404e-06_3.10920523739404e-06_3.10920523739404e-06_3.10920523739404e-06_3.10920523739404e-06
1016,5804,185-41-9-2-1,3.73104628487285e-06_3.73104628487285e-06_3.73104628487285e-06_3.73104628487285e-06_3.73104628487285e-06
1016,5805,154-25-8-1-1,0.00020334202252557_0.00020334202252557_0.00020334202252557_0.00020334202252557_0.00020334202252557
1016,5806,189-12-8-1-1,5.59656942730927e-06_5.59656942730927e-06_5.59656942730927e-06_5.59656942730927e-06_5.59656942730927e-06
1016,5807,129-21-4-2-1,1.11931388546185e-05_1.11931388546185e-05_1.11931388546185e-05_1.11931388546185e-05_1.11931388546185e-05
1016,5808,181-40-4-2-1,3.04702113264616e-05_3.04702113264616e-05_3.04702113264616e-05_3.04702113264616e-05_3.04702113264616e-05
1016,5809,35-20-9-2-1,3.10920523739404e-06_3.10920523739404e-06_3.10920523739404e-06_3.10920523739404e-06_3.10920523739404e-06
1016,5810,196-14-4-2-1,4.35288733235165e-06_4.35288733235165e-06_4.35288733235165e-06_4.35288733235165e-06_4.35288733235165e-06
1016,5811,4-4-4-2-1,4.97472837983046e-06_4.97472837983046e-06_4.97472837983046e-06_4.97472837983046e-06_4.97472837983046e-06
1016,5812,102-13-6-2-1,5.03691248457834e-05_5.03691248457834e-05_5.03691248457834e-05_5.03691248457834e-05_5.03691248457834e-05
1016,5813,103-13-6-2-1,4.22851912285589e-05_4.22851912285589e-05_4.22851912285589e-05_4.22851912285589e-05_4.22851912285589e-05
1016,5814,102-13-6-2-1,0.00013058661997055_0.00013058661997055_0.00013058661997055_0.00013058661997055_0.00013058661997055
1016,5815,44-13-6-2-1,6.21841047478808e-06_6.21841047478808e-06_6.21841047478808e-06_6.21841047478808e-06_6.21841047478808e-06
1016,5816,8-7-4-2-1,5.59656942730927e-06_5.59656942730927e-06_5.59656942730927e-06_5.59656942730927e-06_5.59656942730927e-06
1016,5817,147-11-4-2-1,1.3058661997055e-05_1.3058661997055e-05_1.3058661997055e-05_1.3058661997055e-05_1.3058661997055e-05
1016,5818,32-18-4-2-1,8.70577466470331e-06_8.70577466470331e-06_8.70577466470331e-06_8.70577466470331e-06_8.70577466470331e-06
1016,5819,122-16-2-2-1,1.49241851394914e-05_1.49241851394914e-05_1.49241851394914e-05_1.49241851394914e-05_1.49241851394914e-05
1016,5820,159-4-4-2-1,2.86046881840252e-05_2.86046881840252e-05_2.86046881840252e-05_2.86046881840252e-05_2.86046881840252e-05
1016,5821,167-18-4-2-1,3.73104628487285e-06_3.73104628487285e-06_3.73104628487285e-06_3.73104628487285e-06_3.73104628487285e-06
1016,5822,153-18-4-2-1,1.05712978071397e-05_1.05712978071397e-05_1.05712978071397e-05_1.05712978071397e-05_1.05712978071397e-05
1016,5823,66-29-2-2-1,4.97472837983046e-06_4.97472837983046e-06_4.97472837983046e-06_4.97472837983046e-06_4.97472837983046e-06
1016,5824,66-29-2-2-1,3.73104628487285e-06_3.73104628487285e-06_3.73104628487285e-06_3.73104628487285e-06_3.73104628487285e-06
1016,5825,153-18-4-2-1,4.97472837983046e-06_4.97472837983046e-06_4.97472837983046e-06_4.97472837983046e-06_4.97472837983046e-06
1016,5826,161-36-10-1-1,1.43023440920126e-05_1.43023440920126e-05_1.43023440920126e-05_1.43023440920126e-05_1.43023440920126e-05
1016,5827,8-7-4-2-1,5.59656942730927e-06_5.59656942730927e-06_5.59656942730927e-06_5.59656942730927e-06_5.59656942730927e-06
1016,5829,4-4-4-2-1,8.70577466470331e-06_8.70577466470331e-06_8.70577466470331e-06_8.70577466470331e-06_8.70577466470331e-06
1016,5830,76-4-4-2-1,3.10920523739404e-06_3.10920523739404e-06_3.10920523739404e-06_3.10920523739404e-06_3.10920523739404e-06
1016,5831,172-40-4-2-1,3.10920523739404e-06_3.10920523739404e-06_3.10920523739404e-06_3.10920523739404e-06_3.10920523739404e-06
1016,5832,185-41-9-2-1,3.10920523739404e-06_3.10920523739404e-06_3.10920523739404e-06_3.10920523739404e-06_3.10920523739404e-06
1016,5834,188-14-4-2-1,6.21841047478808e-06_6.21841047478808e-06_6.21841047478808e-06_6.21841047478808e-06_6.21841047478808e-06
1016,5836,66-29-2-2-1,4.35288733235165e-06_4.35288733235165e-06_4.35288733235165e-06_4.35288733235165e-06_4.35288733235165e-06
1016,5837,185-41-9-2-1,4.97472837983046e-06_4.97472837983046e-06_4.97472837983046e-06_4.97472837983046e-06_4.97472837983046e-06
1016,5838,8-7-4-2-1,3.10920523739404e-06_3.10920523739404e-06_3.10920523739404e-06_3.10920523739404e-06_3.10920523739404e-06
1016,5839,166-18-4-2-1,4.97472837983046e-06_4.97472837983046e-06_4.97472837983046e-06_4.97472837983046e-06_4.97472837983046e-06
1016,5840,153-18-4-2-1,3.10920523739404e-06_3.10920523739404e-06_3.10920523739404e-06_3.10920523739404e-06_3.10920523739404e-06
1016,5841,8-7-4-2-1,1.43023440920126e-05_1.43023440920126e-05_1.43023440920126e-05_1.43023440920126e-05_1.43023440920126e-05
1016,5842,131-13-6-2-1,5.1612806940741e-05_5.1612806940741e-05_5.1612806940741e-05_5.1612806940741e-05_5.1612806940741e-05
1016,5843,71-29-2-2-1,1.05712978071397e-05_1.05712978071397e-05_1.05712978071397e-05_1.05712978071397e-05_1.05712978071397e-05
1016,5844,227-41-9-2-1,1.05712978071397e-05_1.05712978071397e-05_1.05712978071397e-05_1.05712978071397e-05_1.05712978071397e-05
1016,5845,131-13-6-2-1,6.96461973176265e-05_6.96461973176265e-05_6.96461973176265e-05_6.96461973176265e-05_6.96461973176265e-05
1016,5846,76-4-4-2-1,9.32761571218212e-06_9.32761571218212e-06_9.32761571218212e-06_9.32761571218212e-06_9.32761571218212e-06
1016,5847,151-19-9-2-1,1.86552314243642e-05_1.86552314243642e-05_1.86552314243642e-05_1.86552314243642e-05_1.86552314243642e-05
1016,5848,112-14-4-2-1,6.84025152226688e-06_6.84025152226688e-06_6.84025152226688e-06_6.84025152226688e-06_6.84025152226688e-06
1016,5849,161-36-10-1-1,3.10920523739404e-06_3.10920523739404e-06_3.10920523739404e-06_3.10920523739404e-06_3.10920523739404e-06
1016,5850,6-6-6-2-1,5.1612806940741e-05_5.1612806940741e-05_5.1612806940741e-05_5.1612806940741e-05_5.1612806940741e-05
1016,5851,112-14-4-2-1,1.11931388546185e-05_1.11931388546185e-05_1.11931388546185e-05_1.11931388546185e-05_1.11931388546185e-05
1016,5852,114-40-4-2-1,2.17644366617583e-05_2.17644366617583e-05_2.17644366617583e-05_2.17644366617583e-05_2.17644366617583e-05
1016,5853,223-40-4-2-1,4.97472837983046e-06_4.97472837983046e-06_4.97472837983046e-06_4.97472837983046e-06_4.97472837983046e-06
1016,5854,185-41-9-2-1,6.21841047478808e-06_6.21841047478808e-06_6.21841047478808e-06_6.21841047478808e-06_6.21841047478808e-06
1016,5855,47-22-8-1-1,0.000248736418991523_0.000248736418991523_0.000248736418991523_0.000248736418991523_0.000248736418991523
1016,5856,40-23-8-1-1,2.61173239941099e-05_2.61173239941099e-05_2.61173239941099e-05_2.61173239941099e-05_2.61173239941099e-05
1016,5857,69-29-2-2-1,7.64864488398933e-05_7.64864488398933e-05_7.64864488398933e-05_7.64864488398933e-05_7.64864488398933e-05
1016,5858,54-26-4-2-1,5.59656942730927e-05_5.59656942730927e-05_5.59656942730927e-05_5.59656942730927e-05_5.59656942730927e-05
1016,5859,55-22-8-1-1,1.11931388546185e-05_1.11931388546185e-05_1.11931388546185e-05_1.11931388546185e-05_1.11931388546185e-05
1016,5860,98-27-8-1-1,9.94945675966092e-06_9.94945675966092e-06_9.94945675966092e-06_9.94945675966092e-06_9.94945675966092e-06
1016,5861,225-31-9-2-1,2.73610060890675e-05_2.73610060890675e-05_2.73610060890675e-05_2.73610060890675e-05_2.73610060890675e-05
1016,5862,61-13-6-2-1,1.67897082819278e-05_1.67897082819278e-05_1.67897082819278e-05_1.67897082819278e-05_1.67897082819278e-05
1016,5863,25-10-2-2-1,1.98989135193218e-05_1.98989135193218e-05_1.98989135193218e-05_1.98989135193218e-05_1.98989135193218e-05
1016,5864,127-30-1-1-1,1.67897082819278e-05_1.67897082819278e-05_1.67897082819278e-05_1.67897082819278e-05_1.67897082819278e-05
1016,5865,122-16-2-2-1,3.73104628487285e-06_3.73104628487285e-06_3.73104628487285e-06_3.73104628487285e-06_3.73104628487285e-06
1016,5866,36-6-6-2-1,0.000100116408644088_0.000100116408644088_0.000100116408644088_0.000100116408644088_0.000100116408644088
1016,5867,18-12-8-1-1,1.11931388546185e-05_1.11931388546185e-05_1.11931388546185e-05_1.11931388546185e-05_1.11931388546185e-05
1016,5868,18-12-8-1-1,1.74115493294066e-05_1.74115493294066e-05_1.74115493294066e-05_1.74115493294066e-05_1.74115493294066e-05
1016,5869,185-41-9-2-1,5.59656942730927e-06_5.59656942730927e-06_5.59656942730927e-06_5.59656942730927e-06_5.59656942730927e-06
1016,5870,148-29-2-2-1,9.94945675966092e-06_9.94945675966092e-06_9.94945675966092e-06_9.94945675966092e-06_9.94945675966092e-06
1016,5871,97-26-4-2-1,0.00014613264615752_0.00014613264615752_0.00014613264615752_0.00014613264615752_0.00014613264615752
1016,5872,102-13-6-2-1,6.4671468937796e-05_6.4671468937796e-05_6.4671468937796e-05_6.4671468937796e-05_6.4671468937796e-05
1016,5873,58-13-6-2-1,1.05712978071397e-05_1.05712978071397e-05_1.05712978071397e-05_1.05712978071397e-05_1.05712978071397e-05
1016,5874,172-40-4-2-1,4.97472837983046e-06_4.97472837983046e-06_4.97472837983046e-06_4.97472837983046e-06_4.97472837983046e-06
1016,5875,199-19-9-2-1,1.24368209495762e-05_1.24368209495762e-05_1.24368209495762e-05_1.24368209495762e-05_1.24368209495762e-05
1016,5876,216-19-9-2-1,1.43023440920126e-05_1.43023440920126e-05_1.43023440920126e-05_1.43023440920126e-05_1.43023440920126e-05
1016,5877,123-41-9-2-1,6.21841047478808e-06_6.21841047478808e-06_6.21841047478808e-06_6.21841047478808e-06_6.21841047478808e-06
1016,5878,237-44-12-1-1,7.95956540772874e-05_7.95956540772874e-05_7.95956540772874e-05_7.95956540772874e-05_7.95956540772874e-05
1016,5879,23-10-2-2-1,3.10920523739404e-05_3.10920523739404e-05_3.10920523739404e-05_3.10920523739404e-05_3.10920523739404e-05
1016,5880,185-41-9-2-1,2.48736418991523e-06_2.48736418991523e-06_2.48736418991523e-06_2.48736418991523e-06_2.48736418991523e-06
1016,5881,199-19-9-2-1,3.10920523739404e-06_3.10920523739404e-06_3.10920523739404e-06_3.10920523739404e-06_3.10920523739404e-06
1016,5882,44-13-6-2-1,5.59656942730927e-06_5.59656942730927e-06_5.59656942730927e-06_5.59656942730927e-06_5.59656942730927e-06
1016,5883,89-13-6-2-1,2.61173239941099e-05_2.61173239941099e-05_2.61173239941099e-05_2.61173239941099e-05_2.61173239941099e-05
1016,5884,102-13-6-2-1,3.10920523739404e-05_3.10920523739404e-05_3.10920523739404e-05_3.10920523739404e-05_3.10920523739404e-05
1016,5885,148-29-2-2-1,1.9277072471843e-05_1.9277072471843e-05_1.9277072471843e-05_1.9277072471843e-05_1.9277072471843e-05
1016,5886,167-18-4-2-1,1.3058661997055e-05_1.3058661997055e-05_1.3058661997055e-05_1.3058661997055e-05_1.3058661997055e-05
1016,5887,167-18-4-2-1,6.21841047478808e-06_6.21841047478808e-06_6.21841047478808e-06_6.21841047478808e-06_6.21841047478808e-06
1016,5888,33-16-2-2-1,1.18149799020973e-05_1.18149799020973e-05_1.18149799020973e-05_1.18149799020973e-05_1.18149799020973e-05
1016,5889,89-13-6-2-1,6.778067417519e-05_6.778067417519e-05_6.778067417519e-05_6.778067417519e-05_6.778067417519e-05
1016,5890,67-2-2-2-1,4.16633501810801e-05_4.16633501810801e-05_4.16633501810801e-05_4.16633501810801e-05_4.16633501810801e-05
1016,5891,66-29-2-2-1,1.36805030445338e-05_1.36805030445338e-05_1.36805030445338e-05_1.36805030445338e-05_1.36805030445338e-05
1016,5892,85-33-5-1-1,0.000509909658932622_0.000509909658932622_0.000509909658932622_0.000509909658932622_0.000509909658932622
1016,5893,185-41-9-2-1,4.35288733235165e-06_4.35288733235165e-06_4.35288733235165e-06_4.35288733235165e-06_4.35288733235165e-06
1016,5894,209-35-4-2-1,2.48736418991523e-06_2.48736418991523e-06_2.48736418991523e-06_2.48736418991523e-06_2.48736418991523e-06
1016,5895,209-35-4-2-1,7.46209256974569e-06_7.46209256974569e-06_7.46209256974569e-06_7.46209256974569e-06_7.46209256974569e-06
1016,5896,230-14-4-2-1,1.05712978071397e-05_1.05712978071397e-05_1.05712978071397e-05_1.05712978071397e-05_1.05712978071397e-05
1016,5897,5-5-5-1-1,1.18149799020973e-05_1.18149799020973e-05_1.18149799020973e-05_1.18149799020973e-05_1.18149799020973e-05
1016,5898,230-14-4-2-1,1.11931388546185e-05_1.11931388546185e-05_1.11931388546185e-05_1.11931388546185e-05_1.11931388546185e-05
1016,5899,126-29-2-2-1,9.32761571218212e-06_9.32761571218212e-06_9.32761571218212e-06_9.32761571218212e-06_9.32761571218212e-06
1016,5900,160-30-1-1-1,8.70577466470331e-06_8.70577466470331e-06_8.70577466470331e-06_8.70577466470331e-06_8.70577466470331e-06
1016,5901,8-7-4-2-1,4.35288733235165e-06_4.35288733235165e-06_4.35288733235165e-06_4.35288733235165e-06_4.35288733235165e-06
1016,5902,172-40-4-2-1,8.0839336172245e-06_8.0839336172245e-06_8.0839336172245e-06_8.0839336172245e-06_8.0839336172245e-06
1016,5903,209-35-4-2-1,7.46209256974569e-06_7.46209256974569e-06_7.46209256974569e-06_7.46209256974569e-06_7.46209256974569e-06
1016,5904,79-32-10-1-1,1.3058661997055e-05_1.3058661997055e-05_1.3058661997055e-05_1.3058661997055e-05_1.3058661997055e-05
1016,5905,138-23-8-1-1,3.10920523739404e-06_3.10920523739404e-06_3.10920523739404e-06_3.10920523739404e-06_3.10920523739404e-06
1016,5906,171-18-4-2-1,5.59656942730927e-06_5.59656942730927e-06_5.59656942730927e-06_5.59656942730927e-06_5.59656942730927e-06
1016,5907,7-4-4-2-1,3.10920523739404e-06_3.10920523739404e-06_3.10920523739404e-06_3.10920523739404e-06_3.10920523739404e-06
1016,5908,44-13-6-2-1,5.59656942730927e-06_5.59656942730927e-06_5.59656942730927e-06_5.59656942730927e-06_5.59656942730927e-06
1016,5909,177-7-4-2-1,4.35288733235165e-06_4.35288733235165e-06_4.35288733235165e-06_4.35288733235165e-06_4.35288733235165e-06
1016,5910,89-13-6-2-1,3.17138934214192e-05_3.17138934214192e-05_3.17138934214192e-05_3.17138934214192e-05_3.17138934214192e-05
1016,5911,74-31-9-2-1,2.05207545668007e-05_2.05207545668007e-05_2.05207545668007e-05_2.05207545668007e-05_2.05207545668007e-05
1016,5912,180-40-4-2-1,4.35288733235165e-06_4.35288733235165e-06_4.35288733235165e-06_4.35288733235165e-06_4.35288733235165e-06
1016,5913,196-14-4-2-1,2.48736418991523e-06_2.48736418991523e-06_2.48736418991523e-06_2.48736418991523e-06_2.48736418991523e-06
1016,5914,159-4-4-2-1,1.05712978071397e-05_1.05712978071397e-05_1.05712978071397e-05_1.05712978071397e-05_1.05712978071397e-05
1016,5915,112-14-4-2-1,1.24368209495762e-05_1.24368209495762e-05_1.24368209495762e-05_1.24368209495762e-05_1.24368209495762e-05
1016,5916,8-7-4-2-1,3.10920523739404e-06_3.10920523739404e-06_3.10920523739404e-06_3.10920523739404e-06_3.10920523739404e-06
1016,5917,167-18-4-2-1,2.48736418991523e-06_2.48736418991523e-06_2.48736418991523e-06_2.48736418991523e-06_2.48736418991523e-06
1016,5918,57-7-4-2-1,7.46209256974569e-06_7.46209256974569e-06_7.46209256974569e-06_7.46209256974569e-06_7.46209256974569e-06
1016,5919,185-41-9-2-1,3.10920523739404e-06_3.10920523739404e-06_3.10920523739404e-06_3.10920523739404e-06_3.10920523739404e-06
1016,5920,199-19-9-2-1,3.73104628487285e-06_3.73104628487285e-06_3.73104628487285e-06_3.73104628487285e-06_3.73104628487285e-06
1016,5921,70-27-8-1-1,3.10920523739404e-06_3.10920523739404e-06_3.10920523739404e-06_3.10920523739404e-06_3.10920523739404e-06
1016,5922,172-40-4-2-1,1.86552314243642e-06_1.86552314243642e-06_1.86552314243642e-06_1.86552314243642e-06_1.86552314243642e-06
1016,5923,116-36-10-1-1,3.10920523739404e-06_3.10920523739404e-06_3.10920523739404e-06_3.10920523739404e-06_3.10920523739404e-06
1016,5924,55-22-8-1-1,2.11425956142795e-05_2.11425956142795e-05_2.11425956142795e-05_2.11425956142795e-05_2.11425956142795e-05
1016,5925,140-42-12-1-1,4.97472837983046e-06_4.97472837983046e-06_4.97472837983046e-06_4.97472837983046e-06_4.97472837983046e-06
1016,5926,160-30-1-1-1,2.23862777092371e-05_2.23862777092371e-05_2.23862777092371e-05_2.23862777092371e-05_2.23862777092371e-05
1016,5927,171-18-4-2-1,1.49241851394914e-05_1.49241851394914e-05_1.49241851394914e-05_1.49241851394914e-05_1.49241851394914e-05
1016,5928,171-18-4-2-1,3.73104628487285e-06_3.73104628487285e-06_3.73104628487285e-06_3.73104628487285e-06_3.73104628487285e-06
1016,5929,5-5-5-1-1,6.03185816054443e-05_6.03185816054443e-05_6.03185816054443e-05_6.03185816054443e-05_6.03185816054443e-05
1016,5930,71-29-2-2-1,6.778067417519e-05_6.778067417519e-05_6.778067417519e-05_6.778067417519e-05_6.778067417519e-05
1016,5931,54-26-4-2-1,5.41001711306563e-05_5.41001711306563e-05_5.41001711306563e-05_5.41001711306563e-05_5.41001711306563e-05
1016,5932,54-26-4-2-1,3.79323038962073e-05_3.79323038962073e-05_3.79323038962073e-05_3.79323038962073e-05_3.79323038962073e-05
1016,5933,32-18-4-2-1,2.86046881840252e-05_2.86046881840252e-05_2.86046881840252e-05_2.86046881840252e-05_2.86046881840252e-05
1016,5934,54-26-4-2-1,0.000146754487204999_0.000146754487204999_0.000146754487204999_0.000146754487204999_0.000146754487204999
1016,5935,105-8-3-1-1,3.35794165638556e-05_3.35794165638556e-05_3.35794165638556e-05_3.35794165638556e-05_3.35794165638556e-05
1016,5936,175-20-9-2-1,6.84025152226688e-06_6.84025152226688e-06_6.84025152226688e-06_6.84025152226688e-06_6.84025152226688e-06
1016,5937,4-4-4-2-1,4.35288733235165e-06_4.35288733235165e-06_4.35288733235165e-06_4.35288733235165e-06_4.35288733235165e-06
1016,5938,88-35-4-2-1,6.71588331277112e-05_6.71588331277112e-05_6.71588331277112e-05_6.71588331277112e-05_6.71588331277112e-05
1016,5939,133-12-8-1-1,4.8503601703347e-05_4.8503601703347e-05_4.8503601703347e-05_4.8503601703347e-05_4.8503601703347e-05
1016,5940,227-41-9-2-1,8.70577466470331e-06_8.70577466470331e-06_8.70577466470331e-06_8.70577466470331e-06_8.70577466470331e-06
1016,5941,161-36-10-1-1,3.73104628487285e-06_3.73104628487285e-06_3.73104628487285e-06_3.73104628487285e-06_3.73104628487285e-06
1016,5942,57-7-4-2-1,4.35288733235165e-06_4.35288733235165e-06_4.35288733235165e-06_4.35288733235165e-06_4.35288733235165e-06
1016,5945,216-19-9-2-1,8.70577466470331e-06_8.70577466470331e-06_8.70577466470331e-06_8.70577466470331e-06_8.70577466470331e-06
1016,5946,55-22-8-1-1,8.70577466470331e-06_8.70577466470331e-06_8.70577466470331e-06_8.70577466470331e-06_8.70577466470331e-06
1016,5947,47-22-8-1-1,4.35288733235165e-06_4.35288733235165e-06_4.35288733235165e-06_4.35288733235165e-06_4.35288733235165e-06
1016,5948,39-22-8-1-1,3.73104628487285e-06_3.73104628487285e-06_3.73104628487285e-06_3.73104628487285e-06_3.73104628487285e-06
1016,5949,160-30-1-1-1,4.35288733235165e-06_4.35288733235165e-06_4.35288733235165e-06_4.35288733235165e-06_4.35288733235165e-06
1016,5950,17-11-4-2-1,3.10920523739404e-06_3.10920523739404e-06_3.10920523739404e-06_3.10920523739404e-06_3.10920523739404e-06
1016,5951,229-5-5-1-1,7.27554025550205e-05_7.27554025550205e-05_7.27554025550205e-05_7.27554025550205e-05_7.27554025550205e-05
1016,5952,11-4-4-2-1,3.73104628487285e-06_3.73104628487285e-06_3.73104628487285e-06_3.73104628487285e-06_3.73104628487285e-06
1016,5953,44-13-6-2-1,1.05712978071397e-05_1.05712978071397e-05_1.05712978071397e-05_1.05712978071397e-05_1.05712978071397e-05
1016,5954,180-40-4-2-1,2.42518008516735e-05_2.42518008516735e-05_2.42518008516735e-05_2.42518008516735e-05_2.42518008516735e-05
1016,5955,222-35-4-2-1,7.46209256974569e-06_7.46209256974569e-06_7.46209256974569e-06_7.46209256974569e-06_7.46209256974569e-06
1016,5956,172-40-4-2-1,2.48736418991523e-06_2.48736418991523e-06_2.48736418991523e-06_2.48736418991523e-06_2.48736418991523e-06
1016,5957,4-4-4-2-1,8.0839336172245e-06_8.0839336172245e-06_8.0839336172245e-06_8.0839336172245e-06_8.0839336172245e-06
1016,5958,4-4-4-2-1,5.34783300831775e-05_5.34783300831775e-05_5.34783300831775e-05_5.34783300831775e-05_5.34783300831775e-05
1016,5959,4-4-4-2-1,4.35288733235165e-06_4.35288733235165e-06_4.35288733235165e-06_4.35288733235165e-06_4.35288733235165e-06
1016,5960,4-4-4-2-1,2.36299598041947e-05_2.36299598041947e-05_2.36299598041947e-05_2.36299598041947e-05_2.36299598041947e-05
1016,5961,4-4-4-2-1,3.10920523739404e-06_3.10920523739404e-06_3.10920523739404e-06_3.10920523739404e-06_3.10920523739404e-06
1016,5962,172-40-4-2-1,5.59656942730927e-06_5.59656942730927e-06_5.59656942730927e-06_5.59656942730927e-06_5.59656942730927e-06
1016,5963,44-13-6-2-1,6.84025152226688e-06_6.84025152226688e-06_6.84025152226688e-06_6.84025152226688e-06_6.84025152226688e-06
1016,5964,180-40-4-2-1,1.49241851394914e-05_1.49241851394914e-05_1.49241851394914e-05_1.49241851394914e-05_1.49241851394914e-05
1016,5965,224-39-11-1-1,3.73104628487285e-06_3.73104628487285e-06_3.73104628487285e-06_3.73104628487285e-06_3.73104628487285e-06
1016,5966,29-17-10-1-1,1.36805030445338e-05_1.36805030445338e-05_1.36805030445338e-05_1.36805030445338e-05_1.36805030445338e-05
1016,5967,185-41-9-2-1,3.73104628487285e-06_3.73104628487285e-06_3.73104628487285e-06_3.73104628487285e-06_3.73104628487285e-06
1016,5968,208-30-1-1-1,8.0839336172245e-06_8.0839336172245e-06_8.0839336172245e-06_8.0839336172245e-06_8.0839336172245e-06
1016,5969,160-30-1-1-1,2.73610060890675e-05_2.73610060890675e-05_2.73610060890675e-05_2.73610060890675e-05_2.73610060890675e-05
1016,5970,160-30-1-1-1,4.97472837983046e-06_4.97472837983046e-06_4.97472837983046e-06_4.97472837983046e-06_4.97472837983046e-06
1016,5971,185-41-9-2-1,2.48736418991523e-06_2.48736418991523e-06_2.48736418991523e-06_2.48736418991523e-06_2.48736418991523e-06
1016,5972,140-42-12-1-1,8.70577466470331e-06_8.70577466470331e-06_8.70577466470331e-06_8.70577466470331e-06_8.70577466470331e-06
1016,5973,160-30-1-1-1,1.86552314243642e-05_1.86552314243642e-05_1.86552314243642e-05_1.86552314243642e-05_1.86552314243642e-05
1016,5974,216-19-9-2-1,6.21841047478808e-06_6.21841047478808e-06_6.21841047478808e-06_6.21841047478808e-06_6.21841047478808e-06
1016,5975,170-43-4-2-1,4.04196680861225e-05_4.04196680861225e-05_4.04196680861225e-05_4.04196680861225e-05_4.04196680861225e-05
1016,5976,185-41-9-2-1,8.0839336172245e-06_8.0839336172245e-06_8.0839336172245e-06_8.0839336172245e-06_8.0839336172245e-06
1016,5977,6-6-6-2-1,2.42518008516735e-05_2.42518008516735e-05_2.42518008516735e-05_2.42518008516735e-05_2.42518008516735e-05
1016,5978,148-29-2-2-1,1.49241851394914e-05_1.49241851394914e-05_1.49241851394914e-05_1.49241851394914e-05_1.49241851394914e-05
1016,5979,172-40-4-2-1,8.70577466470331e-06_8.70577466470331e-06_8.70577466470331e-06_8.70577466470331e-06_8.70577466470331e-06
1016,5980,148-29-2-2-1,6.84025152226688e-06_6.84025152226688e-06_6.84025152226688e-06_6.84025152226688e-06_6.84025152226688e-06
1016,5981,172-40-4-2-1,8.0839336172245e-06_8.0839336172245e-06_8.0839336172245e-06_8.0839336172245e-06_8.0839336172245e-06
1016,5982,112-14-4-2-1,1.43023440920126e-05_1.43023440920126e-05_1.43023440920126e-05_1.43023440920126e-05_1.43023440920126e-05
1016,5983,185-41-9-2-1,3.73104628487285e-06_3.73104628487285e-06_3.73104628487285e-06_3.73104628487285e-06_3.73104628487285e-06
1016,5984,148-29-2-2-1,0.000108822183308791_0.000108822183308791_0.000108822183308791_0.000108822183308791_0.000108822183308791
1016,5985,148-29-2-2-1,0.000113796911688622_0.000113796911688622_0.000113796911688622_0.000113796911688622_0.000113796911688622
1016,5986,185-41-9-2-1,3.10920523739404e-06_3.10920523739404e-06_3.10920523739404e-06_3.10920523739404e-06_3.10920523739404e-06
1016,5987,134-29-2-2-1,2.98483702789828e-05_2.98483702789828e-05_2.98483702789828e-05_2.98483702789828e-05_2.98483702789828e-05
1016,5988,76-4-4-2-1,2.48736418991523e-05_2.48736418991523e-05_2.48736418991523e-05_2.48736418991523e-05_2.48736418991523e-05
1016,5989,199-19-9-2-1,3.17138934214192e-05_3.17138934214192e-05_3.17138934214192e-05_3.17138934214192e-05_3.17138934214192e-05
1016,5990,199-19-9-2-1,9.32761571218212e-06_9.32761571218212e-06_9.32761571218212e-06_9.32761571218212e-06_9.32761571218212e-06
1016,5991,4-4-4-2-1,4.97472837983046e-06_4.97472837983046e-06_4.97472837983046e-06_4.97472837983046e-06_4.97472837983046e-06
1016,5992,199-19-9-2-1,6.21841047478808e-06_6.21841047478808e-06_6.21841047478808e-06_6.21841047478808e-06_6.21841047478808e-06
1016,5993,63-27-8-1-1,5.59656942730927e-06_5.59656942730927e-06_5.59656942730927e-06_5.59656942730927e-06_5.59656942730927e-06
1016,5994,36-6-6-2-1,0.000227593823377244_0.000227593823377244_0.000227593823377244_0.000227593823377244_0.000227593823377244
1016,5995,61-13-6-2-1,4.91254427508258e-05_4.91254427508258e-05_4.91254427508258e-05_4.91254427508258e-05_4.91254427508258e-05
1016,5996,159-4-4-2-1,4.35288733235165e-06_4.35288733235165e-06_4.35288733235165e-06_4.35288733235165e-06_4.35288733235165e-06
1016,5997,66-29-2-2-1,6.84025152226688e-06_6.84025152226688e-06_6.84025152226688e-06_6.84025152226688e-06_6.84025152226688e-06
1016,5998,62-3-3-1-1,0.000382432244199467_0.000382432244199467_0.000382432244199467_0.000382432244199467_0.000382432244199467
1016,5999,159-4-4-2-1,2.36299598041947e-05_2.36299598041947e-05_2.36299598041947e-05_2.36299598041947e-05_2.36299598041947e-05
1016,6000,51-22-8-1-1,3.29575755163768e-05_3.29575755163768e-05_3.29575755163768e-05_3.29575755163768e-05_3.29575755163768e-05
1016,6001,228-17-10-1-1,2.42518008516735e-05_2.42518008516735e-05_2.42518008516735e-05_2.42518008516735e-05_2.42518008516735e-05
1016,6002,5-5-5-1-1,6.21841047478808e-06_6.21841047478808e-06_6.21841047478808e-06_6.21841047478808e-06_6.21841047478808e-06
1016,6003,6-6-6-2-1,2.11425956142795e-05_2.11425956142795e-05_2.11425956142795e-05_2.11425956142795e-05_2.11425956142795e-05
1016,6004,8-7-4-2-1,8.0839336172245e-06_8.0839336172245e-06_8.0839336172245e-06_8.0839336172245e-06_8.0839336172245e-06
1016,6005,54-26-4-2-1,0.000113796911688622_0.000113796911688622_0.000113796911688622_0.000113796911688622_0.000113796911688622
1016,6006,127-30-1-1-1,6.21841047478808e-06_6.21841047478808e-06_6.21841047478808e-06_6.21841047478808e-06_6.21841047478808e-06
1016,6008,179-26-4-2-1,5.59656942730927e-06_5.59656942730927e-06_5.59656942730927e-06_5.59656942730927e-06_5.59656942730927e-06
1016,6009,149-16-2-2-1,3.10920523739404e-06_3.10920523739404e-06_3.10920523739404e-06_3.10920523739404e-06_3.10920523739404e-06
1016,6010,129-21-4-2-1,1.55460261869702e-05_1.55460261869702e-05_1.55460261869702e-05_1.55460261869702e-05_1.55460261869702e-05
1016,6011,74-31-9-2-1,4.97472837983046e-06_4.97472837983046e-06_4.97472837983046e-06_4.97472837983046e-06_4.97472837983046e-06
1016,6012,172-40-4-2-1,3.73104628487285e-06_3.73104628487285e-06_3.73104628487285e-06_3.73104628487285e-06_3.73104628487285e-06
1016,6013,216-19-9-2-1,3.73104628487285e-06_3.73104628487285e-06_3.73104628487285e-06_3.73104628487285e-06_3.73104628487285e-06
1016,6014,151-19-9-2-1,1.9277072471843e-05_1.9277072471843e-05_1.9277072471843e-05_1.9277072471843e-05_1.9277072471843e-05
1016,6016,185-41-9-2-1,4.97472837983046e-06_4.97472837983046e-06_4.97472837983046e-06_4.97472837983046e-06_4.97472837983046e-06
1016,6017,225-31-9-2-1,9.32761571218212e-06_9.32761571218212e-06_9.32761571218212e-06_9.32761571218212e-06_9.32761571218212e-06
1016,6018,172-40-4-2-1,3.73104628487285e-06_3.73104628487285e-06_3.73104628487285e-06_3.73104628487285e-06_3.73104628487285e-06
1016,6019,149-16-2-2-1,3.73104628487285e-06_3.73104628487285e-06_3.73104628487285e-06_3.73104628487285e-06_3.73104628487285e-06
1016,6020,172-40-4-2-1,3.10920523739404e-06_3.10920523739404e-06_3.10920523739404e-06_3.10920523739404e-06_3.10920523739404e-06
1016,6021,140-42-12-1-1,4.97472837983046e-06_4.97472837983046e-06_4.97472837983046e-06_4.97472837983046e-06_4.97472837983046e-06
1016,6022,199-19-9-2-1,1.36805030445338e-05_1.36805030445338e-05_1.36805030445338e-05_1.36805030445338e-05_1.36805030445338e-05
1016,6023,128-7-4-2-1,1.24368209495762e-05_1.24368209495762e-05_1.24368209495762e-05_1.24368209495762e-05_1.24368209495762e-05
1016,6024,200-15-9-2-1,5.59656942730927e-06_5.59656942730927e-06_5.59656942730927e-06_5.59656942730927e-06_5.59656942730927e-06
1016,6025,200-15-9-2-1,3.73104628487285e-06_3.73104628487285e-06_3.73104628487285e-06_3.73104628487285e-06_3.73104628487285e-06
1016,6026,161-36-10-1-1,3.73104628487285e-06_3.73104628487285e-06_3.73104628487285e-06_3.73104628487285e-06_3.73104628487285e-06
1016,6027,118-36-10-1-1,3.10920523739404e-06_3.10920523739404e-06_3.10920523739404e-06_3.10920523739404e-06_3.10920523739404e-06
1016,6028,114-40-4-2-1,3.73104628487285e-06_3.73104628487285e-06_3.73104628487285e-06_3.73104628487285e-06_3.73104628487285e-06
1016,6029,192-19-9-2-1,9.38979981693e-05_9.38979981693e-05_9.38979981693e-05_9.38979981693e-05_9.38979981693e-05
1016,6030,142-42-12-1-1,3.10920523739404e-06_3.10920523739404e-06_3.10920523739404e-06_3.10920523739404e-06_3.10920523739404e-06
1016,6031,192-19-9-2-1,0.000282315835555379_0.000282315835555379_0.000282315835555379_0.000282315835555379_0.000282315835555379
1016,6032,177-7-4-2-1,1.55460261869702e-05_1.55460261869702e-05_1.55460261869702e-05_1.55460261869702e-05_1.55460261869702e-05
1016,6033,226-32-10-1-1,2.48736418991523e-06_2.48736418991523e-06_2.48736418991523e-06_2.48736418991523e-06_2.48736418991523e-06
1016,6034,175-20-9-2-1,3.10920523739404e-06_3.10920523739404e-06_3.10920523739404e-06_3.10920523739404e-06_3.10920523739404e-06
1016,6035,216-19-9-2-1,2.05207545668007e-05_2.05207545668007e-05_2.05207545668007e-05_2.05207545668007e-05_2.05207545668007e-05
1016,6036,47-22-8-1-1,7.71082898873721e-05_7.71082898873721e-05_7.71082898873721e-05_7.71082898873721e-05_7.71082898873721e-05
1016,6037,47-22-8-1-1,5.59656942730927e-06_5.59656942730927e-06_5.59656942730927e-06_5.59656942730927e-06_5.59656942730927e-06
1016,6038,66-29-2-2-1,3.73104628487285e-06_3.73104628487285e-06_3.73104628487285e-06_3.73104628487285e-06_3.73104628487285e-06
1016,6039,227-41-9-2-1,8.0839336172245e-06_8.0839336172245e-06_8.0839336172245e-06_8.0839336172245e-06_8.0839336172245e-06
1016,6040,37-11-4-2-1,5.59656942730927e-06_5.59656942730927e-06_5.59656942730927e-06_5.59656942730927e-06_5.59656942730927e-06
1016,6042,180-40-4-2-1,2.17644366617583e-05_2.17644366617583e-05_2.17644366617583e-05_2.17644366617583e-05_2.17644366617583e-05
1016,6043,13-6-6-2-1,0.000182199426911291_0.000182199426911291_0.000182199426911291_0.000182199426911291_0.000182199426911291
1016,6044,148-29-2-2-1,4.04196680861225e-05_4.04196680861225e-05_4.04196680861225e-05_4.04196680861225e-05_4.04196680861225e-05
1016,6045,51-22-8-1-1,9.94945675966092e-06_9.94945675966092e-06_9.94945675966092e-06_9.94945675966092e-06_9.94945675966092e-06
1016,6046,31-6-6-2-1,0.00024003064432682_0.00024003064432682_0.00024003064432682_0.00024003064432682_0.00024003064432682
1016,6047,177-7-4-2-1,3.73104628487285e-06_3.73104628487285e-06_3.73104628487285e-06_3.73104628487285e-06_3.73104628487285e-06
1016,6048,148-29-2-2-1,5.47220121781351e-05_5.47220121781351e-05_5.47220121781351e-05_5.47220121781351e-05_5.47220121781351e-05
1016,6049,32-18-4-2-1,3.73104628487285e-06_3.73104628487285e-06_3.73104628487285e-06_3.73104628487285e-06_3.73104628487285e-06
1016,6050,89-13-6-2-1,0.000222619094997413_0.000222619094997413_0.000222619094997413_0.000222619094997413_0.000222619094997413
1016,6051,222-35-4-2-1,4.16633501810801e-05_4.16633501810801e-05_4.16633501810801e-05_4.16633501810801e-05_4.16633501810801e-05
1016,6052,209-35-4-2-1,8.0839336172245e-06_8.0839336172245e-06_8.0839336172245e-06_8.0839336172245e-06_8.0839336172245e-06
1016,6053,17-11-4-2-1,1.43023440920126e-05_1.43023440920126e-05_1.43023440920126e-05_1.43023440920126e-05_1.43023440920126e-05
1016,6054,209-35-4-2-1,4.97472837983046e-06_4.97472837983046e-06_4.97472837983046e-06_4.97472837983046e-06_4.97472837983046e-06
1016,6055,98-27-8-1-1,3.66886218012497e-05_3.66886218012497e-05_3.66886218012497e-05_3.66886218012497e-05_3.66886218012497e-05
1016,6056,183-23-8-1-1,8.02174951247662e-05_8.02174951247662e-05_8.02174951247662e-05_8.02174951247662e-05_8.02174951247662e-05
1016,6057,220-22-8-1-1,2.48736418991523e-06_2.48736418991523e-06_2.48736418991523e-06_2.48736418991523e-06_2.48736418991523e-06
1016,6058,203-11-4-2-1,1.80333903768854e-05_1.80333903768854e-05_1.80333903768854e-05_1.80333903768854e-05_1.80333903768854e-05
1016,6059,69-29-2-2-1,7.46209256974569e-05_7.46209256974569e-05_7.46209256974569e-05_7.46209256974569e-05_7.46209256974569e-05
1016,6060,237-44-12-1-1,4.35288733235165e-06_4.35288733235165e-06_4.35288733235165e-06_4.35288733235165e-06_4.35288733235165e-06
1016,6061,137-26-4-2-1,6.03185816054443e-05_6.03185816054443e-05_6.03185816054443e-05_6.03185816054443e-05_6.03185816054443e-05
1016,6062,57-7-4-2-1,1.24368209495762e-05_1.24368209495762e-05_1.24368209495762e-05_1.24368209495762e-05_1.24368209495762e-05
1016,6063,42-13-6-2-1,1.49241851394914e-05_1.49241851394914e-05_1.49241851394914e-05_1.49241851394914e-05_1.49241851394914e-05
1016,6064,177-7-4-2-1,6.21841047478808e-06_6.21841047478808e-06_6.21841047478808e-06_6.21841047478808e-06_6.21841047478808e-06
1016,6065,227-41-9-2-1,2.17644366617583e-05_2.17644366617583e-05_2.17644366617583e-05_2.17644366617583e-05_2.17644366617583e-05
1016,6066,230-14-4-2-1,4.35288733235165e-06_4.35288733235165e-06_4.35288733235165e-06_4.35288733235165e-06_4.35288733235165e-06
1016,6067,174-15-9-2-1,2.48736418991523e-06_2.48736418991523e-06_2.48736418991523e-06_2.48736418991523e-06_2.48736418991523e-06
1016,6068,227-41-9-2-1,3.73104628487285e-06_3.73104628487285e-06_3.73104628487285e-06_3.73104628487285e-06_3.73104628487285e-06
1016,6069,6-6-6-2-1,8.70577466470331e-06_8.70577466470331e-06_8.70577466470331e-06_8.70577466470331e-06_8.70577466470331e-06
1016,6070,160-30-1-1-1,4.97472837983046e-06_4.97472837983046e-06_4.97472837983046e-06_4.97472837983046e-06_4.97472837983046e-06
1016,6071,131-13-6-2-1,3.2335734468898e-05_3.2335734468898e-05_3.2335734468898e-05_3.2335734468898e-05_3.2335734468898e-05
1016,6072,83-33-5-1-1,1.05712978071397e-05_1.05712978071397e-05_1.05712978071397e-05_1.05712978071397e-05_1.05712978071397e-05
1016,6073,133-12-8-1-1,3.73104628487285e-06_3.73104628487285e-06_3.73104628487285e-06_3.73104628487285e-06_3.73104628487285e-06
1016,6074,28-16-2-2-1,5.78312174155291e-05_5.78312174155291e-05_5.78312174155291e-05_5.78312174155291e-05_5.78312174155291e-05
1016,6075,74-31-9-2-1,2.98483702789828e-05_2.98483702789828e-05_2.98483702789828e-05_2.98483702789828e-05_2.98483702789828e-05
1016,6076,148-29-2-2-1,2.05207545668007e-05_2.05207545668007e-05_2.05207545668007e-05_2.05207545668007e-05_2.05207545668007e-05
1016,6077,148-29-2-2-1,5.03691248457834e-05_5.03691248457834e-05_5.03691248457834e-05_5.03691248457834e-05_5.03691248457834e-05
1016,6078,32-18-4-2-1,1.24368209495762e-05_1.24368209495762e-05_1.24368209495762e-05_1.24368209495762e-05_1.24368209495762e-05
1016,6079,172-40-4-2-1,4.97472837983046e-06_4.97472837983046e-06_4.97472837983046e-06_4.97472837983046e-06_4.97472837983046e-06
1016,6080,161-36-10-1-1,4.97472837983046e-06_4.97472837983046e-06_4.97472837983046e-06_4.97472837983046e-06_4.97472837983046e-06
1016,6081,76-4-4-2-1,4.97472837983046e-06_4.97472837983046e-06_4.97472837983046e-06_4.97472837983046e-06_4.97472837983046e-06
1016,6082,180-40-4-2-1,6.84025152226688e-06_6.84025152226688e-06_6.84025152226688e-06_6.84025152226688e-06_6.84025152226688e-06
1016,6083,212-41-9-2-1,4.35288733235165e-06_4.35288733235165e-06_4.35288733235165e-06_4.35288733235165e-06_4.35288733235165e-06
1016,6085,44-13-6-2-1,1.3058661997055e-05_1.3058661997055e-05_1.3058661997055e-05_1.3058661997055e-05_1.3058661997055e-05
1016,6087,61-13-6-2-1,3.04702113264616e-05_3.04702113264616e-05_3.04702113264616e-05_3.04702113264616e-05_3.04702113264616e-05
1016,6088,133-12-8-1-1,1.05712978071397e-05_1.05712978071397e-05_1.05712978071397e-05_1.05712978071397e-05_1.05712978071397e-05
1016,6089,83-33-5-1-1,1.05712978071397e-05_1.05712978071397e-05_1.05712978071397e-05_1.05712978071397e-05_1.05712978071397e-05
1016,6090,166-18-4-2-1,1.24368209495762e-05_1.24368209495762e-05_1.24368209495762e-05_1.24368209495762e-05_1.24368209495762e-05
1016,6091,201-17-10-1-1,2.48736418991523e-05_2.48736418991523e-05_2.48736418991523e-05_2.48736418991523e-05_2.48736418991523e-05
1016,6092,102-13-6-2-1,8.0839336172245e-06_8.0839336172245e-06_8.0839336172245e-06_8.0839336172245e-06_8.0839336172245e-06
1016,6093,133-12-8-1-1,4.35288733235165e-06_4.35288733235165e-06_4.35288733235165e-06_4.35288733235165e-06_4.35288733235165e-06
1016,6094,91-33-5-1-1,1.80333903768854e-05_1.80333903768854e-05_1.80333903768854e-05_1.80333903768854e-05_1.80333903768854e-05
1016,6095,133-12-8-1-1,3.10920523739404e-06_3.10920523739404e-06_3.10920523739404e-06_3.10920523739404e-06_3.10920523739404e-06
1016,6096,67-2-2-2-1,1.18149799020973e-05_1.18149799020973e-05_1.18149799020973e-05_1.18149799020973e-05_1.18149799020973e-05
1016,6097,37-11-4-2-1,0.000113796911688622_0.000113796911688622_0.000113796911688622_0.000113796911688622_0.000113796911688622
1016,6098,37-11-4-2-1,8.14611772197238e-05_8.14611772197238e-05_8.14611772197238e-05_8.14611772197238e-05_8.14611772197238e-05
1016,6099,152-32-10-1-1,3.10920523739404e-06_3.10920523739404e-06_3.10920523739404e-06_3.10920523739404e-06_3.10920523739404e-06
1016,6100,109-28-5-1-1,0.000101360090739046_0.000101360090739046_0.000101360090739046_0.000101360090739046_0.000101360090739046
1016,6101,109-28-5-1-1,2.61173239941099e-05_2.61173239941099e-05_2.61173239941099e-05_2.61173239941099e-05_2.61173239941099e-05
1016,6102,72-10-2-2-1,4.22851912285589e-05_4.22851912285589e-05_4.22851912285589e-05_4.22851912285589e-05_4.22851912285589e-05
1016,6103,137-26-4-2-1,8.70577466470331e-06_8.70577466470331e-06_8.70577466470331e-06_8.70577466470331e-06_8.70577466470331e-06
1016,6104,128-7-4-2-1,5.59656942730927e-06_5.59656942730927e-06_5.59656942730927e-06_5.59656942730927e-06_5.59656942730927e-06
1016,6105,136-26-4-2-1,4.35288733235165e-06_4.35288733235165e-06_4.35288733235165e-06_4.35288733235165e-06_4.35288733235165e-06
1016,6106,57-7-4-2-1,5.59656942730927e-06_5.59656942730927e-06_5.59656942730927e-06_5.59656942730927e-06_5.59656942730927e-06
1016,6107,135-41-9-2-1,4.47725554184741e-05_4.47725554184741e-05_4.47725554184741e-05_4.47725554184741e-05_4.47725554184741e-05
1016,6108,89-13-6-2-1,9.14106339793847e-05_9.14106339793847e-05_9.14106339793847e-05_9.14106339793847e-05_9.14106339793847e-05
1016,6110,8-7-4-2-1,3.10920523739404e-06_3.10920523739404e-06_3.10920523739404e-06_3.10920523739404e-06_3.10920523739404e-06
1016,6111,134-29-2-2-1,1.11931388546185e-05_1.11931388546185e-05_1.11931388546185e-05_1.11931388546185e-05_1.11931388546185e-05
1016,6112,174-15-9-2-1,4.97472837983046e-06_4.97472837983046e-06_4.97472837983046e-06_4.97472837983046e-06_4.97472837983046e-06
1016,6113,112-14-4-2-1,3.73104628487285e-06_3.73104628487285e-06_3.73104628487285e-06_3.73104628487285e-06_3.73104628487285e-06
1016,6114,205-12-8-1-1,3.10920523739404e-06_3.10920523739404e-06_3.10920523739404e-06_3.10920523739404e-06_3.10920523739404e-06
1016,6117,203-11-4-2-1,1.3058661997055e-05_1.3058661997055e-05_1.3058661997055e-05_1.3058661997055e-05_1.3058661997055e-05
1016,6118,179-26-4-2-1,5.59656942730927e-06_5.59656942730927e-06_5.59656942730927e-06_5.59656942730927e-06_5.59656942730927e-06
1016,6119,74-31-9-2-1,4.35288733235165e-06_4.35288733235165e-06_4.35288733235165e-06_4.35288733235165e-06_4.35288733235165e-06
1016,6120,147-11-4-2-1,5.59656942730927e-06_5.59656942730927e-06_5.59656942730927e-06_5.59656942730927e-06_5.59656942730927e-06
1016,6121,147-11-4-2-1,2.54954829466311e-05_2.54954829466311e-05_2.54954829466311e-05_2.54954829466311e-05_2.54954829466311e-05
1016,6122,153-18-4-2-1,4.97472837983046e-06_4.97472837983046e-06_4.97472837983046e-06_4.97472837983046e-06_4.97472837983046e-06
1016,6123,18-12-8-1-1,5.59656942730927e-06_5.59656942730927e-06_5.59656942730927e-06_5.59656942730927e-06_5.59656942730927e-06
1016,6124,2-2-2-2-1,0.000124368209495762_0.000124368209495762_0.000124368209495762_0.000124368209495762_0.000124368209495762
1016,6125,214-26-4-2-1,3.91759859911649e-05_3.91759859911649e-05_3.91759859911649e-05_3.91759859911649e-05_3.91759859911649e-05
1016,6126,66-29-2-2-1,3.73104628487285e-06_3.73104628487285e-06_3.73104628487285e-06_3.73104628487285e-06_3.73104628487285e-06
1016,6127,203-11-4-2-1,3.17138934214192e-05_3.17138934214192e-05_3.17138934214192e-05_3.17138934214192e-05_3.17138934214192e-05
1016,6128,232-34-11-1-1,0.00106707923747363_0.00106707923747363_0.00106707923747363_0.00106707923747363_0.00106707923747363
1016,6129,37-11-4-2-1,5.90748995104867e-05_5.90748995104867e-05_5.90748995104867e-05_5.90748995104867e-05_5.90748995104867e-05
1016,6130,227-41-9-2-1,3.10920523739404e-06_3.10920523739404e-06_3.10920523739404e-06_3.10920523739404e-06_3.10920523739404e-06
1016,6131,173-5-5-1-1,0.000105712978071397_0.000105712978071397_0.000105712978071397_0.000105712978071397_0.000105712978071397
1016,6132,203-11-4-2-1,4.97472837983046e-06_4.97472837983046e-06_4.97472837983046e-06_4.97472837983046e-06_4.97472837983046e-06
1016,6133,235-34-11-1-1,7.21335615075417e-05_7.21335615075417e-05_7.21335615075417e-05_7.21335615075417e-05_7.21335615075417e-05
1016,6134,8-7-4-2-1,7.46209256974569e-06_7.46209256974569e-06_7.46209256974569e-06_7.46209256974569e-06_7.46209256974569e-06
1016,6135,180-40-4-2-1,6.84025152226688e-06_6.84025152226688e-06_6.84025152226688e-06_6.84025152226688e-06_6.84025152226688e-06
1016,6136,188-14-4-2-1,6.21841047478808e-06_6.21841047478808e-06_6.21841047478808e-06_6.21841047478808e-06_6.21841047478808e-06
1016,6137,18-12-8-1-1,2.48736418991523e-06_2.48736418991523e-06_2.48736418991523e-06_2.48736418991523e-06_2.48736418991523e-06
1016,6138,212-41-9-2-1,3.73104628487285e-06_3.73104628487285e-06_3.73104628487285e-06_3.73104628487285e-06_3.73104628487285e-06
1016,6139,230-14-4-2-1,6.21841047478808e-06_6.21841047478808e-06_6.21841047478808e-06_6.21841047478808e-06_6.21841047478808e-06
1016,6140,213-15-9-2-1,1.11931388546185e-05_1.11931388546185e-05_1.11931388546185e-05_1.11931388546185e-05_1.11931388546185e-05
1016,6141,44-13-6-2-1,5.22346479882198e-05_5.22346479882198e-05_5.22346479882198e-05_5.22346479882198e-05_5.22346479882198e-05
1016,6142,185-41-9-2-1,2.48736418991523e-06_2.48736418991523e-06_2.48736418991523e-06_2.48736418991523e-06_2.48736418991523e-06
1016,6143,199-19-9-2-1,4.5394396465953e-05_4.5394396465953e-05_4.5394396465953e-05_4.5394396465953e-05_4.5394396465953e-05
1016,6144,191-37-4-2-1,4.97472837983046e-06_4.97472837983046e-06_4.97472837983046e-06_4.97472837983046e-06_4.97472837983046e-06
1016,6145,172-40-4-2-1,7.46209256974569e-06_7.46209256974569e-06_7.46209256974569e-06_7.46209256974569e-06_7.46209256974569e-06
1016,6146,199-19-9-2-1,5.34783300831775e-05_5.34783300831775e-05_5.34783300831775e-05_5.34783300831775e-05_5.34783300831775e-05
1016,6148,185-41-9-2-1,3.10920523739404e-06_3.10920523739404e-06_3.10920523739404e-06_3.10920523739404e-06_3.10920523739404e-06
1016,6149,138-23-8-1-1,2.17644366617583e-05_2.17644366617583e-05_2.17644366617583e-05_2.17644366617583e-05_2.17644366617583e-05
1016,6150,167-18-4-2-1,3.10920523739404e-06_3.10920523739404e-06_3.10920523739404e-06_3.10920523739404e-06_3.10920523739404e-06
1016,6151,45-5-5-1-1,1.36805030445338e-05_1.36805030445338e-05_1.36805030445338e-05_1.36805030445338e-05_1.36805030445338e-05
1016,6152,45-5-5-1-1,8.70577466470331e-06_8.70577466470331e-06_8.70577466470331e-06_8.70577466470331e-06_8.70577466470331e-06
1016,6153,229-5-5-1-1,1.9277072471843e-05_1.9277072471843e-05_1.9277072471843e-05_1.9277072471843e-05_1.9277072471843e-05
1016,6155,63-27-8-1-1,3.10920523739404e-06_3.10920523739404e-06_3.10920523739404e-06_3.10920523739404e-06_3.10920523739404e-06
1016,6156,61-13-6-2-1,2.23862777092371e-05_2.23862777092371e-05_2.23862777092371e-05_2.23862777092371e-05_2.23862777092371e-05
1016,6158,133-12-8-1-1,3.73104628487285e-06_3.73104628487285e-06_3.73104628487285e-06_3.73104628487285e-06_3.73104628487285e-06
1016,6159,167-18-4-2-1,3.10920523739404e-06_3.10920523739404e-06_3.10920523739404e-06_3.10920523739404e-06_3.10920523739404e-06
1016,6160,147-11-4-2-1,8.0839336172245e-06_8.0839336172245e-06_8.0839336172245e-06_8.0839336172245e-06_8.0839336172245e-06
1016,6161,137-26-4-2-1,5.59656942730927e-06_5.59656942730927e-06_5.59656942730927e-06_5.59656942730927e-06_5.59656942730927e-06
1016,6162,83-33-5-1-1,9.94945675966092e-06_9.94945675966092e-06_9.94945675966092e-06_9.94945675966092e-06_9.94945675966092e-06
1016,6163,4-4-4-2-1,3.10920523739404e-06_3.10920523739404e-06_3.10920523739404e-06_3.10920523739404e-06_3.10920523739404e-06
1016,6164,130-12-8-1-1,4.35288733235165e-06_4.35288733235165e-06_4.35288733235165e-06_4.35288733235165e-06_4.35288733235165e-06
1016,6165,126-29-2-2-1,7.46209256974569e-06_7.46209256974569e-06_7.46209256974569e-06_7.46209256974569e-06_7.46209256974569e-06
1016,6166,140-42-12-1-1,4.35288733235165e-06_4.35288733235165e-06_4.35288733235165e-06_4.35288733235165e-06_4.35288733235165e-06
1016,6167,102-13-6-2-1,3.35794165638556e-05_3.35794165638556e-05_3.35794165638556e-05_3.35794165638556e-05_3.35794165638556e-05
1016,6168,4-4-4-2-1,8.0839336172245e-06_8.0839336172245e-06_8.0839336172245e-06_8.0839336172245e-06_8.0839336172245e-06
1016,6169,209-35-4-2-1,3.10920523739404e-06_3.10920523739404e-06_3.10920523739404e-06_3.10920523739404e-06_3.10920523739404e-06
1016,6170,185-41-9-2-1,3.10920523739404e-06_3.10920523739404e-06_3.10920523739404e-06_3.10920523739404e-06_3.10920523739404e-06
1016,6171,185-41-9-2-1,4.35288733235165e-06_4.35288733235165e-06_4.35288733235165e-06_4.35288733235165e-06_4.35288733235165e-06
1016,6172,76-4-4-2-1,3.10920523739404e-06_3.10920523739404e-06_3.10920523739404e-06_3.10920523739404e-06_3.10920523739404e-06
1016,6173,180-40-4-2-1,2.48736418991523e-06_2.48736418991523e-06_2.48736418991523e-06_2.48736418991523e-06_2.48736418991523e-06
1016,6174,122-16-2-2-1,3.10920523739404e-06_3.10920523739404e-06_3.10920523739404e-06_3.10920523739404e-06_3.10920523739404e-06
1016,6175,216-19-9-2-1,4.35288733235165e-06_4.35288733235165e-06_4.35288733235165e-06_4.35288733235165e-06_4.35288733235165e-06
1016,6176,45-5-5-1-1,3.10920523739404e-06_3.10920523739404e-06_3.10920523739404e-06_3.10920523739404e-06_3.10920523739404e-06
1016,6177,223-40-4-2-1,1.24368209495762e-05_1.24368209495762e-05_1.24368209495762e-05_1.24368209495762e-05_1.24368209495762e-05
1016,6178,135-41-9-2-1,9.76290444541728e-05_9.76290444541728e-05_9.76290444541728e-05_9.76290444541728e-05_9.76290444541728e-05
1016,6179,77-28-5-1-1,1.36805030445338e-05_1.36805030445338e-05_1.36805030445338e-05_1.36805030445338e-05_1.36805030445338e-05
1016,6180,55-22-8-1-1,1.3058661997055e-05_1.3058661997055e-05_1.3058661997055e-05_1.3058661997055e-05_1.3058661997055e-05
1016,6181,18-12-8-1-1,2.17644366617583e-05_2.17644366617583e-05_2.17644366617583e-05_2.17644366617583e-05_2.17644366617583e-05
1016,6182,153-18-4-2-1,5.59656942730927e-06_5.59656942730927e-06_5.59656942730927e-06_5.59656942730927e-06_5.59656942730927e-06
1016,6183,193-40-4-2-1,2.79828471365463e-05_2.79828471365463e-05_2.79828471365463e-05_2.79828471365463e-05_2.79828471365463e-05
1016,6184,63-27-8-1-1,1.05712978071397e-05_1.05712978071397e-05_1.05712978071397e-05_1.05712978071397e-05_1.05712978071397e-05
1016,6185,63-27-8-1-1,3.2335734468898e-05_3.2335734468898e-05_3.2335734468898e-05_3.2335734468898e-05_3.2335734468898e-05
1016,6186,63-27-8-1-1,5.59656942730927e-06_5.59656942730927e-06_5.59656942730927e-06_5.59656942730927e-06_5.59656942730927e-06
1016,6187,167-18-4-2-1,4.35288733235165e-06_4.35288733235165e-06_4.35288733235165e-06_4.35288733235165e-06_4.35288733235165e-06
1016,6188,45-5-5-1-1,4.97472837983046e-06_4.97472837983046e-06_4.97472837983046e-06_4.97472837983046e-06_4.97472837983046e-06
1016,6189,83-33-5-1-1,3.17138934214192e-05_3.17138934214192e-05_3.17138934214192e-05_3.17138934214192e-05_3.17138934214192e-05
1016,6190,212-41-9-2-1,6.84025152226688e-06_6.84025152226688e-06_6.84025152226688e-06_6.84025152226688e-06_6.84025152226688e-06
1016,6191,205-12-8-1-1,6.21841047478808e-06_6.21841047478808e-06_6.21841047478808e-06_6.21841047478808e-06_6.21841047478808e-06
1016,6192,83-33-5-1-1,7.46209256974569e-06_7.46209256974569e-06_7.46209256974569e-06_7.46209256974569e-06_7.46209256974569e-06
1016,6193,196-14-4-2-1,3.73104628487285e-06_3.73104628487285e-06_3.73104628487285e-06_3.73104628487285e-06_3.73104628487285e-06
1016,6194,112-14-4-2-1,1.3058661997055e-05_1.3058661997055e-05_1.3058661997055e-05_1.3058661997055e-05_1.3058661997055e-05
1016,6195,8-7-4-2-1,3.10920523739404e-06_3.10920523739404e-06_3.10920523739404e-06_3.10920523739404e-06_3.10920523739404e-06
1016,6196,205-12-8-1-1,3.10920523739404e-06_3.10920523739404e-06_3.10920523739404e-06_3.10920523739404e-06_3.10920523739404e-06
1016,6197,153-18-4-2-1,6.84025152226688e-06_6.84025152226688e-06_6.84025152226688e-06_6.84025152226688e-06_6.84025152226688e-06
1016,6198,237-44-12-1-1,9.32761571218212e-06_9.32761571218212e-06_9.32761571218212e-06_9.32761571218212e-06_9.32761571218212e-06
1016,6199,167-18-4-2-1,8.70577466470331e-06_8.70577466470331e-06_8.70577466470331e-06_8.70577466470331e-06_8.70577466470331e-06
1016,6200,32-18-4-2-1,8.0839336172245e-06_8.0839336172245e-06_8.0839336172245e-06_8.0839336172245e-06_8.0839336172245e-06
1016,6201,32-18-4-2-1,4.97472837983046e-06_4.97472837983046e-06_4.97472837983046e-06_4.97472837983046e-06_4.97472837983046e-06
1016,6202,134-29-2-2-1,1.98989135193218e-05_1.98989135193218e-05_1.98989135193218e-05_1.98989135193218e-05_1.98989135193218e-05
1016,6203,87-34-11-1-1,0.000952660484737533_0.000952660484737533_0.000952660484737533_0.000952660484737533_0.000952660484737533
1016,6204,230-14-4-2-1,8.0839336172245e-06_8.0839336172245e-06_8.0839336172245e-06_8.0839336172245e-06_8.0839336172245e-06
1016,6205,185-41-9-2-1,1.86552314243642e-06_1.86552314243642e-06_1.86552314243642e-06_1.86552314243642e-06_1.86552314243642e-06
1016,6206,49-22-8-1-1,6.21841047478808e-06_6.21841047478808e-06_6.21841047478808e-06_6.21841047478808e-06_6.21841047478808e-06
1016,6207,65-1-1-1-1,2.42518008516735e-05_2.42518008516735e-05_2.42518008516735e-05_2.42518008516735e-05_2.42518008516735e-05
1016,6208,172-40-4-2-1,4.97472837983046e-06_4.97472837983046e-06_4.97472837983046e-06_4.97472837983046e-06_4.97472837983046e-06
1016,6209,79-32-10-1-1,4.35288733235165e-06_4.35288733235165e-06_4.35288733235165e-06_4.35288733235165e-06_4.35288733235165e-06
1016,6210,105-8-3-1-1,0.000298483702789828_0.000298483702789828_0.000298483702789828_0.000298483702789828_0.000298483702789828
1016,6211,25-10-2-2-1,9.94945675966092e-06_9.94945675966092e-06_9.94945675966092e-06_9.94945675966092e-06_9.94945675966092e-06
1016,6212,105-8-3-1-1,2.11425956142795e-05_2.11425956142795e-05_2.11425956142795e-05_2.11425956142795e-05_2.11425956142795e-05
1016,6213,14-9-7-1-1,0.000195879929955824_0.000195879929955824_0.000195879929955824_0.000195879929955824_0.000195879929955824
1016,6214,213-15-9-2-1,2.48736418991523e-05_2.48736418991523e-05_2.48736418991523e-05_2.48736418991523e-05_2.48736418991523e-05
1016,6215,227-41-9-2-1,3.10920523739404e-06_3.10920523739404e-06_3.10920523739404e-06_3.10920523739404e-06_3.10920523739404e-06
1016,6216,17-11-4-2-1,4.97472837983046e-06_4.97472837983046e-06_4.97472837983046e-06_4.97472837983046e-06_4.97472837983046e-06
1016,6217,149-16-2-2-1,7.46209256974569e-06_7.46209256974569e-06_7.46209256974569e-06_7.46209256974569e-06_7.46209256974569e-06
1016,6218,203-11-4-2-1,1.55460261869702e-05_1.55460261869702e-05_1.55460261869702e-05_1.55460261869702e-05_1.55460261869702e-05
1016,6219,49-22-8-1-1,8.0839336172245e-06_8.0839336172245e-06_8.0839336172245e-06_8.0839336172245e-06_8.0839336172245e-06
1016,6220,127-30-1-1-1,6.84025152226688e-06_6.84025152226688e-06_6.84025152226688e-06_6.84025152226688e-06_6.84025152226688e-06
1016,6221,8-7-4-2-1,1.11931388546185e-05_1.11931388546185e-05_1.11931388546185e-05_1.11931388546185e-05_1.11931388546185e-05
1016,6222,4-4-4-2-1,3.73104628487285e-06_3.73104628487285e-06_3.73104628487285e-06_3.73104628487285e-06_3.73104628487285e-06
1016,6223,102-13-6-2-1,8.70577466470331e-06_8.70577466470331e-06_8.70577466470331e-06_8.70577466470331e-06_8.70577466470331e-06
1016,6224,102-13-6-2-1,1.6167867234449e-05_1.6167867234449e-05_1.6167867234449e-05_1.6167867234449e-05_1.6167867234449e-05
1016,6225,112-14-4-2-1,8.70577466470331e-06_8.70577466470331e-06_8.70577466470331e-06_8.70577466470331e-06_8.70577466470331e-06
1016,6226,32-18-4-2-1,9.94945675966092e-06_9.94945675966092e-06_9.94945675966092e-06_9.94945675966092e-06_9.94945675966092e-06
1016,6227,141-42-12-1-1,8.70577466470331e-06_8.70577466470331e-06_8.70577466470331e-06_8.70577466470331e-06_8.70577466470331e-06
1016,6228,163-43-4-2-1,4.97472837983046e-06_4.97472837983046e-06_4.97472837983046e-06_4.97472837983046e-06_4.97472837983046e-06
1016,6229,75-1-1-1-1,1.80333903768854e-05_1.80333903768854e-05_1.80333903768854e-05_1.80333903768854e-05_1.80333903768854e-05
1016,6230,114-40-4-2-1,1.18149799020973e-05_1.18149799020973e-05_1.18149799020973e-05_1.18149799020973e-05_1.18149799020973e-05
1016,6231,8-7-4-2-1,6.21841047478808e-06_6.21841047478808e-06_6.21841047478808e-06_6.21841047478808e-06_6.21841047478808e-06
1016,6232,4-4-4-2-1,7.46209256974569e-06_7.46209256974569e-06_7.46209256974569e-06_7.46209256974569e-06_7.46209256974569e-06
1016,6233,160-30-1-1-1,1.18149799020973e-05_1.18149799020973e-05_1.18149799020973e-05_1.18149799020973e-05_1.18149799020973e-05
1016,6234,137-26-4-2-1,2.54954829466311e-05_2.54954829466311e-05_2.54954829466311e-05_2.54954829466311e-05_2.54954829466311e-05
1016,6235,98-27-8-1-1,4.35288733235165e-06_4.35288733235165e-06_4.35288733235165e-06_4.35288733235165e-06_4.35288733235165e-06
1016,6236,71-29-2-2-1,8.64359055995543e-05_8.64359055995543e-05_8.64359055995543e-05_8.64359055995543e-05_8.64359055995543e-05
1016,6237,175-20-9-2-1,1.43023440920126e-05_1.43023440920126e-05_1.43023440920126e-05_1.43023440920126e-05_1.43023440920126e-05
1016,6238,34-19-9-2-1,5.59656942730927e-06_5.59656942730927e-06_5.59656942730927e-06_5.59656942730927e-06_5.59656942730927e-06
1016,6239,44-13-6-2-1,6.21841047478808e-06_6.21841047478808e-06_6.21841047478808e-06_6.21841047478808e-06_6.21841047478808e-06
1016,6240,44-13-6-2-1,9.94945675966092e-06_9.94945675966092e-06_9.94945675966092e-06_9.94945675966092e-06_9.94945675966092e-06
1016,6241,163-43-4-2-1,2.17644366617583e-05_2.17644366617583e-05_2.17644366617583e-05_2.17644366617583e-05_2.17644366617583e-05
1016,6242,98-27-8-1-1,1.80333903768854e-05_1.80333903768854e-05_1.80333903768854e-05_1.80333903768854e-05_1.80333903768854e-05
1016,6243,222-35-4-2-1,6.84025152226688e-06_6.84025152226688e-06_6.84025152226688e-06_6.84025152226688e-06_6.84025152226688e-06
1016,6245,149-16-2-2-1,2.54954829466311e-05_2.54954829466311e-05_2.54954829466311e-05_2.54954829466311e-05_2.54954829466311e-05
1016,6246,17-11-4-2-1,4.35288733235165e-06_4.35288733235165e-06_4.35288733235165e-06_4.35288733235165e-06_4.35288733235165e-06
1016,6247,153-18-4-2-1,3.10920523739404e-06_3.10920523739404e-06_3.10920523739404e-06_3.10920523739404e-06_3.10920523739404e-06
1016,6248,71-29-2-2-1,3.48230986588132e-05_3.48230986588132e-05_3.48230986588132e-05_3.48230986588132e-05_3.48230986588132e-05
1016,6249,126-29-2-2-1,4.97472837983046e-06_4.97472837983046e-06_4.97472837983046e-06_4.97472837983046e-06_4.97472837983046e-06
1016,6250,147-11-4-2-1,2.98483702789828e-05_2.98483702789828e-05_2.98483702789828e-05_2.98483702789828e-05_2.98483702789828e-05
1016,6252,112-14-4-2-1,9.32761571218212e-06_9.32761571218212e-06_9.32761571218212e-06_9.32761571218212e-06_9.32761571218212e-06
1016,6254,71-29-2-2-1,1.24368209495762e-05_1.24368209495762e-05_1.24368209495762e-05_1.24368209495762e-05_1.24368209495762e-05
1016,6255,71-29-2-2-1,1.49241851394914e-05_1.49241851394914e-05_1.49241851394914e-05_1.49241851394914e-05_1.49241851394914e-05
1016,6256,112-14-4-2-1,4.97472837983046e-06_4.97472837983046e-06_4.97472837983046e-06_4.97472837983046e-06_4.97472837983046e-06
1016,6257,128-7-4-2-1,4.35288733235165e-06_4.35288733235165e-06_4.35288733235165e-06_4.35288733235165e-06_4.35288733235165e-06
1016,6258,160-30-1-1-1,1.86552314243642e-05_1.86552314243642e-05_1.86552314243642e-05_1.86552314243642e-05_1.86552314243642e-05
1016,6259,226-32-10-1-1,1.05712978071397e-05_1.05712978071397e-05_1.05712978071397e-05_1.05712978071397e-05_1.05712978071397e-05
1016,6260,129-21-4-2-1,6.84025152226688e-06_6.84025152226688e-06_6.84025152226688e-06_6.84025152226688e-06_6.84025152226688e-06
1016,6261,142-42-12-1-1,6.84025152226688e-06_6.84025152226688e-06_6.84025152226688e-06_6.84025152226688e-06_6.84025152226688e-06
1016,6262,141-42-12-1-1,4.35288733235165e-06_4.35288733235165e-06_4.35288733235165e-06_4.35288733235165e-06_4.35288733235165e-06
1016,6263,98-27-8-1-1,3.17138934214192e-05_3.17138934214192e-05_3.17138934214192e-05_3.17138934214192e-05_3.17138934214192e-05
1016,6265,44-13-6-2-1,8.0839336172245e-06_8.0839336172245e-06_8.0839336172245e-06_8.0839336172245e-06_8.0839336172245e-06
1016,6266,149-16-2-2-1,5.22346479882198e-05_5.22346479882198e-05_5.22346479882198e-05_5.22346479882198e-05_5.22346479882198e-05
1016,6268,32-18-4-2-1,4.35288733235165e-06_4.35288733235165e-06_4.35288733235165e-06_4.35288733235165e-06_4.35288733235165e-06
1016,6269,141-42-12-1-1,6.21841047478808e-06_6.21841047478808e-06_6.21841047478808e-06_6.21841047478808e-06_6.21841047478808e-06
1016,6270,174-15-9-2-1,6.21841047478808e-06_6.21841047478808e-06_6.21841047478808e-06_6.21841047478808e-06_6.21841047478808e-06
1016,6271,152-32-10-1-1,1.05712978071397e-05_1.05712978071397e-05_1.05712978071397e-05_1.05712978071397e-05_1.05712978071397e-05
1016,6272,221-35-4-2-1,4.97472837983046e-06_4.97472837983046e-06_4.97472837983046e-06_4.97472837983046e-06_4.97472837983046e-06
1016,6273,74-31-9-2-1,9.32761571218212e-06_9.32761571218212e-06_9.32761571218212e-06_9.32761571218212e-06_9.32761571218212e-06
1016,6274,122-16-2-2-1,4.91254427508258e-05_4.91254427508258e-05_4.91254427508258e-05_4.91254427508258e-05_4.91254427508258e-05
1016,6275,27-8-3-1-1,0.000204585704620528_0.000204585704620528_0.000204585704620528_0.000204585704620528_0.000204585704620528
1016,6276,37-11-4-2-1,4.35288733235165e-06_4.35288733235165e-06_4.35288733235165e-06_4.35288733235165e-06_4.35288733235165e-06
1016,6277,51-22-8-1-1,1.24368209495762e-05_1.24368209495762e-05_1.24368209495762e-05_1.24368209495762e-05_1.24368209495762e-05
1016,6278,76-4-4-2-1,9.32761571218212e-06_9.32761571218212e-06_9.32761571218212e-06_9.32761571218212e-06_9.32761571218212e-06
1016,6279,152-32-10-1-1,1.6167867234449e-05_1.6167867234449e-05_1.6167867234449e-05_1.6167867234449e-05_1.6167867234449e-05
1016,6280,226-32-10-1-1,1.49241851394914e-05_1.49241851394914e-05_1.49241851394914e-05_1.49241851394914e-05_1.49241851394914e-05
1016,6281,66-29-2-2-1,3.10920523739404e-06_3.10920523739404e-06_3.10920523739404e-06_3.10920523739404e-06_3.10920523739404e-06
1016,6282,23-10-2-2-1,8.70577466470331e-06_8.70577466470331e-06_8.70577466470331e-06_8.70577466470331e-06_8.70577466470331e-06
1016,6283,23-10-2-2-1,2.79828471365463e-05_2.79828471365463e-05_2.79828471365463e-05_2.79828471365463e-05_2.79828471365463e-05
1016,6284,44-13-6-2-1,7.46209256974569e-06_7.46209256974569e-06_7.46209256974569e-06_7.46209256974569e-06_7.46209256974569e-06
1016,6285,189-12-8-1-1,2.48736418991523e-05_2.48736418991523e-05_2.48736418991523e-05_2.48736418991523e-05_2.48736418991523e-05
1016,6287,156-37-4-2-1,5.03691248457834e-05_5.03691248457834e-05_5.03691248457834e-05_5.03691248457834e-05_5.03691248457834e-05
1016,6288,156-37-4-2-1,3.73104628487285e-06_3.73104628487285e-06_3.73104628487285e-06_3.73104628487285e-06_3.73104628487285e-06
1016,6289,55-22-8-1-1,3.10920523739404e-06_3.10920523739404e-06_3.10920523739404e-06_3.10920523739404e-06_3.10920523739404e-06
1016,6290,57-7-4-2-1,8.70577466470331e-06_8.70577466470331e-06_8.70577466470331e-06_8.70577466470331e-06_8.70577466470331e-06
1016,6291,93-16-2-2-1,4.91254427508258e-05_4.91254427508258e-05_4.91254427508258e-05_4.91254427508258e-05_4.91254427508258e-05
1016,6292,122-16-2-2-1,2.48736418991523e-05_2.48736418991523e-05_2.48736418991523e-05_2.48736418991523e-05_2.48736418991523e-05
1016,6293,209-35-4-2-1,3.73104628487285e-06_3.73104628487285e-06_3.73104628487285e-06_3.73104628487285e-06_3.73104628487285e-06
1016,6294,4-4-4-2-1,2.17644366617583e-05_2.17644366617583e-05_2.17644366617583e-05_2.17644366617583e-05_2.17644366617583e-05
1016,6295,231-34-11-1-1,0.000909753452461496_0.000909753452461496_0.000909753452461496_0.000909753452461496_0.000909753452461496
1016,6296,4-4-4-2-1,0.000206451227762964_0.000206451227762964_0.000206451227762964_0.000206451227762964_0.000206451227762964
1016,6297,44-13-6-2-1,1.80333903768854e-05_1.80333903768854e-05_1.80333903768854e-05_1.80333903768854e-05_1.80333903768854e-05
1016,6298,4-4-4-2-1,0.000118771640068452_0.000118771640068452_0.000118771640068452_0.000118771640068452_0.000118771640068452
1016,6299,231-34-11-1-1,0.000908509770366538_0.000908509770366538_0.000908509770366538_0.000908509770366538_0.000908509770366538
1016,6300,79-32-10-1-1,6.21841047478808e-06_6.21841047478808e-06_6.21841047478808e-06_6.21841047478808e-06_6.21841047478808e-06
1016,6301,121-39-11-1-1,3.48230986588132e-05_3.48230986588132e-05_3.48230986588132e-05_3.48230986588132e-05_3.48230986588132e-05
1016,6302,83-33-5-1-1,2.17644366617583e-05_2.17644366617583e-05_2.17644366617583e-05_2.17644366617583e-05_2.17644366617583e-05
1016,6303,214-26-4-2-1,7.46209256974569e-06_7.46209256974569e-06_7.46209256974569e-06_7.46209256974569e-06_7.46209256974569e-06
1016,6304,76-4-4-2-1,4.35288733235165e-06_4.35288733235165e-06_4.35288733235165e-06_4.35288733235165e-06_4.35288733235165e-06
1016,6305,124-29-2-2-1,9.7007203406694e-05_9.7007203406694e-05_9.7007203406694e-05_9.7007203406694e-05_9.7007203406694e-05
1016,6306,142-42-12-1-1,8.70577466470331e-06_8.70577466470331e-06_8.70577466470331e-06_8.70577466470331e-06_8.70577466470331e-06
1016,6307,196-14-4-2-1,1.55460261869702e-05_1.55460261869702e-05_1.55460261869702e-05_1.55460261869702e-05_1.55460261869702e-05
1016,6309,185-41-9-2-1,3.10920523739404e-06_3.10920523739404e-06_3.10920523739404e-06_3.10920523739404e-06_3.10920523739404e-06
1016,6310,172-40-4-2-1,7.46209256974569e-06_7.46209256974569e-06_7.46209256974569e-06_7.46209256974569e-06_7.46209256974569e-06
1016,6311,119-6-6-2-1,0.00013058661997055_0.00013058661997055_0.00013058661997055_0.00013058661997055_0.00013058661997055
1016,6312,133-12-8-1-1,4.97472837983046e-06_4.97472837983046e-06_4.97472837983046e-06_4.97472837983046e-06_4.97472837983046e-06
1016,6313,186-15-9-2-1,7.46209256974569e-06_7.46209256974569e-06_7.46209256974569e-06_7.46209256974569e-06_7.46209256974569e-06
1016,6314,155-10-2-2-1,5.34783300831775e-05_5.34783300831775e-05_5.34783300831775e-05_5.34783300831775e-05_5.34783300831775e-05
1016,6315,40-23-8-1-1,0.000595723723484698_0.000595723723484698_0.000595723723484698_0.000595723723484698_0.000595723723484698
1016,6316,40-23-8-1-1,1.11931388546185e-05_1.11931388546185e-05_1.11931388546185e-05_1.11931388546185e-05_1.11931388546185e-05
1016,6317,40-23-8-1-1,9.94945675966092e-06_9.94945675966092e-06_9.94945675966092e-06_9.94945675966092e-06_9.94945675966092e-06
1016,6318,114-40-4-2-1,3.73104628487285e-06_3.73104628487285e-06_3.73104628487285e-06_3.73104628487285e-06_3.73104628487285e-06
1016,6319,40-23-8-1-1,1.18149799020973e-05_1.18149799020973e-05_1.18149799020973e-05_1.18149799020973e-05_1.18149799020973e-05
1016,6320,40-23-8-1-1,0.000248114577944044_0.000248114577944044_0.000248114577944044_0.000248114577944044_0.000248114577944044
1016,6321,172-40-4-2-1,2.48736418991523e-06_2.48736418991523e-06_2.48736418991523e-06_2.48736418991523e-06_2.48736418991523e-06
1016,6322,76-4-4-2-1,8.0839336172245e-06_8.0839336172245e-06_8.0839336172245e-06_8.0839336172245e-06_8.0839336172245e-06
1016,6323,185-41-9-2-1,6.21841047478808e-06_6.21841047478808e-06_6.21841047478808e-06_6.21841047478808e-06_6.21841047478808e-06
1016,6324,179-26-4-2-1,1.36805030445338e-05_1.36805030445338e-05_1.36805030445338e-05_1.36805030445338e-05_1.36805030445338e-05
1016,6325,180-40-4-2-1,4.35288733235165e-06_4.35288733235165e-06_4.35288733235165e-06_4.35288733235165e-06_4.35288733235165e-06
1016,6326,181-40-4-2-1,4.41507143709953e-05_4.41507143709953e-05_4.41507143709953e-05_4.41507143709953e-05_4.41507143709953e-05
1016,6327,89-13-6-2-1,0.000145510805110041_0.000145510805110041_0.000145510805110041_0.000145510805110041_0.000145510805110041
1016,6328,122-16-2-2-1,3.10920523739404e-06_3.10920523739404e-06_3.10920523739404e-06_3.10920523739404e-06_3.10920523739404e-06
1016,6329,212-41-9-2-1,4.35288733235165e-06_4.35288733235165e-06_4.35288733235165e-06_4.35288733235165e-06_4.35288733235165e-06
1016,6330,172-40-4-2-1,3.73104628487285e-06_3.73104628487285e-06_3.73104628487285e-06_3.73104628487285e-06_3.73104628487285e-06
1016,6331,201-17-10-1-1,4.47725554184741e-05_4.47725554184741e-05_4.47725554184741e-05_4.47725554184741e-05_4.47725554184741e-05
1016,6332,44-13-6-2-1,7.46209256974569e-06_7.46209256974569e-06_7.46209256974569e-06_7.46209256974569e-06_7.46209256974569e-06
1016,6333,148-29-2-2-1,6.778067417519e-05_6.778067417519e-05_6.778067417519e-05_6.778067417519e-05_6.778067417519e-05
1016,6334,172-40-4-2-1,3.73104628487285e-06_3.73104628487285e-06_3.73104628487285e-06_3.73104628487285e-06_3.73104628487285e-06
1016,6335,174-15-9-2-1,4.35288733235165e-06_4.35288733235165e-06_4.35288733235165e-06_4.35288733235165e-06_4.35288733235165e-06
1016,6336,177-7-4-2-1,3.10920523739404e-06_3.10920523739404e-06_3.10920523739404e-06_3.10920523739404e-06_3.10920523739404e-06
1016,6337,166-18-4-2-1,1.36805030445338e-05_1.36805030445338e-05_1.36805030445338e-05_1.36805030445338e-05_1.36805030445338e-05
1016,6338,8-7-4-2-1,3.73104628487285e-06_3.73104628487285e-06_3.73104628487285e-06_3.73104628487285e-06_3.73104628487285e-06
1016,6339,199-19-9-2-1,3.10920523739404e-06_3.10920523739404e-06_3.10920523739404e-06_3.10920523739404e-06_3.10920523739404e-06
1016,6340,17-11-4-2-1,5.59656942730927e-06_5.59656942730927e-06_5.59656942730927e-06_5.59656942730927e-06_5.59656942730927e-06
1016,6341,151-19-9-2-1,4.97472837983046e-06_4.97472837983046e-06_4.97472837983046e-06_4.97472837983046e-06_4.97472837983046e-06
1016,6342,18-12-8-1-1,9.32761571218212e-06_9.32761571218212e-06_9.32761571218212e-06_9.32761571218212e-06_9.32761571218212e-06
1016,6343,213-15-9-2-1,2.67391650415887e-05_2.67391650415887e-05_2.67391650415887e-05_2.67391650415887e-05_2.67391650415887e-05
1016,6344,26-15-9-2-1,6.21841047478808e-06_6.21841047478808e-06_6.21841047478808e-06_6.21841047478808e-06_6.21841047478808e-06
1016,6345,180-40-4-2-1,1.05712978071397e-05_1.05712978071397e-05_1.05712978071397e-05_1.05712978071397e-05_1.05712978071397e-05
1016,6346,223-40-4-2-1,0.000143645281967605_0.000143645281967605_0.000143645281967605_0.000143645281967605_0.000143645281967605
1016,6347,223-40-4-2-1,2.61173239941099e-05_2.61173239941099e-05_2.61173239941099e-05_2.61173239941099e-05_2.61173239941099e-05
1016,6348,227-41-9-2-1,3.73104628487285e-06_3.73104628487285e-06_3.73104628487285e-06_3.73104628487285e-06_3.73104628487285e-06
1016,6349,223-40-4-2-1,3.2335734468898e-05_3.2335734468898e-05_3.2335734468898e-05_3.2335734468898e-05_3.2335734468898e-05
1016,6350,223-40-4-2-1,5.53438532256139e-05_5.53438532256139e-05_5.53438532256139e-05_5.53438532256139e-05_5.53438532256139e-05
1016,6351,223-40-4-2-1,7.64864488398933e-05_7.64864488398933e-05_7.64864488398933e-05_7.64864488398933e-05_7.64864488398933e-05
1016,6352,153-18-4-2-1,3.73104628487285e-06_3.73104628487285e-06_3.73104628487285e-06_3.73104628487285e-06_3.73104628487285e-06
1016,6353,68-30-1-1-1,2.42518008516735e-05_2.42518008516735e-05_2.42518008516735e-05_2.42518008516735e-05_2.42518008516735e-05
1016,6355,133-12-8-1-1,4.35288733235165e-06_4.35288733235165e-06_4.35288733235165e-06_4.35288733235165e-06_4.35288733235165e-06
1016,6357,218-7-4-2-1,3.10920523739404e-06_3.10920523739404e-06_3.10920523739404e-06_3.10920523739404e-06_3.10920523739404e-06
1016,6358,32-18-4-2-1,7.46209256974569e-06_7.46209256974569e-06_7.46209256974569e-06_7.46209256974569e-06_7.46209256974569e-06
1016,6359,172-40-4-2-1,3.10920523739404e-06_3.10920523739404e-06_3.10920523739404e-06_3.10920523739404e-06_3.10920523739404e-06
1016,6360,119-6-6-2-1,0.000459540534086839_0.000459540534086839_0.000459540534086839_0.000459540534086839_0.000459540534086839
1016,6361,177-7-4-2-1,9.94945675966092e-06_9.94945675966092e-06_9.94945675966092e-06_9.94945675966092e-06_9.94945675966092e-06
1016,6362,208-30-1-1-1,1.43023440920126e-05_1.43023440920126e-05_1.43023440920126e-05_1.43023440920126e-05_1.43023440920126e-05
1016,6363,149-16-2-2-1,1.05712978071397e-05_1.05712978071397e-05_1.05712978071397e-05_1.05712978071397e-05_1.05712978071397e-05
1016,6364,45-5-5-1-1,6.84025152226688e-06_6.84025152226688e-06_6.84025152226688e-06_6.84025152226688e-06_6.84025152226688e-06
1016,6365,4-4-4-2-1,8.0839336172245e-06_8.0839336172245e-06_8.0839336172245e-06_8.0839336172245e-06_8.0839336172245e-06
1016,6367,222-35-4-2-1,6.21841047478808e-06_6.21841047478808e-06_6.21841047478808e-06_6.21841047478808e-06_6.21841047478808e-06
1016,6368,163-43-4-2-1,0.000518615433597326_0.000518615433597326_0.000518615433597326_0.000518615433597326_0.000518615433597326
1016,6369,163-43-4-2-1,9.32761571218212e-06_9.32761571218212e-06_9.32761571218212e-06_9.32761571218212e-06_9.32761571218212e-06
1016,6370,138-23-8-1-1,8.70577466470331e-06_8.70577466470331e-06_8.70577466470331e-06_8.70577466470331e-06_8.70577466470331e-06
1016,6371,45-5-5-1-1,5.59656942730927e-06_5.59656942730927e-06_5.59656942730927e-06_5.59656942730927e-06_5.59656942730927e-06
1016,6372,144-43-4-2-1,0.000172871811199109_0.000172871811199109_0.000172871811199109_0.000172871811199109_0.000172871811199109
1016,6373,200-15-9-2-1,1.80333903768854e-05_1.80333903768854e-05_1.80333903768854e-05_1.80333903768854e-05_1.80333903768854e-05
1016,6374,172-40-4-2-1,3.10920523739404e-06_3.10920523739404e-06_3.10920523739404e-06_3.10920523739404e-06_3.10920523739404e-06
1016,6375,197-30-1-1-1,2.23862777092371e-05_2.23862777092371e-05_2.23862777092371e-05_2.23862777092371e-05_2.23862777092371e-05
1016,6376,44-13-6-2-1,6.21841047478808e-06_6.21841047478808e-06_6.21841047478808e-06_6.21841047478808e-06_6.21841047478808e-06
1016,6377,175-20-9-2-1,2.48736418991523e-06_2.48736418991523e-06_2.48736418991523e-06_2.48736418991523e-06_2.48736418991523e-06
1016,6378,26-15-9-2-1,8.70577466470331e-06_8.70577466470331e-06_8.70577466470331e-06_8.70577466470331e-06_8.70577466470331e-06
1016,6379,126-29-2-2-1,3.10920523739404e-06_3.10920523739404e-06_3.10920523739404e-06_3.10920523739404e-06_3.10920523739404e-06
1016,6380,84-2-2-2-1,9.32761571218212e-06_9.32761571218212e-06_9.32761571218212e-06_9.32761571218212e-06_9.32761571218212e-06
1016,6381,185-41-9-2-1,3.73104628487285e-06_3.73104628487285e-06_3.73104628487285e-06_3.73104628487285e-06_3.73104628487285e-06
1016,6382,205-12-8-1-1,3.10920523739404e-06_3.10920523739404e-06_3.10920523739404e-06_3.10920523739404e-06_3.10920523739404e-06
1016,6383,185-41-9-2-1,3.10920523739404e-06_3.10920523739404e-06_3.10920523739404e-06_3.10920523739404e-06_3.10920523739404e-06
1016,6384,23-10-2-2-1,1.05712978071397e-05_1.05712978071397e-05_1.05712978071397e-05_1.05712978071397e-05_1.05712978071397e-05
1016,6385,199-19-9-2-1,6.21841047478808e-06_6.21841047478808e-06_6.21841047478808e-06_6.21841047478808e-06_6.21841047478808e-06
1016,6386,4-4-4-2-1,1.9277072471843e-05_1.9277072471843e-05_1.9277072471843e-05_1.9277072471843e-05_1.9277072471843e-05
1016,6388,4-4-4-2-1,3.10920523739404e-06_3.10920523739404e-06_3.10920523739404e-06_3.10920523739404e-06_3.10920523739404e-06
1016,6389,185-41-9-2-1,2.48736418991523e-06_2.48736418991523e-06_2.48736418991523e-06_2.48736418991523e-06_2.48736418991523e-06
1016,6390,184-31-9-2-1,2.11425956142795e-05_2.11425956142795e-05_2.11425956142795e-05_2.11425956142795e-05_2.11425956142795e-05
1016,6391,226-32-10-1-1,5.59656942730927e-06_5.59656942730927e-06_5.59656942730927e-06_5.59656942730927e-06_5.59656942730927e-06
1016,6392,213-15-9-2-1,6.21841047478808e-06_6.21841047478808e-06_6.21841047478808e-06_6.21841047478808e-06_6.21841047478808e-06
1016,6393,177-7-4-2-1,7.46209256974569e-06_7.46209256974569e-06_7.46209256974569e-06_7.46209256974569e-06_7.46209256974569e-06
1016,6394,3-3-3-1-1,0.000235055915946989_0.000235055915946989_0.000235055915946989_0.000235055915946989_0.000235055915946989
1016,6395,214-26-4-2-1,1.67897082819278e-05_1.67897082819278e-05_1.67897082819278e-05_1.67897082819278e-05_1.67897082819278e-05
1016,6396,226-32-10-1-1,8.70577466470331e-06_8.70577466470331e-06_8.70577466470331e-06_8.70577466470331e-06_8.70577466470331e-06
1016,6397,167-18-4-2-1,7.46209256974569e-06_7.46209256974569e-06_7.46209256974569e-06_7.46209256974569e-06_7.46209256974569e-06
1016,6398,6-6-6-2-1,0.00013058661997055_0.00013058661997055_0.00013058661997055_0.00013058661997055_0.00013058661997055
1016,6399,66-29-2-2-1,3.73104628487285e-06_3.73104628487285e-06_3.73104628487285e-06_3.73104628487285e-06_3.73104628487285e-06
1016,6400,172-40-4-2-1,6.84025152226688e-06_6.84025152226688e-06_6.84025152226688e-06_6.84025152226688e-06_6.84025152226688e-06
1016,6401,10-3-3-1-1,1.43023440920126e-05_1.43023440920126e-05_1.43023440920126e-05_1.43023440920126e-05_1.43023440920126e-05
1016,6402,172-40-4-2-1,3.73104628487285e-06_3.73104628487285e-06_3.73104628487285e-06_3.73104628487285e-06_3.73104628487285e-06
1016,6404,128-7-4-2-1,9.32761571218212e-06_9.32761571218212e-06_9.32761571218212e-06_9.32761571218212e-06_9.32761571218212e-06
1016,6405,177-7-4-2-1,4.35288733235165e-06_4.35288733235165e-06_4.35288733235165e-06_4.35288733235165e-06_4.35288733235165e-06
1016,6406,177-7-4-2-1,7.46209256974569e-06_7.46209256974569e-06_7.46209256974569e-06_7.46209256974569e-06_7.46209256974569e-06
1016,6407,212-41-9-2-1,4.35288733235165e-06_4.35288733235165e-06_4.35288733235165e-06_4.35288733235165e-06_4.35288733235165e-06
1016,6408,185-41-9-2-1,4.35288733235165e-06_4.35288733235165e-06_4.35288733235165e-06_4.35288733235165e-06_4.35288733235165e-06
1016,6409,236-42-12-1-1,7.46209256974569e-06_7.46209256974569e-06_7.46209256974569e-06_7.46209256974569e-06_7.46209256974569e-06
1016,6411,172-40-4-2-1,3.10920523739404e-06_3.10920523739404e-06_3.10920523739404e-06_3.10920523739404e-06_3.10920523739404e-06
1016,6412,129-21-4-2-1,6.21841047478808e-06_6.21841047478808e-06_6.21841047478808e-06_6.21841047478808e-06_6.21841047478808e-06
1016,6413,222-35-4-2-1,3.10920523739404e-06_3.10920523739404e-06_3.10920523739404e-06_3.10920523739404e-06_3.10920523739404e-06
1016,6414,112-14-4-2-1,1.6167867234449e-05_1.6167867234449e-05_1.6167867234449e-05_1.6167867234449e-05_1.6167867234449e-05
1016,6415,133-12-8-1-1,0.000105091137023918_0.000105091137023918_0.000105091137023918_0.000105091137023918_0.000105091137023918
1016,6416,77-28-5-1-1,2.30081187567159e-05_2.30081187567159e-05_2.30081187567159e-05_2.30081187567159e-05_2.30081187567159e-05
1016,6417,37-11-4-2-1,4.35288733235165e-06_4.35288733235165e-06_4.35288733235165e-06_4.35288733235165e-06_4.35288733235165e-06
1016,6418,209-35-4-2-1,4.97472837983046e-06_4.97472837983046e-06_4.97472837983046e-06_4.97472837983046e-06_4.97472837983046e-06
1016,6419,172-40-4-2-1,3.73104628487285e-06_3.73104628487285e-06_3.73104628487285e-06_3.73104628487285e-06_3.73104628487285e-06
1016,6420,175-20-9-2-1,3.10920523739404e-06_3.10920523739404e-06_3.10920523739404e-06_3.10920523739404e-06_3.10920523739404e-06
1016,6421,128-7-4-2-1,8.70577466470331e-06_8.70577466470331e-06_8.70577466470331e-06_8.70577466470331e-06_8.70577466470331e-06
1016,6422,179-26-4-2-1,1.55460261869702e-05_1.55460261869702e-05_1.55460261869702e-05_1.55460261869702e-05_1.55460261869702e-05
1016,6423,42-13-6-2-1,1.18149799020973e-05_1.18149799020973e-05_1.18149799020973e-05_1.18149799020973e-05_1.18149799020973e-05
1016,6424,185-41-9-2-1,3.73104628487285e-06_3.73104628487285e-06_3.73104628487285e-06_3.73104628487285e-06_3.73104628487285e-06
1016,6425,163-43-4-2-1,4.04196680861225e-05_4.04196680861225e-05_4.04196680861225e-05_4.04196680861225e-05_4.04196680861225e-05
1016,6426,129-21-4-2-1,4.35288733235165e-06_4.35288733235165e-06_4.35288733235165e-06_4.35288733235165e-06_4.35288733235165e-06
1016,6427,23-10-2-2-1,2.54954829466311e-05_2.54954829466311e-05_2.54954829466311e-05_2.54954829466311e-05_2.54954829466311e-05
1016,6428,185-41-9-2-1,4.97472837983046e-06_4.97472837983046e-06_4.97472837983046e-06_4.97472837983046e-06_4.97472837983046e-06
1016,6429,123-41-9-2-1,4.35288733235165e-06_4.35288733235165e-06_4.35288733235165e-06_4.35288733235165e-06_4.35288733235165e-06
1016,6430,147-11-4-2-1,1.6167867234449e-05_1.6167867234449e-05_1.6167867234449e-05_1.6167867234449e-05_1.6167867234449e-05
1016,6431,207-29-2-2-1,3.35794165638556e-05_3.35794165638556e-05_3.35794165638556e-05_3.35794165638556e-05_3.35794165638556e-05
1016,6432,180-40-4-2-1,4.35288733235165e-06_4.35288733235165e-06_4.35288733235165e-06_4.35288733235165e-06_4.35288733235165e-06
1016,6433,166-18-4-2-1,3.10920523739404e-06_3.10920523739404e-06_3.10920523739404e-06_3.10920523739404e-06_3.10920523739404e-06
1016,6434,205-12-8-1-1,4.97472837983046e-06_4.97472837983046e-06_4.97472837983046e-06_4.97472837983046e-06_4.97472837983046e-06
1016,6435,66-29-2-2-1,3.10920523739404e-06_3.10920523739404e-06_3.10920523739404e-06_3.10920523739404e-06_3.10920523739404e-06
1016,6436,6-6-6-2-1,4.72599196083894e-05_4.72599196083894e-05_4.72599196083894e-05_4.72599196083894e-05_4.72599196083894e-05
1016,6437,137-26-4-2-1,3.10920523739404e-05_3.10920523739404e-05_3.10920523739404e-05_3.10920523739404e-05_3.10920523739404e-05
1016,6438,11-4-4-2-1,2.73610060890675e-05_2.73610060890675e-05_2.73610060890675e-05_2.73610060890675e-05_2.73610060890675e-05
1016,6439,11-4-4-2-1,4.97472837983046e-06_4.97472837983046e-06_4.97472837983046e-06_4.97472837983046e-06_4.97472837983046e-06
1016,6440,123-41-9-2-1,3.73104628487285e-06_3.73104628487285e-06_3.73104628487285e-06_3.73104628487285e-06_3.73104628487285e-06
1016,6441,5-5-5-1-1,0.000188417837386079_0.000188417837386079_0.000188417837386079_0.000188417837386079_0.000188417837386079
1016,6443,18-12-8-1-1,1.24368209495762e-05_1.24368209495762e-05_1.24368209495762e-05_1.24368209495762e-05_1.24368209495762e-05
1016,6444,27-8-3-1-1,2.9226529231504e-05_2.9226529231504e-05_2.9226529231504e-05_2.9226529231504e-05_2.9226529231504e-05
1016,6445,44-13-6-2-1,1.74115493294066e-05_1.74115493294066e-05_1.74115493294066e-05_1.74115493294066e-05_1.74115493294066e-05
1016,6446,163-43-4-2-1,1.36805030445338e-05_1.36805030445338e-05_1.36805030445338e-05_1.36805030445338e-05_1.36805030445338e-05
1016,6447,151-19-9-2-1,1.67897082819278e-05_1.67897082819278e-05_1.67897082819278e-05_1.67897082819278e-05_1.67897082819278e-05
1016,6448,140-42-12-1-1,2.23862777092371e-05_2.23862777092371e-05_2.23862777092371e-05_2.23862777092371e-05_2.23862777092371e-05
1016,6449,222-35-4-2-1,2.79828471365463e-05_2.79828471365463e-05_2.79828471365463e-05_2.79828471365463e-05_2.79828471365463e-05
1016,6451,153-18-4-2-1,1.24368209495762e-05_1.24368209495762e-05_1.24368209495762e-05_1.24368209495762e-05_1.24368209495762e-05
1016,6452,54-26-4-2-1,1.11931388546185e-05_1.11931388546185e-05_1.11931388546185e-05_1.11931388546185e-05_1.11931388546185e-05
1016,6453,138-23-8-1-1,9.32761571218212e-06_9.32761571218212e-06_9.32761571218212e-06_9.32761571218212e-06_9.32761571218212e-06
1016,6455,61-13-6-2-1,3.17138934214192e-05_3.17138934214192e-05_3.17138934214192e-05_3.17138934214192e-05_3.17138934214192e-05
1016,6456,208-30-1-1-1,6.84025152226688e-06_6.84025152226688e-06_6.84025152226688e-06_6.84025152226688e-06_6.84025152226688e-06
1016,6457,175-20-9-2-1,1.98989135193218e-05_1.98989135193218e-05_1.98989135193218e-05_1.98989135193218e-05_1.98989135193218e-05
1016,6458,102-13-6-2-1,1.43023440920126e-05_1.43023440920126e-05_1.43023440920126e-05_1.43023440920126e-05_1.43023440920126e-05
1016,6459,177-7-4-2-1,1.11931388546185e-05_1.11931388546185e-05_1.11931388546185e-05_1.11931388546185e-05_1.11931388546185e-05
1016,6460,138-23-8-1-1,8.70577466470331e-06_8.70577466470331e-06_8.70577466470331e-06_8.70577466470331e-06_8.70577466470331e-06
1016,6461,148-29-2-2-1,1.05712978071397e-05_1.05712978071397e-05_1.05712978071397e-05_1.05712978071397e-05_1.05712978071397e-05
1016,6462,45-5-5-1-1,6.21841047478808e-06_6.21841047478808e-06_6.21841047478808e-06_6.21841047478808e-06_6.21841047478808e-06
1016,6463,75-1-1-1-1,7.21335615075417e-05_7.21335615075417e-05_7.21335615075417e-05_7.21335615075417e-05_7.21335615075417e-05
1016,6464,185-41-9-2-1,4.35288733235165e-06_4.35288733235165e-06_4.35288733235165e-06_4.35288733235165e-06_4.35288733235165e-06
1016,6465,205-12-8-1-1,9.32761571218212e-06_9.32761571218212e-06_9.32761571218212e-06_9.32761571218212e-06_9.32761571218212e-06
1016,6466,130-12-8-1-1,8.0839336172245e-06_8.0839336172245e-06_8.0839336172245e-06_8.0839336172245e-06_8.0839336172245e-06
1016,6467,225-31-9-2-1,4.66380785609106e-05_4.66380785609106e-05_4.66380785609106e-05_4.66380785609106e-05_4.66380785609106e-05
1016,6468,213-15-9-2-1,8.0839336172245e-06_8.0839336172245e-06_8.0839336172245e-06_8.0839336172245e-06_8.0839336172245e-06
1016,6469,194-31-9-2-1,3.17138934214192e-05_3.17138934214192e-05_3.17138934214192e-05_3.17138934214192e-05_3.17138934214192e-05
1016,6470,128-7-4-2-1,8.70577466470331e-06_8.70577466470331e-06_8.70577466470331e-06_8.70577466470331e-06_8.70577466470331e-06
1016,6471,8-7-4-2-1,9.32761571218212e-06_9.32761571218212e-06_9.32761571218212e-06_9.32761571218212e-06_9.32761571218212e-06
1016,6472,185-41-9-2-1,4.35288733235165e-06_4.35288733235165e-06_4.35288733235165e-06_4.35288733235165e-06_4.35288733235165e-06
1016,6473,63-27-8-1-1,6.84025152226688e-06_6.84025152226688e-06_6.84025152226688e-06_6.84025152226688e-06_6.84025152226688e-06
1016,6474,228-17-10-1-1,7.46209256974569e-06_7.46209256974569e-06_7.46209256974569e-06_7.46209256974569e-06_7.46209256974569e-06
1016,6475,62-3-3-1-1,0.000105712978071397_0.000105712978071397_0.000105712978071397_0.000105712978071397_0.000105712978071397
1016,6476,55-22-8-1-1,3.10920523739404e-06_3.10920523739404e-06_3.10920523739404e-06_3.10920523739404e-06_3.10920523739404e-06
1016,6477,49-22-8-1-1,1.55460261869702e-05_1.55460261869702e-05_1.55460261869702e-05_1.55460261869702e-05_1.55460261869702e-05
1016,6478,102-13-6-2-1,3.04702113264616e-05_3.04702113264616e-05_3.04702113264616e-05_3.04702113264616e-05_3.04702113264616e-05
1016,6479,185-41-9-2-1,3.10920523739404e-06_3.10920523739404e-06_3.10920523739404e-06_3.10920523739404e-06_3.10920523739404e-06
1016,6480,125-30-1-1-1,0.00015110737453735_0.00015110737453735_0.00015110737453735_0.00015110737453735_0.00015110737453735
1016,6481,142-42-12-1-1,3.10920523739404e-06_3.10920523739404e-06_3.10920523739404e-06_3.10920523739404e-06_3.10920523739404e-06
1016,6482,144-43-4-2-1,5.84530584630079e-05_5.84530584630079e-05_5.84530584630079e-05_5.84530584630079e-05_5.84530584630079e-05
1016,6483,208-30-1-1-1,4.35288733235165e-06_4.35288733235165e-06_4.35288733235165e-06_4.35288733235165e-06_4.35288733235165e-06
1016,6484,127-30-1-1-1,1.43023440920126e-05_1.43023440920126e-05_1.43023440920126e-05_1.43023440920126e-05_1.43023440920126e-05
1016,6485,34-19-9-2-1,1.24368209495762e-05_1.24368209495762e-05_1.24368209495762e-05_1.24368209495762e-05_1.24368209495762e-05
1016,6486,32-18-4-2-1,9.94945675966092e-06_9.94945675966092e-06_9.94945675966092e-06_9.94945675966092e-06_9.94945675966092e-06
1016,6487,159-4-4-2-1,2.30081187567159e-05_2.30081187567159e-05_2.30081187567159e-05_2.30081187567159e-05_2.30081187567159e-05
1016,6488,175-20-9-2-1,6.21841047478808e-06_6.21841047478808e-06_6.21841047478808e-06_6.21841047478808e-06_6.21841047478808e-06
1016,6489,76-4-4-2-1,3.73104628487285e-06_3.73104628487285e-06_3.73104628487285e-06_3.73104628487285e-06_3.73104628487285e-06
1016,6490,175-20-9-2-1,7.46209256974569e-06_7.46209256974569e-06_7.46209256974569e-06_7.46209256974569e-06_7.46209256974569e-06
1016,6493,163-43-4-2-1,1.9277072471843e-05_1.9277072471843e-05_1.9277072471843e-05_1.9277072471843e-05_1.9277072471843e-05
1016,6494,133-12-8-1-1,4.97472837983046e-06_4.97472837983046e-06_4.97472837983046e-06_4.97472837983046e-06_4.97472837983046e-06
1016,6495,18-12-8-1-1,1.24368209495762e-05_1.24368209495762e-05_1.24368209495762e-05_1.24368209495762e-05_1.24368209495762e-05
1016,6496,185-41-9-2-1,4.35288733235165e-06_4.35288733235165e-06_4.35288733235165e-06_4.35288733235165e-06_4.35288733235165e-06
1016,6497,110-3-3-1-1,0.000374348310582242_0.000374348310582242_0.000374348310582242_0.000374348310582242_0.000374348310582242
1016,6498,149-16-2-2-1,9.32761571218212e-06_9.32761571218212e-06_9.32761571218212e-06_9.32761571218212e-06_9.32761571218212e-06
1016,6499,236-42-12-1-1,6.84025152226688e-06_6.84025152226688e-06_6.84025152226688e-06_6.84025152226688e-06_6.84025152226688e-06
1016,6500,149-16-2-2-1,0.000177846539578939_0.000177846539578939_0.000177846539578939_0.000177846539578939_0.000177846539578939
1016,6501,149-16-2-2-1,0.000277962948223027_0.000277962948223027_0.000277962948223027_0.000277962948223027_0.000277962948223027
1016,6502,138-23-8-1-1,8.70577466470331e-06_8.70577466470331e-06_8.70577466470331e-06_8.70577466470331e-06_8.70577466470331e-06
1016,6503,138-23-8-1-1,1.36805030445338e-05_1.36805030445338e-05_1.36805030445338e-05_1.36805030445338e-05_1.36805030445338e-05
1016,6504,24-14-4-2-1,0.000856896963425797_0.000856896963425797_0.000856896963425797_0.000856896963425797_0.000856896963425797
1016,6505,128-7-4-2-1,2.42518008516735e-05_2.42518008516735e-05_2.42518008516735e-05_2.42518008516735e-05_2.42518008516735e-05
1016,6506,24-14-4-2-1,7.21335615075417e-05_7.21335615075417e-05_7.21335615075417e-05_7.21335615075417e-05_7.21335615075417e-05
1016,6507,112-14-4-2-1,0.000397978270386437_0.000397978270386437_0.000397978270386437_0.000397978270386437_0.000397978270386437
1016,6508,221-35-4-2-1,3.91759859911649e-05_3.91759859911649e-05_3.91759859911649e-05_3.91759859911649e-05_3.91759859911649e-05
1016,6509,188-14-4-2-1,4.97472837983046e-06_4.97472837983046e-06_4.97472837983046e-06_4.97472837983046e-06_4.97472837983046e-06
1016,6510,112-14-4-2-1,0.000312164205834361_0.000312164205834361_0.000312164205834361_0.000312164205834361_0.000312164205834361
1016,6511,112-14-4-2-1,5.41001711306563e-05_5.41001711306563e-05_5.41001711306563e-05_5.41001711306563e-05_5.41001711306563e-05
1016,6513,196-14-4-2-1,6.40496278903172e-05_6.40496278903172e-05_6.40496278903172e-05_6.40496278903172e-05_6.40496278903172e-05
1016,6514,203-11-4-2-1,6.21841047478808e-06_6.21841047478808e-06_6.21841047478808e-06_6.21841047478808e-06_6.21841047478808e-06
1016,6515,24-14-4-2-1,0.000786628925060692_0.000786628925060692_0.000786628925060692_0.000786628925060692_0.000786628925060692
1016,6516,175-20-9-2-1,8.0839336172245e-06_8.0839336172245e-06_8.0839336172245e-06_8.0839336172245e-06_8.0839336172245e-06
1016,6517,79-32-10-1-1,3.2335734468898e-05_3.2335734468898e-05_3.2335734468898e-05_3.2335734468898e-05_3.2335734468898e-05
1016,6518,32-18-4-2-1,1.43023440920126e-05_1.43023440920126e-05_1.43023440920126e-05_1.43023440920126e-05_1.43023440920126e-05
1016,6519,107-6-6-2-1,0.000289156087077646_0.000289156087077646_0.000289156087077646_0.000289156087077646_0.000289156087077646
1016,6520,79-32-10-1-1,3.73104628487285e-06_3.73104628487285e-06_3.73104628487285e-06_3.73104628487285e-06_3.73104628487285e-06
1016,6521,185-41-9-2-1,3.73104628487285e-06_3.73104628487285e-06_3.73104628487285e-06_3.73104628487285e-06_3.73104628487285e-06
1016,6522,45-5-5-1-1,1.86552314243642e-05_1.86552314243642e-05_1.86552314243642e-05_1.86552314243642e-05_1.86552314243642e-05
1016,6523,47-22-8-1-1,3.10920523739404e-06_3.10920523739404e-06_3.10920523739404e-06_3.10920523739404e-06_3.10920523739404e-06
1016,6524,133-12-8-1-1,9.32761571218212e-06_9.32761571218212e-06_9.32761571218212e-06_9.32761571218212e-06_9.32761571218212e-06
1016,6525,91-33-5-1-1,0.000166031559676842_0.000166031559676842_0.000166031559676842_0.000166031559676842_0.000166031559676842
1016,6526,36-6-6-2-1,6.71588331277112e-05_6.71588331277112e-05_6.71588331277112e-05_6.71588331277112e-05_6.71588331277112e-05
1016,6527,35-20-9-2-1,3.5444939706292e-05_3.5444939706292e-05_3.5444939706292e-05_3.5444939706292e-05_3.5444939706292e-05
1016,6528,167-18-4-2-1,2.48736418991523e-05_2.48736418991523e-05_2.48736418991523e-05_2.48736418991523e-05_2.48736418991523e-05
1016,6529,161-36-10-1-1,3.10920523739404e-06_3.10920523739404e-06_3.10920523739404e-06_3.10920523739404e-06_3.10920523739404e-06
1016,6530,112-14-4-2-1,0.000119393481115931_0.000119393481115931_0.000119393481115931_0.000119393481115931_0.000119393481115931
1016,6531,177-7-4-2-1,4.35288733235165e-06_4.35288733235165e-06_4.35288733235165e-06_4.35288733235165e-06_4.35288733235165e-06
1016,6532,161-36-10-1-1,6.21841047478808e-06_6.21841047478808e-06_6.21841047478808e-06_6.21841047478808e-06_6.21841047478808e-06
1016,6533,216-19-9-2-1,5.59656942730927e-06_5.59656942730927e-06_5.59656942730927e-06_5.59656942730927e-06_5.59656942730927e-06
1016,6534,63-27-8-1-1,6.21841047478808e-06_6.21841047478808e-06_6.21841047478808e-06_6.21841047478808e-06_6.21841047478808e-06
1016,6535,229-5-5-1-1,0.000202720181478091_0.000202720181478091_0.000202720181478091_0.000202720181478091_0.000202720181478091
1016,6536,204-35-4-2-1,3.10920523739404e-06_3.10920523739404e-06_3.10920523739404e-06_3.10920523739404e-06_3.10920523739404e-06
1016,6537,44-13-6-2-1,0.000103225613881482_0.000103225613881482_0.000103225613881482_0.000103225613881482_0.000103225613881482
1016,6538,200-15-9-2-1,8.70577466470331e-06_8.70577466470331e-06_8.70577466470331e-06_8.70577466470331e-06_8.70577466470331e-06
1016,6539,152-32-10-1-1,2.48736418991523e-05_2.48736418991523e-05_2.48736418991523e-05_2.48736418991523e-05_2.48736418991523e-05
1016,6540,152-32-10-1-1,1.24368209495762e-05_1.24368209495762e-05_1.24368209495762e-05_1.24368209495762e-05_1.24368209495762e-05
1016,6541,126-29-2-2-1,2.48736418991523e-06_2.48736418991523e-06_2.48736418991523e-06_2.48736418991523e-06_2.48736418991523e-06
1016,6542,112-14-4-2-1,6.84025152226688e-06_6.84025152226688e-06_6.84025152226688e-06_6.84025152226688e-06_6.84025152226688e-06
1016,6543,212-41-9-2-1,1.49241851394914e-05_1.49241851394914e-05_1.49241851394914e-05_1.49241851394914e-05_1.49241851394914e-05
1016,6544,114-40-4-2-1,8.33267003621602e-05_8.33267003621602e-05_8.33267003621602e-05_8.33267003621602e-05_8.33267003621602e-05
1016,6545,172-40-4-2-1,1.11931388546185e-05_1.11931388546185e-05_1.11931388546185e-05_1.11931388546185e-05_1.11931388546185e-05
1016,6546,185-41-9-2-1,3.10920523739404e-06_3.10920523739404e-06_3.10920523739404e-06_3.10920523739404e-06_3.10920523739404e-06
1016,6547,114-40-4-2-1,5.59656942730927e-06_5.59656942730927e-06_5.59656942730927e-06_5.59656942730927e-06_5.59656942730927e-06
1016,6548,8-7-4-2-1,3.10920523739404e-06_3.10920523739404e-06_3.10920523739404e-06_3.10920523739404e-06_3.10920523739404e-06
1016,6549,175-20-9-2-1,0.000146754487204999_0.000146754487204999_0.000146754487204999_0.000146754487204999_0.000146754487204999
1016,6550,130-12-8-1-1,2.61173239941099e-05_2.61173239941099e-05_2.61173239941099e-05_2.61173239941099e-05_2.61173239941099e-05
1016,6551,138-23-8-1-1,1.6167867234449e-05_1.6167867234449e-05_1.6167867234449e-05_1.6167867234449e-05_1.6167867234449e-05
1016,6552,130-12-8-1-1,4.35288733235165e-06_4.35288733235165e-06_4.35288733235165e-06_4.35288733235165e-06_4.35288733235165e-06
1016,6553,129-21-4-2-1,6.84025152226688e-06_6.84025152226688e-06_6.84025152226688e-06_6.84025152226688e-06_6.84025152226688e-06
1016,6554,167-18-4-2-1,3.10920523739404e-06_3.10920523739404e-06_3.10920523739404e-06_3.10920523739404e-06_3.10920523739404e-06
1016,6555,177-7-4-2-1,3.10920523739404e-06_3.10920523739404e-06_3.10920523739404e-06_3.10920523739404e-06_3.10920523739404e-06
1016,6556,39-22-8-1-1,3.17138934214192e-05_3.17138934214192e-05_3.17138934214192e-05_3.17138934214192e-05_3.17138934214192e-05
1016,6557,40-23-8-1-1,4.97472837983046e-06_4.97472837983046e-06_4.97472837983046e-06_4.97472837983046e-06_4.97472837983046e-06
1016,6558,141-42-12-1-1,1.49241851394914e-05_1.49241851394914e-05_1.49241851394914e-05_1.49241851394914e-05_1.49241851394914e-05
1016,6559,175-20-9-2-1,4.35288733235165e-06_4.35288733235165e-06_4.35288733235165e-06_4.35288733235165e-06_4.35288733235165e-06
1016,6560,4-4-4-2-1,8.0839336172245e-06_8.0839336172245e-06_8.0839336172245e-06_8.0839336172245e-06_8.0839336172245e-06
1016,6561,95-37-4-2-1,2.86046881840252e-05_2.86046881840252e-05_2.86046881840252e-05_2.86046881840252e-05_2.86046881840252e-05
1016,6562,149-16-2-2-1,6.21841047478808e-06_6.21841047478808e-06_6.21841047478808e-06_6.21841047478808e-06_6.21841047478808e-06
1016,6563,199-19-9-2-1,3.29575755163768e-05_3.29575755163768e-05_3.29575755163768e-05_3.29575755163768e-05_3.29575755163768e-05
1016,6564,180-40-4-2-1,5.59656942730927e-06_5.59656942730927e-06_5.59656942730927e-06_5.59656942730927e-06_5.59656942730927e-06
1016,6565,172-40-4-2-1,4.35288733235165e-06_4.35288733235165e-06_4.35288733235165e-06_4.35288733235165e-06_4.35288733235165e-06
1016,6566,189-12-8-1-1,7.46209256974569e-06_7.46209256974569e-06_7.46209256974569e-06_7.46209256974569e-06_7.46209256974569e-06
1016,6568,170-43-4-2-1,8.64359055995543e-05_8.64359055995543e-05_8.64359055995543e-05_8.64359055995543e-05_8.64359055995543e-05
1016,6569,150-30-1-1-1,4.35288733235165e-05_4.35288733235165e-05_4.35288733235165e-05_4.35288733235165e-05_4.35288733235165e-05
1016,6570,3-3-3-1-1,0.00130462251761054_0.00130462251761054_0.00130462251761054_0.00130462251761054_0.00130462251761054
1016,6573,138-23-8-1-1,1.18149799020973e-05_1.18149799020973e-05_1.18149799020973e-05_1.18149799020973e-05_1.18149799020973e-05
1016,6574,152-32-10-1-1,1.24368209495762e-05_1.24368209495762e-05_1.24368209495762e-05_1.24368209495762e-05_1.24368209495762e-05
1016,6575,212-41-9-2-1,1.24368209495762e-05_1.24368209495762e-05_1.24368209495762e-05_1.24368209495762e-05_1.24368209495762e-05
1016,6576,175-20-9-2-1,1.36805030445338e-05_1.36805030445338e-05_1.36805030445338e-05_1.36805030445338e-05_1.36805030445338e-05
1016,6578,122-16-2-2-1,2.79828471365463e-05_2.79828471365463e-05_2.79828471365463e-05_2.79828471365463e-05_2.79828471365463e-05
1016,6579,172-40-4-2-1,4.35288733235165e-06_4.35288733235165e-06_4.35288733235165e-06_4.35288733235165e-06_4.35288733235165e-06
1016,6580,89-13-6-2-1,0.000108822183308791_0.000108822183308791_0.000108822183308791_0.000108822183308791_0.000108822183308791
1016,6581,172-40-4-2-1,9.32761571218212e-06_9.32761571218212e-06_9.32761571218212e-06_9.32761571218212e-06_9.32761571218212e-06
1016,6582,191-37-4-2-1,5.59656942730927e-06_5.59656942730927e-06_5.59656942730927e-06_5.59656942730927e-06_5.59656942730927e-06
1016,6583,191-37-4-2-1,1.24368209495762e-05_1.24368209495762e-05_1.24368209495762e-05_1.24368209495762e-05_1.24368209495762e-05
1016,6584,185-41-9-2-1,3.10920523739404e-06_3.10920523739404e-06_3.10920523739404e-06_3.10920523739404e-06_3.10920523739404e-06
1016,6585,227-41-9-2-1,3.10920523739404e-06_3.10920523739404e-06_3.10920523739404e-06_3.10920523739404e-06_3.10920523739404e-06
1016,6586,185-41-9-2-1,3.10920523739404e-06_3.10920523739404e-06_3.10920523739404e-06_3.10920523739404e-06_3.10920523739404e-06
1016,6587,166-18-4-2-1,5.59656942730927e-06_5.59656942730927e-06_5.59656942730927e-06_5.59656942730927e-06_5.59656942730927e-06
1016,6588,63-27-8-1-1,4.97472837983046e-05_4.97472837983046e-05_4.97472837983046e-05_4.97472837983046e-05_4.97472837983046e-05
1016,6589,63-27-8-1-1,2.48736418991523e-05_2.48736418991523e-05_2.48736418991523e-05_2.48736418991523e-05_2.48736418991523e-05
1016,6590,63-27-8-1-1,1.43023440920126e-05_1.43023440920126e-05_1.43023440920126e-05_1.43023440920126e-05_1.43023440920126e-05
1016,6591,199-19-9-2-1,1.24368209495762e-05_1.24368209495762e-05_1.24368209495762e-05_1.24368209495762e-05_1.24368209495762e-05
1016,6592,199-19-9-2-1,2.86046881840252e-05_2.86046881840252e-05_2.86046881840252e-05_2.86046881840252e-05_2.86046881840252e-05
1016,6593,51-22-8-1-1,8.70577466470331e-06_8.70577466470331e-06_8.70577466470331e-06_8.70577466470331e-06_8.70577466470331e-06
1016,6594,70-27-8-1-1,5.59656942730927e-06_5.59656942730927e-06_5.59656942730927e-06_5.59656942730927e-06_5.59656942730927e-06
1016,6595,141-42-12-1-1,2.48736418991523e-06_2.48736418991523e-06_2.48736418991523e-06_2.48736418991523e-06_2.48736418991523e-06
1016,6596,185-41-9-2-1,2.48736418991523e-06_2.48736418991523e-06_2.48736418991523e-06_2.48736418991523e-06_2.48736418991523e-06
1016,6597,186-15-9-2-1,3.10920523739404e-06_3.10920523739404e-06_3.10920523739404e-06_3.10920523739404e-06_3.10920523739404e-06
1016,6598,26-15-9-2-1,4.35288733235165e-06_4.35288733235165e-06_4.35288733235165e-06_4.35288733235165e-06_4.35288733235165e-06
1016,6599,185-41-9-2-1,2.48736418991523e-06_2.48736418991523e-06_2.48736418991523e-06_2.48736418991523e-06_2.48736418991523e-06
1016,6600,140-42-12-1-1,1.74115493294066e-05_1.74115493294066e-05_1.74115493294066e-05_1.74115493294066e-05_1.74115493294066e-05
1016,6601,7-4-4-2-1,3.10920523739404e-06_3.10920523739404e-06_3.10920523739404e-06_3.10920523739404e-06_3.10920523739404e-06
1016,6602,161-36-10-1-1,3.10920523739404e-06_3.10920523739404e-06_3.10920523739404e-06_3.10920523739404e-06_3.10920523739404e-06
1016,6603,131-13-6-2-1,3.48230986588132e-05_3.48230986588132e-05_3.48230986588132e-05_3.48230986588132e-05_3.48230986588132e-05
1016,6604,163-43-4-2-1,8.70577466470331e-06_8.70577466470331e-06_8.70577466470331e-06_8.70577466470331e-06_8.70577466470331e-06
1016,6605,8-7-4-2-1,3.73104628487285e-06_3.73104628487285e-06_3.73104628487285e-06_3.73104628487285e-06_3.73104628487285e-06
1016,6606,161-36-10-1-1,9.94945675966092e-06_9.94945675966092e-06_9.94945675966092e-06_9.94945675966092e-06_9.94945675966092e-06
1016,6607,166-18-4-2-1,1.05712978071397e-05_1.05712978071397e-05_1.05712978071397e-05_1.05712978071397e-05_1.05712978071397e-05
1016,6608,166-18-4-2-1,4.97472837983046e-06_4.97472837983046e-06_4.97472837983046e-06_4.97472837983046e-06_4.97472837983046e-06
1016,6609,66-29-2-2-1,3.73104628487285e-06_3.73104628487285e-06_3.73104628487285e-06_3.73104628487285e-06_3.73104628487285e-06
1016,6610,172-40-4-2-1,4.97472837983046e-06_4.97472837983046e-06_4.97472837983046e-06_4.97472837983046e-06_4.97472837983046e-06
1016,6611,130-12-8-1-1,5.59656942730927e-06_5.59656942730927e-06_5.59656942730927e-06_5.59656942730927e-06_5.59656942730927e-06
1016,6612,200-15-9-2-1,2.48736418991523e-06_2.48736418991523e-06_2.48736418991523e-06_2.48736418991523e-06_2.48736418991523e-06
1016,6613,158-2-2-2-1,3.91759859911649e-05_3.91759859911649e-05_3.91759859911649e-05_3.91759859911649e-05_3.91759859911649e-05
1016,6614,121-39-11-1-1,4.35288733235165e-06_4.35288733235165e-06_4.35288733235165e-06_4.35288733235165e-06_4.35288733235165e-06
1016,6615,172-40-4-2-1,8.70577466470331e-06_8.70577466470331e-06_8.70577466470331e-06_8.70577466470331e-06_8.70577466470331e-06
1016,6616,183-23-8-1-1,6.59151510327536e-05_6.59151510327536e-05_6.59151510327536e-05_6.59151510327536e-05_6.59151510327536e-05
1016,6617,172-40-4-2-1,2.48736418991523e-06_2.48736418991523e-06_2.48736418991523e-06_2.48736418991523e-06_2.48736418991523e-06
1016,6619,183-23-8-1-1,1.05712978071397e-05_1.05712978071397e-05_1.05712978071397e-05_1.05712978071397e-05_1.05712978071397e-05
1016,6620,34-19-9-2-1,1.80333903768854e-05_1.80333903768854e-05_1.80333903768854e-05_1.80333903768854e-05_1.80333903768854e-05
1016,6621,222-35-4-2-1,2.11425956142795e-05_2.11425956142795e-05_2.11425956142795e-05_2.11425956142795e-05_2.11425956142795e-05
1016,6622,134-29-2-2-1,2.48736418991523e-06_2.48736418991523e-06_2.48736418991523e-06_2.48736418991523e-06_2.48736418991523e-06
1016,6623,18-12-8-1-1,7.89738130298086e-05_7.89738130298086e-05_7.89738130298086e-05_7.89738130298086e-05_7.89738130298086e-05
1016,6624,176-20-9-2-1,3.73104628487285e-06_3.73104628487285e-06_3.73104628487285e-06_3.73104628487285e-06_3.73104628487285e-06
1016,6625,150-30-1-1-1,4.35288733235165e-06_4.35288733235165e-06_4.35288733235165e-06_4.35288733235165e-06_4.35288733235165e-06
1016,6626,76-4-4-2-1,5.59656942730927e-06_5.59656942730927e-06_5.59656942730927e-06_5.59656942730927e-06_5.59656942730927e-06
1016,6627,70-27-8-1-1,1.05712978071397e-05_1.05712978071397e-05_1.05712978071397e-05_1.05712978071397e-05_1.05712978071397e-05
1016,6628,70-27-8-1-1,1.18149799020973e-05_1.18149799020973e-05_1.18149799020973e-05_1.18149799020973e-05_1.18149799020973e-05
1016,6629,221-35-4-2-1,3.10920523739404e-06_3.10920523739404e-06_3.10920523739404e-06_3.10920523739404e-06_3.10920523739404e-06
1016,6630,172-40-4-2-1,4.97472837983046e-06_4.97472837983046e-06_4.97472837983046e-06_4.97472837983046e-06_4.97472837983046e-06
1016,6631,200-15-9-2-1,4.35288733235165e-06_4.35288733235165e-06_4.35288733235165e-06_4.35288733235165e-06_4.35288733235165e-06
1016,6632,142-42-12-1-1,8.0839336172245e-06_8.0839336172245e-06_8.0839336172245e-06_8.0839336172245e-06_8.0839336172245e-06
1016,6633,183-23-8-1-1,8.70577466470331e-06_8.70577466470331e-06_8.70577466470331e-06_8.70577466470331e-06_8.70577466470331e-06
1016,6634,122-16-2-2-1,7.46209256974569e-06_7.46209256974569e-06_7.46209256974569e-06_7.46209256974569e-06_7.46209256974569e-06
1016,6635,71-29-2-2-1,3.10920523739404e-06_3.10920523739404e-06_3.10920523739404e-06_3.10920523739404e-06_3.10920523739404e-06
1016,6636,159-4-4-2-1,3.73104628487285e-06_3.73104628487285e-06_3.73104628487285e-06_3.73104628487285e-06_3.73104628487285e-06
1016,6637,227-41-9-2-1,3.73104628487285e-06_3.73104628487285e-06_3.73104628487285e-06_3.73104628487285e-06_3.73104628487285e-06
1016,6638,208-30-1-1-1,6.84025152226688e-06_6.84025152226688e-06_6.84025152226688e-06_6.84025152226688e-06_6.84025152226688e-06
1016,6639,208-30-1-1-1,7.46209256974569e-06_7.46209256974569e-06_7.46209256974569e-06_7.46209256974569e-06_7.46209256974569e-06
1016,6640,185-41-9-2-1,3.73104628487285e-06_3.73104628487285e-06_3.73104628487285e-06_3.73104628487285e-06_3.73104628487285e-06
1016,6641,44-13-6-2-1,5.59656942730927e-05_5.59656942730927e-05_5.59656942730927e-05_5.59656942730927e-05_5.59656942730927e-05
1016,6642,152-32-10-1-1,3.73104628487285e-06_3.73104628487285e-06_3.73104628487285e-06_3.73104628487285e-06_3.73104628487285e-06
1016,6643,172-40-4-2-1,3.73104628487285e-06_3.73104628487285e-06_3.73104628487285e-06_3.73104628487285e-06_3.73104628487285e-06
1016,6644,191-37-4-2-1,1.9277072471843e-05_1.9277072471843e-05_1.9277072471843e-05_1.9277072471843e-05_1.9277072471843e-05
1016,6645,57-7-4-2-1,1.11931388546185e-05_1.11931388546185e-05_1.11931388546185e-05_1.11931388546185e-05_1.11931388546185e-05
1016,6646,220-22-8-1-1,5.59656942730927e-06_5.59656942730927e-06_5.59656942730927e-06_5.59656942730927e-06_5.59656942730927e-06
1016,6647,186-15-9-2-1,3.10920523739404e-06_3.10920523739404e-06_3.10920523739404e-06_3.10920523739404e-06_3.10920523739404e-06
1016,6648,4-4-4-2-1,3.10920523739404e-06_3.10920523739404e-06_3.10920523739404e-06_3.10920523739404e-06_3.10920523739404e-06
1016,6649,172-40-4-2-1,4.35288733235165e-06_4.35288733235165e-06_4.35288733235165e-06_4.35288733235165e-06_4.35288733235165e-06
1016,6650,10-3-3-1-1,0.000175981016436503_0.000175981016436503_0.000175981016436503_0.000175981016436503_0.000175981016436503
1016,6651,163-43-4-2-1,3.10920523739404e-06_3.10920523739404e-06_3.10920523739404e-06_3.10920523739404e-06_3.10920523739404e-06
1016,6652,132-42-12-1-1,3.73104628487285e-06_3.73104628487285e-06_3.73104628487285e-06_3.73104628487285e-06_3.73104628487285e-06
1016,6653,91-33-5-1-1,9.32761571218212e-06_9.32761571218212e-06_9.32761571218212e-06_9.32761571218212e-06_9.32761571218212e-06
1016,6654,185-41-9-2-1,3.10920523739404e-06_3.10920523739404e-06_3.10920523739404e-06_3.10920523739404e-06_3.10920523739404e-06
1016,6655,235-34-11-1-1,2.61173239941099e-05_2.61173239941099e-05_2.61173239941099e-05_2.61173239941099e-05_2.61173239941099e-05
1016,6656,235-34-11-1-1,1.43023440920126e-05_1.43023440920126e-05_1.43023440920126e-05_1.43023440920126e-05_1.43023440920126e-05
1016,6658,227-41-9-2-1,1.18149799020973e-05_1.18149799020973e-05_1.18149799020973e-05_1.18149799020973e-05_1.18149799020973e-05
1016,6660,185-41-9-2-1,3.73104628487285e-06_3.73104628487285e-06_3.73104628487285e-06_3.73104628487285e-06_3.73104628487285e-06
1016,6661,172-40-4-2-1,3.10920523739404e-06_3.10920523739404e-06_3.10920523739404e-06_3.10920523739404e-06_3.10920523739404e-06
1016,6662,185-41-9-2-1,6.84025152226688e-06_6.84025152226688e-06_6.84025152226688e-06_6.84025152226688e-06_6.84025152226688e-06
1016,6663,44-13-6-2-1,1.05712978071397e-05_1.05712978071397e-05_1.05712978071397e-05_1.05712978071397e-05_1.05712978071397e-05
1016,6664,10-3-3-1-1,2.11425956142795e-05_2.11425956142795e-05_2.11425956142795e-05_2.11425956142795e-05_2.11425956142795e-05
1016,6665,186-15-9-2-1,6.84025152226688e-06_6.84025152226688e-06_6.84025152226688e-06_6.84025152226688e-06_6.84025152226688e-06
1016,6666,185-41-9-2-1,2.48736418991523e-06_2.48736418991523e-06_2.48736418991523e-06_2.48736418991523e-06_2.48736418991523e-06
1016,6667,122-16-2-2-1,4.10415091336013e-05_4.10415091336013e-05_4.10415091336013e-05_4.10415091336013e-05_4.10415091336013e-05
1016,6668,181-40-4-2-1,5.09909658932622e-05_5.09909658932622e-05_5.09909658932622e-05_5.09909658932622e-05_5.09909658932622e-05
1016,6669,91-33-5-1-1,1.11931388546185e-05_1.11931388546185e-05_1.11931388546185e-05_1.11931388546185e-05_1.11931388546185e-05
1016,6670,212-41-9-2-1,6.21841047478808e-06_6.21841047478808e-06_6.21841047478808e-06_6.21841047478808e-06_6.21841047478808e-06
1016,6671,126-29-2-2-1,7.46209256974569e-06_7.46209256974569e-06_7.46209256974569e-06_7.46209256974569e-06_7.46209256974569e-06
1016,6672,3-3-3-1-1,0.000235055915946989_0.000235055915946989_0.000235055915946989_0.000235055915946989_0.000235055915946989
1016,6673,36-6-6-2-1,2.30081187567159e-05_2.30081187567159e-05_2.30081187567159e-05_2.30081187567159e-05_2.30081187567159e-05
1016,6674,122-16-2-2-1,4.35288733235165e-06_4.35288733235165e-06_4.35288733235165e-06_4.35288733235165e-06_4.35288733235165e-06
1016,6675,35-20-9-2-1,4.97472837983046e-06_4.97472837983046e-06_4.97472837983046e-06_4.97472837983046e-06_4.97472837983046e-06
1016,6676,97-26-4-2-1,0.000105712978071397_0.000105712978071397_0.000105712978071397_0.000105712978071397_0.000105712978071397
1016,6677,194-31-9-2-1,2.11425956142795e-05_2.11425956142795e-05_2.11425956142795e-05_2.11425956142795e-05_2.11425956142795e-05
1016,6678,40-23-8-1-1,4.35288733235165e-06_4.35288733235165e-06_4.35288733235165e-06_4.35288733235165e-06_4.35288733235165e-06
1016,6679,74-31-9-2-1,5.59656942730927e-06_5.59656942730927e-06_5.59656942730927e-06_5.59656942730927e-06_5.59656942730927e-06
1016,6680,129-21-4-2-1,5.96967405579655e-05_5.96967405579655e-05_5.96967405579655e-05_5.96967405579655e-05_5.96967405579655e-05
1016,6681,214-26-4-2-1,9.94945675966092e-06_9.94945675966092e-06_9.94945675966092e-06_9.94945675966092e-06_9.94945675966092e-06
1016,6682,129-21-4-2-1,1.05712978071397e-05_1.05712978071397e-05_1.05712978071397e-05_1.05712978071397e-05_1.05712978071397e-05
1016,6683,144-43-4-2-1,1.9277072471843e-05_1.9277072471843e-05_1.9277072471843e-05_1.9277072471843e-05_1.9277072471843e-05
1016,6684,70-27-8-1-1,7.46209256974569e-06_7.46209256974569e-06_7.46209256974569e-06_7.46209256974569e-06_7.46209256974569e-06
1016,6685,160-30-1-1-1,5.59656942730927e-06_5.59656942730927e-06_5.59656942730927e-06_5.59656942730927e-06_5.59656942730927e-06
1016,6686,181-40-4-2-1,3.91759859911649e-05_3.91759859911649e-05_3.91759859911649e-05_3.91759859911649e-05_3.91759859911649e-05
1016,6687,131-13-6-2-1,8.64359055995543e-05_8.64359055995543e-05_8.64359055995543e-05_8.64359055995543e-05_8.64359055995543e-05
1016,6688,167-18-4-2-1,3.10920523739404e-06_3.10920523739404e-06_3.10920523739404e-06_3.10920523739404e-06_3.10920523739404e-06
1016,6689,204-35-4-2-1,8.70577466470331e-06_8.70577466470331e-06_8.70577466470331e-06_8.70577466470331e-06_8.70577466470331e-06
1016,6690,196-14-4-2-1,5.72093763680503e-05_5.72093763680503e-05_5.72093763680503e-05_5.72093763680503e-05_5.72093763680503e-05
1016,6691,168-2-2-2-1,1.86552314243642e-05_1.86552314243642e-05_1.86552314243642e-05_1.86552314243642e-05_1.86552314243642e-05
1016,6692,152-32-10-1-1,4.35288733235165e-06_4.35288733235165e-06_4.35288733235165e-06_4.35288733235165e-06_4.35288733235165e-06
1016,6693,8-7-4-2-1,4.97472837983046e-06_4.97472837983046e-06_4.97472837983046e-06_4.97472837983046e-06_4.97472837983046e-06
1016,6694,36-6-6-2-1,0.000189661519481036_0.000189661519481036_0.000189661519481036_0.000189661519481036_0.000189661519481036
1016,6695,95-37-4-2-1,3.73104628487285e-05_3.73104628487285e-05_3.73104628487285e-05_3.73104628487285e-05_3.73104628487285e-05
1016,6696,146-2-2-2-1,0.00024003064432682_0.00024003064432682_0.00024003064432682_0.00024003064432682_0.00024003064432682
1016,6697,66-29-2-2-1,2.30081187567159e-05_2.30081187567159e-05_2.30081187567159e-05_2.30081187567159e-05_2.30081187567159e-05
1016,6698,33-16-2-2-1,0.000692730926891392_0.000692730926891392_0.000692730926891392_0.000692730926891392_0.000692730926891392
1016,6699,230-14-4-2-1,7.46209256974569e-06_7.46209256974569e-06_7.46209256974569e-06_7.46209256974569e-06_7.46209256974569e-06
1016,6700,151-19-9-2-1,6.65369920802324e-05_6.65369920802324e-05_6.65369920802324e-05_6.65369920802324e-05_6.65369920802324e-05
1016,6701,175-20-9-2-1,4.35288733235165e-06_4.35288733235165e-06_4.35288733235165e-06_4.35288733235165e-06_4.35288733235165e-06
1016,6702,33-16-2-2-1,0.000261173239941099_0.000261173239941099_0.000261173239941099_0.000261173239941099_0.000261173239941099
1016,6703,222-35-4-2-1,1.80333903768854e-05_1.80333903768854e-05_1.80333903768854e-05_1.80333903768854e-05_1.80333903768854e-05
1016,6704,142-42-12-1-1,3.10920523739404e-06_3.10920523739404e-06_3.10920523739404e-06_3.10920523739404e-06_3.10920523739404e-06
1016,6705,133-12-8-1-1,1.67897082819278e-05_1.67897082819278e-05_1.67897082819278e-05_1.67897082819278e-05_1.67897082819278e-05
1016,6706,10-3-3-1-1,0.000430314004855335_0.000430314004855335_0.000430314004855335_0.000430314004855335_0.000430314004855335
1016,6707,73-24-7-1-1,0.000969450193019461_0.000969450193019461_0.000969450193019461_0.000969450193019461_0.000969450193019461
1016,6708,199-19-9-2-1,3.2335734468898e-05_3.2335734468898e-05_3.2335734468898e-05_3.2335734468898e-05_3.2335734468898e-05
1016,6709,216-19-9-2-1,3.73104628487285e-06_3.73104628487285e-06_3.73104628487285e-06_3.73104628487285e-06_3.73104628487285e-06
1016,6710,26-15-9-2-1,8.0839336172245e-06_8.0839336172245e-06_8.0839336172245e-06_8.0839336172245e-06_8.0839336172245e-06
1016,6711,199-19-9-2-1,4.97472837983046e-06_4.97472837983046e-06_4.97472837983046e-06_4.97472837983046e-06_4.97472837983046e-06
1016,6712,200-15-9-2-1,6.84025152226688e-06_6.84025152226688e-06_6.84025152226688e-06_6.84025152226688e-06_6.84025152226688e-06
1016,6713,199-19-9-2-1,0.000176602857483981_0.000176602857483981_0.000176602857483981_0.000176602857483981_0.000176602857483981
1016,6714,192-19-9-2-1,7.39990846499781e-05_7.39990846499781e-05_7.39990846499781e-05_7.39990846499781e-05_7.39990846499781e-05
1016,6715,237-44-12-1-1,6.21841047478808e-06_6.21841047478808e-06_6.21841047478808e-06_6.21841047478808e-06_6.21841047478808e-06
1016,6716,18-12-8-1-1,1.18149799020973e-05_1.18149799020973e-05_1.18149799020973e-05_1.18149799020973e-05_1.18149799020973e-05
1016,6717,137-26-4-2-1,3.73104628487285e-06_3.73104628487285e-06_3.73104628487285e-06_3.73104628487285e-06_3.73104628487285e-06
1016,6718,140-42-12-1-1,7.46209256974569e-06_7.46209256974569e-06_7.46209256974569e-06_7.46209256974569e-06_7.46209256974569e-06
1016,6719,63-27-8-1-1,8.76795876945119e-05_8.76795876945119e-05_8.76795876945119e-05_8.76795876945119e-05_8.76795876945119e-05
1016,6720,29-17-10-1-1,7.27554025550205e-05_7.27554025550205e-05_7.27554025550205e-05_7.27554025550205e-05_7.27554025550205e-05
1016,6721,130-12-8-1-1,1.11931388546185e-05_1.11931388546185e-05_1.11931388546185e-05_1.11931388546185e-05_1.11931388546185e-05
1016,6722,130-12-8-1-1,3.10920523739404e-06_3.10920523739404e-06_3.10920523739404e-06_3.10920523739404e-06_3.10920523739404e-06
1016,6725,76-4-4-2-1,6.21841047478808e-06_6.21841047478808e-06_6.21841047478808e-06_6.21841047478808e-06_6.21841047478808e-06
1016,6726,172-40-4-2-1,4.97472837983046e-06_4.97472837983046e-06_4.97472837983046e-06_4.97472837983046e-06_4.97472837983046e-06
1016,6727,80-11-4-2-1,3.73104628487285e-06_3.73104628487285e-06_3.73104628487285e-06_3.73104628487285e-06_3.73104628487285e-06
1016,6728,159-4-4-2-1,2.61173239941099e-05_2.61173239941099e-05_2.61173239941099e-05_2.61173239941099e-05_2.61173239941099e-05
1016,6729,67-2-2-2-1,4.35288733235165e-06_4.35288733235165e-06_4.35288733235165e-06_4.35288733235165e-06_4.35288733235165e-06
1016,6730,185-41-9-2-1,3.10920523739404e-06_3.10920523739404e-06_3.10920523739404e-06_3.10920523739404e-06_3.10920523739404e-06
1016,6731,186-15-9-2-1,4.97472837983046e-06_4.97472837983046e-06_4.97472837983046e-06_4.97472837983046e-06_4.97472837983046e-06
1016,6732,26-15-9-2-1,4.35288733235165e-06_4.35288733235165e-06_4.35288733235165e-06_4.35288733235165e-06_4.35288733235165e-06
1016,6733,70-27-8-1-1,4.35288733235165e-06_4.35288733235165e-06_4.35288733235165e-06_4.35288733235165e-06_4.35288733235165e-06
1016,6734,126-29-2-2-1,1.74115493294066e-05_1.74115493294066e-05_1.74115493294066e-05_1.74115493294066e-05_1.74115493294066e-05
1016,6736,75-1-1-1-1,3.10920523739404e-06_3.10920523739404e-06_3.10920523739404e-06_3.10920523739404e-06_3.10920523739404e-06
1016,6737,55-22-8-1-1,6.84025152226688e-06_6.84025152226688e-06_6.84025152226688e-06_6.84025152226688e-06_6.84025152226688e-06
1016,6739,54-26-4-2-1,6.21841047478808e-05_6.21841047478808e-05_6.21841047478808e-05_6.21841047478808e-05_6.21841047478808e-05
1016,6740,95-37-4-2-1,1.86552314243642e-05_1.86552314243642e-05_1.86552314243642e-05_1.86552314243642e-05_1.86552314243642e-05
1016,6741,33-16-2-2-1,9.32761571218212e-06_9.32761571218212e-06_9.32761571218212e-06_9.32761571218212e-06_9.32761571218212e-06
1016,6742,47-22-8-1-1,3.42012576113344e-05_3.42012576113344e-05_3.42012576113344e-05_3.42012576113344e-05_3.42012576113344e-05
1016,6743,194-31-9-2-1,3.73104628487285e-06_3.73104628487285e-06_3.73104628487285e-06_3.73104628487285e-06_3.73104628487285e-06
1016,6744,69-29-2-2-1,0.000121880845305846_0.000121880845305846_0.000121880845305846_0.000121880845305846_0.000121880845305846
1016,6745,75-1-1-1-1,8.0839336172245e-06_8.0839336172245e-06_8.0839336172245e-06_8.0839336172245e-06_8.0839336172245e-06
1016,6746,177-7-4-2-1,3.85541449436861e-05_3.85541449436861e-05_3.85541449436861e-05_3.85541449436861e-05_3.85541449436861e-05
1016,6747,185-41-9-2-1,4.35288733235165e-06_4.35288733235165e-06_4.35288733235165e-06_4.35288733235165e-06_4.35288733235165e-06
1016,6748,84-2-2-2-1,2.48736418991523e-05_2.48736418991523e-05_2.48736418991523e-05_2.48736418991523e-05_2.48736418991523e-05
1016,6749,167-18-4-2-1,2.48736418991523e-06_2.48736418991523e-06_2.48736418991523e-06_2.48736418991523e-06_2.48736418991523e-06
1016,6750,201-17-10-1-1,1.24368209495762e-05_1.24368209495762e-05_1.24368209495762e-05_1.24368209495762e-05_1.24368209495762e-05
1016,6751,31-6-6-2-1,6.71588331277112e-05_6.71588331277112e-05_6.71588331277112e-05_6.71588331277112e-05_6.71588331277112e-05
1016,6752,200-15-9-2-1,6.21841047478808e-06_6.21841047478808e-06_6.21841047478808e-06_6.21841047478808e-06_6.21841047478808e-06
1016,6753,153-18-4-2-1,1.18149799020973e-05_1.18149799020973e-05_1.18149799020973e-05_1.18149799020973e-05_1.18149799020973e-05
1016,6754,185-41-9-2-1,3.73104628487285e-06_3.73104628487285e-06_3.73104628487285e-06_3.73104628487285e-06_3.73104628487285e-06
1016,6755,8-7-4-2-1,1.74115493294066e-05_1.74115493294066e-05_1.74115493294066e-05_1.74115493294066e-05_1.74115493294066e-05
1016,6756,122-16-2-2-1,5.59656942730927e-06_5.59656942730927e-06_5.59656942730927e-06_5.59656942730927e-06_5.59656942730927e-06
1016,6757,128-7-4-2-1,8.70577466470331e-06_8.70577466470331e-06_8.70577466470331e-06_8.70577466470331e-06_8.70577466470331e-06
1016,6758,70-27-8-1-1,3.10920523739404e-06_3.10920523739404e-06_3.10920523739404e-06_3.10920523739404e-06_3.10920523739404e-06
1016,6759,212-41-9-2-1,0.000100116408644088_0.000100116408644088_0.000100116408644088_0.000100116408644088_0.000100116408644088
1016,6760,231-34-11-1-1,0.00100551697377323_0.00100551697377323_0.00100551697377323_0.00100551697377323_0.00100551697377323
1016,6761,79-32-10-1-1,1.18149799020973e-05_1.18149799020973e-05_1.18149799020973e-05_1.18149799020973e-05_1.18149799020973e-05
1016,6762,79-32-10-1-1,1.80333903768854e-05_1.80333903768854e-05_1.80333903768854e-05_1.80333903768854e-05_1.80333903768854e-05
1016,6763,143-1-1-1-1,3.91759859911649e-05_3.91759859911649e-05_3.91759859911649e-05_3.91759859911649e-05_3.91759859911649e-05
1016,6764,153-18-4-2-1,4.35288733235165e-06_4.35288733235165e-06_4.35288733235165e-06_4.35288733235165e-06_4.35288733235165e-06
1016,6765,128-7-4-2-1,4.35288733235165e-06_4.35288733235165e-06_4.35288733235165e-06_4.35288733235165e-06_4.35288733235165e-06
1016,6766,79-32-10-1-1,1.24368209495762e-05_1.24368209495762e-05_1.24368209495762e-05_1.24368209495762e-05_1.24368209495762e-05
1016,6767,185-41-9-2-1,8.70577466470331e-06_8.70577466470331e-06_8.70577466470331e-06_8.70577466470331e-06_8.70577466470331e-06
1016,6768,159-4-4-2-1,6.21841047478808e-06_6.21841047478808e-06_6.21841047478808e-06_6.21841047478808e-06_6.21841047478808e-06
1016,6770,8-7-4-2-1,3.10920523739404e-06_3.10920523739404e-06_3.10920523739404e-06_3.10920523739404e-06_3.10920523739404e-06
1016,6771,152-32-10-1-1,1.74115493294066e-05_1.74115493294066e-05_1.74115493294066e-05_1.74115493294066e-05_1.74115493294066e-05
1016,6772,172-40-4-2-1,3.10920523739404e-06_3.10920523739404e-06_3.10920523739404e-06_3.10920523739404e-06_3.10920523739404e-06
1016,6773,122-16-2-2-1,1.05712978071397e-05_1.05712978071397e-05_1.05712978071397e-05_1.05712978071397e-05_1.05712978071397e-05
1016,6775,140-42-12-1-1,3.73104628487285e-06_3.73104628487285e-06_3.73104628487285e-06_3.73104628487285e-06_3.73104628487285e-06
1016,6776,140-42-12-1-1,3.73104628487285e-06_3.73104628487285e-06_3.73104628487285e-06_3.73104628487285e-06_3.73104628487285e-06
1016,6778,148-29-2-2-1,2.36299598041947e-05_2.36299598041947e-05_2.36299598041947e-05_2.36299598041947e-05_2.36299598041947e-05
1016,6779,61-13-6-2-1,1.98989135193218e-05_1.98989135193218e-05_1.98989135193218e-05_1.98989135193218e-05_1.98989135193218e-05
1016,6780,55-22-8-1-1,8.0839336172245e-06_8.0839336172245e-06_8.0839336172245e-06_8.0839336172245e-06_8.0839336172245e-06
1016,6781,220-22-8-1-1,0.000215778843475146_0.000215778843475146_0.000215778843475146_0.000215778843475146_0.000215778843475146
1016,6782,140-42-12-1-1,5.78312174155291e-05_5.78312174155291e-05_5.78312174155291e-05_5.78312174155291e-05_5.78312174155291e-05
1016,6783,220-22-8-1-1,3.73104628487285e-06_3.73104628487285e-06_3.73104628487285e-06_3.73104628487285e-06_3.73104628487285e-06
1016,6784,212-41-9-2-1,6.21841047478808e-06_6.21841047478808e-06_6.21841047478808e-06_6.21841047478808e-06_6.21841047478808e-06
1016,6785,194-31-9-2-1,3.10920523739404e-06_3.10920523739404e-06_3.10920523739404e-06_3.10920523739404e-06_3.10920523739404e-06
1016,6786,71-29-2-2-1,3.10920523739404e-06_3.10920523739404e-06_3.10920523739404e-06_3.10920523739404e-06_3.10920523739404e-06
1016,6787,40-23-8-1-1,3.10920523739404e-06_3.10920523739404e-06_3.10920523739404e-06_3.10920523739404e-06_3.10920523739404e-06
1016,6788,174-15-9-2-1,2.9226529231504e-05_2.9226529231504e-05_2.9226529231504e-05_2.9226529231504e-05_2.9226529231504e-05
1016,6789,213-15-9-2-1,6.21841047478808e-06_6.21841047478808e-06_6.21841047478808e-06_6.21841047478808e-06_6.21841047478808e-06
1016,6791,58-13-6-2-1,9.26543160743423e-05_9.26543160743423e-05_9.26543160743423e-05_9.26543160743423e-05_9.26543160743423e-05
1016,6792,8-7-4-2-1,1.11931388546185e-05_1.11931388546185e-05_1.11931388546185e-05_1.11931388546185e-05_1.11931388546185e-05
1016,6793,179-26-4-2-1,4.97472837983046e-06_4.97472837983046e-06_4.97472837983046e-06_4.97472837983046e-06_4.97472837983046e-06
1016,6794,45-5-5-1-1,8.89232697894695e-05_8.89232697894695e-05_8.89232697894695e-05_8.89232697894695e-05_8.89232697894695e-05
1016,6795,89-13-6-2-1,4.5394396465953e-05_4.5394396465953e-05_4.5394396465953e-05_4.5394396465953e-05_4.5394396465953e-05
1016,6796,45-5-5-1-1,1.18149799020973e-05_1.18149799020973e-05_1.18149799020973e-05_1.18149799020973e-05_1.18149799020973e-05
1016,6797,148-29-2-2-1,6.21841047478808e-05_6.21841047478808e-05_6.21841047478808e-05_6.21841047478808e-05_6.21841047478808e-05
1016,6798,75-1-1-1-1,4.35288733235165e-06_4.35288733235165e-06_4.35288733235165e-06_4.35288733235165e-06_4.35288733235165e-06
1016,6799,8-7-4-2-1,2.05207545668007e-05_2.05207545668007e-05_2.05207545668007e-05_2.05207545668007e-05_2.05207545668007e-05
1016,6800,237-44-12-1-1,5.09909658932622e-05_5.09909658932622e-05_5.09909658932622e-05_5.09909658932622e-05_5.09909658932622e-05
1016,6801,74-31-9-2-1,8.70577466470331e-06_8.70577466470331e-06_8.70577466470331e-06_8.70577466470331e-06_8.70577466470331e-06
1016,6802,172-40-4-2-1,3.10920523739404e-06_3.10920523739404e-06_3.10920523739404e-06_3.10920523739404e-06_3.10920523739404e-06
1016,6803,89-13-6-2-1,0.00012001532216341_0.00012001532216341_0.00012001532216341_0.00012001532216341_0.00012001532216341
1016,6804,223-40-4-2-1,3.73104628487285e-05_3.73104628487285e-05_3.73104628487285e-05_3.73104628487285e-05_3.73104628487285e-05
1016,6805,88-35-4-2-1,1.67897082819278e-05_1.67897082819278e-05_1.67897082819278e-05_1.67897082819278e-05_1.67897082819278e-05
1016,6806,216-19-9-2-1,3.73104628487285e-05_3.73104628487285e-05_3.73104628487285e-05_3.73104628487285e-05_3.73104628487285e-05
1016,6807,216-19-9-2-1,5.22346479882198e-05_5.22346479882198e-05_5.22346479882198e-05_5.22346479882198e-05_5.22346479882198e-05
1016,6809,35-20-9-2-1,4.97472837983046e-06_4.97472837983046e-06_4.97472837983046e-06_4.97472837983046e-06_4.97472837983046e-06
1016,6810,118-36-10-1-1,6.84025152226688e-06_6.84025152226688e-06_6.84025152226688e-06_6.84025152226688e-06_6.84025152226688e-06
1016,6811,160-30-1-1-1,5.59656942730927e-06_5.59656942730927e-06_5.59656942730927e-06_5.59656942730927e-06_5.59656942730927e-06
1016,6812,150-30-1-1-1,2.61173239941099e-05_2.61173239941099e-05_2.61173239941099e-05_2.61173239941099e-05_2.61173239941099e-05
1016,6813,29-17-10-1-1,1.67897082819278e-05_1.67897082819278e-05_1.67897082819278e-05_1.67897082819278e-05_1.67897082819278e-05
1016,6814,140-42-12-1-1,7.46209256974569e-06_7.46209256974569e-06_7.46209256974569e-06_7.46209256974569e-06_7.46209256974569e-06
1016,6815,185-41-9-2-1,3.10920523739404e-06_3.10920523739404e-06_3.10920523739404e-06_3.10920523739404e-06_3.10920523739404e-06
1016,6817,213-15-9-2-1,3.10920523739404e-06_3.10920523739404e-06_3.10920523739404e-06_3.10920523739404e-06_3.10920523739404e-06
1016,6818,186-15-9-2-1,2.11425956142795e-05_2.11425956142795e-05_2.11425956142795e-05_2.11425956142795e-05_2.11425956142795e-05
1016,6819,227-41-9-2-1,1.18149799020973e-05_1.18149799020973e-05_1.18149799020973e-05_1.18149799020973e-05_1.18149799020973e-05
1016,6820,193-40-4-2-1,3.10920523739404e-06_3.10920523739404e-06_3.10920523739404e-06_3.10920523739404e-06_3.10920523739404e-06
1016,6821,45-5-5-1-1,2.05207545668007e-05_2.05207545668007e-05_2.05207545668007e-05_2.05207545668007e-05_2.05207545668007e-05
1016,6822,172-40-4-2-1,3.73104628487285e-06_3.73104628487285e-06_3.73104628487285e-06_3.73104628487285e-06_3.73104628487285e-06
1016,6823,76-4-4-2-1,0.000143023440920126_0.000143023440920126_0.000143023440920126_0.000143023440920126_0.000143023440920126
1016,6824,57-7-4-2-1,4.97472837983046e-06_4.97472837983046e-06_4.97472837983046e-06_4.97472837983046e-06_4.97472837983046e-06
1016,6825,180-40-4-2-1,5.59656942730927e-06_5.59656942730927e-06_5.59656942730927e-06_5.59656942730927e-06_5.59656942730927e-06
1016,6826,185-41-9-2-1,3.73104628487285e-06_3.73104628487285e-06_3.73104628487285e-06_3.73104628487285e-06_3.73104628487285e-06
1016,6828,8-7-4-2-1,3.73104628487285e-06_3.73104628487285e-06_3.73104628487285e-06_3.73104628487285e-06_3.73104628487285e-06
1016,6829,166-18-4-2-1,2.11425956142795e-05_2.11425956142795e-05_2.11425956142795e-05_2.11425956142795e-05_2.11425956142795e-05
1016,6830,166-18-4-2-1,0.000110687706451228_0.000110687706451228_0.000110687706451228_0.000110687706451228_0.000110687706451228
1016,6831,166-18-4-2-1,4.35288733235165e-06_4.35288733235165e-06_4.35288733235165e-06_4.35288733235165e-06_4.35288733235165e-06
1016,6832,166-18-4-2-1,3.48230986588132e-05_3.48230986588132e-05_3.48230986588132e-05_3.48230986588132e-05_3.48230986588132e-05
1016,6833,47-22-8-1-1,8.0839336172245e-06_8.0839336172245e-06_8.0839336172245e-06_8.0839336172245e-06_8.0839336172245e-06
1016,6834,47-22-8-1-1,7.46209256974569e-06_7.46209256974569e-06_7.46209256974569e-06_7.46209256974569e-06_7.46209256974569e-06
1016,6835,166-18-4-2-1,2.79828471365463e-05_2.79828471365463e-05_2.79828471365463e-05_2.79828471365463e-05_2.79828471365463e-05
1016,6836,66-29-2-2-1,1.6167867234449e-05_1.6167867234449e-05_1.6167867234449e-05_1.6167867234449e-05_1.6167867234449e-05
1016,6837,185-41-9-2-1,5.59656942730927e-06_5.59656942730927e-06_5.59656942730927e-06_5.59656942730927e-06_5.59656942730927e-06
1016,6838,190-20-9-2-1,0.000136183189397859_0.000136183189397859_0.000136183189397859_0.000136183189397859_0.000136183189397859
1016,6839,49-22-8-1-1,5.84530584630079e-05_5.84530584630079e-05_5.84530584630079e-05_5.84530584630079e-05_5.84530584630079e-05
1016,6840,189-12-8-1-1,3.10920523739404e-05_3.10920523739404e-05_3.10920523739404e-05_3.10920523739404e-05_3.10920523739404e-05
1016,6841,49-22-8-1-1,7.46209256974569e-06_7.46209256974569e-06_7.46209256974569e-06_7.46209256974569e-06_7.46209256974569e-06
1016,6842,189-12-8-1-1,0.000162300513391969_0.000162300513391969_0.000162300513391969_0.000162300513391969_0.000162300513391969
1016,6843,172-40-4-2-1,4.35288733235165e-06_4.35288733235165e-06_4.35288733235165e-06_4.35288733235165e-06_4.35288733235165e-06
1016,6844,185-41-9-2-1,4.35288733235165e-06_4.35288733235165e-06_4.35288733235165e-06_4.35288733235165e-06_4.35288733235165e-06
1016,6845,152-32-10-1-1,6.03185816054443e-05_6.03185816054443e-05_6.03185816054443e-05_6.03185816054443e-05_6.03185816054443e-05
1016,6846,118-36-10-1-1,3.10920523739404e-06_3.10920523739404e-06_3.10920523739404e-06_3.10920523739404e-06_3.10920523739404e-06
1016,6847,98-27-8-1-1,3.42012576113344e-05_3.42012576113344e-05_3.42012576113344e-05_3.42012576113344e-05_3.42012576113344e-05
1016,6848,49-22-8-1-1,6.21841047478808e-06_6.21841047478808e-06_6.21841047478808e-06_6.21841047478808e-06_6.21841047478808e-06
1016,6849,185-41-9-2-1,3.10920523739404e-06_3.10920523739404e-06_3.10920523739404e-06_3.10920523739404e-06_3.10920523739404e-06
1016,6850,32-18-4-2-1,1.98989135193218e-05_1.98989135193218e-05_1.98989135193218e-05_1.98989135193218e-05_1.98989135193218e-05
1016,6851,172-40-4-2-1,3.73104628487285e-06_3.73104628487285e-06_3.73104628487285e-06_3.73104628487285e-06_3.73104628487285e-06
1016,6852,160-30-1-1-1,1.49241851394914e-05_1.49241851394914e-05_1.49241851394914e-05_1.49241851394914e-05_1.49241851394914e-05
1016,6853,126-29-2-2-1,2.61173239941099e-05_2.61173239941099e-05_2.61173239941099e-05_2.61173239941099e-05_2.61173239941099e-05
1016,6854,134-29-2-2-1,3.73104628487285e-06_3.73104628487285e-06_3.73104628487285e-06_3.73104628487285e-06_3.73104628487285e-06
1016,6855,203-11-4-2-1,8.0839336172245e-06_8.0839336172245e-06_8.0839336172245e-06_8.0839336172245e-06_8.0839336172245e-06
1016,6856,140-42-12-1-1,8.0839336172245e-06_8.0839336172245e-06_8.0839336172245e-06_8.0839336172245e-06_8.0839336172245e-06
1016,6857,45-5-5-1-1,1.24368209495762e-05_1.24368209495762e-05_1.24368209495762e-05_1.24368209495762e-05_1.24368209495762e-05
1016,6858,7-4-4-2-1,8.70577466470331e-06_8.70577466470331e-06_8.70577466470331e-06_8.70577466470331e-06_8.70577466470331e-06
1016,6859,34-19-9-2-1,1.55460261869702e-05_1.55460261869702e-05_1.55460261869702e-05_1.55460261869702e-05_1.55460261869702e-05
1016,6860,214-26-4-2-1,1.11931388546185e-05_1.11931388546185e-05_1.11931388546185e-05_1.11931388546185e-05_1.11931388546185e-05
1016,6861,214-26-4-2-1,0.000111309547498707_0.000111309547498707_0.000111309547498707_0.000111309547498707_0.000111309547498707
1016,6862,4-4-4-2-1,6.21841047478808e-06_6.21841047478808e-06_6.21841047478808e-06_6.21841047478808e-06_6.21841047478808e-06
1016,6863,18-12-8-1-1,4.35288733235165e-06_4.35288733235165e-06_4.35288733235165e-06_4.35288733235165e-06_4.35288733235165e-06
1016,6864,134-29-2-2-1,1.18149799020973e-05_1.18149799020973e-05_1.18149799020973e-05_1.18149799020973e-05_1.18149799020973e-05
1016,6865,57-7-4-2-1,1.18149799020973e-05_1.18149799020973e-05_1.18149799020973e-05_1.18149799020973e-05_1.18149799020973e-05
1016,6866,51-22-8-1-1,6.84025152226688e-06_6.84025152226688e-06_6.84025152226688e-06_6.84025152226688e-06_6.84025152226688e-06
1016,6868,93-16-2-2-1,7.15117204600629e-05_7.15117204600629e-05_7.15117204600629e-05_7.15117204600629e-05_7.15117204600629e-05
1016,6869,172-40-4-2-1,3.10920523739404e-06_3.10920523739404e-06_3.10920523739404e-06_3.10920523739404e-06_3.10920523739404e-06
1016,6870,26-15-9-2-1,3.10920523739404e-06_3.10920523739404e-06_3.10920523739404e-06_3.10920523739404e-06_3.10920523739404e-06
1016,6871,139-43-4-2-1,3.85541449436861e-05_3.85541449436861e-05_3.85541449436861e-05_3.85541449436861e-05_3.85541449436861e-05
1016,6872,185-41-9-2-1,4.35288733235165e-06_4.35288733235165e-06_4.35288733235165e-06_4.35288733235165e-06_4.35288733235165e-06
1016,6873,68-30-1-1-1,1.67897082819278e-05_1.67897082819278e-05_1.67897082819278e-05_1.67897082819278e-05_1.67897082819278e-05
1016,6875,122-16-2-2-1,1.43023440920126e-05_1.43023440920126e-05_1.43023440920126e-05_1.43023440920126e-05_1.43023440920126e-05
1016,6876,118-36-10-1-1,4.97472837983046e-06_4.97472837983046e-06_4.97472837983046e-06_4.97472837983046e-06_4.97472837983046e-06
1016,6877,40-23-8-1-1,5.59656942730927e-06_5.59656942730927e-06_5.59656942730927e-06_5.59656942730927e-06_5.59656942730927e-06
1016,6878,63-27-8-1-1,3.04702113264616e-05_3.04702113264616e-05_3.04702113264616e-05_3.04702113264616e-05_3.04702113264616e-05
1016,6879,206-30-1-1-1,0.000612513431766626_0.000612513431766626_0.000612513431766626_0.000612513431766626_0.000612513431766626
1016,6880,83-33-5-1-1,7.39990846499781e-05_7.39990846499781e-05_7.39990846499781e-05_7.39990846499781e-05_7.39990846499781e-05
1016,6881,83-33-5-1-1,1.86552314243642e-05_1.86552314243642e-05_1.86552314243642e-05_1.86552314243642e-05_1.86552314243642e-05
1016,6882,83-33-5-1-1,9.51416802642576e-05_9.51416802642576e-05_9.51416802642576e-05_9.51416802642576e-05_9.51416802642576e-05
1016,6883,122-16-2-2-1,5.59656942730927e-06_5.59656942730927e-06_5.59656942730927e-06_5.59656942730927e-06_5.59656942730927e-06
1016,6884,199-19-9-2-1,3.10920523739404e-06_3.10920523739404e-06_3.10920523739404e-06_3.10920523739404e-06_3.10920523739404e-06
1016,6885,79-32-10-1-1,6.21841047478808e-06_6.21841047478808e-06_6.21841047478808e-06_6.21841047478808e-06_6.21841047478808e-06
1016,6886,172-40-4-2-1,4.35288733235165e-06_4.35288733235165e-06_4.35288733235165e-06_4.35288733235165e-06_4.35288733235165e-06
1016,6887,102-13-6-2-1,2.48736418991523e-05_2.48736418991523e-05_2.48736418991523e-05_2.48736418991523e-05_2.48736418991523e-05
1016,6888,137-26-4-2-1,2.17644366617583e-05_2.17644366617583e-05_2.17644366617583e-05_2.17644366617583e-05_2.17644366617583e-05
1016,6889,167-18-4-2-1,8.0839336172245e-06_8.0839336172245e-06_8.0839336172245e-06_8.0839336172245e-06_8.0839336172245e-06
1016,6890,153-18-4-2-1,6.21841047478808e-06_6.21841047478808e-06_6.21841047478808e-06_6.21841047478808e-06_6.21841047478808e-06
1016,6891,153-18-4-2-1,2.36299598041947e-05_2.36299598041947e-05_2.36299598041947e-05_2.36299598041947e-05_2.36299598041947e-05
1016,6892,235-34-11-1-1,2.05207545668007e-05_2.05207545668007e-05_2.05207545668007e-05_2.05207545668007e-05_2.05207545668007e-05
1016,6893,189-12-8-1-1,1.86552314243642e-05_1.86552314243642e-05_1.86552314243642e-05_1.86552314243642e-05_1.86552314243642e-05
1016,6894,185-41-9-2-1,3.10920523739404e-06_3.10920523739404e-06_3.10920523739404e-06_3.10920523739404e-06_3.10920523739404e-06
1016,6895,227-41-9-2-1,1.11931388546185e-05_1.11931388546185e-05_1.11931388546185e-05_1.11931388546185e-05_1.11931388546185e-05
1016,6896,227-41-9-2-1,3.10920523739404e-06_3.10920523739404e-06_3.10920523739404e-06_3.10920523739404e-06_3.10920523739404e-06
1016,6897,185-41-9-2-1,2.48736418991523e-06_2.48736418991523e-06_2.48736418991523e-06_2.48736418991523e-06_2.48736418991523e-06
1016,6898,185-41-9-2-1,4.97472837983046e-06_4.97472837983046e-06_4.97472837983046e-06_4.97472837983046e-06_4.97472837983046e-06
1016,6899,212-41-9-2-1,5.59656942730927e-06_5.59656942730927e-06_5.59656942730927e-06_5.59656942730927e-06_5.59656942730927e-06
1016,6900,140-42-12-1-1,3.73104628487285e-06_3.73104628487285e-06_3.73104628487285e-06_3.73104628487285e-06_3.73104628487285e-06
1016,6901,235-34-11-1-1,6.09404226529231e-05_6.09404226529231e-05_6.09404226529231e-05_6.09404226529231e-05_6.09404226529231e-05
1016,6902,158-2-2-2-1,0.000268635332510845_0.000268635332510845_0.000268635332510845_0.000268635332510845_0.000268635332510845
1016,6903,175-20-9-2-1,7.46209256974569e-06_7.46209256974569e-06_7.46209256974569e-06_7.46209256974569e-06_7.46209256974569e-06
1016,6904,66-29-2-2-1,4.35288733235165e-06_4.35288733235165e-06_4.35288733235165e-06_4.35288733235165e-06_4.35288733235165e-06
1016,6905,75-1-1-1-1,1.18149799020973e-05_1.18149799020973e-05_1.18149799020973e-05_1.18149799020973e-05_1.18149799020973e-05
1016,6906,186-15-9-2-1,3.10920523739404e-06_3.10920523739404e-06_3.10920523739404e-06_3.10920523739404e-06_3.10920523739404e-06
1016,6908,95-37-4-2-1,9.94945675966092e-06_9.94945675966092e-06_9.94945675966092e-06_9.94945675966092e-06_9.94945675966092e-06
1016,6909,202-37-4-2-1,6.84025152226688e-06_6.84025152226688e-06_6.84025152226688e-06_6.84025152226688e-06_6.84025152226688e-06
1016,6910,98-27-8-1-1,2.17644366617583e-05_2.17644366617583e-05_2.17644366617583e-05_2.17644366617583e-05_2.17644366617583e-05
1016,6911,65-1-1-1-1,5.59656942730927e-06_5.59656942730927e-06_5.59656942730927e-06_5.59656942730927e-06_5.59656942730927e-06
1016,6913,152-32-10-1-1,4.35288733235165e-06_4.35288733235165e-06_4.35288733235165e-06_4.35288733235165e-06_4.35288733235165e-06
1016,6914,167-18-4-2-1,4.35288733235165e-06_4.35288733235165e-06_4.35288733235165e-06_4.35288733235165e-06_4.35288733235165e-06
1016,6915,59-5-5-1-1,3.97978270386437e-05_3.97978270386437e-05_3.97978270386437e-05_3.97978270386437e-05_3.97978270386437e-05
1016,6916,126-29-2-2-1,1.86552314243642e-05_1.86552314243642e-05_1.86552314243642e-05_1.86552314243642e-05_1.86552314243642e-05
1016,6917,44-13-6-2-1,2.30081187567159e-05_2.30081187567159e-05_2.30081187567159e-05_2.30081187567159e-05_2.30081187567159e-05
1016,6918,4-4-4-2-1,4.97472837983046e-06_4.97472837983046e-06_4.97472837983046e-06_4.97472837983046e-06_4.97472837983046e-06
1016,6919,228-17-10-1-1,3.10920523739404e-06_3.10920523739404e-06_3.10920523739404e-06_3.10920523739404e-06_3.10920523739404e-06
1016,6920,180-40-4-2-1,1.74115493294066e-05_1.74115493294066e-05_1.74115493294066e-05_1.74115493294066e-05_1.74115493294066e-05
1016,6921,57-7-4-2-1,1.43023440920126e-05_1.43023440920126e-05_1.43023440920126e-05_1.43023440920126e-05_1.43023440920126e-05
1016,6922,55-22-8-1-1,3.73104628487285e-06_3.73104628487285e-06_3.73104628487285e-06_3.73104628487285e-06_3.73104628487285e-06
1016,6923,8-7-4-2-1,1.9277072471843e-05_1.9277072471843e-05_1.9277072471843e-05_1.9277072471843e-05_1.9277072471843e-05
1016,6924,17-11-4-2-1,4.35288733235165e-06_4.35288733235165e-06_4.35288733235165e-06_4.35288733235165e-06_4.35288733235165e-06
1016,6925,179-26-4-2-1,1.3058661997055e-05_1.3058661997055e-05_1.3058661997055e-05_1.3058661997055e-05_1.3058661997055e-05
1016,6926,47-22-8-1-1,1.11931388546185e-05_1.11931388546185e-05_1.11931388546185e-05_1.11931388546185e-05_1.11931388546185e-05
1016,6927,47-22-8-1-1,6.21841047478808e-06_6.21841047478808e-06_6.21841047478808e-06_6.21841047478808e-06_6.21841047478808e-06
1016,6928,53-21-4-2-1,8.64359055995543e-05_8.64359055995543e-05_8.64359055995543e-05_8.64359055995543e-05_8.64359055995543e-05
1016,6929,137-26-4-2-1,9.38979981693e-05_9.38979981693e-05_9.38979981693e-05_9.38979981693e-05_9.38979981693e-05
1016,6930,137-26-4-2-1,5.59656942730927e-06_5.59656942730927e-06_5.59656942730927e-06_5.59656942730927e-06_5.59656942730927e-06
1016,6931,137-26-4-2-1,0.000128721096828113_0.000128721096828113_0.000128721096828113_0.000128721096828113_0.000128721096828113
1016,6932,53-21-4-2-1,0.000105712978071397_0.000105712978071397_0.000105712978071397_0.000105712978071397_0.000105712978071397
1016,6933,214-26-4-2-1,4.97472837983046e-06_4.97472837983046e-06_4.97472837983046e-06_4.97472837983046e-06_4.97472837983046e-06
1016,6934,53-21-4-2-1,7.7730130934851e-05_7.7730130934851e-05_7.7730130934851e-05_7.7730130934851e-05_7.7730130934851e-05
1016,6935,53-21-4-2-1,0.000163544195486926_0.000163544195486926_0.000163544195486926_0.000163544195486926_0.000163544195486926
1016,6936,227-41-9-2-1,4.35288733235165e-06_4.35288733235165e-06_4.35288733235165e-06_4.35288733235165e-06_4.35288733235165e-06
1016,6937,160-30-1-1-1,4.97472837983046e-06_4.97472837983046e-06_4.97472837983046e-06_4.97472837983046e-06_4.97472837983046e-06
1016,6938,167-18-4-2-1,4.35288733235165e-06_4.35288733235165e-06_4.35288733235165e-06_4.35288733235165e-06_4.35288733235165e-06
1016,6939,63-27-8-1-1,8.0839336172245e-06_8.0839336172245e-06_8.0839336172245e-06_8.0839336172245e-06_8.0839336172245e-06
1016,6940,45-5-5-1-1,6.21841047478808e-06_6.21841047478808e-06_6.21841047478808e-06_6.21841047478808e-06_6.21841047478808e-06
1016,6941,144-43-4-2-1,0.000208316750905401_0.000208316750905401_0.000208316750905401_0.000208316750905401_0.000208316750905401
1016,6942,63-27-8-1-1,3.73104628487285e-06_3.73104628487285e-06_3.73104628487285e-06_3.73104628487285e-06_3.73104628487285e-06
1016,6943,39-22-8-1-1,6.84025152226688e-06_6.84025152226688e-06_6.84025152226688e-06_6.84025152226688e-06_6.84025152226688e-06
1016,6944,87-34-11-1-1,0.00097007203406694_0.00097007203406694_0.00097007203406694_0.00097007203406694_0.00097007203406694
1016,6945,77-28-5-1-1,6.21841047478808e-06_6.21841047478808e-06_6.21841047478808e-06_6.21841047478808e-06_6.21841047478808e-06
1016,6946,213-15-9-2-1,6.84025152226688e-06_6.84025152226688e-06_6.84025152226688e-06_6.84025152226688e-06_6.84025152226688e-06
1016,6947,128-7-4-2-1,7.52427667449357e-05_7.52427667449357e-05_7.52427667449357e-05_7.52427667449357e-05_7.52427667449357e-05
1016,6948,35-20-9-2-1,3.10920523739404e-06_3.10920523739404e-06_3.10920523739404e-06_3.10920523739404e-06_3.10920523739404e-06
1016,6949,8-7-4-2-1,1.24368209495762e-06_1.24368209495762e-06_1.24368209495762e-06_1.24368209495762e-06_1.24368209495762e-06
1016,6950,209-35-4-2-1,2.61173239941099e-05_2.61173239941099e-05_2.61173239941099e-05_2.61173239941099e-05_2.61173239941099e-05
1016,6951,75-1-1-1-1,9.94945675966092e-06_9.94945675966092e-06_9.94945675966092e-06_9.94945675966092e-06_9.94945675966092e-06
1016,6952,32-18-4-2-1,5.59656942730927e-06_5.59656942730927e-06_5.59656942730927e-06_5.59656942730927e-06_5.59656942730927e-06
1016,6953,32-18-4-2-1,4.97472837983046e-06_4.97472837983046e-06_4.97472837983046e-06_4.97472837983046e-06_4.97472837983046e-06
1016,6954,1-1-1-1-1,5.59656942730927e-06_5.59656942730927e-06_5.59656942730927e-06_5.59656942730927e-06_5.59656942730927e-06
1016,6955,45-5-5-1-1,3.10920523739404e-06_3.10920523739404e-06_3.10920523739404e-06_3.10920523739404e-06_3.10920523739404e-06
1016,6956,216-19-9-2-1,3.73104628487285e-06_3.73104628487285e-06_3.73104628487285e-06_3.73104628487285e-06_3.73104628487285e-06
1016,6957,71-29-2-2-1,4.35288733235165e-06_4.35288733235165e-06_4.35288733235165e-06_4.35288733235165e-06_4.35288733235165e-06
1016,6958,40-23-8-1-1,1.36805030445338e-05_1.36805030445338e-05_1.36805030445338e-05_1.36805030445338e-05_1.36805030445338e-05
1016,6959,40-23-8-1-1,4.97472837983046e-06_4.97472837983046e-06_4.97472837983046e-06_4.97472837983046e-06_4.97472837983046e-06
1016,6960,78-3-3-1-1,3.79323038962073e-05_3.79323038962073e-05_3.79323038962073e-05_3.79323038962073e-05_3.79323038962073e-05
1016,6961,44-13-6-2-1,4.22851912285589e-05_4.22851912285589e-05_4.22851912285589e-05_4.22851912285589e-05_4.22851912285589e-05
1016,6962,180-40-4-2-1,3.10920523739404e-06_3.10920523739404e-06_3.10920523739404e-06_3.10920523739404e-06_3.10920523739404e-06
1016,6963,144-43-4-2-1,1.3058661997055e-05_1.3058661997055e-05_1.3058661997055e-05_1.3058661997055e-05_1.3058661997055e-05
1016,6964,158-2-2-2-1,6.90243562701477e-05_6.90243562701477e-05_6.90243562701477e-05_6.90243562701477e-05_6.90243562701477e-05
1016,6965,229-5-5-1-1,8.45703824571178e-05_8.45703824571178e-05_8.45703824571178e-05_8.45703824571178e-05_8.45703824571178e-05
1016,6966,45-5-5-1-1,1.05712978071397e-05_1.05712978071397e-05_1.05712978071397e-05_1.05712978071397e-05_1.05712978071397e-05
1016,6967,63-27-8-1-1,6.84025152226688e-06_6.84025152226688e-06_6.84025152226688e-06_6.84025152226688e-06_6.84025152226688e-06
1016,6968,114-40-4-2-1,2.73610060890675e-05_2.73610060890675e-05_2.73610060890675e-05_2.73610060890675e-05_2.73610060890675e-05
1016,6969,225-31-9-2-1,1.11931388546185e-05_1.11931388546185e-05_1.11931388546185e-05_1.11931388546185e-05_1.11931388546185e-05
1016,6970,175-20-9-2-1,4.97472837983046e-06_4.97472837983046e-06_4.97472837983046e-06_4.97472837983046e-06_4.97472837983046e-06
1016,6971,142-42-12-1-1,6.21841047478808e-06_6.21841047478808e-06_6.21841047478808e-06_6.21841047478808e-06_6.21841047478808e-06
1016,6972,161-36-10-1-1,3.10920523739404e-06_3.10920523739404e-06_3.10920523739404e-06_3.10920523739404e-06_3.10920523739404e-06
1016,6973,185-41-9-2-1,1.55460261869702e-05_1.55460261869702e-05_1.55460261869702e-05_1.55460261869702e-05_1.55460261869702e-05
1016,6974,29-17-10-1-1,6.21841047478808e-06_6.21841047478808e-06_6.21841047478808e-06_6.21841047478808e-06_6.21841047478808e-06
1016,6975,179-26-4-2-1,3.42012576113344e-05_3.42012576113344e-05_3.42012576113344e-05_3.42012576113344e-05_3.42012576113344e-05
1016,6976,114-40-4-2-1,6.21841047478808e-06_6.21841047478808e-06_6.21841047478808e-06_6.21841047478808e-06_6.21841047478808e-06
1016,6977,4-4-4-2-1,4.97472837983046e-06_4.97472837983046e-06_4.97472837983046e-06_4.97472837983046e-06_4.97472837983046e-06
1016,6978,172-40-4-2-1,3.73104628487285e-06_3.73104628487285e-06_3.73104628487285e-06_3.73104628487285e-06_3.73104628487285e-06
1016,6979,178-44-12-1-1,6.21841047478808e-06_6.21841047478808e-06_6.21841047478808e-06_6.21841047478808e-06_6.21841047478808e-06
1016,6980,185-41-9-2-1,3.10920523739404e-06_3.10920523739404e-06_3.10920523739404e-06_3.10920523739404e-06_3.10920523739404e-06
1016,6981,8-7-4-2-1,6.21841047478808e-06_6.21841047478808e-06_6.21841047478808e-06_6.21841047478808e-06_6.21841047478808e-06
1016,6982,4-4-4-2-1,4.35288733235165e-06_4.35288733235165e-06_4.35288733235165e-06_4.35288733235165e-06_4.35288733235165e-06
1016,6984,213-15-9-2-1,9.94945675966092e-06_9.94945675966092e-06_9.94945675966092e-06_9.94945675966092e-06_9.94945675966092e-06
1016,6985,44-13-6-2-1,1.43023440920126e-05_1.43023440920126e-05_1.43023440920126e-05_1.43023440920126e-05_1.43023440920126e-05
1016,6986,40-23-8-1-1,8.0839336172245e-06_8.0839336172245e-06_8.0839336172245e-06_8.0839336172245e-06_8.0839336172245e-06
1016,6987,189-12-8-1-1,0.000150485533489871_0.000150485533489871_0.000150485533489871_0.000150485533489871_0.000150485533489871
1016,6988,188-14-4-2-1,2.79828471365463e-05_2.79828471365463e-05_2.79828471365463e-05_2.79828471365463e-05_2.79828471365463e-05
1016,6989,168-2-2-2-1,2.61173239941099e-05_2.61173239941099e-05_2.61173239941099e-05_2.61173239941099e-05_2.61173239941099e-05
1016,6990,168-2-2-2-1,2.11425956142795e-05_2.11425956142795e-05_2.11425956142795e-05_2.11425956142795e-05_2.11425956142795e-05
1016,6991,222-35-4-2-1,2.98483702789828e-05_2.98483702789828e-05_2.98483702789828e-05_2.98483702789828e-05_2.98483702789828e-05
1016,6992,193-40-4-2-1,1.6167867234449e-05_1.6167867234449e-05_1.6167867234449e-05_1.6167867234449e-05_1.6167867234449e-05
1016,6994,141-42-12-1-1,3.10920523739404e-06_3.10920523739404e-06_3.10920523739404e-06_3.10920523739404e-06_3.10920523739404e-06
1016,6995,159-4-4-2-1,2.67391650415887e-05_2.67391650415887e-05_2.67391650415887e-05_2.67391650415887e-05_2.67391650415887e-05
1016,6996,209-35-4-2-1,2.17644366617583e-05_2.17644366617583e-05_2.17644366617583e-05_2.17644366617583e-05_2.17644366617583e-05
1016,6997,160-30-1-1-1,3.2335734468898e-05_3.2335734468898e-05_3.2335734468898e-05_3.2335734468898e-05_3.2335734468898e-05
1016,6998,194-31-9-2-1,2.9226529231504e-05_2.9226529231504e-05_2.9226529231504e-05_2.9226529231504e-05_2.9226529231504e-05
1016,6999,24-14-4-2-1,5.90748995104867e-05_5.90748995104867e-05_5.90748995104867e-05_5.90748995104867e-05_5.90748995104867e-05
1016,7000,49-22-8-1-1,6.1562263700402e-05_6.1562263700402e-05_6.1562263700402e-05_6.1562263700402e-05_6.1562263700402e-05
1016,7001,122-16-2-2-1,6.84025152226688e-06_6.84025152226688e-06_6.84025152226688e-06_6.84025152226688e-06_6.84025152226688e-06
1016,7002,49-22-8-1-1,0.000137426871492816_0.000137426871492816_0.000137426871492816_0.000137426871492816_0.000137426871492816
1016,7003,54-26-4-2-1,3.04702113264616e-05_3.04702113264616e-05_3.04702113264616e-05_3.04702113264616e-05_3.04702113264616e-05
1016,7004,213-15-9-2-1,1.55460261869702e-05_1.55460261869702e-05_1.55460261869702e-05_1.55460261869702e-05_1.55460261869702e-05
1016,7005,184-31-9-2-1,0.000179090221673897_0.000179090221673897_0.000179090221673897_0.000179090221673897_0.000179090221673897
1016,7006,212-41-9-2-1,4.97472837983046e-06_4.97472837983046e-06_4.97472837983046e-06_4.97472837983046e-06_4.97472837983046e-06
1016,7007,80-11-4-2-1,0.000378079356867115_0.000378079356867115_0.000378079356867115_0.000378079356867115_0.000378079356867115
1016,7008,18-12-8-1-1,5.59656942730927e-06_5.59656942730927e-06_5.59656942730927e-06_5.59656942730927e-06_5.59656942730927e-06
1016,7009,196-14-4-2-1,4.35288733235165e-06_4.35288733235165e-06_4.35288733235165e-06_4.35288733235165e-06_4.35288733235165e-06
1016,7010,75-1-1-1-1,8.0839336172245e-06_8.0839336172245e-06_8.0839336172245e-06_8.0839336172245e-06_8.0839336172245e-06
1016,7011,214-26-4-2-1,8.0839336172245e-06_8.0839336172245e-06_8.0839336172245e-06_8.0839336172245e-06_8.0839336172245e-06
1016,7012,75-1-1-1-1,6.21841047478808e-06_6.21841047478808e-06_6.21841047478808e-06_6.21841047478808e-06_6.21841047478808e-06
1016,7013,160-30-1-1-1,3.10920523739404e-06_3.10920523739404e-06_3.10920523739404e-06_3.10920523739404e-06_3.10920523739404e-06
1016,7014,21-8-3-1-1,0.000504313089505313_0.000504313089505313_0.000504313089505313_0.000504313089505313_0.000504313089505313
1016,7015,10-3-3-1-1,2.67391650415887e-05_2.67391650415887e-05_2.67391650415887e-05_2.67391650415887e-05_2.67391650415887e-05
1016,7016,61-13-6-2-1,7.7730130934851e-05_7.7730130934851e-05_7.7730130934851e-05_7.7730130934851e-05_7.7730130934851e-05
1016,7017,110-3-3-1-1,7.95956540772874e-05_7.95956540772874e-05_7.95956540772874e-05_7.95956540772874e-05_7.95956540772874e-05
1016,7018,153-18-4-2-1,1.80333903768854e-05_1.80333903768854e-05_1.80333903768854e-05_1.80333903768854e-05_1.80333903768854e-05
1016,7019,25-10-2-2-1,1.86552314243642e-05_1.86552314243642e-05_1.86552314243642e-05_1.86552314243642e-05_1.86552314243642e-05
1016,7020,36-6-6-2-1,1.74115493294066e-05_1.74115493294066e-05_1.74115493294066e-05_1.74115493294066e-05_1.74115493294066e-05
1016,7021,227-41-9-2-1,3.10920523739404e-06_3.10920523739404e-06_3.10920523739404e-06_3.10920523739404e-06_3.10920523739404e-06
1016,7022,186-15-9-2-1,3.17138934214192e-05_3.17138934214192e-05_3.17138934214192e-05_3.17138934214192e-05_3.17138934214192e-05
1016,7023,57-7-4-2-1,1.55460261869702e-05_1.55460261869702e-05_1.55460261869702e-05_1.55460261869702e-05_1.55460261869702e-05
1016,7024,57-7-4-2-1,4.35288733235165e-06_4.35288733235165e-06_4.35288733235165e-06_4.35288733235165e-06_4.35288733235165e-06
1016,7025,44-13-6-2-1,9.32761571218212e-06_9.32761571218212e-06_9.32761571218212e-06_9.32761571218212e-06_9.32761571218212e-06
1016,7026,152-32-10-1-1,4.97472837983046e-06_4.97472837983046e-06_4.97472837983046e-06_4.97472837983046e-06_4.97472837983046e-06
1016,7027,196-14-4-2-1,1.18149799020973e-05_1.18149799020973e-05_1.18149799020973e-05_1.18149799020973e-05_1.18149799020973e-05
1016,7028,75-1-1-1-1,6.21841047478808e-06_6.21841047478808e-06_6.21841047478808e-06_6.21841047478808e-06_6.21841047478808e-06
1016,7029,83-33-5-1-1,1.05712978071397e-05_1.05712978071397e-05_1.05712978071397e-05_1.05712978071397e-05_1.05712978071397e-05
1016,7030,220-22-8-1-1,9.94945675966092e-06_9.94945675966092e-06_9.94945675966092e-06_9.94945675966092e-06_9.94945675966092e-06
1016,7031,51-22-8-1-1,1.3058661997055e-05_1.3058661997055e-05_1.3058661997055e-05_1.3058661997055e-05_1.3058661997055e-05
1016,7032,51-22-8-1-1,3.10920523739404e-05_3.10920523739404e-05_3.10920523739404e-05_3.10920523739404e-05_3.10920523739404e-05
1016,7033,49-22-8-1-1,1.05712978071397e-05_1.05712978071397e-05_1.05712978071397e-05_1.05712978071397e-05_1.05712978071397e-05
1016,7034,49-22-8-1-1,4.97472837983046e-06_4.97472837983046e-06_4.97472837983046e-06_4.97472837983046e-06_4.97472837983046e-06
1016,7035,220-22-8-1-1,6.21841047478808e-06_6.21841047478808e-06_6.21841047478808e-06_6.21841047478808e-06_6.21841047478808e-06
1016,7036,140-42-12-1-1,4.35288733235165e-06_4.35288733235165e-06_4.35288733235165e-06_4.35288733235165e-06_4.35288733235165e-06
1016,7037,185-41-9-2-1,4.97472837983046e-06_4.97472837983046e-06_4.97472837983046e-06_4.97472837983046e-06_4.97472837983046e-06
1016,7038,154-25-8-1-1,1.43023440920126e-05_1.43023440920126e-05_1.43023440920126e-05_1.43023440920126e-05_1.43023440920126e-05
1016,7039,158-2-2-2-1,0.000126855573685677_0.000126855573685677_0.000126855573685677_0.000126855573685677_0.000126855573685677
1016,7040,203-11-4-2-1,3.10920523739404e-06_3.10920523739404e-06_3.10920523739404e-06_3.10920523739404e-06_3.10920523739404e-06
1016,7041,148-29-2-2-1,1.80333903768854e-05_1.80333903768854e-05_1.80333903768854e-05_1.80333903768854e-05_1.80333903768854e-05
1016,7042,4-4-4-2-1,1.11931388546185e-05_1.11931388546185e-05_1.11931388546185e-05_1.11931388546185e-05_1.11931388546185e-05
1016,7043,51-22-8-1-1,5.59656942730927e-06_5.59656942730927e-06_5.59656942730927e-06_5.59656942730927e-06_5.59656942730927e-06
1016,7044,18-12-8-1-1,4.35288733235165e-06_4.35288733235165e-06_4.35288733235165e-06_4.35288733235165e-06_4.35288733235165e-06
1016,7045,140-42-12-1-1,3.73104628487285e-06_3.73104628487285e-06_3.73104628487285e-06_3.73104628487285e-06_3.73104628487285e-06
1016,7046,158-2-2-2-1,0.000159813149202054_0.000159813149202054_0.000159813149202054_0.000159813149202054_0.000159813149202054
1016,7047,126-29-2-2-1,5.53438532256139e-05_5.53438532256139e-05_5.53438532256139e-05_5.53438532256139e-05_5.53438532256139e-05
1016,7048,158-2-2-2-1,5.96967405579655e-05_5.96967405579655e-05_5.96967405579655e-05_5.96967405579655e-05_5.96967405579655e-05
1016,7049,237-44-12-1-1,1.3058661997055e-05_1.3058661997055e-05_1.3058661997055e-05_1.3058661997055e-05_1.3058661997055e-05
1016,7050,44-13-6-2-1,8.0839336172245e-06_8.0839336172245e-06_8.0839336172245e-06_8.0839336172245e-06_8.0839336172245e-06
1016,7051,25-10-2-2-1,8.0839336172245e-06_8.0839336172245e-06_8.0839336172245e-06_8.0839336172245e-06_8.0839336172245e-06
1016,7052,84-2-2-2-1,8.70577466470331e-06_8.70577466470331e-06_8.70577466470331e-06_8.70577466470331e-06_8.70577466470331e-06
1016,7053,114-40-4-2-1,1.55460261869702e-05_1.55460261869702e-05_1.55460261869702e-05_1.55460261869702e-05_1.55460261869702e-05
1016,7054,201-17-10-1-1,9.26543160743423e-05_9.26543160743423e-05_9.26543160743423e-05_9.26543160743423e-05_9.26543160743423e-05
1016,7055,161-36-10-1-1,3.73104628487285e-06_3.73104628487285e-06_3.73104628487285e-06_3.73104628487285e-06_3.73104628487285e-06
1016,7056,114-40-4-2-1,1.36805030445338e-05_1.36805030445338e-05_1.36805030445338e-05_1.36805030445338e-05_1.36805030445338e-05
1016,7057,98-27-8-1-1,1.24368209495762e-05_1.24368209495762e-05_1.24368209495762e-05_1.24368209495762e-05_1.24368209495762e-05
1016,7058,98-27-8-1-1,1.98989135193218e-05_1.98989135193218e-05_1.98989135193218e-05_1.98989135193218e-05_1.98989135193218e-05
1016,7059,13-6-6-2-1,0.000261795080988578_0.000261795080988578_0.000261795080988578_0.000261795080988578_0.000261795080988578
1016,7060,83-33-5-1-1,9.32761571218212e-06_9.32761571218212e-06_9.32761571218212e-06_9.32761571218212e-06_9.32761571218212e-06
1016,7061,32-18-4-2-1,6.21841047478808e-06_6.21841047478808e-06_6.21841047478808e-06_6.21841047478808e-06_6.21841047478808e-06
1016,7062,83-33-5-1-1,6.778067417519e-05_6.778067417519e-05_6.778067417519e-05_6.778067417519e-05_6.778067417519e-05
1016,7063,88-35-4-2-1,7.46209256974569e-06_7.46209256974569e-06_7.46209256974569e-06_7.46209256974569e-06_7.46209256974569e-06
1016,7064,214-26-4-2-1,8.70577466470331e-06_8.70577466470331e-06_8.70577466470331e-06_8.70577466470331e-06_8.70577466470331e-06
1016,7065,209-35-4-2-1,1.11931388546185e-05_1.11931388546185e-05_1.11931388546185e-05_1.11931388546185e-05_1.11931388546185e-05
1016,7066,31-6-6-2-1,0.000100738249691567_0.000100738249691567_0.000100738249691567_0.000100738249691567_0.000100738249691567
1016,7067,112-14-4-2-1,8.70577466470331e-06_8.70577466470331e-06_8.70577466470331e-06_8.70577466470331e-06_8.70577466470331e-06
1016,7068,114-40-4-2-1,7.46209256974569e-06_7.46209256974569e-06_7.46209256974569e-06_7.46209256974569e-06_7.46209256974569e-06
1016,7069,185-41-9-2-1,3.10920523739404e-06_3.10920523739404e-06_3.10920523739404e-06_3.10920523739404e-06_3.10920523739404e-06
1016,7070,114-40-4-2-1,1.18149799020973e-05_1.18149799020973e-05_1.18149799020973e-05_1.18149799020973e-05_1.18149799020973e-05
1016,7071,49-22-8-1-1,3.10920523739404e-06_3.10920523739404e-06_3.10920523739404e-06_3.10920523739404e-06_3.10920523739404e-06
1016,7072,65-1-1-1-1,1.18149799020973e-05_1.18149799020973e-05_1.18149799020973e-05_1.18149799020973e-05_1.18149799020973e-05
1016,7073,135-41-9-2-1,0.000203963863573049_0.000203963863573049_0.000203963863573049_0.000203963863573049_0.000203963863573049
1016,7074,213-15-9-2-1,1.80333903768854e-05_1.80333903768854e-05_1.80333903768854e-05_1.80333903768854e-05_1.80333903768854e-05
1016,7075,185-41-9-2-1,2.48736418991523e-06_2.48736418991523e-06_2.48736418991523e-06_2.48736418991523e-06_2.48736418991523e-06
1016,7076,178-44-12-1-1,0.000195258088908346_0.000195258088908346_0.000195258088908346_0.000195258088908346_0.000195258088908346
1016,7077,210-29-2-2-1,4.78817606558682e-05_4.78817606558682e-05_4.78817606558682e-05_4.78817606558682e-05_4.78817606558682e-05
1016,7078,63-27-8-1-1,9.94945675966092e-06_9.94945675966092e-06_9.94945675966092e-06_9.94945675966092e-06_9.94945675966092e-06
1016,7079,75-1-1-1-1,2.17644366617583e-05_2.17644366617583e-05_2.17644366617583e-05_2.17644366617583e-05_2.17644366617583e-05
1016,7080,138-23-8-1-1,4.97472837983046e-06_4.97472837983046e-06_4.97472837983046e-06_4.97472837983046e-06_4.97472837983046e-06
1016,7081,227-41-9-2-1,7.46209256974569e-06_7.46209256974569e-06_7.46209256974569e-06_7.46209256974569e-06_7.46209256974569e-06
1016,7082,26-15-9-2-1,7.46209256974569e-06_7.46209256974569e-06_7.46209256974569e-06_7.46209256974569e-06_7.46209256974569e-06
1016,7083,66-29-2-2-1,9.94945675966092e-06_9.94945675966092e-06_9.94945675966092e-06_9.94945675966092e-06_9.94945675966092e-06
1016,7084,218-7-4-2-1,1.6167867234449e-05_1.6167867234449e-05_1.6167867234449e-05_1.6167867234449e-05_1.6167867234449e-05
1016,7085,66-29-2-2-1,4.35288733235165e-06_4.35288733235165e-06_4.35288733235165e-06_4.35288733235165e-06_4.35288733235165e-06
1016,7086,45-5-5-1-1,5.59656942730927e-06_5.59656942730927e-06_5.59656942730927e-06_5.59656942730927e-06_5.59656942730927e-06
1016,7087,45-5-5-1-1,3.04702113264616e-05_3.04702113264616e-05_3.04702113264616e-05_3.04702113264616e-05_3.04702113264616e-05
1016,7088,45-5-5-1-1,4.35288733235165e-06_4.35288733235165e-06_4.35288733235165e-06_4.35288733235165e-06_4.35288733235165e-06
1016,7089,177-7-4-2-1,4.35288733235165e-06_4.35288733235165e-06_4.35288733235165e-06_4.35288733235165e-06_4.35288733235165e-06
1016,7090,203-11-4-2-1,4.8503601703347e-05_4.8503601703347e-05_4.8503601703347e-05_4.8503601703347e-05_4.8503601703347e-05
1016,7091,203-11-4-2-1,1.98989135193218e-05_1.98989135193218e-05_1.98989135193218e-05_1.98989135193218e-05_1.98989135193218e-05
1016,7092,188-14-4-2-1,5.22346479882198e-05_5.22346479882198e-05_5.22346479882198e-05_5.22346479882198e-05_5.22346479882198e-05
1016,7093,40-23-8-1-1,6.84025152226688e-06_6.84025152226688e-06_6.84025152226688e-06_6.84025152226688e-06_6.84025152226688e-06
1016,7094,203-11-4-2-1,3.73104628487285e-06_3.73104628487285e-06_3.73104628487285e-06_3.73104628487285e-06_3.73104628487285e-06
1016,7095,29-17-10-1-1,1.3058661997055e-05_1.3058661997055e-05_1.3058661997055e-05_1.3058661997055e-05_1.3058661997055e-05
1016,7096,65-1-1-1-1,6.21841047478808e-06_6.21841047478808e-06_6.21841047478808e-06_6.21841047478808e-06_6.21841047478808e-06
1016,7097,58-13-6-2-1,3.04702113264616e-05_3.04702113264616e-05_3.04702113264616e-05_3.04702113264616e-05_3.04702113264616e-05
1016,7098,167-18-4-2-1,9.32761571218212e-06_9.32761571218212e-06_9.32761571218212e-06_9.32761571218212e-06_9.32761571218212e-06
1016,7099,61-13-6-2-1,3.42012576113344e-05_3.42012576113344e-05_3.42012576113344e-05_3.42012576113344e-05_3.42012576113344e-05
1016,7100,26-15-9-2-1,3.73104628487285e-06_3.73104628487285e-06_3.73104628487285e-06_3.73104628487285e-06_3.73104628487285e-06
1016,7101,137-26-4-2-1,1.05712978071397e-05_1.05712978071397e-05_1.05712978071397e-05_1.05712978071397e-05_1.05712978071397e-05
1016,7102,75-1-1-1-1,5.59656942730927e-06_5.59656942730927e-06_5.59656942730927e-06_5.59656942730927e-06_5.59656942730927e-06
1016,7103,191-37-4-2-1,0.000145510805110041_0.000145510805110041_0.000145510805110041_0.000145510805110041_0.000145510805110041
1016,7104,130-12-8-1-1,3.10920523739404e-06_3.10920523739404e-06_3.10920523739404e-06_3.10920523739404e-06_3.10920523739404e-06
1016,7105,237-44-12-1-1,2.05207545668007e-05_2.05207545668007e-05_2.05207545668007e-05_2.05207545668007e-05_2.05207545668007e-05
1016,7106,154-25-8-1-1,9.94945675966092e-06_9.94945675966092e-06_9.94945675966092e-06_9.94945675966092e-06_9.94945675966092e-06
1016,7107,36-6-6-2-1,6.28059457953596e-05_6.28059457953596e-05_6.28059457953596e-05_6.28059457953596e-05_6.28059457953596e-05
1016,7108,122-16-2-2-1,4.97472837983046e-06_4.97472837983046e-06_4.97472837983046e-06_4.97472837983046e-06_4.97472837983046e-06
1016,7109,4-4-4-2-1,9.94945675966092e-06_9.94945675966092e-06_9.94945675966092e-06_9.94945675966092e-06_9.94945675966092e-06
1016,7110,71-29-2-2-1,2.98483702789828e-05_2.98483702789828e-05_2.98483702789828e-05_2.98483702789828e-05_2.98483702789828e-05
1016,7111,185-41-9-2-1,3.10920523739404e-06_3.10920523739404e-06_3.10920523739404e-06_3.10920523739404e-06_3.10920523739404e-06
1016,7112,163-43-4-2-1,3.73104628487285e-06_3.73104628487285e-06_3.73104628487285e-06_3.73104628487285e-06_3.73104628487285e-06
1016,7113,4-4-4-2-1,4.35288733235165e-06_4.35288733235165e-06_4.35288733235165e-06_4.35288733235165e-06_4.35288733235165e-06
1016,7114,35-20-9-2-1,9.94945675966092e-06_9.94945675966092e-06_9.94945675966092e-06_9.94945675966092e-06_9.94945675966092e-06
1016,7115,213-15-9-2-1,3.10920523739404e-06_3.10920523739404e-06_3.10920523739404e-06_3.10920523739404e-06_3.10920523739404e-06
1016,7116,18-12-8-1-1,6.21841047478808e-06_6.21841047478808e-06_6.21841047478808e-06_6.21841047478808e-06_6.21841047478808e-06
1016,7117,174-15-9-2-1,9.94945675966092e-06_9.94945675966092e-06_9.94945675966092e-06_9.94945675966092e-06_9.94945675966092e-06
1016,7118,185-41-9-2-1,3.73104628487285e-06_3.73104628487285e-06_3.73104628487285e-06_3.73104628487285e-06_3.73104628487285e-06
1016,7119,66-29-2-2-1,3.10920523739404e-06_3.10920523739404e-06_3.10920523739404e-06_3.10920523739404e-06_3.10920523739404e-06
1016,7120,228-17-10-1-1,1.86552314243642e-06_1.86552314243642e-06_1.86552314243642e-06_1.86552314243642e-06_1.86552314243642e-06
1016,7121,159-4-4-2-1,1.18149799020973e-05_1.18149799020973e-05_1.18149799020973e-05_1.18149799020973e-05_1.18149799020973e-05
1016,7122,44-13-6-2-1,3.10920523739404e-06_3.10920523739404e-06_3.10920523739404e-06_3.10920523739404e-06_3.10920523739404e-06
1016,7123,112-14-4-2-1,5.59656942730927e-06_5.59656942730927e-06_5.59656942730927e-06_5.59656942730927e-06_5.59656942730927e-06
1016,7124,96-13-6-2-1,5.78312174155291e-05_5.78312174155291e-05_5.78312174155291e-05_5.78312174155291e-05_5.78312174155291e-05
1016,7125,144-43-4-2-1,1.55460261869702e-05_1.55460261869702e-05_1.55460261869702e-05_1.55460261869702e-05_1.55460261869702e-05
1016,7126,29-17-10-1-1,1.49241851394914e-05_1.49241851394914e-05_1.49241851394914e-05_1.49241851394914e-05_1.49241851394914e-05
1016,7128,171-18-4-2-1,3.73104628487285e-06_3.73104628487285e-06_3.73104628487285e-06_3.73104628487285e-06_3.73104628487285e-06
1016,7129,83-33-5-1-1,1.86552314243642e-05_1.86552314243642e-05_1.86552314243642e-05_1.86552314243642e-05_1.86552314243642e-05
1016,7130,133-12-8-1-1,1.49241851394914e-05_1.49241851394914e-05_1.49241851394914e-05_1.49241851394914e-05_1.49241851394914e-05
1016,7131,196-14-4-2-1,3.73104628487285e-06_3.73104628487285e-06_3.73104628487285e-06_3.73104628487285e-06_3.73104628487285e-06
1016,7132,144-43-4-2-1,2.61173239941099e-05_2.61173239941099e-05_2.61173239941099e-05_2.61173239941099e-05_2.61173239941099e-05
1016,7133,112-14-4-2-1,2.23862777092371e-05_2.23862777092371e-05_2.23862777092371e-05_2.23862777092371e-05_2.23862777092371e-05
1016,7134,160-30-1-1-1,0.000111931388546185_0.000111931388546185_0.000111931388546185_0.000111931388546185_0.000111931388546185
1016,7135,40-23-8-1-1,1.6167867234449e-05_1.6167867234449e-05_1.6167867234449e-05_1.6167867234449e-05_1.6167867234449e-05
1016,7136,160-30-1-1-1,4.35288733235165e-06_4.35288733235165e-06_4.35288733235165e-06_4.35288733235165e-06_4.35288733235165e-06
1016,7137,126-29-2-2-1,9.94945675966092e-06_9.94945675966092e-06_9.94945675966092e-06_9.94945675966092e-06_9.94945675966092e-06
1016,7138,44-13-6-2-1,1.43023440920126e-05_1.43023440920126e-05_1.43023440920126e-05_1.43023440920126e-05_1.43023440920126e-05
1016,7139,7-4-4-2-1,4.97472837983046e-06_4.97472837983046e-06_4.97472837983046e-06_4.97472837983046e-06_4.97472837983046e-06
1016,7140,235-34-11-1-1,2.67391650415887e-05_2.67391650415887e-05_2.67391650415887e-05_2.67391650415887e-05_2.67391650415887e-05
1016,7141,180-40-4-2-1,4.35288733235165e-06_4.35288733235165e-06_4.35288733235165e-06_4.35288733235165e-06_4.35288733235165e-06
1016,7142,74-31-9-2-1,6.84025152226688e-06_6.84025152226688e-06_6.84025152226688e-06_6.84025152226688e-06_6.84025152226688e-06
1016,7143,153-18-4-2-1,3.10920523739404e-06_3.10920523739404e-06_3.10920523739404e-06_3.10920523739404e-06_3.10920523739404e-06
1016,7144,10-3-3-1-1,1.11931388546185e-05_1.11931388546185e-05_1.11931388546185e-05_1.11931388546185e-05_1.11931388546185e-05
1016,7145,212-41-9-2-1,4.97472837983046e-06_4.97472837983046e-06_4.97472837983046e-06_4.97472837983046e-06_4.97472837983046e-06
1016,7146,185-41-9-2-1,5.59656942730927e-06_5.59656942730927e-06_5.59656942730927e-06_5.59656942730927e-06_5.59656942730927e-06
1016,7147,34-19-9-2-1,2.05207545668007e-05_2.05207545668007e-05_2.05207545668007e-05_2.05207545668007e-05_2.05207545668007e-05
1016,7148,185-41-9-2-1,3.73104628487285e-06_3.73104628487285e-06_3.73104628487285e-06_3.73104628487285e-06_3.73104628487285e-06
1016,7149,213-15-9-2-1,6.84025152226688e-06_6.84025152226688e-06_6.84025152226688e-06_6.84025152226688e-06_6.84025152226688e-06
1016,7150,55-22-8-1-1,1.55460261869702e-05_1.55460261869702e-05_1.55460261869702e-05_1.55460261869702e-05_1.55460261869702e-05
1016,7151,47-22-8-1-1,5.59656942730927e-06_5.59656942730927e-06_5.59656942730927e-06_5.59656942730927e-06_5.59656942730927e-06
1016,7152,227-41-9-2-1,3.73104628487285e-06_3.73104628487285e-06_3.73104628487285e-06_3.73104628487285e-06_3.73104628487285e-06
1016,7153,68-30-1-1-1,3.60667807537708e-05_3.60667807537708e-05_3.60667807537708e-05_3.60667807537708e-05_3.60667807537708e-05
1016,7154,124-29-2-2-1,0.000228215664424722_0.000228215664424722_0.000228215664424722_0.000228215664424722_0.000228215664424722
1016,7155,36-6-6-2-1,0.00012499005054324_0.00012499005054324_0.00012499005054324_0.00012499005054324_0.00012499005054324
1016,7156,180-40-4-2-1,3.29575755163768e-05_3.29575755163768e-05_3.29575755163768e-05_3.29575755163768e-05_3.29575755163768e-05
1016,7157,126-29-2-2-1,1.80333903768854e-05_1.80333903768854e-05_1.80333903768854e-05_1.80333903768854e-05_1.80333903768854e-05
1016,7158,35-20-9-2-1,1.67897082819278e-05_1.67897082819278e-05_1.67897082819278e-05_1.67897082819278e-05_1.67897082819278e-05
1016,7159,71-29-2-2-1,3.91759859911649e-05_3.91759859911649e-05_3.91759859911649e-05_3.91759859911649e-05_3.91759859911649e-05
1016,7160,57-7-4-2-1,3.73104628487285e-06_3.73104628487285e-06_3.73104628487285e-06_3.73104628487285e-06_3.73104628487285e-06
1016,7161,35-20-9-2-1,2.05207545668007e-05_2.05207545668007e-05_2.05207545668007e-05_2.05207545668007e-05_2.05207545668007e-05
1016,7162,199-19-9-2-1,1.80333903768854e-05_1.80333903768854e-05_1.80333903768854e-05_1.80333903768854e-05_1.80333903768854e-05
1016,7163,157-12-8-1-1,0.000305323954312095_0.000305323954312095_0.000305323954312095_0.000305323954312095_0.000305323954312095
1016,7164,157-12-8-1-1,2.48736418991523e-05_2.48736418991523e-05_2.48736418991523e-05_2.48736418991523e-05_2.48736418991523e-05
1016,7165,102-13-6-2-1,1.3058661997055e-05_1.3058661997055e-05_1.3058661997055e-05_1.3058661997055e-05_1.3058661997055e-05
1016,7166,36-6-6-2-1,3.91759859911649e-05_3.91759859911649e-05_3.91759859911649e-05_3.91759859911649e-05_3.91759859911649e-05
1016,7167,214-26-4-2-1,3.66886218012497e-05_3.66886218012497e-05_3.66886218012497e-05_3.66886218012497e-05_3.66886218012497e-05
1016,7168,45-5-5-1-1,1.11931388546185e-05_1.11931388546185e-05_1.11931388546185e-05_1.11931388546185e-05_1.11931388546185e-05
1016,7169,189-12-8-1-1,4.35288733235165e-06_4.35288733235165e-06_4.35288733235165e-06_4.35288733235165e-06_4.35288733235165e-06
1016,7170,11-4-4-2-1,1.55460261869702e-05_1.55460261869702e-05_1.55460261869702e-05_1.55460261869702e-05_1.55460261869702e-05
1016,7172,8-7-4-2-1,8.0839336172245e-06_8.0839336172245e-06_8.0839336172245e-06_8.0839336172245e-06_8.0839336172245e-06
1016,7173,18-12-8-1-1,7.46209256974569e-06_7.46209256974569e-06_7.46209256974569e-06_7.46209256974569e-06_7.46209256974569e-06
1016,7175,133-12-8-1-1,8.0839336172245e-06_8.0839336172245e-06_8.0839336172245e-06_8.0839336172245e-06_8.0839336172245e-06
1016,7176,4-4-4-2-1,8.0839336172245e-06_8.0839336172245e-06_8.0839336172245e-06_8.0839336172245e-06_8.0839336172245e-06
1016,7177,75-1-1-1-1,2.30081187567159e-05_2.30081187567159e-05_2.30081187567159e-05_2.30081187567159e-05_2.30081187567159e-05
1016,7178,160-30-1-1-1,5.59656942730927e-06_5.59656942730927e-06_5.59656942730927e-06_5.59656942730927e-06_5.59656942730927e-06
1016,7179,179-26-4-2-1,2.36299598041947e-05_2.36299598041947e-05_2.36299598041947e-05_2.36299598041947e-05_2.36299598041947e-05
1016,7180,147-11-4-2-1,3.17138934214192e-05_3.17138934214192e-05_3.17138934214192e-05_3.17138934214192e-05_3.17138934214192e-05
1016,7181,159-4-4-2-1,1.3058661997055e-05_1.3058661997055e-05_1.3058661997055e-05_1.3058661997055e-05_1.3058661997055e-05
1016,7182,147-11-4-2-1,2.11425956142795e-05_2.11425956142795e-05_2.11425956142795e-05_2.11425956142795e-05_2.11425956142795e-05
1016,7183,144-43-4-2-1,3.35794165638556e-05_3.35794165638556e-05_3.35794165638556e-05_3.35794165638556e-05_3.35794165638556e-05
1016,7184,128-7-4-2-1,8.0839336172245e-06_8.0839336172245e-06_8.0839336172245e-06_8.0839336172245e-06_8.0839336172245e-06
1016,7185,39-22-8-1-1,6.71588331277112e-05_6.71588331277112e-05_6.71588331277112e-05_6.71588331277112e-05_6.71588331277112e-05
1016,7187,114-40-4-2-1,4.35288733235165e-06_4.35288733235165e-06_4.35288733235165e-06_4.35288733235165e-06_4.35288733235165e-06
1016,7188,128-7-4-2-1,8.70577466470331e-06_8.70577466470331e-06_8.70577466470331e-06_8.70577466470331e-06_8.70577466470331e-06
1016,7189,123-41-9-2-1,2.9226529231504e-05_2.9226529231504e-05_2.9226529231504e-05_2.9226529231504e-05_2.9226529231504e-05
1016,7190,185-41-9-2-1,3.10920523739404e-06_3.10920523739404e-06_3.10920523739404e-06_3.10920523739404e-06_3.10920523739404e-06
1016,7191,63-27-8-1-1,3.10920523739404e-06_3.10920523739404e-06_3.10920523739404e-06_3.10920523739404e-06_3.10920523739404e-06
1016,7192,61-13-6-2-1,0.000176602857483981_0.000176602857483981_0.000176602857483981_0.000176602857483981_0.000176602857483981
1016,7193,147-11-4-2-1,8.3948541409639e-05_8.3948541409639e-05_8.3948541409639e-05_8.3948541409639e-05_8.3948541409639e-05
1016,7194,147-11-4-2-1,1.43023440920126e-05_1.43023440920126e-05_1.43023440920126e-05_1.43023440920126e-05_1.43023440920126e-05
1016,7195,109-28-5-1-1,8.70577466470331e-06_8.70577466470331e-06_8.70577466470331e-06_8.70577466470331e-06_8.70577466470331e-06
1016,7196,95-37-4-2-1,1.86552314243642e-05_1.86552314243642e-05_1.86552314243642e-05_1.86552314243642e-05_1.86552314243642e-05
1016,7197,95-37-4-2-1,7.83519719823298e-05_7.83519719823298e-05_7.83519719823298e-05_7.83519719823298e-05_7.83519719823298e-05
1016,7198,166-18-4-2-1,4.97472837983046e-06_4.97472837983046e-06_4.97472837983046e-06_4.97472837983046e-06_4.97472837983046e-06
1016,7199,172-40-4-2-1,3.10920523739404e-06_3.10920523739404e-06_3.10920523739404e-06_3.10920523739404e-06_3.10920523739404e-06
1016,7200,171-18-4-2-1,1.18149799020973e-05_1.18149799020973e-05_1.18149799020973e-05_1.18149799020973e-05_1.18149799020973e-05
1016,7201,161-36-10-1-1,1.74115493294066e-05_1.74115493294066e-05_1.74115493294066e-05_1.74115493294066e-05_1.74115493294066e-05
1016,7202,171-18-4-2-1,1.74115493294066e-05_1.74115493294066e-05_1.74115493294066e-05_1.74115493294066e-05_1.74115493294066e-05
1016,7203,222-35-4-2-1,6.21841047478808e-06_6.21841047478808e-06_6.21841047478808e-06_6.21841047478808e-06_6.21841047478808e-06
1016,7204,222-35-4-2-1,4.97472837983046e-06_4.97472837983046e-06_4.97472837983046e-06_4.97472837983046e-06_4.97472837983046e-06
1016,7205,167-18-4-2-1,1.11931388546185e-05_1.11931388546185e-05_1.11931388546185e-05_1.11931388546185e-05_1.11931388546185e-05
1016,7206,55-22-8-1-1,4.97472837983046e-06_4.97472837983046e-06_4.97472837983046e-06_4.97472837983046e-06_4.97472837983046e-06
1016,7209,214-26-4-2-1,4.35288733235165e-06_4.35288733235165e-06_4.35288733235165e-06_4.35288733235165e-06_4.35288733235165e-06
1016,7210,177-7-4-2-1,5.03691248457834e-05_5.03691248457834e-05_5.03691248457834e-05_5.03691248457834e-05_5.03691248457834e-05
1016,7211,115-8-3-1-1,0.000430314004855335_0.000430314004855335_0.000430314004855335_0.000430314004855335_0.000430314004855335
1016,7212,9-8-3-1-1,7.15117204600629e-05_7.15117204600629e-05_7.15117204600629e-05_7.15117204600629e-05_7.15117204600629e-05
1016,7213,29-17-10-1-1,0.000823317546861941_0.000823317546861941_0.000823317546861941_0.000823317546861941_0.000823317546861941
1016,7214,29-17-10-1-1,2.61173239941099e-05_2.61173239941099e-05_2.61173239941099e-05_2.61173239941099e-05_2.61173239941099e-05
1016,7215,32-18-4-2-1,4.35288733235165e-06_4.35288733235165e-06_4.35288733235165e-06_4.35288733235165e-06_4.35288733235165e-06
1016,7216,140-42-12-1-1,8.0839336172245e-06_8.0839336172245e-06_8.0839336172245e-06_8.0839336172245e-06_8.0839336172245e-06
1016,7217,29-17-10-1-1,0.00138732737692522_0.00138732737692522_0.00138732737692522_0.00138732737692522_0.00138732737692522
1016,7218,140-42-12-1-1,5.59656942730927e-06_5.59656942730927e-06_5.59656942730927e-06_5.59656942730927e-06_5.59656942730927e-06
1016,7221,159-4-4-2-1,3.73104628487285e-06_3.73104628487285e-06_3.73104628487285e-06_3.73104628487285e-06_3.73104628487285e-06
1016,7222,119-6-6-2-1,0.000182199426911291_0.000182199426911291_0.000182199426911291_0.000182199426911291_0.000182199426911291
1016,7223,208-30-1-1-1,3.73104628487285e-06_3.73104628487285e-06_3.73104628487285e-06_3.73104628487285e-06_3.73104628487285e-06
1016,7224,227-41-9-2-1,3.73104628487285e-06_3.73104628487285e-06_3.73104628487285e-06_3.73104628487285e-06_3.73104628487285e-06
1016,7225,161-36-10-1-1,1.49241851394914e-05_1.49241851394914e-05_1.49241851394914e-05_1.49241851394914e-05_1.49241851394914e-05
1016,7226,167-18-4-2-1,5.59656942730927e-06_5.59656942730927e-06_5.59656942730927e-06_5.59656942730927e-06_5.59656942730927e-06
1016,7227,36-6-6-2-1,0.000164166036534405_0.000164166036534405_0.000164166036534405_0.000164166036534405_0.000164166036534405
1016,7228,185-41-9-2-1,3.10920523739404e-06_3.10920523739404e-06_3.10920523739404e-06_3.10920523739404e-06_3.10920523739404e-06
1016,7229,31-6-6-2-1,9.94945675966092e-05_9.94945675966092e-05_9.94945675966092e-05_9.94945675966092e-05_9.94945675966092e-05
1016,7230,137-26-4-2-1,1.9277072471843e-05_1.9277072471843e-05_1.9277072471843e-05_1.9277072471843e-05_1.9277072471843e-05
1016,7231,193-40-4-2-1,1.24368209495762e-05_1.24368209495762e-05_1.24368209495762e-05_1.24368209495762e-05_1.24368209495762e-05
1016,7232,163-43-4-2-1,3.17138934214192e-05_3.17138934214192e-05_3.17138934214192e-05_3.17138934214192e-05_3.17138934214192e-05
1016,7233,205-12-8-1-1,1.05712978071397e-05_1.05712978071397e-05_1.05712978071397e-05_1.05712978071397e-05_1.05712978071397e-05
1016,7234,7-4-4-2-1,1.49241851394914e-05_1.49241851394914e-05_1.49241851394914e-05_1.49241851394914e-05_1.49241851394914e-05
1016,7235,214-26-4-2-1,1.3058661997055e-05_1.3058661997055e-05_1.3058661997055e-05_1.3058661997055e-05_1.3058661997055e-05
1016,7236,159-4-4-2-1,1.18149799020973e-05_1.18149799020973e-05_1.18149799020973e-05_1.18149799020973e-05_1.18149799020973e-05
1016,7237,83-33-5-1-1,0.000143645281967605_0.000143645281967605_0.000143645281967605_0.000143645281967605_0.000143645281967605
1016,7238,8-7-4-2-1,4.35288733235165e-06_4.35288733235165e-06_4.35288733235165e-06_4.35288733235165e-06_4.35288733235165e-06
1016,7239,147-11-4-2-1,7.46209256974569e-06_7.46209256974569e-06_7.46209256974569e-06_7.46209256974569e-06_7.46209256974569e-06
1016,7240,44-13-6-2-1,5.59656942730927e-06_5.59656942730927e-06_5.59656942730927e-06_5.59656942730927e-06_5.59656942730927e-06
1016,7241,103-13-6-2-1,2.79828471365463e-05_2.79828471365463e-05_2.79828471365463e-05_2.79828471365463e-05_2.79828471365463e-05
1016,7242,167-18-4-2-1,3.73104628487285e-06_3.73104628487285e-06_3.73104628487285e-06_3.73104628487285e-06_3.73104628487285e-06
1016,7243,152-32-10-1-1,5.59656942730927e-06_5.59656942730927e-06_5.59656942730927e-06_5.59656942730927e-06_5.59656942730927e-06
1016,7244,172-40-4-2-1,4.35288733235165e-06_4.35288733235165e-06_4.35288733235165e-06_4.35288733235165e-06_4.35288733235165e-06
1016,7245,25-10-2-2-1,7.46209256974569e-06_7.46209256974569e-06_7.46209256974569e-06_7.46209256974569e-06_7.46209256974569e-06
1016,7246,75-1-1-1-1,4.35288733235165e-06_4.35288733235165e-06_4.35288733235165e-06_4.35288733235165e-06_4.35288733235165e-06
1016,7247,150-30-1-1-1,6.21841047478808e-06_6.21841047478808e-06_6.21841047478808e-06_6.21841047478808e-06_6.21841047478808e-06
1016,7248,57-7-4-2-1,4.35288733235165e-06_4.35288733235165e-06_4.35288733235165e-06_4.35288733235165e-06_4.35288733235165e-06
1016,7249,89-13-6-2-1,0.00012001532216341_0.00012001532216341_0.00012001532216341_0.00012001532216341_0.00012001532216341
1016,7250,49-22-8-1-1,8.70577466470331e-06_8.70577466470331e-06_8.70577466470331e-06_8.70577466470331e-06_8.70577466470331e-06
1016,7251,163-43-4-2-1,6.84025152226688e-06_6.84025152226688e-06_6.84025152226688e-06_6.84025152226688e-06_6.84025152226688e-06
1016,7252,153-18-4-2-1,6.21841047478808e-06_6.21841047478808e-06_6.21841047478808e-06_6.21841047478808e-06_6.21841047478808e-06
1016,7253,220-22-8-1-1,6.1562263700402e-05_6.1562263700402e-05_6.1562263700402e-05_6.1562263700402e-05_6.1562263700402e-05
1016,7254,4-4-4-2-1,8.0839336172245e-06_8.0839336172245e-06_8.0839336172245e-06_8.0839336172245e-06_8.0839336172245e-06
1016,7255,185-41-9-2-1,2.48736418991523e-06_2.48736418991523e-06_2.48736418991523e-06_2.48736418991523e-06_2.48736418991523e-06
1016,7256,76-4-4-2-1,3.73104628487285e-06_3.73104628487285e-06_3.73104628487285e-06_3.73104628487285e-06_3.73104628487285e-06
1016,7257,172-40-4-2-1,3.10920523739404e-06_3.10920523739404e-06_3.10920523739404e-06_3.10920523739404e-06_3.10920523739404e-06
1016,7258,166-18-4-2-1,3.73104628487285e-06_3.73104628487285e-06_3.73104628487285e-06_3.73104628487285e-06_3.73104628487285e-06
1016,7259,71-29-2-2-1,6.4671468937796e-05_6.4671468937796e-05_6.4671468937796e-05_6.4671468937796e-05_6.4671468937796e-05
1016,7260,51-22-8-1-1,5.53438532256139e-05_5.53438532256139e-05_5.53438532256139e-05_5.53438532256139e-05_5.53438532256139e-05
1016,7261,160-30-1-1-1,3.10920523739404e-06_3.10920523739404e-06_3.10920523739404e-06_3.10920523739404e-06_3.10920523739404e-06
1016,7262,214-26-4-2-1,7.46209256974569e-06_7.46209256974569e-06_7.46209256974569e-06_7.46209256974569e-06_7.46209256974569e-06
1016,7263,172-40-4-2-1,4.35288733235165e-06_4.35288733235165e-06_4.35288733235165e-06_4.35288733235165e-06_4.35288733235165e-06
1016,7264,230-14-4-2-1,4.35288733235165e-06_4.35288733235165e-06_4.35288733235165e-06_4.35288733235165e-06_4.35288733235165e-06
1016,7265,63-27-8-1-1,3.73104628487285e-06_3.73104628487285e-06_3.73104628487285e-06_3.73104628487285e-06_3.73104628487285e-06
1016,7266,51-22-8-1-1,2.73610060890675e-05_2.73610060890675e-05_2.73610060890675e-05_2.73610060890675e-05_2.73610060890675e-05
1016,7267,185-41-9-2-1,4.97472837983046e-06_4.97472837983046e-06_4.97472837983046e-06_4.97472837983046e-06_4.97472837983046e-06
1016,7268,207-29-2-2-1,9.45198392167788e-05_9.45198392167788e-05_9.45198392167788e-05_9.45198392167788e-05_9.45198392167788e-05
1016,7269,195-37-4-2-1,3.10920523739404e-05_3.10920523739404e-05_3.10920523739404e-05_3.10920523739404e-05_3.10920523739404e-05
1016,7270,185-41-9-2-1,1.24368209495762e-05_1.24368209495762e-05_1.24368209495762e-05_1.24368209495762e-05_1.24368209495762e-05
1016,7271,228-17-10-1-1,8.0839336172245e-06_8.0839336172245e-06_8.0839336172245e-06_8.0839336172245e-06_8.0839336172245e-06
1016,7272,159-4-4-2-1,1.43023440920126e-05_1.43023440920126e-05_1.43023440920126e-05_1.43023440920126e-05_1.43023440920126e-05
1016,7273,167-18-4-2-1,3.10920523739404e-06_3.10920523739404e-06_3.10920523739404e-06_3.10920523739404e-06_3.10920523739404e-06
1016,7274,196-14-4-2-1,4.78817606558682e-05_4.78817606558682e-05_4.78817606558682e-05_4.78817606558682e-05_4.78817606558682e-05
1016,7275,83-33-5-1-1,3.35794165638556e-05_3.35794165638556e-05_3.35794165638556e-05_3.35794165638556e-05_3.35794165638556e-05
1016,7276,112-14-4-2-1,4.35288733235165e-06_4.35288733235165e-06_4.35288733235165e-06_4.35288733235165e-06_4.35288733235165e-06
1016,7277,155-10-2-2-1,0.000162300513391969_0.000162300513391969_0.000162300513391969_0.000162300513391969_0.000162300513391969
1016,7278,163-43-4-2-1,1.24368209495762e-05_1.24368209495762e-05_1.24368209495762e-05_1.24368209495762e-05_1.24368209495762e-05
1016,7279,83-33-5-1-1,8.0839336172245e-06_8.0839336172245e-06_8.0839336172245e-06_8.0839336172245e-06_8.0839336172245e-06
1016,7280,95-37-4-2-1,4.35288733235165e-06_4.35288733235165e-06_4.35288733235165e-06_4.35288733235165e-06_4.35288733235165e-06
1016,7281,23-10-2-2-1,0.000153594738727265_0.000153594738727265_0.000153594738727265_0.000153594738727265_0.000153594738727265
1016,7282,172-40-4-2-1,1.98989135193218e-05_1.98989135193218e-05_1.98989135193218e-05_1.98989135193218e-05_1.98989135193218e-05
1016,7283,110-3-3-1-1,6.21841047478808e-05_6.21841047478808e-05_6.21841047478808e-05_6.21841047478808e-05_6.21841047478808e-05
1016,7284,205-12-8-1-1,3.73104628487285e-06_3.73104628487285e-06_3.73104628487285e-06_3.73104628487285e-06_3.73104628487285e-06
1016,7285,122-16-2-2-1,8.0839336172245e-06_8.0839336172245e-06_8.0839336172245e-06_8.0839336172245e-06_8.0839336172245e-06
1016,7286,174-15-9-2-1,1.05712978071397e-05_1.05712978071397e-05_1.05712978071397e-05_1.05712978071397e-05_1.05712978071397e-05
1016,7287,209-35-4-2-1,2.67391650415887e-05_2.67391650415887e-05_2.67391650415887e-05_2.67391650415887e-05_2.67391650415887e-05
1016,7288,49-22-8-1-1,6.84025152226688e-06_6.84025152226688e-06_6.84025152226688e-06_6.84025152226688e-06_6.84025152226688e-06
1016,7289,17-11-4-2-1,3.29575755163768e-05_3.29575755163768e-05_3.29575755163768e-05_3.29575755163768e-05_3.29575755163768e-05
1016,7290,57-7-4-2-1,1.67897082819278e-05_1.67897082819278e-05_1.67897082819278e-05_1.67897082819278e-05_1.67897082819278e-05
1016,7291,95-37-4-2-1,8.0839336172245e-06_8.0839336172245e-06_8.0839336172245e-06_8.0839336172245e-06_8.0839336172245e-06
1016,7292,78-3-3-1-1,9.51416802642576e-05_9.51416802642576e-05_9.51416802642576e-05_9.51416802642576e-05_9.51416802642576e-05
1016,7293,18-12-8-1-1,5.59656942730927e-06_5.59656942730927e-06_5.59656942730927e-06_5.59656942730927e-06_5.59656942730927e-06
1016,7294,44-13-6-2-1,1.9277072471843e-05_1.9277072471843e-05_1.9277072471843e-05_1.9277072471843e-05_1.9277072471843e-05
1016,7296,212-41-9-2-1,6.84025152226688e-06_6.84025152226688e-06_6.84025152226688e-06_6.84025152226688e-06_6.84025152226688e-06
1016,7297,76-4-4-2-1,7.46209256974569e-06_7.46209256974569e-06_7.46209256974569e-06_7.46209256974569e-06_7.46209256974569e-06
1016,7298,55-22-8-1-1,2.61173239941099e-05_2.61173239941099e-05_2.61173239941099e-05_2.61173239941099e-05_2.61173239941099e-05
1016,7299,147-11-4-2-1,3.73104628487285e-06_3.73104628487285e-06_3.73104628487285e-06_3.73104628487285e-06_3.73104628487285e-06
1016,7300,95-37-4-2-1,1.36805030445338e-05_1.36805030445338e-05_1.36805030445338e-05_1.36805030445338e-05_1.36805030445338e-05
1016,7301,220-22-8-1-1,3.10920523739404e-06_3.10920523739404e-06_3.10920523739404e-06_3.10920523739404e-06_3.10920523739404e-06
1016,7302,59-5-5-1-1,3.04702113264616e-05_3.04702113264616e-05_3.04702113264616e-05_3.04702113264616e-05_3.04702113264616e-05
1016,7303,45-5-5-1-1,9.32761571218212e-06_9.32761571218212e-06_9.32761571218212e-06_9.32761571218212e-06_9.32761571218212e-06
1016,7304,191-37-4-2-1,0.000144888964062562_0.000144888964062562_0.000144888964062562_0.000144888964062562_0.000144888964062562
1016,7305,209-35-4-2-1,4.97472837983046e-06_4.97472837983046e-06_4.97472837983046e-06_4.97472837983046e-06_4.97472837983046e-06
1016,7306,74-31-9-2-1,1.49241851394914e-05_1.49241851394914e-05_1.49241851394914e-05_1.49241851394914e-05_1.49241851394914e-05
1016,7307,191-37-4-2-1,1.80333903768854e-05_1.80333903768854e-05_1.80333903768854e-05_1.80333903768854e-05_1.80333903768854e-05
1016,7308,133-12-8-1-1,5.59656942730927e-06_5.59656942730927e-06_5.59656942730927e-06_5.59656942730927e-06_5.59656942730927e-06
1016,7309,130-12-8-1-1,2.11425956142795e-05_2.11425956142795e-05_2.11425956142795e-05_2.11425956142795e-05_2.11425956142795e-05
1016,7310,102-13-6-2-1,3.85541449436861e-05_3.85541449436861e-05_3.85541449436861e-05_3.85541449436861e-05_3.85541449436861e-05
1016,7311,180-40-4-2-1,1.11931388546185e-05_1.11931388546185e-05_1.11931388546185e-05_1.11931388546185e-05_1.11931388546185e-05
1016,7312,175-20-9-2-1,5.59656942730927e-06_5.59656942730927e-06_5.59656942730927e-06_5.59656942730927e-06_5.59656942730927e-06
1016,7313,201-17-10-1-1,1.11931388546185e-05_1.11931388546185e-05_1.11931388546185e-05_1.11931388546185e-05_1.11931388546185e-05
1016,7314,29-17-10-1-1,0.000102603772834003_0.000102603772834003_0.000102603772834003_0.000102603772834003_0.000102603772834003
1016,7315,29-17-10-1-1,5.84530584630079e-05_5.84530584630079e-05_5.84530584630079e-05_5.84530584630079e-05_5.84530584630079e-05
1016,7316,161-36-10-1-1,4.97472837983046e-06_4.97472837983046e-06_4.97472837983046e-06_4.97472837983046e-06_4.97472837983046e-06
1016,7317,212-41-9-2-1,4.35288733235165e-06_4.35288733235165e-06_4.35288733235165e-06_4.35288733235165e-06_4.35288733235165e-06
1016,7318,212-41-9-2-1,2.48736418991523e-06_2.48736418991523e-06_2.48736418991523e-06_2.48736418991523e-06_2.48736418991523e-06
1016,7319,31-6-6-2-1,0.000126233732638198_0.000126233732638198_0.000126233732638198_0.000126233732638198_0.000126233732638198
1016,7320,71-29-2-2-1,2.23862777092371e-05_2.23862777092371e-05_2.23862777092371e-05_2.23862777092371e-05_2.23862777092371e-05
1016,7321,227-41-9-2-1,2.30081187567159e-05_2.30081187567159e-05_2.30081187567159e-05_2.30081187567159e-05_2.30081187567159e-05
1016,7322,22-13-6-2-1,1.49241851394914e-05_1.49241851394914e-05_1.49241851394914e-05_1.49241851394914e-05_1.49241851394914e-05
1016,7323,57-7-4-2-1,6.84025152226688e-06_6.84025152226688e-06_6.84025152226688e-06_6.84025152226688e-06_6.84025152226688e-06
1016,7324,124-29-2-2-1,0.000113796911688622_0.000113796911688622_0.000113796911688622_0.000113796911688622_0.000113796911688622
1016,7325,194-31-9-2-1,6.40496278903172e-05_6.40496278903172e-05_6.40496278903172e-05_6.40496278903172e-05_6.40496278903172e-05
1016,7326,6-6-6-2-1,9.63853623592152e-05_9.63853623592152e-05_9.63853623592152e-05_9.63853623592152e-05_9.63853623592152e-05
1016,7327,112-14-4-2-1,1.24368209495762e-05_1.24368209495762e-05_1.24368209495762e-05_1.24368209495762e-05_1.24368209495762e-05
1016,7328,112-14-4-2-1,1.55460261869702e-05_1.55460261869702e-05_1.55460261869702e-05_1.55460261869702e-05_1.55460261869702e-05
1016,7329,171-18-4-2-1,9.94945675966092e-06_9.94945675966092e-06_9.94945675966092e-06_9.94945675966092e-06_9.94945675966092e-06
1016,7330,160-30-1-1-1,4.35288733235165e-06_4.35288733235165e-06_4.35288733235165e-06_4.35288733235165e-06_4.35288733235165e-06
1016,7331,137-26-4-2-1,1.05712978071397e-05_1.05712978071397e-05_1.05712978071397e-05_1.05712978071397e-05_1.05712978071397e-05
1016,7332,216-19-9-2-1,1.36805030445338e-05_1.36805030445338e-05_1.36805030445338e-05_1.36805030445338e-05_1.36805030445338e-05
1016,7333,51-22-8-1-1,5.59656942730927e-06_5.59656942730927e-06_5.59656942730927e-06_5.59656942730927e-06_5.59656942730927e-06
1016,7334,37-11-4-2-1,4.60162375134318e-05_4.60162375134318e-05_4.60162375134318e-05_4.60162375134318e-05_4.60162375134318e-05
1016,7335,112-14-4-2-1,9.94945675966092e-06_9.94945675966092e-06_9.94945675966092e-06_9.94945675966092e-06_9.94945675966092e-06
1016,7336,71-29-2-2-1,1.9277072471843e-05_1.9277072471843e-05_1.9277072471843e-05_1.9277072471843e-05_1.9277072471843e-05
1016,7337,188-14-4-2-1,1.43023440920126e-05_1.43023440920126e-05_1.43023440920126e-05_1.43023440920126e-05_1.43023440920126e-05
1016,7338,52-25-8-1-1,1.55460261869702e-05_1.55460261869702e-05_1.55460261869702e-05_1.55460261869702e-05_1.55460261869702e-05
1016,7339,25-10-2-2-1,1.86552314243642e-05_1.86552314243642e-05_1.86552314243642e-05_1.86552314243642e-05_1.86552314243642e-05
1016,7340,107-6-6-2-1,0.000370617264297369_0.000370617264297369_0.000370617264297369_0.000370617264297369_0.000370617264297369
1016,7341,179-26-4-2-1,1.3058661997055e-05_1.3058661997055e-05_1.3058661997055e-05_1.3058661997055e-05_1.3058661997055e-05
1016,7342,55-22-8-1-1,4.47725554184741e-05_4.47725554184741e-05_4.47725554184741e-05_4.47725554184741e-05_4.47725554184741e-05
1016,7343,124-29-2-2-1,0.000171628129104151_0.000171628129104151_0.000171628129104151_0.000171628129104151_0.000171628129104151
1016,7344,36-6-6-2-1,0.000113175070641143_0.000113175070641143_0.000113175070641143_0.000113175070641143_0.000113175070641143
1016,7345,159-4-4-2-1,3.73104628487285e-06_3.73104628487285e-06_3.73104628487285e-06_3.73104628487285e-06_3.73104628487285e-06
1016,7346,179-26-4-2-1,1.05712978071397e-05_1.05712978071397e-05_1.05712978071397e-05_1.05712978071397e-05_1.05712978071397e-05
1016,7348,32-18-4-2-1,3.10920523739404e-06_3.10920523739404e-06_3.10920523739404e-06_3.10920523739404e-06_3.10920523739404e-06
1016,7350,102-13-6-2-1,3.42012576113344e-05_3.42012576113344e-05_3.42012576113344e-05_3.42012576113344e-05_3.42012576113344e-05
1016,7351,129-21-4-2-1,0.000103847454928961_0.000103847454928961_0.000103847454928961_0.000103847454928961_0.000103847454928961
1016,7352,72-10-2-2-1,0.000623084729573765_0.000623084729573765_0.000623084729573765_0.000623084729573765_0.000623084729573765
1016,7353,62-3-3-1-1,0.00199362239821706_0.00199362239821706_0.00199362239821706_0.00199362239821706_0.00199362239821706
1016,7354,36-6-6-2-1,0.000264282445178493_0.000264282445178493_0.000264282445178493_0.000264282445178493_0.000264282445178493
1016,7355,62-3-3-1-1,0.000516749910454889_0.000516749910454889_0.000516749910454889_0.000516749910454889_0.000516749910454889
1016,7356,58-13-6-2-1,8.58140645520755e-05_8.58140645520755e-05_8.58140645520755e-05_8.58140645520755e-05_8.58140645520755e-05
1016,7357,75-1-1-1-1,3.97978270386437e-05_3.97978270386437e-05_3.97978270386437e-05_3.97978270386437e-05_3.97978270386437e-05
1016,7358,199-19-9-2-1,3.10920523739404e-06_3.10920523739404e-06_3.10920523739404e-06_3.10920523739404e-06_3.10920523739404e-06
1016,7359,180-40-4-2-1,3.73104628487285e-06_3.73104628487285e-06_3.73104628487285e-06_3.73104628487285e-06_3.73104628487285e-06
1016,7360,8-7-4-2-1,3.73104628487285e-06_3.73104628487285e-06_3.73104628487285e-06_3.73104628487285e-06_3.73104628487285e-06
1016,7361,1-1-1-1-1,5.28564890356987e-05_5.28564890356987e-05_5.28564890356987e-05_5.28564890356987e-05_5.28564890356987e-05
1016,7362,54-26-4-2-1,2.05207545668007e-05_2.05207545668007e-05_2.05207545668007e-05_2.05207545668007e-05_2.05207545668007e-05
1016,7363,66-29-2-2-1,4.8503601703347e-05_4.8503601703347e-05_4.8503601703347e-05_4.8503601703347e-05_4.8503601703347e-05
1016,7364,185-41-9-2-1,3.73104628487285e-06_3.73104628487285e-06_3.73104628487285e-06_3.73104628487285e-06_3.73104628487285e-06
1016,7365,205-12-8-1-1,4.97472837983046e-06_4.97472837983046e-06_4.97472837983046e-06_4.97472837983046e-06_4.97472837983046e-06
1016,7366,221-35-4-2-1,2.86046881840252e-05_2.86046881840252e-05_2.86046881840252e-05_2.86046881840252e-05_2.86046881840252e-05
1016,7367,221-35-4-2-1,4.97472837983046e-05_4.97472837983046e-05_4.97472837983046e-05_4.97472837983046e-05_4.97472837983046e-05
1016,7368,221-35-4-2-1,2.98483702789828e-05_2.98483702789828e-05_2.98483702789828e-05_2.98483702789828e-05_2.98483702789828e-05
1016,7369,83-33-5-1-1,1.05712978071397e-05_1.05712978071397e-05_1.05712978071397e-05_1.05712978071397e-05_1.05712978071397e-05
1016,7370,221-35-4-2-1,1.18149799020973e-05_1.18149799020973e-05_1.18149799020973e-05_1.18149799020973e-05_1.18149799020973e-05
1016,7371,36-6-6-2-1,0.00016665340072432_0.00016665340072432_0.00016665340072432_0.00016665340072432_0.00016665340072432
1016,7372,124-29-2-2-1,9.14106339793847e-05_9.14106339793847e-05_9.14106339793847e-05_9.14106339793847e-05_9.14106339793847e-05
1016,7373,6-6-6-2-1,4.29070322760377e-05_4.29070322760377e-05_4.29070322760377e-05_4.29070322760377e-05_4.29070322760377e-05
1016,7374,158-2-2-2-1,2.17644366617583e-05_2.17644366617583e-05_2.17644366617583e-05_2.17644366617583e-05_2.17644366617583e-05
1016,7375,6-6-6-2-1,4.35288733235165e-05_4.35288733235165e-05_4.35288733235165e-05_4.35288733235165e-05_4.35288733235165e-05
1016,7376,8-7-4-2-1,6.84025152226688e-06_6.84025152226688e-06_6.84025152226688e-06_6.84025152226688e-06_6.84025152226688e-06
1016,7377,37-11-4-2-1,1.3058661997055e-05_1.3058661997055e-05_1.3058661997055e-05_1.3058661997055e-05_1.3058661997055e-05
1016,7378,66-29-2-2-1,6.21841047478808e-06_6.21841047478808e-06_6.21841047478808e-06_6.21841047478808e-06_6.21841047478808e-06
1016,7379,70-27-8-1-1,1.6167867234449e-05_1.6167867234449e-05_1.6167867234449e-05_1.6167867234449e-05_1.6167867234449e-05
1016,7380,167-18-4-2-1,6.84025152226688e-06_6.84025152226688e-06_6.84025152226688e-06_6.84025152226688e-06_6.84025152226688e-06
1016,7381,180-40-4-2-1,6.84025152226688e-06_6.84025152226688e-06_6.84025152226688e-06_6.84025152226688e-06_6.84025152226688e-06
1016,7382,8-7-4-2-1,4.97472837983046e-06_4.97472837983046e-06_4.97472837983046e-06_4.97472837983046e-06_4.97472837983046e-06
1016,7383,32-18-4-2-1,6.21841047478808e-06_6.21841047478808e-06_6.21841047478808e-06_6.21841047478808e-06_6.21841047478808e-06
1016,7384,32-18-4-2-1,4.35288733235165e-06_4.35288733235165e-06_4.35288733235165e-06_4.35288733235165e-06_4.35288733235165e-06
1016,7385,179-26-4-2-1,3.10920523739404e-06_3.10920523739404e-06_3.10920523739404e-06_3.10920523739404e-06_3.10920523739404e-06
1016,7386,32-18-4-2-1,3.73104628487285e-06_3.73104628487285e-06_3.73104628487285e-06_3.73104628487285e-06_3.73104628487285e-06
1016,7387,179-26-4-2-1,6.21841047478808e-06_6.21841047478808e-06_6.21841047478808e-06_6.21841047478808e-06_6.21841047478808e-06
1016,7388,18-12-8-1-1,1.18149799020973e-05_1.18149799020973e-05_1.18149799020973e-05_1.18149799020973e-05_1.18149799020973e-05
1016,7389,110-3-3-1-1,0.000182199426911291_0.000182199426911291_0.000182199426911291_0.000182199426911291_0.000182199426911291
1016,7391,23-10-2-2-1,2.23862777092371e-05_2.23862777092371e-05_2.23862777092371e-05_2.23862777092371e-05_2.23862777092371e-05
1016,7392,172-40-4-2-1,3.73104628487285e-06_3.73104628487285e-06_3.73104628487285e-06_3.73104628487285e-06_3.73104628487285e-06
1016,7393,141-42-12-1-1,4.97472837983046e-06_4.97472837983046e-06_4.97472837983046e-06_4.97472837983046e-06_4.97472837983046e-06
1016,7394,75-1-1-1-1,7.46209256974569e-06_7.46209256974569e-06_7.46209256974569e-06_7.46209256974569e-06_7.46209256974569e-06
1016,7395,23-10-2-2-1,9.38979981693e-05_9.38979981693e-05_9.38979981693e-05_9.38979981693e-05_9.38979981693e-05
1016,7396,163-43-4-2-1,1.6167867234449e-05_1.6167867234449e-05_1.6167867234449e-05_1.6167867234449e-05_1.6167867234449e-05
1016,7397,112-14-4-2-1,6.84025152226688e-06_6.84025152226688e-06_6.84025152226688e-06_6.84025152226688e-06_6.84025152226688e-06
1016,7398,147-11-4-2-1,3.10920523739404e-06_3.10920523739404e-06_3.10920523739404e-06_3.10920523739404e-06_3.10920523739404e-06
1016,7399,141-42-12-1-1,1.05712978071397e-05_1.05712978071397e-05_1.05712978071397e-05_1.05712978071397e-05_1.05712978071397e-05
1016,7401,191-37-4-2-1,4.97472837983046e-06_4.97472837983046e-06_4.97472837983046e-06_4.97472837983046e-06_4.97472837983046e-06
1016,7402,32-18-4-2-1,6.21841047478808e-06_6.21841047478808e-06_6.21841047478808e-06_6.21841047478808e-06_6.21841047478808e-06
1016,7404,37-11-4-2-1,8.70577466470331e-06_8.70577466470331e-06_8.70577466470331e-06_8.70577466470331e-06_8.70577466470331e-06
1016,7405,66-29-2-2-1,7.46209256974569e-06_7.46209256974569e-06_7.46209256974569e-06_7.46209256974569e-06_7.46209256974569e-06
1016,7406,44-13-6-2-1,3.85541449436861e-05_3.85541449436861e-05_3.85541449436861e-05_3.85541449436861e-05_3.85541449436861e-05
1016,7407,76-4-4-2-1,4.97472837983046e-06_4.97472837983046e-06_4.97472837983046e-06_4.97472837983046e-06_4.97472837983046e-06
1016,7408,229-5-5-1-1,8.0839336172245e-05_8.0839336172245e-05_8.0839336172245e-05_8.0839336172245e-05_8.0839336172245e-05
1016,7409,70-27-8-1-1,3.10920523739404e-06_3.10920523739404e-06_3.10920523739404e-06_3.10920523739404e-06_3.10920523739404e-06
1016,7410,188-14-4-2-1,0.000136805030445338_0.000136805030445338_0.000136805030445338_0.000136805030445338_0.000136805030445338
1016,7411,44-13-6-2-1,1.18149799020973e-05_1.18149799020973e-05_1.18149799020973e-05_1.18149799020973e-05_1.18149799020973e-05
1016,7412,209-35-4-2-1,7.46209256974569e-06_7.46209256974569e-06_7.46209256974569e-06_7.46209256974569e-06_7.46209256974569e-06
1016,7413,55-22-8-1-1,1.6167867234449e-05_1.6167867234449e-05_1.6167867234449e-05_1.6167867234449e-05_1.6167867234449e-05
1016,7415,112-14-4-2-1,1.24368209495762e-05_1.24368209495762e-05_1.24368209495762e-05_1.24368209495762e-05_1.24368209495762e-05
1016,7416,71-29-2-2-1,5.34783300831775e-05_5.34783300831775e-05_5.34783300831775e-05_5.34783300831775e-05_5.34783300831775e-05
1016,7417,69-29-2-2-1,7.21335615075417e-05_7.21335615075417e-05_7.21335615075417e-05_7.21335615075417e-05_7.21335615075417e-05
1016,7418,177-7-4-2-1,2.11425956142795e-05_2.11425956142795e-05_2.11425956142795e-05_2.11425956142795e-05_2.11425956142795e-05
1016,7419,71-29-2-2-1,6.84025152226688e-06_6.84025152226688e-06_6.84025152226688e-06_6.84025152226688e-06_6.84025152226688e-06
1016,7420,67-2-2-2-1,5.59656942730927e-05_5.59656942730927e-05_5.59656942730927e-05_5.59656942730927e-05_5.59656942730927e-05
1016,7421,184-31-9-2-1,9.94945675966092e-06_9.94945675966092e-06_9.94945675966092e-06_9.94945675966092e-06_9.94945675966092e-06
1016,7422,71-29-2-2-1,3.5444939706292e-05_3.5444939706292e-05_3.5444939706292e-05_3.5444939706292e-05_3.5444939706292e-05
1016,7423,49-22-8-1-1,1.24368209495762e-05_1.24368209495762e-05_1.24368209495762e-05_1.24368209495762e-05_1.24368209495762e-05
1016,7424,67-2-2-2-1,2.98483702789828e-05_2.98483702789828e-05_2.98483702789828e-05_2.98483702789828e-05_2.98483702789828e-05
1016,7425,196-14-4-2-1,1.3058661997055e-05_1.3058661997055e-05_1.3058661997055e-05_1.3058661997055e-05_1.3058661997055e-05
1016,7426,98-27-8-1-1,3.10920523739404e-06_3.10920523739404e-06_3.10920523739404e-06_3.10920523739404e-06_3.10920523739404e-06
1016,7427,130-12-8-1-1,3.2335734468898e-05_3.2335734468898e-05_3.2335734468898e-05_3.2335734468898e-05_3.2335734468898e-05
1016,7428,205-12-8-1-1,3.10920523739404e-06_3.10920523739404e-06_3.10920523739404e-06_3.10920523739404e-06_3.10920523739404e-06
1016,7430,167-18-4-2-1,9.94945675966092e-06_9.94945675966092e-06_9.94945675966092e-06_9.94945675966092e-06_9.94945675966092e-06
1016,7431,171-18-4-2-1,4.35288733235165e-06_4.35288733235165e-06_4.35288733235165e-06_4.35288733235165e-06_4.35288733235165e-06
1016,7432,171-18-4-2-1,6.21841047478808e-06_6.21841047478808e-06_6.21841047478808e-06_6.21841047478808e-06_6.21841047478808e-06
1016,7433,40-23-8-1-1,3.10920523739404e-06_3.10920523739404e-06_3.10920523739404e-06_3.10920523739404e-06_3.10920523739404e-06
1016,7434,122-16-2-2-1,1.6167867234449e-05_1.6167867234449e-05_1.6167867234449e-05_1.6167867234449e-05_1.6167867234449e-05
1016,7435,22-13-6-2-1,0.000447725554184741_0.000447725554184741_0.000447725554184741_0.000447725554184741_0.000447725554184741
1016,7436,199-19-9-2-1,6.84025152226688e-06_6.84025152226688e-06_6.84025152226688e-06_6.84025152226688e-06_6.84025152226688e-06
1016,7437,76-4-4-2-1,8.0839336172245e-06_8.0839336172245e-06_8.0839336172245e-06_8.0839336172245e-06_8.0839336172245e-06
1016,7438,167-18-4-2-1,6.21841047478808e-06_6.21841047478808e-06_6.21841047478808e-06_6.21841047478808e-06_6.21841047478808e-06
1016,7439,180-40-4-2-1,6.21841047478808e-06_6.21841047478808e-06_6.21841047478808e-06_6.21841047478808e-06_6.21841047478808e-06
1016,7440,45-5-5-1-1,8.0839336172245e-06_8.0839336172245e-06_8.0839336172245e-06_8.0839336172245e-06_8.0839336172245e-06
1016,7441,76-4-4-2-1,2.61173239941099e-05_2.61173239941099e-05_2.61173239941099e-05_2.61173239941099e-05_2.61173239941099e-05
1016,7442,179-26-4-2-1,9.32761571218212e-06_9.32761571218212e-06_9.32761571218212e-06_9.32761571218212e-06_9.32761571218212e-06
1016,7443,190-20-9-2-1,7.15117204600629e-05_7.15117204600629e-05_7.15117204600629e-05_7.15117204600629e-05_7.15117204600629e-05
1016,7444,58-13-6-2-1,0.000282315835555379_0.000282315835555379_0.000282315835555379_0.000282315835555379_0.000282315835555379
1016,7445,153-18-4-2-1,4.35288733235165e-06_4.35288733235165e-06_4.35288733235165e-06_4.35288733235165e-06_4.35288733235165e-06
1016,7446,55-22-8-1-1,3.10920523739404e-06_3.10920523739404e-06_3.10920523739404e-06_3.10920523739404e-06_3.10920523739404e-06
1016,7447,25-10-2-2-1,4.97472837983046e-06_4.97472837983046e-06_4.97472837983046e-06_4.97472837983046e-06_4.97472837983046e-06
1016,7448,199-19-9-2-1,2.48736418991523e-06_2.48736418991523e-06_2.48736418991523e-06_2.48736418991523e-06_2.48736418991523e-06
1016,7449,179-26-4-2-1,4.35288733235165e-06_4.35288733235165e-06_4.35288733235165e-06_4.35288733235165e-06_4.35288733235165e-06
1016,7450,155-10-2-2-1,0.000232568551757074_0.000232568551757074_0.000232568551757074_0.000232568551757074_0.000232568551757074
1016,7451,185-41-9-2-1,1.24368209495762e-06_1.24368209495762e-06_1.24368209495762e-06_1.24368209495762e-06_1.24368209495762e-06
1016,7452,125-30-1-1-1,6.1562263700402e-05_6.1562263700402e-05_6.1562263700402e-05_6.1562263700402e-05_6.1562263700402e-05
1016,7453,153-18-4-2-1,6.21841047478808e-06_6.21841047478808e-06_6.21841047478808e-06_6.21841047478808e-06_6.21841047478808e-06
1016,7454,70-27-8-1-1,1.18149799020973e-05_1.18149799020973e-05_1.18149799020973e-05_1.18149799020973e-05_1.18149799020973e-05
1016,7455,204-35-4-2-1,3.10920523739404e-06_3.10920523739404e-06_3.10920523739404e-06_3.10920523739404e-06_3.10920523739404e-06
1016,7456,158-2-2-2-1,0.000147376328252477_0.000147376328252477_0.000147376328252477_0.000147376328252477_0.000147376328252477
1016,7457,175-20-9-2-1,6.84025152226688e-06_6.84025152226688e-06_6.84025152226688e-06_6.84025152226688e-06_6.84025152226688e-06
1016,7458,175-20-9-2-1,3.10920523739404e-06_3.10920523739404e-06_3.10920523739404e-06_3.10920523739404e-06_3.10920523739404e-06
1016,7459,229-5-5-1-1,3.66886218012497e-05_3.66886218012497e-05_3.66886218012497e-05_3.66886218012497e-05_3.66886218012497e-05
1016,7460,200-15-9-2-1,1.24368209495762e-05_1.24368209495762e-05_1.24368209495762e-05_1.24368209495762e-05_1.24368209495762e-05
1016,7461,166-18-4-2-1,1.36805030445338e-05_1.36805030445338e-05_1.36805030445338e-05_1.36805030445338e-05_1.36805030445338e-05
1016,7462,1-1-1-1-1,6.21841047478808e-06_6.21841047478808e-06_6.21841047478808e-06_6.21841047478808e-06_6.21841047478808e-06
1016,7463,185-41-9-2-1,3.10920523739404e-06_3.10920523739404e-06_3.10920523739404e-06_3.10920523739404e-06_3.10920523739404e-06
1016,7464,191-37-4-2-1,3.73104628487285e-06_3.73104628487285e-06_3.73104628487285e-06_3.73104628487285e-06_3.73104628487285e-06
1016,7465,159-4-4-2-1,4.97472837983046e-06_4.97472837983046e-06_4.97472837983046e-06_4.97472837983046e-06_4.97472837983046e-06
1016,7466,185-41-9-2-1,3.10920523739404e-06_3.10920523739404e-06_3.10920523739404e-06_3.10920523739404e-06_3.10920523739404e-06
1016,7468,226-32-10-1-1,8.0839336172245e-06_8.0839336172245e-06_8.0839336172245e-06_8.0839336172245e-06_8.0839336172245e-06
1016,7469,185-41-9-2-1,3.10920523739404e-06_3.10920523739404e-06_3.10920523739404e-06_3.10920523739404e-06_3.10920523739404e-06
1016,7470,194-31-9-2-1,3.97978270386437e-05_3.97978270386437e-05_3.97978270386437e-05_3.97978270386437e-05_3.97978270386437e-05
1016,7471,49-22-8-1-1,6.21841047478808e-06_6.21841047478808e-06_6.21841047478808e-06_6.21841047478808e-06_6.21841047478808e-06
1016,7472,185-41-9-2-1,5.59656942730927e-06_5.59656942730927e-06_5.59656942730927e-06_5.59656942730927e-06_5.59656942730927e-06
1016,7473,118-36-10-1-1,5.59656942730927e-06_5.59656942730927e-06_5.59656942730927e-06_5.59656942730927e-06_5.59656942730927e-06
1016,7474,25-10-2-2-1,4.35288733235165e-06_4.35288733235165e-06_4.35288733235165e-06_4.35288733235165e-06_4.35288733235165e-06
1016,7475,2-2-2-2-1,0.000374348310582242_0.000374348310582242_0.000374348310582242_0.000374348310582242_0.000374348310582242
1016,7476,66-29-2-2-1,6.21841047478808e-06_6.21841047478808e-06_6.21841047478808e-06_6.21841047478808e-06_6.21841047478808e-06
1016,7477,148-29-2-2-1,4.47725554184741e-05_4.47725554184741e-05_4.47725554184741e-05_4.47725554184741e-05_4.47725554184741e-05
1016,7479,193-40-4-2-1,7.46209256974569e-06_7.46209256974569e-06_7.46209256974569e-06_7.46209256974569e-06_7.46209256974569e-06
1016,7480,25-10-2-2-1,8.0839336172245e-06_8.0839336172245e-06_8.0839336172245e-06_8.0839336172245e-06_8.0839336172245e-06
1016,7481,74-31-9-2-1,1.43023440920126e-05_1.43023440920126e-05_1.43023440920126e-05_1.43023440920126e-05_1.43023440920126e-05
1016,7482,178-44-12-1-1,1.9277072471843e-05_1.9277072471843e-05_1.9277072471843e-05_1.9277072471843e-05_1.9277072471843e-05
1016,7483,134-29-2-2-1,3.73104628487285e-06_3.73104628487285e-06_3.73104628487285e-06_3.73104628487285e-06_3.73104628487285e-06
1016,7484,191-37-4-2-1,0.000121880845305846_0.000121880845305846_0.000121880845305846_0.000121880845305846_0.000121880845305846
1016,7485,45-5-5-1-1,4.91254427508258e-05_4.91254427508258e-05_4.91254427508258e-05_4.91254427508258e-05_4.91254427508258e-05
1016,7486,131-13-6-2-1,0.000114418752736101_0.000114418752736101_0.000114418752736101_0.000114418752736101_0.000114418752736101
1016,7487,185-41-9-2-1,3.10920523739404e-06_3.10920523739404e-06_3.10920523739404e-06_3.10920523739404e-06_3.10920523739404e-06
1016,7488,102-13-6-2-1,4.04196680861225e-05_4.04196680861225e-05_4.04196680861225e-05_4.04196680861225e-05_4.04196680861225e-05
1016,7489,68-30-1-1-1,9.94945675966092e-06_9.94945675966092e-06_9.94945675966092e-06_9.94945675966092e-06_9.94945675966092e-06
1016,7490,161-36-10-1-1,5.59656942730927e-06_5.59656942730927e-06_5.59656942730927e-06_5.59656942730927e-06_5.59656942730927e-06
1016,7491,75-1-1-1-1,4.60162375134318e-05_4.60162375134318e-05_4.60162375134318e-05_4.60162375134318e-05_4.60162375134318e-05
1016,7492,186-15-9-2-1,9.14106339793847e-05_9.14106339793847e-05_9.14106339793847e-05_9.14106339793847e-05_9.14106339793847e-05
1016,7494,147-11-4-2-1,6.21841047478808e-06_6.21841047478808e-06_6.21841047478808e-06_6.21841047478808e-06_6.21841047478808e-06
1016,7495,147-11-4-2-1,3.10920523739404e-06_3.10920523739404e-06_3.10920523739404e-06_3.10920523739404e-06_3.10920523739404e-06
1016,7496,51-22-8-1-1,9.94945675966092e-06_9.94945675966092e-06_9.94945675966092e-06_9.94945675966092e-06_9.94945675966092e-06
1016,7497,180-40-4-2-1,2.48736418991523e-06_2.48736418991523e-06_2.48736418991523e-06_2.48736418991523e-06_2.48736418991523e-06
1016,7498,208-30-1-1-1,1.74115493294066e-05_1.74115493294066e-05_1.74115493294066e-05_1.74115493294066e-05_1.74115493294066e-05
1016,7499,236-42-12-1-1,6.21841047478808e-06_6.21841047478808e-06_6.21841047478808e-06_6.21841047478808e-06_6.21841047478808e-06
1016,7500,208-30-1-1-1,6.84025152226688e-06_6.84025152226688e-06_6.84025152226688e-06_6.84025152226688e-06_6.84025152226688e-06
1016,7501,185-41-9-2-1,3.73104628487285e-06_3.73104628487285e-06_3.73104628487285e-06_3.73104628487285e-06_3.73104628487285e-06
1016,7502,126-29-2-2-1,6.21841047478808e-06_6.21841047478808e-06_6.21841047478808e-06_6.21841047478808e-06_6.21841047478808e-06
1016,7503,89-13-6-2-1,6.778067417519e-05_6.778067417519e-05_6.778067417519e-05_6.778067417519e-05_6.778067417519e-05
1016,7504,89-13-6-2-1,0.000110687706451228_0.000110687706451228_0.000110687706451228_0.000110687706451228_0.000110687706451228
1016,7505,58-13-6-2-1,4.78817606558682e-05_4.78817606558682e-05_4.78817606558682e-05_4.78817606558682e-05_4.78817606558682e-05
1016,7506,83-33-5-1-1,1.49241851394914e-05_1.49241851394914e-05_1.49241851394914e-05_1.49241851394914e-05_1.49241851394914e-05
1016,7507,188-14-4-2-1,5.90748995104867e-05_5.90748995104867e-05_5.90748995104867e-05_5.90748995104867e-05_5.90748995104867e-05
1016,7508,83-33-5-1-1,1.36805030445338e-05_1.36805030445338e-05_1.36805030445338e-05_1.36805030445338e-05_1.36805030445338e-05
1016,7509,152-32-10-1-1,6.21841047478808e-06_6.21841047478808e-06_6.21841047478808e-06_6.21841047478808e-06_6.21841047478808e-06
1016,7510,112-14-4-2-1,4.35288733235165e-06_4.35288733235165e-06_4.35288733235165e-06_4.35288733235165e-06_4.35288733235165e-06
1016,7511,31-6-6-2-1,0.00033890337087595_0.00033890337087595_0.00033890337087595_0.00033890337087595_0.00033890337087595
1016,7512,140-42-12-1-1,4.97472837983046e-06_4.97472837983046e-06_4.97472837983046e-06_4.97472837983046e-06_4.97472837983046e-06
1016,7513,57-7-4-2-1,3.10920523739404e-06_3.10920523739404e-06_3.10920523739404e-06_3.10920523739404e-06_3.10920523739404e-06
1016,7514,8-7-4-2-1,6.21841047478808e-06_6.21841047478808e-06_6.21841047478808e-06_6.21841047478808e-06_6.21841047478808e-06
1016,7515,200-15-9-2-1,3.60667807537708e-05_3.60667807537708e-05_3.60667807537708e-05_3.60667807537708e-05_3.60667807537708e-05
1016,7516,10-3-3-1-1,0.000295374497552434_0.000295374497552434_0.000295374497552434_0.000295374497552434_0.000295374497552434
1016,7517,57-7-4-2-1,3.73104628487285e-06_3.73104628487285e-06_3.73104628487285e-06_3.73104628487285e-06_3.73104628487285e-06
1016,7518,70-27-8-1-1,4.35288733235165e-06_4.35288733235165e-06_4.35288733235165e-06_4.35288733235165e-06_4.35288733235165e-06
1016,7519,137-26-4-2-1,1.86552314243642e-05_1.86552314243642e-05_1.86552314243642e-05_1.86552314243642e-05_1.86552314243642e-05
1016,7520,8-7-4-2-1,1.43023440920126e-05_1.43023440920126e-05_1.43023440920126e-05_1.43023440920126e-05_1.43023440920126e-05
1016,7521,205-12-8-1-1,3.10920523739404e-06_3.10920523739404e-06_3.10920523739404e-06_3.10920523739404e-06_3.10920523739404e-06
1016,7522,148-29-2-2-1,3.2335734468898e-05_3.2335734468898e-05_3.2335734468898e-05_3.2335734468898e-05_3.2335734468898e-05
1016,7523,199-19-9-2-1,3.73104628487285e-06_3.73104628487285e-06_3.73104628487285e-06_3.73104628487285e-06_3.73104628487285e-06
1016,7524,85-33-5-1-1,0.000112553229593664_0.000112553229593664_0.000112553229593664_0.000112553229593664_0.000112553229593664
1016,7525,185-41-9-2-1,3.10920523739404e-06_3.10920523739404e-06_3.10920523739404e-06_3.10920523739404e-06_3.10920523739404e-06
1016,7526,122-16-2-2-1,5.59656942730927e-06_5.59656942730927e-06_5.59656942730927e-06_5.59656942730927e-06_5.59656942730927e-06
1016,7527,151-19-9-2-1,4.35288733235165e-06_4.35288733235165e-06_4.35288733235165e-06_4.35288733235165e-06_4.35288733235165e-06
1016,7529,2-2-2-2-1,0.000165409718629363_0.000165409718629363_0.000165409718629363_0.000165409718629363_0.000165409718629363
1016,7531,131-13-6-2-1,5.84530584630079e-05_5.84530584630079e-05_5.84530584630079e-05_5.84530584630079e-05_5.84530584630079e-05
1016,7532,157-12-8-1-1,6.778067417519e-05_6.778067417519e-05_6.778067417519e-05_6.778067417519e-05_6.778067417519e-05
1016,7534,218-7-4-2-1,5.28564890356987e-05_5.28564890356987e-05_5.28564890356987e-05_5.28564890356987e-05_5.28564890356987e-05
1016,7535,158-2-2-2-1,6.4671468937796e-05_6.4671468937796e-05_6.4671468937796e-05_6.4671468937796e-05_6.4671468937796e-05
1016,7536,7-4-4-2-1,2.98483702789828e-05_2.98483702789828e-05_2.98483702789828e-05_2.98483702789828e-05_2.98483702789828e-05
1016,7537,34-19-9-2-1,5.59656942730927e-06_5.59656942730927e-06_5.59656942730927e-06_5.59656942730927e-06_5.59656942730927e-06
1016,7538,17-11-4-2-1,0.000183443109006248_0.000183443109006248_0.000183443109006248_0.000183443109006248_0.000183443109006248
1016,7539,200-15-9-2-1,3.10920523739404e-06_3.10920523739404e-06_3.10920523739404e-06_3.10920523739404e-06_3.10920523739404e-06
1016,7540,103-13-6-2-1,0.000128721096828113_0.000128721096828113_0.000128721096828113_0.000128721096828113_0.000128721096828113
1016,7541,146-2-2-2-1,0.00132016854379751_0.00132016854379751_0.00132016854379751_0.00132016854379751_0.00132016854379751
1016,7542,57-7-4-2-1,2.17644366617583e-05_2.17644366617583e-05_2.17644366617583e-05_2.17644366617583e-05_2.17644366617583e-05
1016,7543,74-31-9-2-1,6.09404226529231e-05_6.09404226529231e-05_6.09404226529231e-05_6.09404226529231e-05_6.09404226529231e-05
1016,7544,226-32-10-1-1,0.000239408803279341_0.000239408803279341_0.000239408803279341_0.000239408803279341_0.000239408803279341
1016,7545,191-37-4-2-1,4.35288733235165e-06_4.35288733235165e-06_4.35288733235165e-06_4.35288733235165e-06_4.35288733235165e-06
1016,7546,150-30-1-1-1,1.36805030445338e-05_1.36805030445338e-05_1.36805030445338e-05_1.36805030445338e-05_1.36805030445338e-05
1016,7547,199-19-9-2-1,4.35288733235165e-06_4.35288733235165e-06_4.35288733235165e-06_4.35288733235165e-06_4.35288733235165e-06
1016,7548,199-19-9-2-1,4.97472837983046e-06_4.97472837983046e-06_4.97472837983046e-06_4.97472837983046e-06_4.97472837983046e-06
1016,7549,199-19-9-2-1,3.73104628487285e-06_3.73104628487285e-06_3.73104628487285e-06_3.73104628487285e-06_3.73104628487285e-06
1016,7550,110-3-3-1-1,0.000174737334341545_0.000174737334341545_0.000174737334341545_0.000174737334341545_0.000174737334341545
1016,7551,185-41-9-2-1,4.35288733235165e-06_4.35288733235165e-06_4.35288733235165e-06_4.35288733235165e-06_4.35288733235165e-06
1016,7552,212-41-9-2-1,8.89232697894695e-05_8.89232697894695e-05_8.89232697894695e-05_8.89232697894695e-05_8.89232697894695e-05
1016,7553,70-27-8-1-1,4.97472837983046e-06_4.97472837983046e-06_4.97472837983046e-06_4.97472837983046e-06_4.97472837983046e-06
1016,7554,147-11-4-2-1,3.73104628487285e-06_3.73104628487285e-06_3.73104628487285e-06_3.73104628487285e-06_3.73104628487285e-06
1016,7555,61-13-6-2-1,0.000118771640068452_0.000118771640068452_0.000118771640068452_0.000118771640068452_0.000118771640068452
1016,7556,226-32-10-1-1,3.2335734468898e-05_3.2335734468898e-05_3.2335734468898e-05_3.2335734468898e-05_3.2335734468898e-05
1016,7557,231-34-11-1-1,0.000868090102280415_0.000868090102280415_0.000868090102280415_0.000868090102280415_0.000868090102280415
1016,7558,22-13-6-2-1,1.67897082819278e-05_1.67897082819278e-05_1.67897082819278e-05_1.67897082819278e-05_1.67897082819278e-05
1016,7560,202-37-4-2-1,0.000138048712540295_0.000138048712540295_0.000138048712540295_0.000138048712540295_0.000138048712540295
1016,7561,202-37-4-2-1,4.22851912285589e-05_4.22851912285589e-05_4.22851912285589e-05_4.22851912285589e-05_4.22851912285589e-05
1016,7562,161-36-10-1-1,3.73104628487285e-06_3.73104628487285e-06_3.73104628487285e-06_3.73104628487285e-06_3.73104628487285e-06
1016,7563,228-17-10-1-1,3.10920523739404e-06_3.10920523739404e-06_3.10920523739404e-06_3.10920523739404e-06_3.10920523739404e-06
1016,7564,192-19-9-2-1,8.83014287419907e-05_8.83014287419907e-05_8.83014287419907e-05_8.83014287419907e-05_8.83014287419907e-05
1016,7565,227-41-9-2-1,6.84025152226688e-06_6.84025152226688e-06_6.84025152226688e-06_6.84025152226688e-06_6.84025152226688e-06
1016,7566,122-16-2-2-1,5.59656942730927e-06_5.59656942730927e-06_5.59656942730927e-06_5.59656942730927e-06_5.59656942730927e-06
1016,7567,29-17-10-1-1,0.000141157917777689_0.000141157917777689_0.000141157917777689_0.000141157917777689_0.000141157917777689
1016,7568,194-31-9-2-1,7.46209256974569e-06_7.46209256974569e-06_7.46209256974569e-06_7.46209256974569e-06_7.46209256974569e-06
1016,7569,161-36-10-1-1,6.84025152226688e-06_6.84025152226688e-06_6.84025152226688e-06_6.84025152226688e-06_6.84025152226688e-06
1016,7570,40-23-8-1-1,1.80333903768854e-05_1.80333903768854e-05_1.80333903768854e-05_1.80333903768854e-05_1.80333903768854e-05
1016,7571,122-16-2-2-1,2.61173239941099e-05_2.61173239941099e-05_2.61173239941099e-05_2.61173239941099e-05_2.61173239941099e-05
1016,7572,213-15-9-2-1,4.35288733235165e-06_4.35288733235165e-06_4.35288733235165e-06_4.35288733235165e-06_4.35288733235165e-06
1016,7573,122-16-2-2-1,1.3058661997055e-05_1.3058661997055e-05_1.3058661997055e-05_1.3058661997055e-05_1.3058661997055e-05
1016,7574,225-31-9-2-1,1.05712978071397e-05_1.05712978071397e-05_1.05712978071397e-05_1.05712978071397e-05_1.05712978071397e-05
1016,7575,203-11-4-2-1,1.36805030445338e-05_1.36805030445338e-05_1.36805030445338e-05_1.36805030445338e-05_1.36805030445338e-05
1016,7576,152-32-10-1-1,3.73104628487285e-06_3.73104628487285e-06_3.73104628487285e-06_3.73104628487285e-06_3.73104628487285e-06
1016,7577,153-18-4-2-1,3.73104628487285e-06_3.73104628487285e-06_3.73104628487285e-06_3.73104628487285e-06_3.73104628487285e-06
1016,7578,2-2-2-2-1,0.000103847454928961_0.000103847454928961_0.000103847454928961_0.000103847454928961_0.000103847454928961
1016,7579,71-29-2-2-1,9.94945675966092e-06_9.94945675966092e-06_9.94945675966092e-06_9.94945675966092e-06_9.94945675966092e-06
1016,7580,57-7-4-2-1,1.55460261869702e-05_1.55460261869702e-05_1.55460261869702e-05_1.55460261869702e-05_1.55460261869702e-05
1016,7581,30-2-2-2-1,0.000308433159549489_0.000308433159549489_0.000308433159549489_0.000308433159549489_0.000308433159549489
1016,7582,67-2-2-2-1,8.45703824571178e-05_8.45703824571178e-05_8.45703824571178e-05_8.45703824571178e-05_8.45703824571178e-05
1016,7583,237-44-12-1-1,2.79828471365463e-05_2.79828471365463e-05_2.79828471365463e-05_2.79828471365463e-05_2.79828471365463e-05
1016,7585,11-4-4-2-1,4.97472837983046e-06_4.97472837983046e-06_4.97472837983046e-06_4.97472837983046e-06_4.97472837983046e-06
1016,7586,203-11-4-2-1,6.65369920802324e-05_6.65369920802324e-05_6.65369920802324e-05_6.65369920802324e-05_6.65369920802324e-05
1016,7587,227-41-9-2-1,1.18149799020973e-05_1.18149799020973e-05_1.18149799020973e-05_1.18149799020973e-05_1.18149799020973e-05
1016,7588,121-39-11-1-1,5.59656942730927e-06_5.59656942730927e-06_5.59656942730927e-06_5.59656942730927e-06_5.59656942730927e-06
1016,7589,8-7-4-2-1,8.0839336172245e-06_8.0839336172245e-06_8.0839336172245e-06_8.0839336172245e-06_8.0839336172245e-06
1016,7590,44-13-6-2-1,9.57635213117364e-05_9.57635213117364e-05_9.57635213117364e-05_9.57635213117364e-05_9.57635213117364e-05
1016,7591,44-13-6-2-1,3.17138934214192e-05_3.17138934214192e-05_3.17138934214192e-05_3.17138934214192e-05_3.17138934214192e-05
1016,7592,228-17-10-1-1,2.48736418991523e-05_2.48736418991523e-05_2.48736418991523e-05_2.48736418991523e-05_2.48736418991523e-05
1016,7593,178-44-12-1-1,9.32761571218212e-06_9.32761571218212e-06_9.32761571218212e-06_9.32761571218212e-06_9.32761571218212e-06
1016,7594,4-4-4-2-1,1.86552314243642e-05_1.86552314243642e-05_1.86552314243642e-05_1.86552314243642e-05_1.86552314243642e-05
1016,7595,199-19-9-2-1,3.73104628487285e-06_3.73104628487285e-06_3.73104628487285e-06_3.73104628487285e-06_3.73104628487285e-06
1016,7596,196-14-4-2-1,0.000140536076730211_0.000140536076730211_0.000140536076730211_0.000140536076730211_0.000140536076730211
1016,7597,133-12-8-1-1,1.24368209495762e-05_1.24368209495762e-05_1.24368209495762e-05_1.24368209495762e-05_1.24368209495762e-05
1016,7598,130-12-8-1-1,1.74115493294066e-05_1.74115493294066e-05_1.74115493294066e-05_1.74115493294066e-05_1.74115493294066e-05
1016,7599,172-40-4-2-1,3.10920523739404e-06_3.10920523739404e-06_3.10920523739404e-06_3.10920523739404e-06_3.10920523739404e-06
1016,7600,180-40-4-2-1,4.35288733235165e-06_4.35288733235165e-06_4.35288733235165e-06_4.35288733235165e-06_4.35288733235165e-06
1016,7601,122-16-2-2-1,1.05712978071397e-05_1.05712978071397e-05_1.05712978071397e-05_1.05712978071397e-05_1.05712978071397e-05
1016,7602,228-17-10-1-1,1.6167867234449e-05_1.6167867234449e-05_1.6167867234449e-05_1.6167867234449e-05_1.6167867234449e-05
1016,7603,199-19-9-2-1,4.97472837983046e-06_4.97472837983046e-06_4.97472837983046e-06_4.97472837983046e-06_4.97472837983046e-06
1016,7604,172-40-4-2-1,1.18149799020973e-05_1.18149799020973e-05_1.18149799020973e-05_1.18149799020973e-05_1.18149799020973e-05
1016,7605,110-3-3-1-1,5.78312174155291e-05_5.78312174155291e-05_5.78312174155291e-05_5.78312174155291e-05_5.78312174155291e-05
1016,7606,212-41-9-2-1,6.21841047478808e-06_6.21841047478808e-06_6.21841047478808e-06_6.21841047478808e-06_6.21841047478808e-06
1016,7607,166-18-4-2-1,3.97978270386437e-05_3.97978270386437e-05_3.97978270386437e-05_3.97978270386437e-05_3.97978270386437e-05
1016,7608,49-22-8-1-1,3.73104628487285e-06_3.73104628487285e-06_3.73104628487285e-06_3.73104628487285e-06_3.73104628487285e-06
1016,7609,161-36-10-1-1,3.10920523739404e-06_3.10920523739404e-06_3.10920523739404e-06_3.10920523739404e-06_3.10920523739404e-06
1016,7610,21-8-3-1-1,0.000361911489632666_0.000361911489632666_0.000361911489632666_0.000361911489632666_0.000361911489632666
1016,7611,98-27-8-1-1,2.73610060890675e-05_2.73610060890675e-05_2.73610060890675e-05_2.73610060890675e-05_2.73610060890675e-05
1016,7612,221-35-4-2-1,8.0839336172245e-06_8.0839336172245e-06_8.0839336172245e-06_8.0839336172245e-06_8.0839336172245e-06
1016,7613,167-18-4-2-1,2.48736418991523e-06_2.48736418991523e-06_2.48736418991523e-06_2.48736418991523e-06_2.48736418991523e-06
1016,7614,196-14-4-2-1,9.32761571218212e-06_9.32761571218212e-06_9.32761571218212e-06_9.32761571218212e-06_9.32761571218212e-06
1016,7615,185-41-9-2-1,3.10920523739404e-06_3.10920523739404e-06_3.10920523739404e-06_3.10920523739404e-06_3.10920523739404e-06
1016,7616,185-41-9-2-1,3.10920523739404e-06_3.10920523739404e-06_3.10920523739404e-06_3.10920523739404e-06_3.10920523739404e-06
1016,7617,139-43-4-2-1,7.39990846499781e-05_7.39990846499781e-05_7.39990846499781e-05_7.39990846499781e-05_7.39990846499781e-05
1016,7618,75-1-1-1-1,0.000116906116926016_0.000116906116926016_0.000116906116926016_0.000116906116926016_0.000116906116926016
1016,7619,161-36-10-1-1,1.86552314243642e-05_1.86552314243642e-05_1.86552314243642e-05_1.86552314243642e-05_1.86552314243642e-05
1016,7620,235-34-11-1-1,1.67897082819278e-05_1.67897082819278e-05_1.67897082819278e-05_1.67897082819278e-05_1.67897082819278e-05
1016,7621,171-18-4-2-1,3.73104628487285e-06_3.73104628487285e-06_3.73104628487285e-06_3.73104628487285e-06_3.73104628487285e-06
1016,7622,207-29-2-2-1,0.000183443109006248_0.000183443109006248_0.000183443109006248_0.000183443109006248_0.000183443109006248
1016,7623,212-41-9-2-1,3.10920523739404e-06_3.10920523739404e-06_3.10920523739404e-06_3.10920523739404e-06_3.10920523739404e-06
1016,7624,153-18-4-2-1,7.46209256974569e-06_7.46209256974569e-06_7.46209256974569e-06_7.46209256974569e-06_7.46209256974569e-06
1016,7625,32-18-4-2-1,6.21841047478808e-06_6.21841047478808e-06_6.21841047478808e-06_6.21841047478808e-06_6.21841047478808e-06
1016,7626,66-29-2-2-1,1.86552314243642e-05_1.86552314243642e-05_1.86552314243642e-05_1.86552314243642e-05_1.86552314243642e-05
1016,7627,8-7-4-2-1,4.35288733235165e-06_4.35288733235165e-06_4.35288733235165e-06_4.35288733235165e-06_4.35288733235165e-06
1016,7628,39-22-8-1-1,5.09909658932622e-05_5.09909658932622e-05_5.09909658932622e-05_5.09909658932622e-05_5.09909658932622e-05
1016,7629,140-42-12-1-1,2.11425956142795e-05_2.11425956142795e-05_2.11425956142795e-05_2.11425956142795e-05_2.11425956142795e-05
1016,7630,142-42-12-1-1,7.46209256974569e-06_7.46209256974569e-06_7.46209256974569e-06_7.46209256974569e-06_7.46209256974569e-06
1016,7632,40-23-8-1-1,4.97472837983046e-06_4.97472837983046e-06_4.97472837983046e-06_4.97472837983046e-06_4.97472837983046e-06
1016,7633,121-39-11-1-1,6.52933099852748e-05_6.52933099852748e-05_6.52933099852748e-05_6.52933099852748e-05_6.52933099852748e-05
1016,7634,203-11-4-2-1,1.80333903768854e-05_1.80333903768854e-05_1.80333903768854e-05_1.80333903768854e-05_1.80333903768854e-05
1016,7635,196-14-4-2-1,5.78312174155291e-05_5.78312174155291e-05_5.78312174155291e-05_5.78312174155291e-05_5.78312174155291e-05
1016,7636,186-15-9-2-1,1.67897082819278e-05_1.67897082819278e-05_1.67897082819278e-05_1.67897082819278e-05_1.67897082819278e-05
1016,7637,96-13-6-2-1,9.63853623592152e-05_9.63853623592152e-05_9.63853623592152e-05_9.63853623592152e-05_9.63853623592152e-05
1016,7638,23-10-2-2-1,0.000142401599872647_0.000142401599872647_0.000142401599872647_0.000142401599872647_0.000142401599872647
1016,7639,31-6-6-2-1,4.97472837983046e-05_4.97472837983046e-05_4.97472837983046e-05_4.97472837983046e-05_4.97472837983046e-05
1016,7640,66-29-2-2-1,0.000101360090739046_0.000101360090739046_0.000101360090739046_0.000101360090739046_0.000101360090739046
1016,7641,184-31-9-2-1,1.49241851394914e-05_1.49241851394914e-05_1.49241851394914e-05_1.49241851394914e-05_1.49241851394914e-05
1016,7642,75-1-1-1-1,8.70577466470331e-06_8.70577466470331e-06_8.70577466470331e-06_8.70577466470331e-06_8.70577466470331e-06
1016,7643,96-13-6-2-1,0.000252467465276396_0.000252467465276396_0.000252467465276396_0.000252467465276396_0.000252467465276396
1016,7644,35-20-9-2-1,9.94945675966092e-05_9.94945675966092e-05_9.94945675966092e-05_9.94945675966092e-05_9.94945675966092e-05
1016,7645,2-2-2-2-1,0.000230703028614638_0.000230703028614638_0.000230703028614638_0.000230703028614638_0.000230703028614638
1016,7646,40-23-8-1-1,8.0839336172245e-06_8.0839336172245e-06_8.0839336172245e-06_8.0839336172245e-06_8.0839336172245e-06
1016,7647,35-20-9-2-1,2.36299598041947e-05_2.36299598041947e-05_2.36299598041947e-05_2.36299598041947e-05_2.36299598041947e-05
1016,7648,227-41-9-2-1,1.11931388546185e-05_1.11931388546185e-05_1.11931388546185e-05_1.11931388546185e-05_1.11931388546185e-05
1016,7649,43-9-7-1-1,0.00237356727822661_0.00237356727822661_0.00237356727822661_0.00237356727822661_0.00237356727822661
1016,7650,218-7-4-2-1,6.21841047478808e-06_6.21841047478808e-06_6.21841047478808e-06_6.21841047478808e-06_6.21841047478808e-06
1016,7651,102-13-6-2-1,0.000407305886098619_0.000407305886098619_0.000407305886098619_0.000407305886098619_0.000407305886098619
1016,7652,114-40-4-2-1,4.8503601703347e-05_4.8503601703347e-05_4.8503601703347e-05_4.8503601703347e-05_4.8503601703347e-05
1016,7653,31-6-6-2-1,0.000272366378795718_0.000272366378795718_0.000272366378795718_0.000272366378795718_0.000272366378795718
1016,7654,96-13-6-2-1,0.000221375412902456_0.000221375412902456_0.000221375412902456_0.000221375412902456_0.000221375412902456
1016,7655,44-13-6-2-1,8.89232697894695e-05_8.89232697894695e-05_8.89232697894695e-05_8.89232697894695e-05_8.89232697894695e-05
1016,7656,98-27-8-1-1,5.59656942730927e-06_5.59656942730927e-06_5.59656942730927e-06_5.59656942730927e-06_5.59656942730927e-06
1016,7657,91-33-5-1-1,0.000105712978071397_0.000105712978071397_0.000105712978071397_0.000105712978071397_0.000105712978071397
1016,7658,150-30-1-1-1,4.66380785609106e-05_4.66380785609106e-05_4.66380785609106e-05_4.66380785609106e-05_4.66380785609106e-05
1016,7659,180-40-4-2-1,1.74115493294066e-05_1.74115493294066e-05_1.74115493294066e-05_1.74115493294066e-05_1.74115493294066e-05
1016,7660,13-6-6-2-1,0.000296618179647391_0.000296618179647391_0.000296618179647391_0.000296618179647391_0.000296618179647391
1016,7661,26-15-9-2-1,4.35288733235165e-06_4.35288733235165e-06_4.35288733235165e-06_4.35288733235165e-06_4.35288733235165e-06
1016,7662,185-41-9-2-1,6.21841047478808e-06_6.21841047478808e-06_6.21841047478808e-06_6.21841047478808e-06_6.21841047478808e-06
1016,7663,61-13-6-2-1,0.000214535161380189_0.000214535161380189_0.000214535161380189_0.000214535161380189_0.000214535161380189
1016,7664,37-11-4-2-1,4.97472837983046e-06_4.97472837983046e-06_4.97472837983046e-06_4.97472837983046e-06_4.97472837983046e-06
1016,7665,80-11-4-2-1,2.42518008516735e-05_2.42518008516735e-05_2.42518008516735e-05_2.42518008516735e-05_2.42518008516735e-05
1016,7666,208-30-1-1-1,7.46209256974569e-06_7.46209256974569e-06_7.46209256974569e-06_7.46209256974569e-06_7.46209256974569e-06
1016,7667,55-22-8-1-1,5.59656942730927e-06_5.59656942730927e-06_5.59656942730927e-06_5.59656942730927e-06_5.59656942730927e-06
1016,7668,163-43-4-2-1,8.76795876945119e-05_8.76795876945119e-05_8.76795876945119e-05_8.76795876945119e-05_8.76795876945119e-05
1016,7669,40-23-8-1-1,1.49241851394914e-05_1.49241851394914e-05_1.49241851394914e-05_1.49241851394914e-05_1.49241851394914e-05
1016,7670,32-18-4-2-1,1.05712978071397e-05_1.05712978071397e-05_1.05712978071397e-05_1.05712978071397e-05_1.05712978071397e-05
1016,7671,122-16-2-2-1,3.73104628487285e-06_3.73104628487285e-06_3.73104628487285e-06_3.73104628487285e-06_3.73104628487285e-06
1016,7672,40-23-8-1-1,1.18149799020973e-05_1.18149799020973e-05_1.18149799020973e-05_1.18149799020973e-05_1.18149799020973e-05
1016,7673,185-41-9-2-1,4.35288733235165e-06_4.35288733235165e-06_4.35288733235165e-06_4.35288733235165e-06_4.35288733235165e-06
1016,7674,40-23-8-1-1,1.11931388546185e-05_1.11931388546185e-05_1.11931388546185e-05_1.11931388546185e-05_1.11931388546185e-05
1016,7675,185-41-9-2-1,3.73104628487285e-06_3.73104628487285e-06_3.73104628487285e-06_3.73104628487285e-06_3.73104628487285e-06
1016,7676,8-7-4-2-1,3.10920523739404e-06_3.10920523739404e-06_3.10920523739404e-06_3.10920523739404e-06_3.10920523739404e-06
1016,7678,68-30-1-1-1,2.17644366617583e-05_2.17644366617583e-05_2.17644366617583e-05_2.17644366617583e-05_2.17644366617583e-05
1016,7679,196-14-4-2-1,4.35288733235165e-06_4.35288733235165e-06_4.35288733235165e-06_4.35288733235165e-06_4.35288733235165e-06
1016,7680,176-20-9-2-1,8.70577466470331e-06_8.70577466470331e-06_8.70577466470331e-06_8.70577466470331e-06_8.70577466470331e-06
1016,7681,70-27-8-1-1,6.21841047478808e-06_6.21841047478808e-06_6.21841047478808e-06_6.21841047478808e-06_6.21841047478808e-06
1016,7682,67-2-2-2-1,5.72093763680503e-05_5.72093763680503e-05_5.72093763680503e-05_5.72093763680503e-05_5.72093763680503e-05
1016,7683,186-15-9-2-1,3.73104628487285e-06_3.73104628487285e-06_3.73104628487285e-06_3.73104628487285e-06_3.73104628487285e-06
1016,7684,29-17-10-1-1,3.48230986588132e-05_3.48230986588132e-05_3.48230986588132e-05_3.48230986588132e-05_3.48230986588132e-05
1016,7685,29-17-10-1-1,0.000483792334938512_0.000483792334938512_0.000483792334938512_0.000483792334938512_0.000483792334938512
1016,7686,140-42-12-1-1,3.10920523739404e-06_3.10920523739404e-06_3.10920523739404e-06_3.10920523739404e-06_3.10920523739404e-06
1016,7687,74-31-9-2-1,5.22346479882198e-05_5.22346479882198e-05_5.22346479882198e-05_5.22346479882198e-05_5.22346479882198e-05
1016,7688,177-7-4-2-1,1.18149799020973e-05_1.18149799020973e-05_1.18149799020973e-05_1.18149799020973e-05_1.18149799020973e-05
1016,7689,118-36-10-1-1,7.46209256974569e-06_7.46209256974569e-06_7.46209256974569e-06_7.46209256974569e-06_7.46209256974569e-06
1016,7690,114-40-4-2-1,9.32761571218212e-06_9.32761571218212e-06_9.32761571218212e-06_9.32761571218212e-06_9.32761571218212e-06
1016,7691,44-13-6-2-1,4.97472837983046e-06_4.97472837983046e-06_4.97472837983046e-06_4.97472837983046e-06_4.97472837983046e-06
1016,7692,180-40-4-2-1,8.0839336172245e-06_8.0839336172245e-06_8.0839336172245e-06_8.0839336172245e-06_8.0839336172245e-06
1016,7693,45-5-5-1-1,8.0839336172245e-05_8.0839336172245e-05_8.0839336172245e-05_8.0839336172245e-05_8.0839336172245e-05
1016,7694,140-42-12-1-1,4.97472837983046e-06_4.97472837983046e-06_4.97472837983046e-06_4.97472837983046e-06_4.97472837983046e-06
1016,7695,148-29-2-2-1,2.11425956142795e-05_2.11425956142795e-05_2.11425956142795e-05_2.11425956142795e-05_2.11425956142795e-05
1016,7696,191-37-4-2-1,4.97472837983046e-06_4.97472837983046e-06_4.97472837983046e-06_4.97472837983046e-06_4.97472837983046e-06
1016,7697,29-17-10-1-1,4.97472837983046e-06_4.97472837983046e-06_4.97472837983046e-06_4.97472837983046e-06_4.97472837983046e-06
1016,7698,227-41-9-2-1,2.17644366617583e-05_2.17644366617583e-05_2.17644366617583e-05_2.17644366617583e-05_2.17644366617583e-05
1016,7699,159-4-4-2-1,8.0839336172245e-06_8.0839336172245e-06_8.0839336172245e-06_8.0839336172245e-06_8.0839336172245e-06
1016,7700,235-34-11-1-1,1.6167867234449e-05_1.6167867234449e-05_1.6167867234449e-05_1.6167867234449e-05_1.6167867234449e-05
1016,7701,222-35-4-2-1,3.73104628487285e-06_3.73104628487285e-06_3.73104628487285e-06_3.73104628487285e-06_3.73104628487285e-06
1016,7702,18-12-8-1-1,3.5444939706292e-05_3.5444939706292e-05_3.5444939706292e-05_3.5444939706292e-05_3.5444939706292e-05
1016,7703,84-2-2-2-1,2.36299598041947e-05_2.36299598041947e-05_2.36299598041947e-05_2.36299598041947e-05_2.36299598041947e-05
1016,7704,84-2-2-2-1,1.9277072471843e-05_1.9277072471843e-05_1.9277072471843e-05_1.9277072471843e-05_1.9277072471843e-05
1016,7705,79-32-10-1-1,1.11931388546185e-05_1.11931388546185e-05_1.11931388546185e-05_1.11931388546185e-05_1.11931388546185e-05
1016,7706,79-32-10-1-1,6.21841047478808e-06_6.21841047478808e-06_6.21841047478808e-06_6.21841047478808e-06_6.21841047478808e-06
1016,7707,67-2-2-2-1,8.0839336172245e-06_8.0839336172245e-06_8.0839336172245e-06_8.0839336172245e-06_8.0839336172245e-06
1016,7708,133-12-8-1-1,1.24368209495762e-05_1.24368209495762e-05_1.24368209495762e-05_1.24368209495762e-05_1.24368209495762e-05
1016,7709,172-40-4-2-1,3.10920523739404e-06_3.10920523739404e-06_3.10920523739404e-06_3.10920523739404e-06_3.10920523739404e-06
1016,7710,133-12-8-1-1,3.91759859911649e-05_3.91759859911649e-05_3.91759859911649e-05_3.91759859911649e-05_3.91759859911649e-05
1016,7711,185-41-9-2-1,3.10920523739404e-06_3.10920523739404e-06_3.10920523739404e-06_3.10920523739404e-06_3.10920523739404e-06
1016,7712,55-22-8-1-1,3.73104628487285e-06_3.73104628487285e-06_3.73104628487285e-06_3.73104628487285e-06_3.73104628487285e-06
1016,7713,184-31-9-2-1,1.49241851394914e-05_1.49241851394914e-05_1.49241851394914e-05_1.49241851394914e-05_1.49241851394914e-05
1016,7714,128-7-4-2-1,5.59656942730927e-06_5.59656942730927e-06_5.59656942730927e-06_5.59656942730927e-06_5.59656942730927e-06
1016,7715,152-32-10-1-1,3.10920523739404e-06_3.10920523739404e-06_3.10920523739404e-06_3.10920523739404e-06_3.10920523739404e-06
1016,7716,122-16-2-2-1,3.10920523739404e-06_3.10920523739404e-06_3.10920523739404e-06_3.10920523739404e-06_3.10920523739404e-06
1016,7717,49-22-8-1-1,0.000196501771003303_0.000196501771003303_0.000196501771003303_0.000196501771003303_0.000196501771003303
1016,7718,70-27-8-1-1,3.10920523739404e-06_3.10920523739404e-06_3.10920523739404e-06_3.10920523739404e-06_3.10920523739404e-06
1016,7719,10-3-3-1-1,5.96967405579655e-05_5.96967405579655e-05_5.96967405579655e-05_5.96967405579655e-05_5.96967405579655e-05
1016,7720,147-11-4-2-1,2.48736418991523e-06_2.48736418991523e-06_2.48736418991523e-06_2.48736418991523e-06_2.48736418991523e-06
1016,7721,142-42-12-1-1,4.97472837983046e-06_4.97472837983046e-06_4.97472837983046e-06_4.97472837983046e-06_4.97472837983046e-06
1016,7722,161-36-10-1-1,6.21841047478808e-06_6.21841047478808e-06_6.21841047478808e-06_6.21841047478808e-06_6.21841047478808e-06
1016,7723,66-29-2-2-1,2.48736418991523e-06_2.48736418991523e-06_2.48736418991523e-06_2.48736418991523e-06_2.48736418991523e-06
1016,7724,126-29-2-2-1,6.84025152226688e-06_6.84025152226688e-06_6.84025152226688e-06_6.84025152226688e-06_6.84025152226688e-06
1016,7725,213-15-9-2-1,7.46209256974569e-06_7.46209256974569e-06_7.46209256974569e-06_7.46209256974569e-06_7.46209256974569e-06
1016,7726,185-41-9-2-1,4.35288733235165e-06_4.35288733235165e-06_4.35288733235165e-06_4.35288733235165e-06_4.35288733235165e-06
1016,7727,148-29-2-2-1,0.000149863692442393_0.000149863692442393_0.000149863692442393_0.000149863692442393_0.000149863692442393
1016,7728,226-32-10-1-1,9.94945675966092e-06_9.94945675966092e-06_9.94945675966092e-06_9.94945675966092e-06_9.94945675966092e-06
1016,7729,171-18-4-2-1,1.24368209495762e-05_1.24368209495762e-05_1.24368209495762e-05_1.24368209495762e-05_1.24368209495762e-05
1016,7730,148-29-2-2-1,6.778067417519e-05_6.778067417519e-05_6.778067417519e-05_6.778067417519e-05_6.778067417519e-05
1016,7731,201-17-10-1-1,2.67391650415887e-05_2.67391650415887e-05_2.67391650415887e-05_2.67391650415887e-05_2.67391650415887e-05
1016,7732,22-13-6-2-1,0.000256198511561269_0.000256198511561269_0.000256198511561269_0.000256198511561269_0.000256198511561269
1016,7733,10-3-3-1-1,0.000162922354439448_0.000162922354439448_0.000162922354439448_0.000162922354439448_0.000162922354439448
1016,7734,148-29-2-2-1,4.35288733235165e-05_4.35288733235165e-05_4.35288733235165e-05_4.35288733235165e-05_4.35288733235165e-05
1016,7735,147-11-4-2-1,3.73104628487285e-06_3.73104628487285e-06_3.73104628487285e-06_3.73104628487285e-06_3.73104628487285e-06
1016,7736,122-16-2-2-1,2.48736418991523e-05_2.48736418991523e-05_2.48736418991523e-05_2.48736418991523e-05_2.48736418991523e-05
1016,7737,200-15-9-2-1,5.59656942730927e-06_5.59656942730927e-06_5.59656942730927e-06_5.59656942730927e-06_5.59656942730927e-06
1016,7738,109-28-5-1-1,8.51922235045966e-05_8.51922235045966e-05_8.51922235045966e-05_8.51922235045966e-05_8.51922235045966e-05
1016,7739,83-33-5-1-1,2.30081187567159e-05_2.30081187567159e-05_2.30081187567159e-05_2.30081187567159e-05_2.30081187567159e-05
1016,7740,1-1-1-1-1,6.21841047478808e-05_6.21841047478808e-05_6.21841047478808e-05_6.21841047478808e-05_6.21841047478808e-05
1016,7741,83-33-5-1-1,8.70577466470331e-06_8.70577466470331e-06_8.70577466470331e-06_8.70577466470331e-06_8.70577466470331e-06
1016,7742,200-15-9-2-1,9.94945675966092e-06_9.94945675966092e-06_9.94945675966092e-06_9.94945675966092e-06_9.94945675966092e-06
1016,7743,65-1-1-1-1,0.000213291479285231_0.000213291479285231_0.000213291479285231_0.000213291479285231_0.000213291479285231
1016,7744,206-30-1-1-1,0.000162300513391969_0.000162300513391969_0.000162300513391969_0.000162300513391969_0.000162300513391969
1016,7745,174-15-9-2-1,1.18149799020973e-05_1.18149799020973e-05_1.18149799020973e-05_1.18149799020973e-05_1.18149799020973e-05
1016,7746,76-4-4-2-1,5.78312174155291e-05_5.78312174155291e-05_5.78312174155291e-05_5.78312174155291e-05_5.78312174155291e-05
1016,7747,76-4-4-2-1,6.84025152226688e-06_6.84025152226688e-06_6.84025152226688e-06_6.84025152226688e-06_6.84025152226688e-06
1016,7748,213-15-9-2-1,1.3058661997055e-05_1.3058661997055e-05_1.3058661997055e-05_1.3058661997055e-05_1.3058661997055e-05
1016,7749,79-32-10-1-1,0.000327710232021332_0.000327710232021332_0.000327710232021332_0.000327710232021332_0.000327710232021332
1016,7750,79-32-10-1-1,3.2335734468898e-05_3.2335734468898e-05_3.2335734468898e-05_3.2335734468898e-05_3.2335734468898e-05
1016,7751,185-41-9-2-1,3.10920523739404e-06_3.10920523739404e-06_3.10920523739404e-06_3.10920523739404e-06_3.10920523739404e-06
1016,7752,169-32-10-1-1,5.78312174155291e-05_5.78312174155291e-05_5.78312174155291e-05_5.78312174155291e-05_5.78312174155291e-05
1016,7753,79-32-10-1-1,9.94945675966092e-06_9.94945675966092e-06_9.94945675966092e-06_9.94945675966092e-06_9.94945675966092e-06
1016,7754,98-27-8-1-1,9.32761571218212e-06_9.32761571218212e-06_9.32761571218212e-06_9.32761571218212e-06_9.32761571218212e-06
1016,7755,79-32-10-1-1,4.35288733235165e-06_4.35288733235165e-06_4.35288733235165e-06_4.35288733235165e-06_4.35288733235165e-06
1016,7756,185-41-9-2-1,6.4671468937796e-05_6.4671468937796e-05_6.4671468937796e-05_6.4671468937796e-05_6.4671468937796e-05
1016,7757,34-19-9-2-1,5.78312174155291e-05_5.78312174155291e-05_5.78312174155291e-05_5.78312174155291e-05_5.78312174155291e-05
1016,7758,175-20-9-2-1,6.21841047478808e-06_6.21841047478808e-06_6.21841047478808e-06_6.21841047478808e-06_6.21841047478808e-06
1016,7759,112-14-4-2-1,6.21841047478808e-06_6.21841047478808e-06_6.21841047478808e-06_6.21841047478808e-06_6.21841047478808e-06
1016,7760,98-27-8-1-1,3.91759859911649e-05_3.91759859911649e-05_3.91759859911649e-05_3.91759859911649e-05_3.91759859911649e-05
1016,7762,57-7-4-2-1,1.49241851394914e-05_1.49241851394914e-05_1.49241851394914e-05_1.49241851394914e-05_1.49241851394914e-05
1016,7763,98-27-8-1-1,7.46209256974569e-06_7.46209256974569e-06_7.46209256974569e-06_7.46209256974569e-06_7.46209256974569e-06
1016,7764,224-39-11-1-1,1.11931388546185e-05_1.11931388546185e-05_1.11931388546185e-05_1.11931388546185e-05_1.11931388546185e-05
1016,7765,108-13-6-2-1,0.000228215664424722_0.000228215664424722_0.000228215664424722_0.000228215664424722_0.000228215664424722
1016,7766,226-32-10-1-1,4.35288733235165e-06_4.35288733235165e-06_4.35288733235165e-06_4.35288733235165e-06_4.35288733235165e-06
1016,7767,130-12-8-1-1,3.73104628487285e-06_3.73104628487285e-06_3.73104628487285e-06_3.73104628487285e-06_3.73104628487285e-06
1016,7768,214-26-4-2-1,4.35288733235165e-06_4.35288733235165e-06_4.35288733235165e-06_4.35288733235165e-06_4.35288733235165e-06
1016,7769,133-12-8-1-1,3.10920523739404e-06_3.10920523739404e-06_3.10920523739404e-06_3.10920523739404e-06_3.10920523739404e-06
1016,7770,39-22-8-1-1,3.10920523739404e-06_3.10920523739404e-06_3.10920523739404e-06_3.10920523739404e-06_3.10920523739404e-06
1016,7771,36-6-6-2-1,0.000340147052970908_0.000340147052970908_0.000340147052970908_0.000340147052970908_0.000340147052970908
1016,7772,226-32-10-1-1,1.24368209495762e-05_1.24368209495762e-05_1.24368209495762e-05_1.24368209495762e-05_1.24368209495762e-05
1016,7773,49-22-8-1-1,0.000103847454928961_0.000103847454928961_0.000103847454928961_0.000103847454928961_0.000103847454928961
1016,7774,102-13-6-2-1,2.42518008516735e-05_2.42518008516735e-05_2.42518008516735e-05_2.42518008516735e-05_2.42518008516735e-05
1016,7775,214-26-4-2-1,0.000225106459187328_0.000225106459187328_0.000225106459187328_0.000225106459187328_0.000225106459187328
1016,7776,97-26-4-2-1,7.39990846499781e-05_7.39990846499781e-05_7.39990846499781e-05_7.39990846499781e-05_7.39990846499781e-05
1016,7777,49-22-8-1-1,4.97472837983046e-06_4.97472837983046e-06_4.97472837983046e-06_4.97472837983046e-06_4.97472837983046e-06
1016,7778,122-16-2-2-1,2.48736418991523e-05_2.48736418991523e-05_2.48736418991523e-05_2.48736418991523e-05_2.48736418991523e-05
1016,7779,202-37-4-2-1,1.11931388546185e-05_1.11931388546185e-05_1.11931388546185e-05_1.11931388546185e-05_1.11931388546185e-05
1016,7780,185-41-9-2-1,3.73104628487285e-06_3.73104628487285e-06_3.73104628487285e-06_3.73104628487285e-06_3.73104628487285e-06
1016,7781,119-6-6-2-1,0.000529808572451944_0.000529808572451944_0.000529808572451944_0.000529808572451944_0.000529808572451944
1016,7782,65-1-1-1-1,1.05712978071397e-05_1.05712978071397e-05_1.05712978071397e-05_1.05712978071397e-05_1.05712978071397e-05
1016,7783,185-41-9-2-1,3.10920523739404e-06_3.10920523739404e-06_3.10920523739404e-06_3.10920523739404e-06_3.10920523739404e-06
1016,7784,6-6-6-2-1,0.000858762486568233_0.000858762486568233_0.000858762486568233_0.000858762486568233_0.000858762486568233
1016,7785,230-14-4-2-1,9.38979981693e-05_9.38979981693e-05_9.38979981693e-05_9.38979981693e-05_9.38979981693e-05
1016,7786,172-40-4-2-1,6.21841047478808e-06_6.21841047478808e-06_6.21841047478808e-06_6.21841047478808e-06_6.21841047478808e-06
1016,7787,222-35-4-2-1,0.000113175070641143_0.000113175070641143_0.000113175070641143_0.000113175070641143_0.000113175070641143
1016,7788,26-15-9-2-1,5.59656942730927e-06_5.59656942730927e-06_5.59656942730927e-06_5.59656942730927e-06_5.59656942730927e-06
1016,7789,44-13-6-2-1,3.17138934214192e-05_3.17138934214192e-05_3.17138934214192e-05_3.17138934214192e-05_3.17138934214192e-05
1016,7790,160-30-1-1-1,5.59656942730927e-06_5.59656942730927e-06_5.59656942730927e-06_5.59656942730927e-06_5.59656942730927e-06
1016,7791,49-22-8-1-1,4.97472837983046e-06_4.97472837983046e-06_4.97472837983046e-06_4.97472837983046e-06_4.97472837983046e-06
1016,7792,44-13-6-2-1,4.60162375134318e-05_4.60162375134318e-05_4.60162375134318e-05_4.60162375134318e-05_4.60162375134318e-05
1016,7793,185-41-9-2-1,4.35288733235165e-06_4.35288733235165e-06_4.35288733235165e-06_4.35288733235165e-06_4.35288733235165e-06
1016,7794,13-6-6-2-1,0.000166031559676842_0.000166031559676842_0.000166031559676842_0.000166031559676842_0.000166031559676842
1016,7795,119-6-6-2-1,0.000178468380626418_0.000178468380626418_0.000178468380626418_0.000178468380626418_0.000178468380626418
1016,7796,84-2-2-2-1,2.30081187567159e-05_2.30081187567159e-05_2.30081187567159e-05_2.30081187567159e-05_2.30081187567159e-05
1016,7797,62-3-3-1-1,5.72093763680503e-05_5.72093763680503e-05_5.72093763680503e-05_5.72093763680503e-05_5.72093763680503e-05
1016,7798,221-35-4-2-1,7.46209256974569e-06_7.46209256974569e-06_7.46209256974569e-06_7.46209256974569e-06_7.46209256974569e-06
1016,7799,186-15-9-2-1,4.97472837983046e-06_4.97472837983046e-06_4.97472837983046e-06_4.97472837983046e-06_4.97472837983046e-06
1016,7800,79-32-10-1-1,4.97472837983046e-06_4.97472837983046e-06_4.97472837983046e-06_4.97472837983046e-06_4.97472837983046e-06
1016,7801,122-16-2-2-1,3.10920523739404e-05_3.10920523739404e-05_3.10920523739404e-05_3.10920523739404e-05_3.10920523739404e-05
1016,7802,185-41-9-2-1,3.73104628487285e-06_3.73104628487285e-06_3.73104628487285e-06_3.73104628487285e-06_3.73104628487285e-06
1016,7803,142-42-12-1-1,9.94945675966092e-06_9.94945675966092e-06_9.94945675966092e-06_9.94945675966092e-06_9.94945675966092e-06
1016,7804,199-19-9-2-1,2.48736418991523e-06_2.48736418991523e-06_2.48736418991523e-06_2.48736418991523e-06_2.48736418991523e-06
1016,7805,171-18-4-2-1,0.000422851912285589_0.000422851912285589_0.000422851912285589_0.000422851912285589_0.000422851912285589
1016,7806,185-41-9-2-1,1.98989135193218e-05_1.98989135193218e-05_1.98989135193218e-05_1.98989135193218e-05_1.98989135193218e-05
1016,7807,212-41-9-2-1,1.3058661997055e-05_1.3058661997055e-05_1.3058661997055e-05_1.3058661997055e-05_1.3058661997055e-05
1016,7808,137-26-4-2-1,3.29575755163768e-05_3.29575755163768e-05_3.29575755163768e-05_3.29575755163768e-05_3.29575755163768e-05
1016,7809,171-18-4-2-1,1.05712978071397e-05_1.05712978071397e-05_1.05712978071397e-05_1.05712978071397e-05_1.05712978071397e-05
1016,7810,171-18-4-2-1,2.73610060890675e-05_2.73610060890675e-05_2.73610060890675e-05_2.73610060890675e-05_2.73610060890675e-05
1016,7811,167-18-4-2-1,8.0839336172245e-06_8.0839336172245e-06_8.0839336172245e-06_8.0839336172245e-06_8.0839336172245e-06
1016,7812,185-41-9-2-1,4.35288733235165e-06_4.35288733235165e-06_4.35288733235165e-06_4.35288733235165e-06_4.35288733235165e-06
1016,7813,26-15-9-2-1,7.46209256974569e-06_7.46209256974569e-06_7.46209256974569e-06_7.46209256974569e-06_7.46209256974569e-06
1016,7814,171-18-4-2-1,0.00017722469853146_0.00017722469853146_0.00017722469853146_0.00017722469853146_0.00017722469853146
1016,7815,172-40-4-2-1,1.05712978071397e-05_1.05712978071397e-05_1.05712978071397e-05_1.05712978071397e-05_1.05712978071397e-05
1016,7816,213-15-9-2-1,1.11931388546185e-05_1.11931388546185e-05_1.11931388546185e-05_1.11931388546185e-05_1.11931388546185e-05
1016,7817,27-8-3-1-1,0.000132452143112986_0.000132452143112986_0.000132452143112986_0.000132452143112986_0.000132452143112986
1016,7818,171-18-4-2-1,8.70577466470331e-06_8.70577466470331e-06_8.70577466470331e-06_8.70577466470331e-06_8.70577466470331e-06
1016,7819,191-37-4-2-1,9.32761571218212e-06_9.32761571218212e-06_9.32761571218212e-06_9.32761571218212e-06_9.32761571218212e-06
1016,7820,70-27-8-1-1,2.48736418991523e-06_2.48736418991523e-06_2.48736418991523e-06_2.48736418991523e-06_2.48736418991523e-06
1016,7821,136-26-4-2-1,7.27554025550205e-05_7.27554025550205e-05_7.27554025550205e-05_7.27554025550205e-05_7.27554025550205e-05
1016,7822,40-23-8-1-1,9.32761571218212e-06_9.32761571218212e-06_9.32761571218212e-06_9.32761571218212e-06_9.32761571218212e-06
1016,7823,54-26-4-2-1,2.61173239941099e-05_2.61173239941099e-05_2.61173239941099e-05_2.61173239941099e-05_2.61173239941099e-05
1016,7824,196-14-4-2-1,4.97472837983046e-06_4.97472837983046e-06_4.97472837983046e-06_4.97472837983046e-06_4.97472837983046e-06
1016,7825,58-13-6-2-1,5.96967405579655e-05_5.96967405579655e-05_5.96967405579655e-05_5.96967405579655e-05_5.96967405579655e-05
1016,7826,199-19-9-2-1,0.000123746368448283_0.000123746368448283_0.000123746368448283_0.000123746368448283_0.000123746368448283
1016,7827,167-18-4-2-1,4.35288733235165e-06_4.35288733235165e-06_4.35288733235165e-06_4.35288733235165e-06_4.35288733235165e-06
1016,7828,141-42-12-1-1,3.73104628487285e-06_3.73104628487285e-06_3.73104628487285e-06_3.73104628487285e-06_3.73104628487285e-06
1016,7829,26-15-9-2-1,6.21841047478808e-06_6.21841047478808e-06_6.21841047478808e-06_6.21841047478808e-06_6.21841047478808e-06
1016,7830,26-15-9-2-1,4.91254427508258e-05_4.91254427508258e-05_4.91254427508258e-05_4.91254427508258e-05_4.91254427508258e-05
1016,7831,236-42-12-1-1,4.35288733235165e-06_4.35288733235165e-06_4.35288733235165e-06_4.35288733235165e-06_4.35288733235165e-06
1016,7832,214-26-4-2-1,7.46209256974569e-06_7.46209256974569e-06_7.46209256974569e-06_7.46209256974569e-06_7.46209256974569e-06
1016,7833,57-7-4-2-1,1.24368209495762e-05_1.24368209495762e-05_1.24368209495762e-05_1.24368209495762e-05_1.24368209495762e-05
1016,7834,127-30-1-1-1,0.000281072153460421_0.000281072153460421_0.000281072153460421_0.000281072153460421_0.000281072153460421
1016,7835,75-1-1-1-1,5.59656942730927e-06_5.59656942730927e-06_5.59656942730927e-06_5.59656942730927e-06_5.59656942730927e-06
1016,7836,191-37-4-2-1,0.00013556134835038_0.00013556134835038_0.00013556134835038_0.00013556134835038_0.00013556134835038
1016,7837,127-30-1-1-1,4.16633501810801e-05_4.16633501810801e-05_4.16633501810801e-05_4.16633501810801e-05_4.16633501810801e-05
1016,7838,127-30-1-1-1,2.05207545668007e-05_2.05207545668007e-05_2.05207545668007e-05_2.05207545668007e-05_2.05207545668007e-05
1016,7839,185-41-9-2-1,3.73104628487285e-06_3.73104628487285e-06_3.73104628487285e-06_3.73104628487285e-06_3.73104628487285e-06
1016,7840,127-30-1-1-1,2.23862777092371e-05_2.23862777092371e-05_2.23862777092371e-05_2.23862777092371e-05_2.23862777092371e-05
1016,7841,40-23-8-1-1,7.46209256974569e-06_7.46209256974569e-06_7.46209256974569e-06_7.46209256974569e-06_7.46209256974569e-06
1016,7842,122-16-2-2-1,1.3058661997055e-05_1.3058661997055e-05_1.3058661997055e-05_1.3058661997055e-05_1.3058661997055e-05
1016,7843,68-30-1-1-1,8.95451108369483e-05_8.95451108369483e-05_8.95451108369483e-05_8.95451108369483e-05_8.95451108369483e-05
1016,7845,130-12-8-1-1,0.000214535161380189_0.000214535161380189_0.000214535161380189_0.000214535161380189_0.000214535161380189
1016,7846,68-30-1-1-1,2.48736418991523e-06_2.48736418991523e-06_2.48736418991523e-06_2.48736418991523e-06_2.48736418991523e-06
1016,7847,130-12-8-1-1,0.000179712062721375_0.000179712062721375_0.000179712062721375_0.000179712062721375_0.000179712062721375
1016,7848,222-35-4-2-1,6.21841047478808e-06_6.21841047478808e-06_6.21841047478808e-06_6.21841047478808e-06_6.21841047478808e-06
1016,7849,130-12-8-1-1,3.04702113264616e-05_3.04702113264616e-05_3.04702113264616e-05_3.04702113264616e-05_3.04702113264616e-05
1016,7850,147-11-4-2-1,3.10920523739404e-06_3.10920523739404e-06_3.10920523739404e-06_3.10920523739404e-06_3.10920523739404e-06
1016,7851,34-19-9-2-1,5.59656942730927e-06_5.59656942730927e-06_5.59656942730927e-06_5.59656942730927e-06_5.59656942730927e-06
1016,7852,235-34-11-1-1,1.55460261869702e-05_1.55460261869702e-05_1.55460261869702e-05_1.55460261869702e-05_1.55460261869702e-05
1016,7853,159-4-4-2-1,4.35288733235165e-06_4.35288733235165e-06_4.35288733235165e-06_4.35288733235165e-06_4.35288733235165e-06
1016,7854,235-34-11-1-1,1.49241851394914e-05_1.49241851394914e-05_1.49241851394914e-05_1.49241851394914e-05_1.49241851394914e-05
1016,7855,227-41-9-2-1,3.73104628487285e-06_3.73104628487285e-06_3.73104628487285e-06_3.73104628487285e-06_3.73104628487285e-06
1016,7856,235-34-11-1-1,1.43023440920126e-05_1.43023440920126e-05_1.43023440920126e-05_1.43023440920126e-05_1.43023440920126e-05
1016,7857,7-4-4-2-1,5.59656942730927e-06_5.59656942730927e-06_5.59656942730927e-06_5.59656942730927e-06_5.59656942730927e-06
1016,7858,230-14-4-2-1,1.11931388546185e-05_1.11931388546185e-05_1.11931388546185e-05_1.11931388546185e-05_1.11931388546185e-05
1016,7859,235-34-11-1-1,1.36805030445338e-05_1.36805030445338e-05_1.36805030445338e-05_1.36805030445338e-05_1.36805030445338e-05
1016,7860,163-43-4-2-1,3.10920523739404e-06_3.10920523739404e-06_3.10920523739404e-06_3.10920523739404e-06_3.10920523739404e-06
1016,7861,83-33-5-1-1,5.47220121781351e-05_5.47220121781351e-05_5.47220121781351e-05_5.47220121781351e-05_5.47220121781351e-05
1016,7862,196-14-4-2-1,6.84025152226688e-06_6.84025152226688e-06_6.84025152226688e-06_6.84025152226688e-06_6.84025152226688e-06
1016,7863,114-40-4-2-1,3.35794165638556e-05_3.35794165638556e-05_3.35794165638556e-05_3.35794165638556e-05_3.35794165638556e-05
1016,7864,88-35-4-2-1,6.21841047478808e-06_6.21841047478808e-06_6.21841047478808e-06_6.21841047478808e-06_6.21841047478808e-06
1016,7865,200-15-9-2-1,1.36805030445338e-05_1.36805030445338e-05_1.36805030445338e-05_1.36805030445338e-05_1.36805030445338e-05
1016,7866,166-18-4-2-1,3.29575755163768e-05_3.29575755163768e-05_3.29575755163768e-05_3.29575755163768e-05_3.29575755163768e-05
1016,7868,127-30-1-1-1,3.73104628487285e-06_3.73104628487285e-06_3.73104628487285e-06_3.73104628487285e-06_3.73104628487285e-06
1016,7869,180-40-4-2-1,1.11931388546185e-05_1.11931388546185e-05_1.11931388546185e-05_1.11931388546185e-05_1.11931388546185e-05
1016,7870,220-22-8-1-1,2.48736418991523e-06_2.48736418991523e-06_2.48736418991523e-06_2.48736418991523e-06_2.48736418991523e-06
1016,7871,140-42-12-1-1,4.35288733235165e-06_4.35288733235165e-06_4.35288733235165e-06_4.35288733235165e-06_4.35288733235165e-06
1016,7872,180-40-4-2-1,7.46209256974569e-06_7.46209256974569e-06_7.46209256974569e-06_7.46209256974569e-06_7.46209256974569e-06
1016,7873,171-18-4-2-1,6.21841047478808e-06_6.21841047478808e-06_6.21841047478808e-06_6.21841047478808e-06_6.21841047478808e-06
1016,7875,213-15-9-2-1,7.46209256974569e-06_7.46209256974569e-06_7.46209256974569e-06_7.46209256974569e-06_7.46209256974569e-06
1016,7876,4-4-4-2-1,3.10920523739404e-06_3.10920523739404e-06_3.10920523739404e-06_3.10920523739404e-06_3.10920523739404e-06
1016,7877,230-14-4-2-1,5.1612806940741e-05_5.1612806940741e-05_5.1612806940741e-05_5.1612806940741e-05_5.1612806940741e-05
1016,7878,230-14-4-2-1,1.74115493294066e-05_1.74115493294066e-05_1.74115493294066e-05_1.74115493294066e-05_1.74115493294066e-05
1016,7879,230-14-4-2-1,1.55460261869702e-05_1.55460261869702e-05_1.55460261869702e-05_1.55460261869702e-05_1.55460261869702e-05
1016,7880,230-14-4-2-1,2.9226529231504e-05_2.9226529231504e-05_2.9226529231504e-05_2.9226529231504e-05_2.9226529231504e-05
1016,7881,185-41-9-2-1,3.10920523739404e-06_3.10920523739404e-06_3.10920523739404e-06_3.10920523739404e-06_3.10920523739404e-06
1016,7882,122-16-2-2-1,8.0839336172245e-06_8.0839336172245e-06_8.0839336172245e-06_8.0839336172245e-06_8.0839336172245e-06
1016,7883,172-40-4-2-1,3.10920523739404e-06_3.10920523739404e-06_3.10920523739404e-06_3.10920523739404e-06_3.10920523739404e-06
1016,7884,154-25-8-1-1,0.000805905997532535_0.000805905997532535_0.000805905997532535_0.000805905997532535_0.000805905997532535
1016,7885,154-25-8-1-1,6.03185816054443e-05_6.03185816054443e-05_6.03185816054443e-05_6.03185816054443e-05_6.03185816054443e-05
1016,7886,205-12-8-1-1,3.10920523739404e-06_3.10920523739404e-06_3.10920523739404e-06_3.10920523739404e-06_3.10920523739404e-06
1016,7887,154-25-8-1-1,5.84530584630079e-05_5.84530584630079e-05_5.84530584630079e-05_5.84530584630079e-05_5.84530584630079e-05
1016,7888,154-25-8-1-1,6.21841047478808e-06_6.21841047478808e-06_6.21841047478808e-06_6.21841047478808e-06_6.21841047478808e-06
1016,7889,205-12-8-1-1,1.11931388546185e-05_1.11931388546185e-05_1.11931388546185e-05_1.11931388546185e-05_1.11931388546185e-05
1016,7890,154-25-8-1-1,0.000160434990249532_0.000160434990249532_0.000160434990249532_0.000160434990249532_0.000160434990249532
1016,7891,154-25-8-1-1,3.35794165638556e-05_3.35794165638556e-05_3.35794165638556e-05_3.35794165638556e-05_3.35794165638556e-05
1016,7892,154-25-8-1-1,7.46209256974569e-06_7.46209256974569e-06_7.46209256974569e-06_7.46209256974569e-06_7.46209256974569e-06
1016,7893,129-21-4-2-1,3.73104628487285e-06_3.73104628487285e-06_3.73104628487285e-06_3.73104628487285e-06_3.73104628487285e-06
1016,7894,66-29-2-2-1,1.18149799020973e-05_1.18149799020973e-05_1.18149799020973e-05_1.18149799020973e-05_1.18149799020973e-05
1016,7895,66-29-2-2-1,5.59656942730927e-06_5.59656942730927e-06_5.59656942730927e-06_5.59656942730927e-06_5.59656942730927e-06
1016,7896,159-4-4-2-1,1.36805030445338e-05_1.36805030445338e-05_1.36805030445338e-05_1.36805030445338e-05_1.36805030445338e-05
1016,7897,199-19-9-2-1,7.46209256974569e-06_7.46209256974569e-06_7.46209256974569e-06_7.46209256974569e-06_7.46209256974569e-06
1016,7898,227-41-9-2-1,4.35288733235165e-06_4.35288733235165e-06_4.35288733235165e-06_4.35288733235165e-06_4.35288733235165e-06
1016,7899,216-19-9-2-1,3.85541449436861e-05_3.85541449436861e-05_3.85541449436861e-05_3.85541449436861e-05_3.85541449436861e-05
1016,7900,216-19-9-2-1,1.11931388546185e-05_1.11931388546185e-05_1.11931388546185e-05_1.11931388546185e-05_1.11931388546185e-05
1016,7901,34-19-9-2-1,2.42518008516735e-05_2.42518008516735e-05_2.42518008516735e-05_2.42518008516735e-05_2.42518008516735e-05
1016,7902,167-18-4-2-1,6.21841047478808e-06_6.21841047478808e-06_6.21841047478808e-06_6.21841047478808e-06_6.21841047478808e-06
1016,7903,205-12-8-1-1,4.35288733235165e-06_4.35288733235165e-06_4.35288733235165e-06_4.35288733235165e-06_4.35288733235165e-06
1016,7904,74-31-9-2-1,5.59656942730927e-06_5.59656942730927e-06_5.59656942730927e-06_5.59656942730927e-06_5.59656942730927e-06
1016,7905,205-12-8-1-1,3.73104628487285e-06_3.73104628487285e-06_3.73104628487285e-06_3.73104628487285e-06_3.73104628487285e-06
1016,7906,225-31-9-2-1,1.11931388546185e-05_1.11931388546185e-05_1.11931388546185e-05_1.11931388546185e-05_1.11931388546185e-05
1016,7907,212-41-9-2-1,8.0839336172245e-06_8.0839336172245e-06_8.0839336172245e-06_8.0839336172245e-06_8.0839336172245e-06
1016,7908,134-29-2-2-1,5.59656942730927e-06_5.59656942730927e-06_5.59656942730927e-06_5.59656942730927e-06_5.59656942730927e-06
1016,7909,172-40-4-2-1,2.48736418991523e-06_2.48736418991523e-06_2.48736418991523e-06_2.48736418991523e-06_2.48736418991523e-06
1016,7910,185-41-9-2-1,4.97472837983046e-06_4.97472837983046e-06_4.97472837983046e-06_4.97472837983046e-06_4.97472837983046e-06
1016,7911,200-15-9-2-1,1.74115493294066e-05_1.74115493294066e-05_1.74115493294066e-05_1.74115493294066e-05_1.74115493294066e-05
1016,7912,200-15-9-2-1,4.35288733235165e-05_4.35288733235165e-05_4.35288733235165e-05_4.35288733235165e-05_4.35288733235165e-05
1016,7913,191-37-4-2-1,9.32761571218212e-06_9.32761571218212e-06_9.32761571218212e-06_9.32761571218212e-06_9.32761571218212e-06
1016,7914,26-15-9-2-1,4.35288733235165e-06_4.35288733235165e-06_4.35288733235165e-06_4.35288733235165e-06_4.35288733235165e-06
1016,7915,8-7-4-2-1,3.79323038962073e-05_3.79323038962073e-05_3.79323038962073e-05_3.79323038962073e-05_3.79323038962073e-05
1016,7916,180-40-4-2-1,3.73104628487285e-06_3.73104628487285e-06_3.73104628487285e-06_3.73104628487285e-06_3.73104628487285e-06
1016,7917,22-13-6-2-1,2.17644366617583e-05_2.17644366617583e-05_2.17644366617583e-05_2.17644366617583e-05_2.17644366617583e-05
1016,7918,22-13-6-2-1,7.21335615075417e-05_7.21335615075417e-05_7.21335615075417e-05_7.21335615075417e-05_7.21335615075417e-05
1016,7919,63-27-8-1-1,3.10920523739404e-06_3.10920523739404e-06_3.10920523739404e-06_3.10920523739404e-06_3.10920523739404e-06
1016,7920,235-34-11-1-1,1.3058661997055e-05_1.3058661997055e-05_1.3058661997055e-05_1.3058661997055e-05_1.3058661997055e-05
1016,7921,213-15-9-2-1,4.97472837983046e-06_4.97472837983046e-06_4.97472837983046e-06_4.97472837983046e-06_4.97472837983046e-06
1016,7923,142-42-12-1-1,3.10920523739404e-06_3.10920523739404e-06_3.10920523739404e-06_3.10920523739404e-06_3.10920523739404e-06
1016,7924,142-42-12-1-1,3.10920523739404e-06_3.10920523739404e-06_3.10920523739404e-06_3.10920523739404e-06_3.10920523739404e-06
1016,7925,180-40-4-2-1,3.73104628487285e-06_3.73104628487285e-06_3.73104628487285e-06_3.73104628487285e-06_3.73104628487285e-06
1016,7926,185-41-9-2-1,2.48736418991523e-06_2.48736418991523e-06_2.48736418991523e-06_2.48736418991523e-06_2.48736418991523e-06
1016,7927,138-23-8-1-1,2.42518008516735e-05_2.42518008516735e-05_2.42518008516735e-05_2.42518008516735e-05_2.42518008516735e-05
1016,7928,95-37-4-2-1,0.000350718350778048_0.000350718350778048_0.000350718350778048_0.000350718350778048_0.000350718350778048
1016,7929,95-37-4-2-1,0.000120637163210889_0.000120637163210889_0.000120637163210889_0.000120637163210889_0.000120637163210889
1016,7930,185-41-9-2-1,3.10920523739404e-06_3.10920523739404e-06_3.10920523739404e-06_3.10920523739404e-06_3.10920523739404e-06
1016,7931,188-14-4-2-1,0.000179090221673897_0.000179090221673897_0.000179090221673897_0.000179090221673897_0.000179090221673897
1016,7932,8-7-4-2-1,3.10920523739404e-06_3.10920523739404e-06_3.10920523739404e-06_3.10920523739404e-06_3.10920523739404e-06
1016,7933,6-6-6-2-1,1.80333903768854e-05_1.80333903768854e-05_1.80333903768854e-05_1.80333903768854e-05_1.80333903768854e-05
1016,7934,112-14-4-2-1,6.21841047478808e-06_6.21841047478808e-06_6.21841047478808e-06_6.21841047478808e-06_6.21841047478808e-06
1016,7935,172-40-4-2-1,4.97472837983046e-06_4.97472837983046e-06_4.97472837983046e-06_4.97472837983046e-06_4.97472837983046e-06
1016,7936,172-40-4-2-1,3.10920523739404e-06_3.10920523739404e-06_3.10920523739404e-06_3.10920523739404e-06_3.10920523739404e-06
1016,7937,200-15-9-2-1,4.97472837983046e-06_4.97472837983046e-06_4.97472837983046e-06_4.97472837983046e-06_4.97472837983046e-06
1016,7938,83-33-5-1-1,1.05712978071397e-05_1.05712978071397e-05_1.05712978071397e-05_1.05712978071397e-05_1.05712978071397e-05
1016,7939,128-7-4-2-1,3.10920523739404e-06_3.10920523739404e-06_3.10920523739404e-06_3.10920523739404e-06_3.10920523739404e-06
1016,7940,120-16-2-2-1,2.42518008516735e-05_2.42518008516735e-05_2.42518008516735e-05_2.42518008516735e-05_2.42518008516735e-05
1016,7941,213-15-9-2-1,8.0839336172245e-06_8.0839336172245e-06_8.0839336172245e-06_8.0839336172245e-06_8.0839336172245e-06
1016,7942,205-12-8-1-1,3.10920523739404e-06_3.10920523739404e-06_3.10920523739404e-06_3.10920523739404e-06_3.10920523739404e-06
1016,7943,144-43-4-2-1,1.11931388546185e-05_1.11931388546185e-05_1.11931388546185e-05_1.11931388546185e-05_1.11931388546185e-05
1016,7944,36-6-6-2-1,1.9277072471843e-05_1.9277072471843e-05_1.9277072471843e-05_1.9277072471843e-05_1.9277072471843e-05
1016,7945,175-20-9-2-1,2.42518008516735e-05_2.42518008516735e-05_2.42518008516735e-05_2.42518008516735e-05_2.42518008516735e-05
1016,7946,167-18-4-2-1,3.73104628487285e-06_3.73104628487285e-06_3.73104628487285e-06_3.73104628487285e-06_3.73104628487285e-06
1016,7947,138-23-8-1-1,0.000223240936044892_0.000223240936044892_0.000223240936044892_0.000223240936044892_0.000223240936044892
1016,7948,138-23-8-1-1,4.35288733235165e-06_4.35288733235165e-06_4.35288733235165e-06_4.35288733235165e-06_4.35288733235165e-06
1016,7949,172-40-4-2-1,3.73104628487285e-06_3.73104628487285e-06_3.73104628487285e-06_3.73104628487285e-06_3.73104628487285e-06
1016,7950,191-37-4-2-1,1.18149799020973e-05_1.18149799020973e-05_1.18149799020973e-05_1.18149799020973e-05_1.18149799020973e-05
1016,7951,138-23-8-1-1,3.60667807537708e-05_3.60667807537708e-05_3.60667807537708e-05_3.60667807537708e-05_3.60667807537708e-05
1016,7952,141-42-12-1-1,5.59656942730927e-06_5.59656942730927e-06_5.59656942730927e-06_5.59656942730927e-06_5.59656942730927e-06
1016,7953,225-31-9-2-1,6.21841047478808e-06_6.21841047478808e-06_6.21841047478808e-06_6.21841047478808e-06_6.21841047478808e-06
1016,7954,118-36-10-1-1,3.10920523739404e-06_3.10920523739404e-06_3.10920523739404e-06_3.10920523739404e-06_3.10920523739404e-06
1016,7955,152-32-10-1-1,4.35288733235165e-06_4.35288733235165e-06_4.35288733235165e-06_4.35288733235165e-06_4.35288733235165e-06
1016,7956,177-7-4-2-1,7.46209256974569e-06_7.46209256974569e-06_7.46209256974569e-06_7.46209256974569e-06_7.46209256974569e-06
1016,7957,185-41-9-2-1,3.10920523739404e-06_3.10920523739404e-06_3.10920523739404e-06_3.10920523739404e-06_3.10920523739404e-06
1016,7958,185-41-9-2-1,4.35288733235165e-06_4.35288733235165e-06_4.35288733235165e-06_4.35288733235165e-06_4.35288733235165e-06
1016,7959,177-7-4-2-1,1.86552314243642e-05_1.86552314243642e-05_1.86552314243642e-05_1.86552314243642e-05_1.86552314243642e-05
1016,7960,222-35-4-2-1,3.10920523739404e-06_3.10920523739404e-06_3.10920523739404e-06_3.10920523739404e-06_3.10920523739404e-06
1016,7961,156-37-4-2-1,3.10920523739404e-06_3.10920523739404e-06_3.10920523739404e-06_3.10920523739404e-06_3.10920523739404e-06
1016,7962,6-6-6-2-1,4.78817606558682e-05_4.78817606558682e-05_4.78817606558682e-05_4.78817606558682e-05_4.78817606558682e-05
1016,7963,201-17-10-1-1,3.60667807537708e-05_3.60667807537708e-05_3.60667807537708e-05_3.60667807537708e-05_3.60667807537708e-05
1016,7964,218-7-4-2-1,4.8503601703347e-05_4.8503601703347e-05_4.8503601703347e-05_4.8503601703347e-05_4.8503601703347e-05
1016,7965,172-40-4-2-1,1.49241851394914e-05_1.49241851394914e-05_1.49241851394914e-05_1.49241851394914e-05_1.49241851394914e-05
1016,7966,213-15-9-2-1,1.43023440920126e-05_1.43023440920126e-05_1.43023440920126e-05_1.43023440920126e-05_1.43023440920126e-05
1016,7967,121-39-11-1-1,7.46209256974569e-06_7.46209256974569e-06_7.46209256974569e-06_7.46209256974569e-06_7.46209256974569e-06
1016,7968,167-18-4-2-1,1.67897082819278e-05_1.67897082819278e-05_1.67897082819278e-05_1.67897082819278e-05_1.67897082819278e-05
1016,7969,45-5-5-1-1,7.08898794125841e-05_7.08898794125841e-05_7.08898794125841e-05_7.08898794125841e-05_7.08898794125841e-05
1016,7970,80-11-4-2-1,5.59656942730927e-06_5.59656942730927e-06_5.59656942730927e-06_5.59656942730927e-06_5.59656942730927e-06
1016,7971,49-22-8-1-1,1.55460261869702e-05_1.55460261869702e-05_1.55460261869702e-05_1.55460261869702e-05_1.55460261869702e-05
1016,7972,185-41-9-2-1,4.35288733235165e-06_4.35288733235165e-06_4.35288733235165e-06_4.35288733235165e-06_4.35288733235165e-06
1016,7973,185-41-9-2-1,6.84025152226688e-06_6.84025152226688e-06_6.84025152226688e-06_6.84025152226688e-06_6.84025152226688e-06
1016,7974,196-14-4-2-1,9.94945675966092e-06_9.94945675966092e-06_9.94945675966092e-06_9.94945675966092e-06_9.94945675966092e-06
1016,7975,45-5-5-1-1,3.73104628487285e-06_3.73104628487285e-06_3.73104628487285e-06_3.73104628487285e-06_3.73104628487285e-06
1016,7976,8-7-4-2-1,5.59656942730927e-06_5.59656942730927e-06_5.59656942730927e-06_5.59656942730927e-06_5.59656942730927e-06
1016,7977,227-41-9-2-1,3.10920523739404e-06_3.10920523739404e-06_3.10920523739404e-06_3.10920523739404e-06_3.10920523739404e-06
1016,7978,8-7-4-2-1,1.3058661997055e-05_1.3058661997055e-05_1.3058661997055e-05_1.3058661997055e-05_1.3058661997055e-05
1016,7979,189-12-8-1-1,7.46209256974569e-06_7.46209256974569e-06_7.46209256974569e-06_7.46209256974569e-06_7.46209256974569e-06
1016,7980,185-41-9-2-1,4.35288733235165e-06_4.35288733235165e-06_4.35288733235165e-06_4.35288733235165e-06_4.35288733235165e-06
1016,7981,1-1-1-1-1,2.98483702789828e-05_2.98483702789828e-05_2.98483702789828e-05_2.98483702789828e-05_2.98483702789828e-05
1016,7982,142-42-12-1-1,1.05712978071397e-05_1.05712978071397e-05_1.05712978071397e-05_1.05712978071397e-05_1.05712978071397e-05
1016,7983,95-37-4-2-1,0.000157325785012138_0.000157325785012138_0.000157325785012138_0.000157325785012138_0.000157325785012138
1016,7984,128-7-4-2-1,3.73104628487285e-06_3.73104628487285e-06_3.73104628487285e-06_3.73104628487285e-06_3.73104628487285e-06
1016,7985,11-4-4-2-1,9.94945675966092e-06_9.94945675966092e-06_9.94945675966092e-06_9.94945675966092e-06_9.94945675966092e-06
1016,7986,203-11-4-2-1,1.18149799020973e-05_1.18149799020973e-05_1.18149799020973e-05_1.18149799020973e-05_1.18149799020973e-05
1016,7987,95-37-4-2-1,0.000221997253949934_0.000221997253949934_0.000221997253949934_0.000221997253949934_0.000221997253949934
1016,7988,172-40-4-2-1,3.10920523739404e-06_3.10920523739404e-06_3.10920523739404e-06_3.10920523739404e-06_3.10920523739404e-06
1016,7989,138-23-8-1-1,3.73104628487285e-06_3.73104628487285e-06_3.73104628487285e-06_3.73104628487285e-06_3.73104628487285e-06
1016,7990,152-32-10-1-1,3.73104628487285e-06_3.73104628487285e-06_3.73104628487285e-06_3.73104628487285e-06_3.73104628487285e-06
1016,7991,235-34-11-1-1,1.24368209495762e-05_1.24368209495762e-05_1.24368209495762e-05_1.24368209495762e-05_1.24368209495762e-05
1016,7992,161-36-10-1-1,8.0839336172245e-06_8.0839336172245e-06_8.0839336172245e-06_8.0839336172245e-06_8.0839336172245e-06
1016,7993,235-34-11-1-1,1.18149799020973e-05_1.18149799020973e-05_1.18149799020973e-05_1.18149799020973e-05_1.18149799020973e-05
1016,7994,235-34-11-1-1,1.11931388546185e-05_1.11931388546185e-05_1.11931388546185e-05_1.11931388546185e-05_1.11931388546185e-05
1016,7995,235-34-11-1-1,1.05712978071397e-05_1.05712978071397e-05_1.05712978071397e-05_1.05712978071397e-05_1.05712978071397e-05
1016,7996,67-2-2-2-1,6.21841047478808e-06_6.21841047478808e-06_6.21841047478808e-06_6.21841047478808e-06_6.21841047478808e-06
1016,7997,156-37-4-2-1,8.0839336172245e-06_8.0839336172245e-06_8.0839336172245e-06_8.0839336172245e-06_8.0839336172245e-06
1016,7998,205-12-8-1-1,8.0839336172245e-06_8.0839336172245e-06_8.0839336172245e-06_8.0839336172245e-06_8.0839336172245e-06
1016,7999,235-34-11-1-1,9.94945675966092e-06_9.94945675966092e-06_9.94945675966092e-06_9.94945675966092e-06_9.94945675966092e-06
1016,8000,59-5-5-1-1,0.000146754487204999_0.000146754487204999_0.000146754487204999_0.000146754487204999_0.000146754487204999
1016,8001,143-1-1-1-1,0.000103225613881482_0.000103225613881482_0.000103225613881482_0.000103225613881482_0.000103225613881482
1016,8002,153-18-4-2-1,1.55460261869702e-05_1.55460261869702e-05_1.55460261869702e-05_1.55460261869702e-05_1.55460261869702e-05
1016,8003,74-31-9-2-1,2.61173239941099e-05_2.61173239941099e-05_2.61173239941099e-05_2.61173239941099e-05_2.61173239941099e-05
1016,8004,161-36-10-1-1,6.21841047478808e-06_6.21841047478808e-06_6.21841047478808e-06_6.21841047478808e-06_6.21841047478808e-06
1016,8005,199-19-9-2-1,2.48736418991523e-06_2.48736418991523e-06_2.48736418991523e-06_2.48736418991523e-06_2.48736418991523e-06
1016,8006,8-7-4-2-1,1.6167867234449e-05_1.6167867234449e-05_1.6167867234449e-05_1.6167867234449e-05_1.6167867234449e-05
1016,8007,191-37-4-2-1,3.73104628487285e-06_3.73104628487285e-06_3.73104628487285e-06_3.73104628487285e-06_3.73104628487285e-06
1016,8008,185-41-9-2-1,1.49241851394914e-05_1.49241851394914e-05_1.49241851394914e-05_1.49241851394914e-05_1.49241851394914e-05
1016,8009,63-27-8-1-1,6.84025152226688e-06_6.84025152226688e-06_6.84025152226688e-06_6.84025152226688e-06_6.84025152226688e-06
1016,8010,196-14-4-2-1,4.97472837983046e-06_4.97472837983046e-06_4.97472837983046e-06_4.97472837983046e-06_4.97472837983046e-06
1016,8011,185-41-9-2-1,4.35288733235165e-06_4.35288733235165e-06_4.35288733235165e-06_4.35288733235165e-06_4.35288733235165e-06
1016,8012,70-27-8-1-1,3.73104628487285e-06_3.73104628487285e-06_3.73104628487285e-06_3.73104628487285e-06_3.73104628487285e-06
1016,8013,191-37-4-2-1,8.70577466470331e-06_8.70577466470331e-06_8.70577466470331e-06_8.70577466470331e-06_8.70577466470331e-06
1016,8014,142-42-12-1-1,6.21841047478808e-06_6.21841047478808e-06_6.21841047478808e-06_6.21841047478808e-06_6.21841047478808e-06
1016,8015,8-7-4-2-1,3.73104628487285e-06_3.73104628487285e-06_3.73104628487285e-06_3.73104628487285e-06_3.73104628487285e-06
1016,8016,152-32-10-1-1,5.41001711306563e-05_5.41001711306563e-05_5.41001711306563e-05_5.41001711306563e-05_5.41001711306563e-05
1016,8017,194-31-9-2-1,4.35288733235165e-06_4.35288733235165e-06_4.35288733235165e-06_4.35288733235165e-06_4.35288733235165e-06
1016,8018,228-17-10-1-1,0.000321491821546544_0.000321491821546544_0.000321491821546544_0.000321491821546544_0.000321491821546544
1016,8019,158-2-2-2-1,0.00027112269670076_0.00027112269670076_0.00027112269670076_0.00027112269670076_0.00027112269670076
1016,8020,55-22-8-1-1,5.59656942730927e-06_5.59656942730927e-06_5.59656942730927e-06_5.59656942730927e-06_5.59656942730927e-06
1016,8021,142-42-12-1-1,3.10920523739404e-06_3.10920523739404e-06_3.10920523739404e-06_3.10920523739404e-06_3.10920523739404e-06
1016,8022,49-22-8-1-1,4.97472837983046e-06_4.97472837983046e-06_4.97472837983046e-06_4.97472837983046e-06_4.97472837983046e-06
1016,8023,23-10-2-2-1,2.05207545668007e-05_2.05207545668007e-05_2.05207545668007e-05_2.05207545668007e-05_2.05207545668007e-05
1016,8024,140-42-12-1-1,4.97472837983046e-06_4.97472837983046e-06_4.97472837983046e-06_4.97472837983046e-06_4.97472837983046e-06
1016,8025,196-14-4-2-1,6.84025152226688e-06_6.84025152226688e-06_6.84025152226688e-06_6.84025152226688e-06_6.84025152226688e-06
1016,8026,192-19-9-2-1,0.00156517391650416_0.00156517391650416_0.00156517391650416_0.00156517391650416_0.00156517391650416
1016,8027,159-4-4-2-1,1.49241851394914e-05_1.49241851394914e-05_1.49241851394914e-05_1.49241851394914e-05_1.49241851394914e-05
1016,8029,199-19-9-2-1,1.49241851394914e-05_1.49241851394914e-05_1.49241851394914e-05_1.49241851394914e-05_1.49241851394914e-05
1016,8030,29-17-10-1-1,2.86046881840252e-05_2.86046881840252e-05_2.86046881840252e-05_2.86046881840252e-05_2.86046881840252e-05
1016,8031,151-19-9-2-1,9.94945675966092e-06_9.94945675966092e-06_9.94945675966092e-06_9.94945675966092e-06_9.94945675966092e-06
1016,8032,199-19-9-2-1,9.76290444541728e-05_9.76290444541728e-05_9.76290444541728e-05_9.76290444541728e-05_9.76290444541728e-05
1016,8033,91-33-5-1-1,1.36805030445338e-05_1.36805030445338e-05_1.36805030445338e-05_1.36805030445338e-05_1.36805030445338e-05
1016,8034,227-41-9-2-1,1.36805030445338e-05_1.36805030445338e-05_1.36805030445338e-05_1.36805030445338e-05_1.36805030445338e-05
1016,8035,133-12-8-1-1,4.35288733235165e-06_4.35288733235165e-06_4.35288733235165e-06_4.35288733235165e-06_4.35288733235165e-06
1016,8036,177-7-4-2-1,9.94945675966092e-06_9.94945675966092e-06_9.94945675966092e-06_9.94945675966092e-06_9.94945675966092e-06
1016,8038,36-6-6-2-1,0.000111931388546185_0.000111931388546185_0.000111931388546185_0.000111931388546185_0.000111931388546185
1016,8039,204-35-4-2-1,8.33267003621602e-05_8.33267003621602e-05_8.33267003621602e-05_8.33267003621602e-05_8.33267003621602e-05
1016,8040,90-36-10-1-1,0.000275475584033112_0.000275475584033112_0.000275475584033112_0.000275475584033112_0.000275475584033112
1016,8041,114-40-4-2-1,3.73104628487285e-06_3.73104628487285e-06_3.73104628487285e-06_3.73104628487285e-06_3.73104628487285e-06
1016,8042,29-17-10-1-1,8.70577466470331e-06_8.70577466470331e-06_8.70577466470331e-06_8.70577466470331e-06_8.70577466470331e-06
1016,8043,29-17-10-1-1,8.70577466470331e-06_8.70577466470331e-06_8.70577466470331e-06_8.70577466470331e-06_8.70577466470331e-06
1016,8044,185-41-9-2-1,3.10920523739404e-06_3.10920523739404e-06_3.10920523739404e-06_3.10920523739404e-06_3.10920523739404e-06
1016,8045,156-37-4-2-1,5.53438532256139e-05_5.53438532256139e-05_5.53438532256139e-05_5.53438532256139e-05_5.53438532256139e-05
1016,8046,156-37-4-2-1,2.23862777092371e-05_2.23862777092371e-05_2.23862777092371e-05_2.23862777092371e-05_2.23862777092371e-05
1016,8047,172-40-4-2-1,6.21841047478808e-06_6.21841047478808e-06_6.21841047478808e-06_6.21841047478808e-06_6.21841047478808e-06
1016,8048,8-7-4-2-1,6.21841047478808e-06_6.21841047478808e-06_6.21841047478808e-06_6.21841047478808e-06_6.21841047478808e-06
1016,8049,68-30-1-1-1,6.90243562701477e-05_6.90243562701477e-05_6.90243562701477e-05_6.90243562701477e-05_6.90243562701477e-05
1016,8050,163-43-4-2-1,4.35288733235165e-06_4.35288733235165e-06_4.35288733235165e-06_4.35288733235165e-06_4.35288733235165e-06
1016,8051,216-19-9-2-1,5.59656942730927e-06_5.59656942730927e-06_5.59656942730927e-06_5.59656942730927e-06_5.59656942730927e-06
1016,8052,226-32-10-1-1,4.22851912285589e-05_4.22851912285589e-05_4.22851912285589e-05_4.22851912285589e-05_4.22851912285589e-05
1016,8053,74-31-9-2-1,9.32761571218212e-06_9.32761571218212e-06_9.32761571218212e-06_9.32761571218212e-06_9.32761571218212e-06
1016,8054,179-26-4-2-1,4.35288733235165e-06_4.35288733235165e-06_4.35288733235165e-06_4.35288733235165e-06_4.35288733235165e-06
1016,8055,184-31-9-2-1,7.46209256974569e-06_7.46209256974569e-06_7.46209256974569e-06_7.46209256974569e-06_7.46209256974569e-06
1016,8056,44-13-6-2-1,0.000112553229593664_0.000112553229593664_0.000112553229593664_0.000112553229593664_0.000112553229593664
1016,8057,168-2-2-2-1,0.000137426871492816_0.000137426871492816_0.000137426871492816_0.000137426871492816_0.000137426871492816
1016,8058,133-12-8-1-1,2.48736418991523e-06_2.48736418991523e-06_2.48736418991523e-06_2.48736418991523e-06_2.48736418991523e-06
1016,8059,212-41-9-2-1,2.11425956142795e-05_2.11425956142795e-05_2.11425956142795e-05_2.11425956142795e-05_2.11425956142795e-05
1016,8060,4-4-4-2-1,5.59656942730927e-06_5.59656942730927e-06_5.59656942730927e-06_5.59656942730927e-06_5.59656942730927e-06
1016,8061,237-44-12-1-1,2.9226529231504e-05_2.9226529231504e-05_2.9226529231504e-05_2.9226529231504e-05_2.9226529231504e-05
1016,8062,196-14-4-2-1,1.18149799020973e-05_1.18149799020973e-05_1.18149799020973e-05_1.18149799020973e-05_1.18149799020973e-05
1016,8063,160-30-1-1-1,4.35288733235165e-06_4.35288733235165e-06_4.35288733235165e-06_4.35288733235165e-06_4.35288733235165e-06
1016,8064,175-20-9-2-1,3.97978270386437e-05_3.97978270386437e-05_3.97978270386437e-05_3.97978270386437e-05_3.97978270386437e-05
1016,8065,175-20-9-2-1,3.73104628487285e-06_3.73104628487285e-06_3.73104628487285e-06_3.73104628487285e-06_3.73104628487285e-06
1016,8067,175-20-9-2-1,9.94945675966092e-06_9.94945675966092e-06_9.94945675966092e-06_9.94945675966092e-06_9.94945675966092e-06
1016,8068,4-4-4-2-1,3.10920523739404e-06_3.10920523739404e-06_3.10920523739404e-06_3.10920523739404e-06_3.10920523739404e-06
1016,8069,44-13-6-2-1,5.59656942730927e-06_5.59656942730927e-06_5.59656942730927e-06_5.59656942730927e-06_5.59656942730927e-06
1016,8070,32-18-4-2-1,7.89738130298086e-05_7.89738130298086e-05_7.89738130298086e-05_7.89738130298086e-05_7.89738130298086e-05
1016,8071,58-13-6-2-1,2.98483702789828e-05_2.98483702789828e-05_2.98483702789828e-05_2.98483702789828e-05_2.98483702789828e-05
1016,8072,57-7-4-2-1,2.05207545668007e-05_2.05207545668007e-05_2.05207545668007e-05_2.05207545668007e-05_2.05207545668007e-05
1016,8073,44-13-6-2-1,8.0839336172245e-06_8.0839336172245e-06_8.0839336172245e-06_8.0839336172245e-06_8.0839336172245e-06
1016,8074,47-22-8-1-1,7.46209256974569e-06_7.46209256974569e-06_7.46209256974569e-06_7.46209256974569e-06_7.46209256974569e-06
1016,8075,47-22-8-1-1,4.35288733235165e-06_4.35288733235165e-06_4.35288733235165e-06_4.35288733235165e-06_4.35288733235165e-06
1016,8076,179-26-4-2-1,2.17644366617583e-05_2.17644366617583e-05_2.17644366617583e-05_2.17644366617583e-05_2.17644366617583e-05
1016,8077,26-15-9-2-1,3.73104628487285e-06_3.73104628487285e-06_3.73104628487285e-06_3.73104628487285e-06_3.73104628487285e-06
1016,8078,185-41-9-2-1,3.10920523739404e-06_3.10920523739404e-06_3.10920523739404e-06_3.10920523739404e-06_3.10920523739404e-06
1016,8079,120-16-2-2-1,8.02174951247662e-05_8.02174951247662e-05_8.02174951247662e-05_8.02174951247662e-05_8.02174951247662e-05
1016,8080,74-31-9-2-1,1.24368209495762e-05_1.24368209495762e-05_1.24368209495762e-05_1.24368209495762e-05_1.24368209495762e-05
1016,8081,103-13-6-2-1,8.95451108369483e-05_8.95451108369483e-05_8.95451108369483e-05_8.95451108369483e-05_8.95451108369483e-05
1016,8082,221-35-4-2-1,3.10920523739404e-06_3.10920523739404e-06_3.10920523739404e-06_3.10920523739404e-06_3.10920523739404e-06
1016,8083,125-30-1-1-1,0.000149241851394914_0.000149241851394914_0.000149241851394914_0.000149241851394914_0.000149241851394914
1016,8084,57-7-4-2-1,1.49241851394914e-05_1.49241851394914e-05_1.49241851394914e-05_1.49241851394914e-05_1.49241851394914e-05
1016,8085,126-29-2-2-1,3.04702113264616e-05_3.04702113264616e-05_3.04702113264616e-05_3.04702113264616e-05_3.04702113264616e-05
1016,8086,8-7-4-2-1,3.10920523739404e-06_3.10920523739404e-06_3.10920523739404e-06_3.10920523739404e-06_3.10920523739404e-06
1016,8087,185-41-9-2-1,3.73104628487285e-06_3.73104628487285e-06_3.73104628487285e-06_3.73104628487285e-06_3.73104628487285e-06
1016,8088,36-6-6-2-1,9.20324750268635e-05_9.20324750268635e-05_9.20324750268635e-05_9.20324750268635e-05_9.20324750268635e-05
1016,8089,114-40-4-2-1,4.47725554184741e-05_4.47725554184741e-05_4.47725554184741e-05_4.47725554184741e-05_4.47725554184741e-05
1016,8090,46-2-2-2-1,2.54954829466311e-05_2.54954829466311e-05_2.54954829466311e-05_2.54954829466311e-05_2.54954829466311e-05
1016,8091,213-15-9-2-1,8.0839336172245e-06_8.0839336172245e-06_8.0839336172245e-06_8.0839336172245e-06_8.0839336172245e-06
1016,8092,222-35-4-2-1,7.46209256974569e-06_7.46209256974569e-06_7.46209256974569e-06_7.46209256974569e-06_7.46209256974569e-06
1016,8093,75-1-1-1-1,0.000467002626656585_0.000467002626656585_0.000467002626656585_0.000467002626656585_0.000467002626656585
1016,8094,127-30-1-1-1,6.09404226529231e-05_6.09404226529231e-05_6.09404226529231e-05_6.09404226529231e-05_6.09404226529231e-05
1016,8095,185-41-9-2-1,3.73104628487285e-06_3.73104628487285e-06_3.73104628487285e-06_3.73104628487285e-06_3.73104628487285e-06
1016,8096,4-4-4-2-1,9.94945675966092e-06_9.94945675966092e-06_9.94945675966092e-06_9.94945675966092e-06_9.94945675966092e-06
1016,8098,224-39-11-1-1,0.000274853742985633_0.000274853742985633_0.000274853742985633_0.000274853742985633_0.000274853742985633
1016,8099,236-42-12-1-1,4.97472837983046e-06_4.97472837983046e-06_4.97472837983046e-06_4.97472837983046e-06_4.97472837983046e-06
1016,8100,227-41-9-2-1,4.97472837983046e-06_4.97472837983046e-06_4.97472837983046e-06_4.97472837983046e-06_4.97472837983046e-06
1016,8101,44-13-6-2-1,3.04702113264616e-05_3.04702113264616e-05_3.04702113264616e-05_3.04702113264616e-05_3.04702113264616e-05
1016,8102,35-20-9-2-1,1.74115493294066e-05_1.74115493294066e-05_1.74115493294066e-05_1.74115493294066e-05_1.74115493294066e-05
1016,8103,212-41-9-2-1,1.43023440920126e-05_1.43023440920126e-05_1.43023440920126e-05_1.43023440920126e-05_1.43023440920126e-05
1016,8104,65-1-1-1-1,0.000121880845305846_0.000121880845305846_0.000121880845305846_0.000121880845305846_0.000121880845305846
1016,8105,65-1-1-1-1,0.000110065865403749_0.000110065865403749_0.000110065865403749_0.000110065865403749_0.000110065865403749
1016,8106,65-1-1-1-1,1.18149799020973e-05_1.18149799020973e-05_1.18149799020973e-05_1.18149799020973e-05_1.18149799020973e-05
1016,8107,166-18-4-2-1,2.42518008516735e-05_2.42518008516735e-05_2.42518008516735e-05_2.42518008516735e-05_2.42518008516735e-05
1016,8108,55-22-8-1-1,3.73104628487285e-06_3.73104628487285e-06_3.73104628487285e-06_3.73104628487285e-06_3.73104628487285e-06
1016,8109,186-15-9-2-1,6.84025152226688e-06_6.84025152226688e-06_6.84025152226688e-06_6.84025152226688e-06_6.84025152226688e-06
1016,8110,112-14-4-2-1,3.73104628487285e-06_3.73104628487285e-06_3.73104628487285e-06_3.73104628487285e-06_3.73104628487285e-06
1016,8111,26-15-9-2-1,6.21841047478808e-06_6.21841047478808e-06_6.21841047478808e-06_6.21841047478808e-06_6.21841047478808e-06
1016,8112,55-22-8-1-1,4.35288733235165e-06_4.35288733235165e-06_4.35288733235165e-06_4.35288733235165e-06_4.35288733235165e-06
1016,8113,133-12-8-1-1,6.84025152226688e-06_6.84025152226688e-06_6.84025152226688e-06_6.84025152226688e-06_6.84025152226688e-06
1016,8114,214-26-4-2-1,7.71082898873721e-05_7.71082898873721e-05_7.71082898873721e-05_7.71082898873721e-05_7.71082898873721e-05
1016,8115,214-26-4-2-1,1.86552314243642e-05_1.86552314243642e-05_1.86552314243642e-05_1.86552314243642e-05_1.86552314243642e-05
1016,8116,191-37-4-2-1,3.10920523739404e-06_3.10920523739404e-06_3.10920523739404e-06_3.10920523739404e-06_3.10920523739404e-06
1016,8117,212-41-9-2-1,4.35288733235165e-06_4.35288733235165e-06_4.35288733235165e-06_4.35288733235165e-06_4.35288733235165e-06
1016,8118,137-26-4-2-1,3.66886218012497e-05_3.66886218012497e-05_3.66886218012497e-05_3.66886218012497e-05_3.66886218012497e-05
1016,8119,159-4-4-2-1,2.9226529231504e-05_2.9226529231504e-05_2.9226529231504e-05_2.9226529231504e-05_2.9226529231504e-05
1016,8120,16-10-2-2-1,2.98483702789828e-05_2.98483702789828e-05_2.98483702789828e-05_2.98483702789828e-05_2.98483702789828e-05
1016,8121,177-7-4-2-1,8.70577466470331e-06_8.70577466470331e-06_8.70577466470331e-06_8.70577466470331e-06_8.70577466470331e-06
1016,8122,166-18-4-2-1,5.1612806940741e-05_5.1612806940741e-05_5.1612806940741e-05_5.1612806940741e-05_5.1612806940741e-05
1016,8123,58-13-6-2-1,3.10920523739404e-05_3.10920523739404e-05_3.10920523739404e-05_3.10920523739404e-05_3.10920523739404e-05
1016,8124,206-30-1-1-1,0.000393625383054085_0.000393625383054085_0.000393625383054085_0.000393625383054085_0.000393625383054085
1016,8125,83-33-5-1-1,1.24368209495762e-05_1.24368209495762e-05_1.24368209495762e-05_1.24368209495762e-05_1.24368209495762e-05
1016,8126,39-22-8-1-1,5.59656942730927e-06_5.59656942730927e-06_5.59656942730927e-06_5.59656942730927e-06_5.59656942730927e-06
1016,8127,112-14-4-2-1,8.0839336172245e-06_8.0839336172245e-06_8.0839336172245e-06_8.0839336172245e-06_8.0839336172245e-06
1016,8128,167-18-4-2-1,1.9277072471843e-05_1.9277072471843e-05_1.9277072471843e-05_1.9277072471843e-05_1.9277072471843e-05
1016,8129,152-32-10-1-1,3.10920523739404e-06_3.10920523739404e-06_3.10920523739404e-06_3.10920523739404e-06_3.10920523739404e-06
1016,8130,40-23-8-1-1,1.3058661997055e-05_1.3058661997055e-05_1.3058661997055e-05_1.3058661997055e-05_1.3058661997055e-05
1016,8131,40-23-8-1-1,5.59656942730927e-06_5.59656942730927e-06_5.59656942730927e-06_5.59656942730927e-06_5.59656942730927e-06
1016,8132,180-40-4-2-1,3.10920523739404e-06_3.10920523739404e-06_3.10920523739404e-06_3.10920523739404e-06_3.10920523739404e-06
1016,8133,8-7-4-2-1,9.94945675966092e-06_9.94945675966092e-06_9.94945675966092e-06_9.94945675966092e-06_9.94945675966092e-06
1016,8134,191-37-4-2-1,8.0839336172245e-06_8.0839336172245e-06_8.0839336172245e-06_8.0839336172245e-06_8.0839336172245e-06
1016,8135,12-3-3-1-1,0.00160061885621045_0.00160061885621045_0.00160061885621045_0.00160061885621045_0.00160061885621045
1016,8136,220-22-8-1-1,3.60667807537708e-05_3.60667807537708e-05_3.60667807537708e-05_3.60667807537708e-05_3.60667807537708e-05
1016,8137,222-35-4-2-1,8.0839336172245e-06_8.0839336172245e-06_8.0839336172245e-06_8.0839336172245e-06_8.0839336172245e-06
1016,8138,225-31-9-2-1,8.70577466470331e-06_8.70577466470331e-06_8.70577466470331e-06_8.70577466470331e-06_8.70577466470331e-06
1016,8139,55-22-8-1-1,1.05712978071397e-05_1.05712978071397e-05_1.05712978071397e-05_1.05712978071397e-05_1.05712978071397e-05
1016,8140,172-40-4-2-1,4.35288733235165e-06_4.35288733235165e-06_4.35288733235165e-06_4.35288733235165e-06_4.35288733235165e-06
1016,8141,224-39-11-1-1,6.21841047478808e-06_6.21841047478808e-06_6.21841047478808e-06_6.21841047478808e-06_6.21841047478808e-06
1016,8142,199-19-9-2-1,8.0839336172245e-06_8.0839336172245e-06_8.0839336172245e-06_8.0839336172245e-06_8.0839336172245e-06
1016,8143,185-41-9-2-1,2.48736418991523e-06_2.48736418991523e-06_2.48736418991523e-06_2.48736418991523e-06_2.48736418991523e-06
1016,8144,185-41-9-2-1,4.35288733235165e-06_4.35288733235165e-06_4.35288733235165e-06_4.35288733235165e-06_4.35288733235165e-06
1016,8145,161-36-10-1-1,2.98483702789828e-05_2.98483702789828e-05_2.98483702789828e-05_2.98483702789828e-05_2.98483702789828e-05
1016,8146,226-32-10-1-1,2.36299598041947e-05_2.36299598041947e-05_2.36299598041947e-05_2.36299598041947e-05_2.36299598041947e-05
1016,8147,163-43-4-2-1,7.46209256974569e-06_7.46209256974569e-06_7.46209256974569e-06_7.46209256974569e-06_7.46209256974569e-06
1016,8148,11-4-4-2-1,6.21841047478808e-06_6.21841047478808e-06_6.21841047478808e-06_6.21841047478808e-06_6.21841047478808e-06
1016,8149,157-12-8-1-1,4.35288733235165e-06_4.35288733235165e-06_4.35288733235165e-06_4.35288733235165e-06_4.35288733235165e-06
1016,8150,235-34-11-1-1,9.32761571218212e-06_9.32761571218212e-06_9.32761571218212e-06_9.32761571218212e-06_9.32761571218212e-06
1016,8151,235-34-11-1-1,8.70577466470331e-06_8.70577466470331e-06_8.70577466470331e-06_8.70577466470331e-06_8.70577466470331e-06
1016,8152,77-28-5-1-1,4.97472837983046e-06_4.97472837983046e-06_4.97472837983046e-06_4.97472837983046e-06_4.97472837983046e-06
1016,8153,235-34-11-1-1,8.0839336172245e-06_8.0839336172245e-06_8.0839336172245e-06_8.0839336172245e-06_8.0839336172245e-06
1016,8154,142-42-12-1-1,3.10920523739404e-06_3.10920523739404e-06_3.10920523739404e-06_3.10920523739404e-06_3.10920523739404e-06
1016,8155,166-18-4-2-1,4.97472837983046e-06_4.97472837983046e-06_4.97472837983046e-06_4.97472837983046e-06_4.97472837983046e-06
1016,8156,4-4-4-2-1,1.05712978071397e-05_1.05712978071397e-05_1.05712978071397e-05_1.05712978071397e-05_1.05712978071397e-05
1016,8157,126-29-2-2-1,3.10920523739404e-06_3.10920523739404e-06_3.10920523739404e-06_3.10920523739404e-06_3.10920523739404e-06
1016,8158,57-7-4-2-1,1.05712978071397e-05_1.05712978071397e-05_1.05712978071397e-05_1.05712978071397e-05_1.05712978071397e-05
1016,8159,17-11-4-2-1,3.10920523739404e-06_3.10920523739404e-06_3.10920523739404e-06_3.10920523739404e-06_3.10920523739404e-06
1016,8160,45-5-5-1-1,4.97472837983046e-06_4.97472837983046e-06_4.97472837983046e-06_4.97472837983046e-06_4.97472837983046e-06
1016,8161,145-25-8-1-1,5.90748995104867e-05_5.90748995104867e-05_5.90748995104867e-05_5.90748995104867e-05_5.90748995104867e-05
1016,8162,225-31-9-2-1,6.21841047478808e-06_6.21841047478808e-06_6.21841047478808e-06_6.21841047478808e-06_6.21841047478808e-06
1016,8163,138-23-8-1-1,1.80333903768854e-05_1.80333903768854e-05_1.80333903768854e-05_1.80333903768854e-05_1.80333903768854e-05
1016,8164,185-41-9-2-1,6.21841047478808e-06_6.21841047478808e-06_6.21841047478808e-06_6.21841047478808e-06_6.21841047478808e-06
1016,8165,225-31-9-2-1,5.59656942730927e-06_5.59656942730927e-06_5.59656942730927e-06_5.59656942730927e-06_5.59656942730927e-06
1016,8166,80-11-4-2-1,6.21841047478808e-05_6.21841047478808e-05_6.21841047478808e-05_6.21841047478808e-05_6.21841047478808e-05
1016,8167,177-7-4-2-1,1.6167867234449e-05_1.6167867234449e-05_1.6167867234449e-05_1.6167867234449e-05_1.6167867234449e-05
1016,8168,177-7-4-2-1,6.21841047478808e-06_6.21841047478808e-06_6.21841047478808e-06_6.21841047478808e-06_6.21841047478808e-06
1016,8169,212-41-9-2-1,3.73104628487285e-06_3.73104628487285e-06_3.73104628487285e-06_3.73104628487285e-06_3.73104628487285e-06
1016,8170,203-11-4-2-1,9.32761571218212e-06_9.32761571218212e-06_9.32761571218212e-06_9.32761571218212e-06_9.32761571218212e-06
1016,8171,140-42-12-1-1,6.21841047478808e-06_6.21841047478808e-06_6.21841047478808e-06_6.21841047478808e-06_6.21841047478808e-06
1016,8172,152-32-10-1-1,1.74115493294066e-05_1.74115493294066e-05_1.74115493294066e-05_1.74115493294066e-05_1.74115493294066e-05
1016,8173,128-7-4-2-1,3.73104628487285e-06_3.73104628487285e-06_3.73104628487285e-06_3.73104628487285e-06_3.73104628487285e-06
1016,8174,186-15-9-2-1,1.05712978071397e-05_1.05712978071397e-05_1.05712978071397e-05_1.05712978071397e-05_1.05712978071397e-05
1016,8175,177-7-4-2-1,8.0839336172245e-06_8.0839336172245e-06_8.0839336172245e-06_8.0839336172245e-06_8.0839336172245e-06
1016,8176,203-11-4-2-1,3.85541449436861e-05_3.85541449436861e-05_3.85541449436861e-05_3.85541449436861e-05_3.85541449436861e-05
1016,8177,68-30-1-1-1,8.3948541409639e-05_8.3948541409639e-05_8.3948541409639e-05_8.3948541409639e-05_8.3948541409639e-05
1016,8178,44-13-6-2-1,3.73104628487285e-06_3.73104628487285e-06_3.73104628487285e-06_3.73104628487285e-06_3.73104628487285e-06
1016,8179,91-33-5-1-1,1.05712978071397e-05_1.05712978071397e-05_1.05712978071397e-05_1.05712978071397e-05_1.05712978071397e-05
1016,8180,189-12-8-1-1,8.0839336172245e-06_8.0839336172245e-06_8.0839336172245e-06_8.0839336172245e-06_8.0839336172245e-06
1016,8181,199-19-9-2-1,3.10920523739404e-06_3.10920523739404e-06_3.10920523739404e-06_3.10920523739404e-06_3.10920523739404e-06
1016,8182,109-28-5-1-1,3.10920523739404e-05_3.10920523739404e-05_3.10920523739404e-05_3.10920523739404e-05_3.10920523739404e-05
1016,8183,196-14-4-2-1,8.70577466470331e-06_8.70577466470331e-06_8.70577466470331e-06_8.70577466470331e-06_8.70577466470331e-06
1016,8184,235-34-11-1-1,7.46209256974569e-06_7.46209256974569e-06_7.46209256974569e-06_7.46209256974569e-06_7.46209256974569e-06
1016,8185,170-43-4-2-1,1.80333903768854e-05_1.80333903768854e-05_1.80333903768854e-05_1.80333903768854e-05_1.80333903768854e-05
1016,8186,163-43-4-2-1,1.80333903768854e-05_1.80333903768854e-05_1.80333903768854e-05_1.80333903768854e-05_1.80333903768854e-05
1016,8187,11-4-4-2-1,4.35288733235165e-06_4.35288733235165e-06_4.35288733235165e-06_4.35288733235165e-06_4.35288733235165e-06
1016,8188,131-13-6-2-1,4.10415091336013e-05_4.10415091336013e-05_4.10415091336013e-05_4.10415091336013e-05_4.10415091336013e-05
1016,8189,112-14-4-2-1,2.48736418991523e-06_2.48736418991523e-06_2.48736418991523e-06_2.48736418991523e-06_2.48736418991523e-06
1016,8190,203-11-4-2-1,3.10920523739404e-06_3.10920523739404e-06_3.10920523739404e-06_3.10920523739404e-06_3.10920523739404e-06
1016,8191,140-42-12-1-1,3.10920523739404e-06_3.10920523739404e-06_3.10920523739404e-06_3.10920523739404e-06_3.10920523739404e-06
1016,8192,215-24-7-1-1,0.0023443407489951_0.0023443407489951_0.0023443407489951_0.0023443407489951_0.0023443407489951
1016,8193,4-4-4-2-1,3.10920523739404e-06_3.10920523739404e-06_3.10920523739404e-06_3.10920523739404e-06_3.10920523739404e-06
1016,8194,138-23-8-1-1,6.21841047478808e-06_6.21841047478808e-06_6.21841047478808e-06_6.21841047478808e-06_6.21841047478808e-06
1016,8195,203-11-4-2-1,3.73104628487285e-06_3.73104628487285e-06_3.73104628487285e-06_3.73104628487285e-06_3.73104628487285e-06
1016,8196,7-4-4-2-1,5.90748995104867e-05_5.90748995104867e-05_5.90748995104867e-05_5.90748995104867e-05_5.90748995104867e-05
1016,8197,159-4-4-2-1,4.35288733235165e-06_4.35288733235165e-06_4.35288733235165e-06_4.35288733235165e-06_4.35288733235165e-06
1016,8198,32-18-4-2-1,7.46209256974569e-06_7.46209256974569e-06_7.46209256974569e-06_7.46209256974569e-06_7.46209256974569e-06
1016,8199,63-27-8-1-1,4.35288733235165e-06_4.35288733235165e-06_4.35288733235165e-06_4.35288733235165e-06_4.35288733235165e-06
1016,8200,154-25-8-1-1,5.59656942730927e-06_5.59656942730927e-06_5.59656942730927e-06_5.59656942730927e-06_5.59656942730927e-06
1016,8201,185-41-9-2-1,2.48736418991523e-06_2.48736418991523e-06_2.48736418991523e-06_2.48736418991523e-06_2.48736418991523e-06
1016,8202,35-20-9-2-1,4.35288733235165e-06_4.35288733235165e-06_4.35288733235165e-06_4.35288733235165e-06_4.35288733235165e-06
1016,8203,49-22-8-1-1,3.29575755163768e-05_3.29575755163768e-05_3.29575755163768e-05_3.29575755163768e-05_3.29575755163768e-05
1016,8204,55-22-8-1-1,1.24368209495762e-05_1.24368209495762e-05_1.24368209495762e-05_1.24368209495762e-05_1.24368209495762e-05
1016,8205,79-32-10-1-1,5.59656942730927e-06_5.59656942730927e-06_5.59656942730927e-06_5.59656942730927e-06_5.59656942730927e-06
1016,8206,49-22-8-1-1,7.46209256974569e-06_7.46209256974569e-06_7.46209256974569e-06_7.46209256974569e-06_7.46209256974569e-06
1016,8207,26-15-9-2-1,1.43023440920126e-05_1.43023440920126e-05_1.43023440920126e-05_1.43023440920126e-05_1.43023440920126e-05
1016,8208,185-41-9-2-1,2.48736418991523e-06_2.48736418991523e-06_2.48736418991523e-06_2.48736418991523e-06_2.48736418991523e-06
1016,8209,185-41-9-2-1,6.21841047478808e-06_6.21841047478808e-06_6.21841047478808e-06_6.21841047478808e-06_6.21841047478808e-06
1016,8210,112-14-4-2-1,5.84530584630079e-05_5.84530584630079e-05_5.84530584630079e-05_5.84530584630079e-05_5.84530584630079e-05
1016,8211,172-40-4-2-1,8.0839336172245e-06_8.0839336172245e-06_8.0839336172245e-06_8.0839336172245e-06_8.0839336172245e-06
1016,8212,191-37-4-2-1,2.30081187567159e-05_2.30081187567159e-05_2.30081187567159e-05_2.30081187567159e-05_2.30081187567159e-05
1016,8213,181-40-4-2-1,1.18149799020973e-05_1.18149799020973e-05_1.18149799020973e-05_1.18149799020973e-05_1.18149799020973e-05
1016,8214,63-27-8-1-1,4.35288733235165e-06_4.35288733235165e-06_4.35288733235165e-06_4.35288733235165e-06_4.35288733235165e-06
1016,8215,175-20-9-2-1,1.80333903768854e-05_1.80333903768854e-05_1.80333903768854e-05_1.80333903768854e-05_1.80333903768854e-05
1016,8216,213-15-9-2-1,1.86552314243642e-05_1.86552314243642e-05_1.86552314243642e-05_1.86552314243642e-05_1.86552314243642e-05
1016,8217,34-19-9-2-1,8.64359055995543e-05_8.64359055995543e-05_8.64359055995543e-05_8.64359055995543e-05_8.64359055995543e-05
1016,8218,8-7-4-2-1,8.0839336172245e-06_8.0839336172245e-06_8.0839336172245e-06_8.0839336172245e-06_8.0839336172245e-06
1016,8219,142-42-12-1-1,3.10920523739404e-06_3.10920523739404e-06_3.10920523739404e-06_3.10920523739404e-06_3.10920523739404e-06
1016,8220,17-11-4-2-1,6.21841047478808e-06_6.21841047478808e-06_6.21841047478808e-06_6.21841047478808e-06_6.21841047478808e-06
1016,8221,123-41-9-2-1,4.35288733235165e-06_4.35288733235165e-06_4.35288733235165e-06_4.35288733235165e-06_4.35288733235165e-06
1016,8222,123-41-9-2-1,2.86046881840252e-05_2.86046881840252e-05_2.86046881840252e-05_2.86046881840252e-05_2.86046881840252e-05
1016,8223,103-13-6-2-1,6.71588331277112e-05_6.71588331277112e-05_6.71588331277112e-05_6.71588331277112e-05_6.71588331277112e-05
1016,8224,98-27-8-1-1,8.0839336172245e-06_8.0839336172245e-06_8.0839336172245e-06_8.0839336172245e-06_8.0839336172245e-06
1016,8225,90-36-10-1-1,0.00013556134835038_0.00013556134835038_0.00013556134835038_0.00013556134835038_0.00013556134835038
1016,8226,192-19-9-2-1,0.000199610976240697_0.000199610976240697_0.000199610976240697_0.000199610976240697_0.000199610976240697
1016,8227,122-16-2-2-1,3.10920523739404e-06_3.10920523739404e-06_3.10920523739404e-06_3.10920523739404e-06_3.10920523739404e-06
1016,8228,186-15-9-2-1,1.43023440920126e-05_1.43023440920126e-05_1.43023440920126e-05_1.43023440920126e-05_1.43023440920126e-05
1016,8229,26-15-9-2-1,5.59656942730927e-06_5.59656942730927e-06_5.59656942730927e-06_5.59656942730927e-06_5.59656942730927e-06
1016,8230,174-15-9-2-1,3.97978270386437e-05_3.97978270386437e-05_3.97978270386437e-05_3.97978270386437e-05_3.97978270386437e-05
1016,8231,27-8-3-1-1,0.00048006128865364_0.00048006128865364_0.00048006128865364_0.00048006128865364_0.00048006128865364
1016,8232,180-40-4-2-1,4.35288733235165e-06_4.35288733235165e-06_4.35288733235165e-06_4.35288733235165e-06_4.35288733235165e-06
1016,8233,199-19-9-2-1,1.05712978071397e-05_1.05712978071397e-05_1.05712978071397e-05_1.05712978071397e-05_1.05712978071397e-05
1016,8234,181-40-4-2-1,8.0839336172245e-05_8.0839336172245e-05_8.0839336172245e-05_8.0839336172245e-05_8.0839336172245e-05
1016,8235,63-27-8-1-1,7.46209256974569e-06_7.46209256974569e-06_7.46209256974569e-06_7.46209256974569e-06_7.46209256974569e-06
1016,8236,216-19-9-2-1,3.97978270386437e-05_3.97978270386437e-05_3.97978270386437e-05_3.97978270386437e-05_3.97978270386437e-05
1016,8237,155-10-2-2-1,0.00111744836231942_0.00111744836231942_0.00111744836231942_0.00111744836231942_0.00111744836231942
1016,8238,113-31-9-2-1,6.90243562701477e-05_6.90243562701477e-05_6.90243562701477e-05_6.90243562701477e-05_6.90243562701477e-05
1016,8239,47-22-8-1-1,4.35288733235165e-06_4.35288733235165e-06_4.35288733235165e-06_4.35288733235165e-06_4.35288733235165e-06
1016,8240,25-10-2-2-1,6.21841047478808e-06_6.21841047478808e-06_6.21841047478808e-06_6.21841047478808e-06_6.21841047478808e-06
1016,8241,174-15-9-2-1,9.94945675966092e-06_9.94945675966092e-06_9.94945675966092e-06_9.94945675966092e-06_9.94945675966092e-06
1016,8242,110-3-3-1-1,0.000413524296573407_0.000413524296573407_0.000413524296573407_0.000413524296573407_0.000413524296573407
1016,8243,25-10-2-2-1,0.00176665041588729_0.00176665041588729_0.00176665041588729_0.00176665041588729_0.00176665041588729
1016,8244,25-10-2-2-1,3.04702113264616e-05_3.04702113264616e-05_3.04702113264616e-05_3.04702113264616e-05_3.04702113264616e-05
1016,8245,25-10-2-2-1,2.05207545668007e-05_2.05207545668007e-05_2.05207545668007e-05_2.05207545668007e-05_2.05207545668007e-05
1016,8246,216-19-9-2-1,1.55460261869702e-05_1.55460261869702e-05_1.55460261869702e-05_1.55460261869702e-05_1.55460261869702e-05
1016,8247,185-41-9-2-1,3.10920523739404e-06_3.10920523739404e-06_3.10920523739404e-06_3.10920523739404e-06_3.10920523739404e-06
1016,8248,152-32-10-1-1,5.59656942730927e-06_5.59656942730927e-06_5.59656942730927e-06_5.59656942730927e-06_5.59656942730927e-06
1016,8249,167-18-4-2-1,4.97472837983046e-06_4.97472837983046e-06_4.97472837983046e-06_4.97472837983046e-06_4.97472837983046e-06
1016,8250,199-19-9-2-1,3.73104628487285e-06_3.73104628487285e-06_3.73104628487285e-06_3.73104628487285e-06_3.73104628487285e-06
1016,8251,213-15-9-2-1,5.65875353205715e-05_5.65875353205715e-05_5.65875353205715e-05_5.65875353205715e-05_5.65875353205715e-05
1016,8252,194-31-9-2-1,5.59656942730927e-06_5.59656942730927e-06_5.59656942730927e-06_5.59656942730927e-06_5.59656942730927e-06
1016,8253,213-15-9-2-1,8.70577466470331e-06_8.70577466470331e-06_8.70577466470331e-06_8.70577466470331e-06_8.70577466470331e-06
1016,8254,226-32-10-1-1,3.73104628487285e-06_3.73104628487285e-06_3.73104628487285e-06_3.73104628487285e-06_3.73104628487285e-06
1016,8255,129-21-4-2-1,9.32761571218212e-06_9.32761571218212e-06_9.32761571218212e-06_9.32761571218212e-06_9.32761571218212e-06
1016,8256,177-7-4-2-1,5.59656942730927e-06_5.59656942730927e-06_5.59656942730927e-06_5.59656942730927e-06_5.59656942730927e-06
1016,8257,111-8-3-1-1,0.000701436701556095_0.000701436701556095_0.000701436701556095_0.000701436701556095_0.000701436701556095
1016,8258,137-26-4-2-1,9.94945675966092e-06_9.94945675966092e-06_9.94945675966092e-06_9.94945675966092e-06_9.94945675966092e-06
1016,8259,227-41-9-2-1,5.59656942730927e-06_5.59656942730927e-06_5.59656942730927e-06_5.59656942730927e-06_5.59656942730927e-06
1016,8260,221-35-4-2-1,9.32761571218212e-06_9.32761571218212e-06_9.32761571218212e-06_9.32761571218212e-06_9.32761571218212e-06
1016,8261,142-42-12-1-1,9.32761571218212e-06_9.32761571218212e-06_9.32761571218212e-06_9.32761571218212e-06_9.32761571218212e-06
1016,8262,142-42-12-1-1,3.10920523739404e-06_3.10920523739404e-06_3.10920523739404e-06_3.10920523739404e-06_3.10920523739404e-06
1016,8263,151-19-9-2-1,5.59656942730927e-05_5.59656942730927e-05_5.59656942730927e-05_5.59656942730927e-05_5.59656942730927e-05
1016,8264,225-31-9-2-1,7.46209256974569e-06_7.46209256974569e-06_7.46209256974569e-06_7.46209256974569e-06_7.46209256974569e-06
1016,8265,185-41-9-2-1,4.97472837983046e-06_4.97472837983046e-06_4.97472837983046e-06_4.97472837983046e-06_4.97472837983046e-06
1016,8266,151-19-9-2-1,8.76795876945119e-05_8.76795876945119e-05_8.76795876945119e-05_8.76795876945119e-05_8.76795876945119e-05
1016,8267,66-29-2-2-1,4.97472837983046e-06_4.97472837983046e-06_4.97472837983046e-06_4.97472837983046e-06_4.97472837983046e-06
1016,8268,47-22-8-1-1,6.21841047478808e-06_6.21841047478808e-06_6.21841047478808e-06_6.21841047478808e-06_6.21841047478808e-06
1016,8269,199-19-9-2-1,2.05207545668007e-05_2.05207545668007e-05_2.05207545668007e-05_2.05207545668007e-05_2.05207545668007e-05
1016,8270,109-28-5-1-1,6.21841047478808e-06_6.21841047478808e-06_6.21841047478808e-06_6.21841047478808e-06_6.21841047478808e-06
1016,8271,6-6-6-2-1,5.78312174155291e-05_5.78312174155291e-05_5.78312174155291e-05_5.78312174155291e-05_5.78312174155291e-05
1016,8272,156-37-4-2-1,2.48736418991523e-06_2.48736418991523e-06_2.48736418991523e-06_2.48736418991523e-06_2.48736418991523e-06
1016,8273,36-6-6-2-1,7.27554025550205e-05_7.27554025550205e-05_7.27554025550205e-05_7.27554025550205e-05_7.27554025550205e-05
1016,8274,25-10-2-2-1,3.10920523739404e-06_3.10920523739404e-06_3.10920523739404e-06_3.10920523739404e-06_3.10920523739404e-06
1016,8275,44-13-6-2-1,1.67897082819278e-05_1.67897082819278e-05_1.67897082819278e-05_1.67897082819278e-05_1.67897082819278e-05
1016,8276,114-40-4-2-1,6.84025152226688e-06_6.84025152226688e-06_6.84025152226688e-06_6.84025152226688e-06_6.84025152226688e-06
1016,8277,235-34-11-1-1,6.84025152226688e-06_6.84025152226688e-06_6.84025152226688e-06_6.84025152226688e-06_6.84025152226688e-06
1016,8278,216-19-9-2-1,9.94945675966092e-06_9.94945675966092e-06_9.94945675966092e-06_9.94945675966092e-06_9.94945675966092e-06
1016,8279,205-12-8-1-1,3.10920523739404e-06_3.10920523739404e-06_3.10920523739404e-06_3.10920523739404e-06_3.10920523739404e-06
1016,8280,235-34-11-1-1,6.21841047478808e-06_6.21841047478808e-06_6.21841047478808e-06_6.21841047478808e-06_6.21841047478808e-06
1016,8281,186-15-9-2-1,0.000107578501213834_0.000107578501213834_0.000107578501213834_0.000107578501213834_0.000107578501213834
1016,8282,235-34-11-1-1,5.59656942730927e-06_5.59656942730927e-06_5.59656942730927e-06_5.59656942730927e-06_5.59656942730927e-06
1016,8284,235-34-11-1-1,2.23862777092371e-05_2.23862777092371e-05_2.23862777092371e-05_2.23862777092371e-05_2.23862777092371e-05
1016,8285,133-12-8-1-1,6.21841047478808e-06_6.21841047478808e-06_6.21841047478808e-06_6.21841047478808e-06_6.21841047478808e-06
1016,8286,235-34-11-1-1,4.97472837983046e-06_4.97472837983046e-06_4.97472837983046e-06_4.97472837983046e-06_4.97472837983046e-06
1016,8287,133-12-8-1-1,2.48736418991523e-06_2.48736418991523e-06_2.48736418991523e-06_2.48736418991523e-06_2.48736418991523e-06
1016,8288,133-12-8-1-1,6.84025152226688e-06_6.84025152226688e-06_6.84025152226688e-06_6.84025152226688e-06_6.84025152226688e-06
1016,8289,134-29-2-2-1,9.94945675966092e-06_9.94945675966092e-06_9.94945675966092e-06_9.94945675966092e-06_9.94945675966092e-06
1016,8290,170-43-4-2-1,0.000427204799617941_0.000427204799617941_0.000427204799617941_0.000427204799617941_0.000427204799617941
1016,8291,170-43-4-2-1,0.000133073984160465_0.000133073984160465_0.000133073984160465_0.000133073984160465_0.000133073984160465
1016,8292,44-13-6-2-1,6.21841047478808e-06_6.21841047478808e-06_6.21841047478808e-06_6.21841047478808e-06_6.21841047478808e-06
1016,8293,163-43-4-2-1,7.46209256974569e-06_7.46209256974569e-06_7.46209256974569e-06_7.46209256974569e-06_7.46209256974569e-06
1016,8294,160-30-1-1-1,4.97472837983046e-06_4.97472837983046e-06_4.97472837983046e-06_4.97472837983046e-06_4.97472837983046e-06
1016,8295,185-41-9-2-1,3.73104628487285e-06_3.73104628487285e-06_3.73104628487285e-06_3.73104628487285e-06_3.73104628487285e-06
1016,8296,172-40-4-2-1,3.73104628487285e-06_3.73104628487285e-06_3.73104628487285e-06_3.73104628487285e-06_3.73104628487285e-06
1016,8297,170-43-4-2-1,2.17644366617583e-05_2.17644366617583e-05_2.17644366617583e-05_2.17644366617583e-05_2.17644366617583e-05
1016,8298,170-43-4-2-1,0.000496229155888089_0.000496229155888089_0.000496229155888089_0.000496229155888089_0.000496229155888089
1016,8299,44-13-6-2-1,1.9277072471843e-05_1.9277072471843e-05_1.9277072471843e-05_1.9277072471843e-05_1.9277072471843e-05
1016,8300,205-12-8-1-1,7.46209256974569e-06_7.46209256974569e-06_7.46209256974569e-06_7.46209256974569e-06_7.46209256974569e-06
1016,8301,112-14-4-2-1,5.59656942730927e-06_5.59656942730927e-06_5.59656942730927e-06_5.59656942730927e-06_5.59656942730927e-06
1016,8302,158-2-2-2-1,8.51922235045966e-05_8.51922235045966e-05_8.51922235045966e-05_8.51922235045966e-05_8.51922235045966e-05
1016,8303,167-18-4-2-1,4.97472837983046e-06_4.97472837983046e-06_4.97472837983046e-06_4.97472837983046e-06_4.97472837983046e-06
1016,8304,34-19-9-2-1,8.70577466470331e-06_8.70577466470331e-06_8.70577466470331e-06_8.70577466470331e-06_8.70577466470331e-06
1016,8305,40-23-8-1-1,6.84025152226688e-06_6.84025152226688e-06_6.84025152226688e-06_6.84025152226688e-06_6.84025152226688e-06
1016,8306,128-7-4-2-1,8.70577466470331e-06_8.70577466470331e-06_8.70577466470331e-06_8.70577466470331e-06_8.70577466470331e-06
1016,8307,126-29-2-2-1,3.73104628487285e-06_3.73104628487285e-06_3.73104628487285e-06_3.73104628487285e-06_3.73104628487285e-06
1016,8308,49-22-8-1-1,4.97472837983046e-06_4.97472837983046e-06_4.97472837983046e-06_4.97472837983046e-06_4.97472837983046e-06
1016,8309,122-16-2-2-1,4.47725554184741e-05_4.47725554184741e-05_4.47725554184741e-05_4.47725554184741e-05_4.47725554184741e-05
1016,8311,172-40-4-2-1,5.59656942730927e-06_5.59656942730927e-06_5.59656942730927e-06_5.59656942730927e-06_5.59656942730927e-06
1016,8313,221-35-4-2-1,3.73104628487285e-06_3.73104628487285e-06_3.73104628487285e-06_3.73104628487285e-06_3.73104628487285e-06
1016,8314,214-26-4-2-1,1.05712978071397e-05_1.05712978071397e-05_1.05712978071397e-05_1.05712978071397e-05_1.05712978071397e-05
1016,8315,183-23-8-1-1,1.18149799020973e-05_1.18149799020973e-05_1.18149799020973e-05_1.18149799020973e-05_1.18149799020973e-05
1016,8316,185-41-9-2-1,4.97472837983046e-06_4.97472837983046e-06_4.97472837983046e-06_4.97472837983046e-06_4.97472837983046e-06
1016,8317,110-3-3-1-1,0.000584530584630079_0.000584530584630079_0.000584530584630079_0.000584530584630079_0.000584530584630079
1016,8318,102-13-6-2-1,5.22346479882198e-05_5.22346479882198e-05_5.22346479882198e-05_5.22346479882198e-05_5.22346479882198e-05
1016,8319,114-40-4-2-1,1.9277072471843e-05_1.9277072471843e-05_1.9277072471843e-05_1.9277072471843e-05_1.9277072471843e-05
1016,8320,75-1-1-1-1,7.46209256974569e-06_7.46209256974569e-06_7.46209256974569e-06_7.46209256974569e-06_7.46209256974569e-06
1016,8321,75-1-1-1-1,2.48736418991523e-05_2.48736418991523e-05_2.48736418991523e-05_2.48736418991523e-05_2.48736418991523e-05
1016,8322,209-35-4-2-1,1.6167867234449e-05_1.6167867234449e-05_1.6167867234449e-05_1.6167867234449e-05_1.6167867234449e-05
1016,8323,214-26-4-2-1,5.53438532256139e-05_5.53438532256139e-05_5.53438532256139e-05_5.53438532256139e-05_5.53438532256139e-05
1016,8324,57-7-4-2-1,9.94945675966092e-06_9.94945675966092e-06_9.94945675966092e-06_9.94945675966092e-06_9.94945675966092e-06
1016,8325,214-26-4-2-1,4.97472837983046e-06_4.97472837983046e-06_4.97472837983046e-06_4.97472837983046e-06_4.97472837983046e-06
1016,8326,17-11-4-2-1,7.46209256974569e-06_7.46209256974569e-06_7.46209256974569e-06_7.46209256974569e-06_7.46209256974569e-06
1016,8327,140-42-12-1-1,8.70577466470331e-06_8.70577466470331e-06_8.70577466470331e-06_8.70577466470331e-06_8.70577466470331e-06
1016,8328,153-18-4-2-1,1.67897082819278e-05_1.67897082819278e-05_1.67897082819278e-05_1.67897082819278e-05_1.67897082819278e-05
1016,8329,69-29-2-2-1,5.09909658932622e-05_5.09909658932622e-05_5.09909658932622e-05_5.09909658932622e-05_5.09909658932622e-05
1016,8330,74-31-9-2-1,3.73104628487285e-06_3.73104628487285e-06_3.73104628487285e-06_3.73104628487285e-06_3.73104628487285e-06
1016,8331,142-42-12-1-1,3.29575755163768e-05_3.29575755163768e-05_3.29575755163768e-05_3.29575755163768e-05_3.29575755163768e-05
1016,8332,8-7-4-2-1,3.73104628487285e-06_3.73104628487285e-06_3.73104628487285e-06_3.73104628487285e-06_3.73104628487285e-06
1016,8333,185-41-9-2-1,2.54954829466311e-05_2.54954829466311e-05_2.54954829466311e-05_2.54954829466311e-05_2.54954829466311e-05
1016,8334,109-28-5-1-1,6.96461973176265e-05_6.96461973176265e-05_6.96461973176265e-05_6.96461973176265e-05_6.96461973176265e-05
1016,8335,209-35-4-2-1,3.2335734468898e-05_3.2335734468898e-05_3.2335734468898e-05_3.2335734468898e-05_3.2335734468898e-05
1016,8336,166-18-4-2-1,8.70577466470331e-06_8.70577466470331e-06_8.70577466470331e-06_8.70577466470331e-06_8.70577466470331e-06
1016,8337,152-32-10-1-1,1.24368209495762e-05_1.24368209495762e-05_1.24368209495762e-05_1.24368209495762e-05_1.24368209495762e-05
1016,8338,114-40-4-2-1,1.36805030445338e-05_1.36805030445338e-05_1.36805030445338e-05_1.36805030445338e-05_1.36805030445338e-05
1016,8339,8-7-4-2-1,4.97472837983046e-06_4.97472837983046e-06_4.97472837983046e-06_4.97472837983046e-06_4.97472837983046e-06
1016,8340,228-17-10-1-1,6.21841047478808e-06_6.21841047478808e-06_6.21841047478808e-06_6.21841047478808e-06_6.21841047478808e-06
1016,8341,209-35-4-2-1,4.97472837983046e-06_4.97472837983046e-06_4.97472837983046e-06_4.97472837983046e-06_4.97472837983046e-06
1016,8342,170-43-4-2-1,9.45198392167788e-05_9.45198392167788e-05_9.45198392167788e-05_9.45198392167788e-05_9.45198392167788e-05
1016,8343,40-23-8-1-1,5.59656942730927e-06_5.59656942730927e-06_5.59656942730927e-06_5.59656942730927e-06_5.59656942730927e-06
1016,8344,148-29-2-2-1,1.3058661997055e-05_1.3058661997055e-05_1.3058661997055e-05_1.3058661997055e-05_1.3058661997055e-05
1016,8345,129-21-4-2-1,1.49241851394914e-05_1.49241851394914e-05_1.49241851394914e-05_1.49241851394914e-05_1.49241851394914e-05
1016,8346,129-21-4-2-1,9.94945675966092e-06_9.94945675966092e-06_9.94945675966092e-06_9.94945675966092e-06_9.94945675966092e-06
1016,8347,63-27-8-1-1,5.59656942730927e-06_5.59656942730927e-06_5.59656942730927e-06_5.59656942730927e-06_5.59656942730927e-06
1016,8348,154-25-8-1-1,3.97978270386437e-05_3.97978270386437e-05_3.97978270386437e-05_3.97978270386437e-05_3.97978270386437e-05
1016,8349,130-12-8-1-1,5.59656942730927e-06_5.59656942730927e-06_5.59656942730927e-06_5.59656942730927e-06_5.59656942730927e-06
1016,8350,70-27-8-1-1,4.97472837983046e-06_4.97472837983046e-06_4.97472837983046e-06_4.97472837983046e-06_4.97472837983046e-06
1016,8351,63-27-8-1-1,0.000138670553587774_0.000138670553587774_0.000138670553587774_0.000138670553587774_0.000138670553587774
1016,8352,125-30-1-1-1,5.72093763680503e-05_5.72093763680503e-05_5.72093763680503e-05_5.72093763680503e-05_5.72093763680503e-05
1016,8353,40-23-8-1-1,6.21841047478808e-06_6.21841047478808e-06_6.21841047478808e-06_6.21841047478808e-06_6.21841047478808e-06
1016,8354,112-14-4-2-1,5.59656942730927e-06_5.59656942730927e-06_5.59656942730927e-06_5.59656942730927e-06_5.59656942730927e-06
1016,8355,8-7-4-2-1,3.73104628487285e-06_3.73104628487285e-06_3.73104628487285e-06_3.73104628487285e-06_3.73104628487285e-06
1016,8356,172-40-4-2-1,6.21841047478808e-06_6.21841047478808e-06_6.21841047478808e-06_6.21841047478808e-06_6.21841047478808e-06
1016,8357,194-31-9-2-1,1.3058661997055e-05_1.3058661997055e-05_1.3058661997055e-05_1.3058661997055e-05_1.3058661997055e-05
1016,8358,63-27-8-1-1,1.11931388546185e-05_1.11931388546185e-05_1.11931388546185e-05_1.11931388546185e-05_1.11931388546185e-05
1016,8359,72-10-2-2-1,4.04196680861225e-05_4.04196680861225e-05_4.04196680861225e-05_4.04196680861225e-05_4.04196680861225e-05
1016,8360,10-3-3-1-1,2.54954829466311e-05_2.54954829466311e-05_2.54954829466311e-05_2.54954829466311e-05_2.54954829466311e-05
1016,8361,227-41-9-2-1,6.21841047478808e-06_6.21841047478808e-06_6.21841047478808e-06_6.21841047478808e-06_6.21841047478808e-06
1016,8362,226-32-10-1-1,1.6167867234449e-05_1.6167867234449e-05_1.6167867234449e-05_1.6167867234449e-05_1.6167867234449e-05
1016,8363,140-42-12-1-1,3.73104628487285e-06_3.73104628487285e-06_3.73104628487285e-06_3.73104628487285e-06_3.73104628487285e-06
1016,8364,13-6-6-2-1,0.000440885302662475_0.000440885302662475_0.000440885302662475_0.000440885302662475_0.000440885302662475
1016,8366,228-17-10-1-1,4.35288733235165e-06_4.35288733235165e-06_4.35288733235165e-06_4.35288733235165e-06_4.35288733235165e-06
1016,8367,235-34-11-1-1,4.35288733235165e-06_4.35288733235165e-06_4.35288733235165e-06_4.35288733235165e-06_4.35288733235165e-06
1016,8368,235-34-11-1-1,3.73104628487285e-06_3.73104628487285e-06_3.73104628487285e-06_3.73104628487285e-06_3.73104628487285e-06
1016,8369,8-7-4-2-1,8.0839336172245e-06_8.0839336172245e-06_8.0839336172245e-06_8.0839336172245e-06_8.0839336172245e-06
1016,8370,230-14-4-2-1,8.0839336172245e-06_8.0839336172245e-06_8.0839336172245e-06_8.0839336172245e-06_8.0839336172245e-06
1016,8371,139-43-4-2-1,4.10415091336013e-05_4.10415091336013e-05_4.10415091336013e-05_4.10415091336013e-05_4.10415091336013e-05
1016,8372,84-2-2-2-1,4.41507143709953e-05_4.41507143709953e-05_4.41507143709953e-05_4.41507143709953e-05_4.41507143709953e-05
1016,8373,174-15-9-2-1,7.46209256974569e-06_7.46209256974569e-06_7.46209256974569e-06_7.46209256974569e-06_7.46209256974569e-06
1016,8374,118-36-10-1-1,1.67897082819278e-05_1.67897082819278e-05_1.67897082819278e-05_1.67897082819278e-05_1.67897082819278e-05
1016,8375,95-37-4-2-1,4.97472837983046e-06_4.97472837983046e-06_4.97472837983046e-06_4.97472837983046e-06_4.97472837983046e-06
1016,8376,91-33-5-1-1,1.18149799020973e-05_1.18149799020973e-05_1.18149799020973e-05_1.18149799020973e-05_1.18149799020973e-05
1016,8377,152-32-10-1-1,3.73104628487285e-06_3.73104628487285e-06_3.73104628487285e-06_3.73104628487285e-06_3.73104628487285e-06
1016,8378,151-19-9-2-1,4.35288733235165e-06_4.35288733235165e-06_4.35288733235165e-06_4.35288733235165e-06_4.35288733235165e-06
1016,8379,185-41-9-2-1,5.59656942730927e-06_5.59656942730927e-06_5.59656942730927e-06_5.59656942730927e-06_5.59656942730927e-06
1016,8380,49-22-8-1-1,9.07887929319059e-05_9.07887929319059e-05_9.07887929319059e-05_9.07887929319059e-05_9.07887929319059e-05
1016,8381,7-4-4-2-1,1.80333903768854e-05_1.80333903768854e-05_1.80333903768854e-05_1.80333903768854e-05_1.80333903768854e-05
1016,8382,49-22-8-1-1,2.05207545668007e-05_2.05207545668007e-05_2.05207545668007e-05_2.05207545668007e-05_2.05207545668007e-05
1016,8383,203-11-4-2-1,7.46209256974569e-06_7.46209256974569e-06_7.46209256974569e-06_7.46209256974569e-06_7.46209256974569e-06
1016,8384,174-15-9-2-1,1.24368209495762e-05_1.24368209495762e-05_1.24368209495762e-05_1.24368209495762e-05_1.24368209495762e-05
1016,8385,29-17-10-1-1,4.97472837983046e-06_4.97472837983046e-06_4.97472837983046e-06_4.97472837983046e-06_4.97472837983046e-06
1016,8386,91-33-5-1-1,2.11425956142795e-05_2.11425956142795e-05_2.11425956142795e-05_2.11425956142795e-05_2.11425956142795e-05
1016,8387,116-36-10-1-1,4.29070322760377e-05_4.29070322760377e-05_4.29070322760377e-05_4.29070322760377e-05_4.29070322760377e-05
1016,8388,90-36-10-1-1,0.000167897082819278_0.000167897082819278_0.000167897082819278_0.000167897082819278_0.000167897082819278
1016,8389,122-16-2-2-1,4.35288733235165e-06_4.35288733235165e-06_4.35288733235165e-06_4.35288733235165e-06_4.35288733235165e-06
1016,8390,226-32-10-1-1,2.61173239941099e-05_2.61173239941099e-05_2.61173239941099e-05_2.61173239941099e-05_2.61173239941099e-05
1016,8392,26-15-9-2-1,1.05712978071397e-05_1.05712978071397e-05_1.05712978071397e-05_1.05712978071397e-05_1.05712978071397e-05
1016,8393,152-32-10-1-1,4.35288733235165e-06_4.35288733235165e-06_4.35288733235165e-06_4.35288733235165e-06_4.35288733235165e-06
1016,8394,70-27-8-1-1,8.0839336172245e-06_8.0839336172245e-06_8.0839336172245e-06_8.0839336172245e-06_8.0839336172245e-06
1016,8395,172-40-4-2-1,3.73104628487285e-06_3.73104628487285e-06_3.73104628487285e-06_3.73104628487285e-06_3.73104628487285e-06
1016,8396,75-1-1-1-1,2.86046881840252e-05_2.86046881840252e-05_2.86046881840252e-05_2.86046881840252e-05_2.86046881840252e-05
1016,8397,226-32-10-1-1,0.000432179527997771_0.000432179527997771_0.000432179527997771_0.000432179527997771_0.000432179527997771
1016,8398,37-11-4-2-1,1.67897082819278e-05_1.67897082819278e-05_1.67897082819278e-05_1.67897082819278e-05_1.67897082819278e-05
1016,8399,37-11-4-2-1,1.9277072471843e-05_1.9277072471843e-05_1.9277072471843e-05_1.9277072471843e-05_1.9277072471843e-05
1016,8400,226-32-10-1-1,0.000345743622398217_0.000345743622398217_0.000345743622398217_0.000345743622398217_0.000345743622398217
1016,8401,216-19-9-2-1,5.59656942730927e-06_5.59656942730927e-06_5.59656942730927e-06_5.59656942730927e-06_5.59656942730927e-06
1016,8402,18-12-8-1-1,0.000116906116926016_0.000116906116926016_0.000116906116926016_0.000116906116926016_0.000116906116926016
1016,8403,126-29-2-2-1,8.0839336172245e-05_8.0839336172245e-05_8.0839336172245e-05_8.0839336172245e-05_8.0839336172245e-05
1016,8404,142-42-12-1-1,3.10920523739404e-06_3.10920523739404e-06_3.10920523739404e-06_3.10920523739404e-06_3.10920523739404e-06
1016,8405,203-11-4-2-1,3.48230986588132e-05_3.48230986588132e-05_3.48230986588132e-05_3.48230986588132e-05_3.48230986588132e-05
1016,8406,128-7-4-2-1,3.10920523739404e-06_3.10920523739404e-06_3.10920523739404e-06_3.10920523739404e-06_3.10920523739404e-06
1016,8407,236-42-12-1-1,6.21841047478808e-06_6.21841047478808e-06_6.21841047478808e-06_6.21841047478808e-06_6.21841047478808e-06
1016,8409,224-39-11-1-1,4.97472837983046e-06_4.97472837983046e-06_4.97472837983046e-06_4.97472837983046e-06_4.97472837983046e-06
1016,8410,103-13-6-2-1,9.14106339793847e-05_9.14106339793847e-05_9.14106339793847e-05_9.14106339793847e-05_9.14106339793847e-05
1016,8411,66-29-2-2-1,2.54954829466311e-05_2.54954829466311e-05_2.54954829466311e-05_2.54954829466311e-05_2.54954829466311e-05
1016,8412,145-25-8-1-1,0.00010446929597644_0.00010446929597644_0.00010446929597644_0.00010446929597644_0.00010446929597644
1016,8413,163-43-4-2-1,1.49241851394914e-05_1.49241851394914e-05_1.49241851394914e-05_1.49241851394914e-05_1.49241851394914e-05
1016,8414,63-27-8-1-1,4.41507143709953e-05_4.41507143709953e-05_4.41507143709953e-05_4.41507143709953e-05_4.41507143709953e-05
1016,8415,145-25-8-1-1,0.000288534246030167_0.000288534246030167_0.000288534246030167_0.000288534246030167_0.000288534246030167
1016,8416,183-23-8-1-1,8.0839336172245e-06_8.0839336172245e-06_8.0839336172245e-06_8.0839336172245e-06_8.0839336172245e-06
1016,8417,138-23-8-1-1,8.0839336172245e-06_8.0839336172245e-06_8.0839336172245e-06_8.0839336172245e-06_8.0839336172245e-06
1016,8418,179-26-4-2-1,1.86552314243642e-05_1.86552314243642e-05_1.86552314243642e-05_1.86552314243642e-05_1.86552314243642e-05
1016,8419,26-15-9-2-1,0.000158569467107096_0.000158569467107096_0.000158569467107096_0.000158569467107096_0.000158569467107096
1016,8420,185-41-9-2-1,3.73104628487285e-06_3.73104628487285e-06_3.73104628487285e-06_3.73104628487285e-06_3.73104628487285e-06
1016,8421,140-42-12-1-1,3.73104628487285e-06_3.73104628487285e-06_3.73104628487285e-06_3.73104628487285e-06_3.73104628487285e-06
1016,8422,216-19-9-2-1,2.86046881840252e-05_2.86046881840252e-05_2.86046881840252e-05_2.86046881840252e-05_2.86046881840252e-05
1016,8423,194-31-9-2-1,4.35288733235165e-06_4.35288733235165e-06_4.35288733235165e-06_4.35288733235165e-06_4.35288733235165e-06
1016,8424,55-22-8-1-1,3.73104628487285e-06_3.73104628487285e-06_3.73104628487285e-06_3.73104628487285e-06_3.73104628487285e-06
1016,8425,180-40-4-2-1,3.10920523739404e-06_3.10920523739404e-06_3.10920523739404e-06_3.10920523739404e-06_3.10920523739404e-06
1016,8426,172-40-4-2-1,3.10920523739404e-06_3.10920523739404e-06_3.10920523739404e-06_3.10920523739404e-06_3.10920523739404e-06
1016,8427,212-41-9-2-1,8.0839336172245e-06_8.0839336172245e-06_8.0839336172245e-06_8.0839336172245e-06_8.0839336172245e-06
1016,8429,161-36-10-1-1,6.84025152226688e-06_6.84025152226688e-06_6.84025152226688e-06_6.84025152226688e-06_6.84025152226688e-06
1016,8430,172-40-4-2-1,3.73104628487285e-06_3.73104628487285e-06_3.73104628487285e-06_3.73104628487285e-06_3.73104628487285e-06
1016,8431,189-12-8-1-1,0.000194014406813388_0.000194014406813388_0.000194014406813388_0.000194014406813388_0.000194014406813388
1016,8432,109-28-5-1-1,4.35288733235165e-06_4.35288733235165e-06_4.35288733235165e-06_4.35288733235165e-06_4.35288733235165e-06
1016,8433,172-40-4-2-1,4.35288733235165e-06_4.35288733235165e-06_4.35288733235165e-06_4.35288733235165e-06_4.35288733235165e-06
1016,8434,186-15-9-2-1,1.80333903768854e-05_1.80333903768854e-05_1.80333903768854e-05_1.80333903768854e-05_1.80333903768854e-05
1016,8435,227-41-9-2-1,3.10920523739404e-06_3.10920523739404e-06_3.10920523739404e-06_3.10920523739404e-06_3.10920523739404e-06
1016,8436,34-19-9-2-1,4.97472837983046e-06_4.97472837983046e-06_4.97472837983046e-06_4.97472837983046e-06_4.97472837983046e-06
1016,8437,9-8-3-1-1,9.57635213117364e-05_9.57635213117364e-05_9.57635213117364e-05_9.57635213117364e-05_9.57635213117364e-05
1016,8438,112-14-4-2-1,6.21841047478808e-06_6.21841047478808e-06_6.21841047478808e-06_6.21841047478808e-06_6.21841047478808e-06
1016,8439,202-37-4-2-1,5.84530584630079e-05_5.84530584630079e-05_5.84530584630079e-05_5.84530584630079e-05_5.84530584630079e-05
1016,8440,128-7-4-2-1,1.11931388546185e-05_1.11931388546185e-05_1.11931388546185e-05_1.11931388546185e-05_1.11931388546185e-05
1016,8441,13-6-6-2-1,6.03185816054443e-05_6.03185816054443e-05_6.03185816054443e-05_6.03185816054443e-05_6.03185816054443e-05
1016,8442,129-21-4-2-1,1.67897082819278e-05_1.67897082819278e-05_1.67897082819278e-05_1.67897082819278e-05_1.67897082819278e-05
1016,8443,14-9-7-1-1,8.02174951247662e-05_8.02174951247662e-05_8.02174951247662e-05_8.02174951247662e-05_8.02174951247662e-05
1016,8444,45-5-5-1-1,4.91254427508258e-05_4.91254427508258e-05_4.91254427508258e-05_4.91254427508258e-05_4.91254427508258e-05
1016,8445,194-31-9-2-1,4.35288733235165e-06_4.35288733235165e-06_4.35288733235165e-06_4.35288733235165e-06_4.35288733235165e-06
1016,8446,95-37-4-2-1,7.52427667449357e-05_7.52427667449357e-05_7.52427667449357e-05_7.52427667449357e-05_7.52427667449357e-05
1016,8447,194-31-9-2-1,1.49241851394914e-05_1.49241851394914e-05_1.49241851394914e-05_1.49241851394914e-05_1.49241851394914e-05
1016,8448,172-40-4-2-1,3.10920523739404e-06_3.10920523739404e-06_3.10920523739404e-06_3.10920523739404e-06_3.10920523739404e-06
1016,8449,172-40-4-2-1,3.73104628487285e-06_3.73104628487285e-06_3.73104628487285e-06_3.73104628487285e-06_3.73104628487285e-06
1016,8450,17-11-4-2-1,2.42518008516735e-05_2.42518008516735e-05_2.42518008516735e-05_2.42518008516735e-05_2.42518008516735e-05
1016,8451,174-15-9-2-1,8.95451108369483e-05_8.95451108369483e-05_8.95451108369483e-05_8.95451108369483e-05_8.95451108369483e-05
1016,8452,185-41-9-2-1,3.10920523739404e-06_3.10920523739404e-06_3.10920523739404e-06_3.10920523739404e-06_3.10920523739404e-06
1016,8453,194-31-9-2-1,3.73104628487285e-06_3.73104628487285e-06_3.73104628487285e-06_3.73104628487285e-06_3.73104628487285e-06
1016,8454,218-7-4-2-1,6.21841047478808e-06_6.21841047478808e-06_6.21841047478808e-06_6.21841047478808e-06_6.21841047478808e-06
1016,8455,133-12-8-1-1,2.79828471365463e-05_2.79828471365463e-05_2.79828471365463e-05_2.79828471365463e-05_2.79828471365463e-05
1016,8456,129-21-4-2-1,2.79828471365463e-05_2.79828471365463e-05_2.79828471365463e-05_2.79828471365463e-05_2.79828471365463e-05
1016,8457,25-10-2-2-1,4.35288733235165e-06_4.35288733235165e-06_4.35288733235165e-06_4.35288733235165e-06_4.35288733235165e-06
1016,8458,172-40-4-2-1,1.18149799020973e-05_1.18149799020973e-05_1.18149799020973e-05_1.18149799020973e-05_1.18149799020973e-05
1016,8459,147-11-4-2-1,9.32761571218212e-06_9.32761571218212e-06_9.32761571218212e-06_9.32761571218212e-06_9.32761571218212e-06
1016,8460,149-16-2-2-1,1.24368209495762e-05_1.24368209495762e-05_1.24368209495762e-05_1.24368209495762e-05_1.24368209495762e-05
1016,8461,218-7-4-2-1,7.58646077924145e-05_7.58646077924145e-05_7.58646077924145e-05_7.58646077924145e-05_7.58646077924145e-05
1016,8462,39-22-8-1-1,1.11931388546185e-05_1.11931388546185e-05_1.11931388546185e-05_1.11931388546185e-05_1.11931388546185e-05
1016,8463,172-40-4-2-1,6.21841047478808e-06_6.21841047478808e-06_6.21841047478808e-06_6.21841047478808e-06_6.21841047478808e-06
1016,8464,156-37-4-2-1,6.21841047478808e-06_6.21841047478808e-06_6.21841047478808e-06_6.21841047478808e-06_6.21841047478808e-06
1016,8465,186-15-9-2-1,2.48736418991523e-06_2.48736418991523e-06_2.48736418991523e-06_2.48736418991523e-06_2.48736418991523e-06
1016,8466,128-7-4-2-1,9.94945675966092e-06_9.94945675966092e-06_9.94945675966092e-06_9.94945675966092e-06_9.94945675966092e-06
1016,8467,172-40-4-2-1,2.48736418991523e-06_2.48736418991523e-06_2.48736418991523e-06_2.48736418991523e-06_2.48736418991523e-06
1016,8468,123-41-9-2-1,7.02680383651053e-05_7.02680383651053e-05_7.02680383651053e-05_7.02680383651053e-05_7.02680383651053e-05
1016,8469,190-20-9-2-1,2.54954829466311e-05_2.54954829466311e-05_2.54954829466311e-05_2.54954829466311e-05_2.54954829466311e-05
1016,8470,76-4-4-2-1,3.73104628487285e-06_3.73104628487285e-06_3.73104628487285e-06_3.73104628487285e-06_3.73104628487285e-06
1016,8471,113-31-9-2-1,2.73610060890675e-05_2.73610060890675e-05_2.73610060890675e-05_2.73610060890675e-05_2.73610060890675e-05
1016,8472,161-36-10-1-1,7.46209256974569e-06_7.46209256974569e-06_7.46209256974569e-06_7.46209256974569e-06_7.46209256974569e-06
1016,8473,21-8-3-1-1,0.000121259004258367_0.000121259004258367_0.000121259004258367_0.000121259004258367_0.000121259004258367
1016,8474,180-40-4-2-1,1.3058661997055e-05_1.3058661997055e-05_1.3058661997055e-05_1.3058661997055e-05_1.3058661997055e-05
1016,8475,153-18-4-2-1,5.03691248457834e-05_5.03691248457834e-05_5.03691248457834e-05_5.03691248457834e-05_5.03691248457834e-05
1016,8476,180-40-4-2-1,4.35288733235165e-06_4.35288733235165e-06_4.35288733235165e-06_4.35288733235165e-06_4.35288733235165e-06
1016,8477,140-42-12-1-1,3.73104628487285e-06_3.73104628487285e-06_3.73104628487285e-06_3.73104628487285e-06_3.73104628487285e-06
1016,8478,49-22-8-1-1,9.32761571218212e-06_9.32761571218212e-06_9.32761571218212e-06_9.32761571218212e-06_9.32761571218212e-06
1016,8479,35-20-9-2-1,7.46209256974569e-06_7.46209256974569e-06_7.46209256974569e-06_7.46209256974569e-06_7.46209256974569e-06
1016,8480,177-7-4-2-1,4.16633501810801e-05_4.16633501810801e-05_4.16633501810801e-05_4.16633501810801e-05_4.16633501810801e-05
1016,8481,167-18-4-2-1,1.86552314243642e-05_1.86552314243642e-05_1.86552314243642e-05_1.86552314243642e-05_1.86552314243642e-05
1016,8482,57-7-4-2-1,3.10920523739404e-06_3.10920523739404e-06_3.10920523739404e-06_3.10920523739404e-06_3.10920523739404e-06
1016,8483,75-1-1-1-1,9.94945675966092e-06_9.94945675966092e-06_9.94945675966092e-06_9.94945675966092e-06_9.94945675966092e-06
1016,8484,172-40-4-2-1,3.73104628487285e-06_3.73104628487285e-06_3.73104628487285e-06_3.73104628487285e-06_3.73104628487285e-06
1016,8485,234-24-7-1-1,9.45198392167788e-05_9.45198392167788e-05_9.45198392167788e-05_9.45198392167788e-05_9.45198392167788e-05
1016,8486,44-13-6-2-1,6.21841047478808e-06_6.21841047478808e-06_6.21841047478808e-06_6.21841047478808e-06_6.21841047478808e-06
1016,8487,98-27-8-1-1,2.54954829466311e-05_2.54954829466311e-05_2.54954829466311e-05_2.54954829466311e-05_2.54954829466311e-05
1016,8488,45-5-5-1-1,3.10920523739404e-06_3.10920523739404e-06_3.10920523739404e-06_3.10920523739404e-06_3.10920523739404e-06
1016,8489,186-15-9-2-1,3.10920523739404e-06_3.10920523739404e-06_3.10920523739404e-06_3.10920523739404e-06_3.10920523739404e-06
1016,8490,166-18-4-2-1,1.24368209495762e-05_1.24368209495762e-05_1.24368209495762e-05_1.24368209495762e-05_1.24368209495762e-05
1016,8491,4-4-4-2-1,3.10920523739404e-06_3.10920523739404e-06_3.10920523739404e-06_3.10920523739404e-06_3.10920523739404e-06
1016,8492,185-41-9-2-1,3.73104628487285e-06_3.73104628487285e-06_3.73104628487285e-06_3.73104628487285e-06_3.73104628487285e-06
1016,8493,153-18-4-2-1,3.10920523739404e-06_3.10920523739404e-06_3.10920523739404e-06_3.10920523739404e-06_3.10920523739404e-06
1016,8494,70-27-8-1-1,1.55460261869702e-05_1.55460261869702e-05_1.55460261869702e-05_1.55460261869702e-05_1.55460261869702e-05
1016,8495,153-18-4-2-1,4.35288733235165e-06_4.35288733235165e-06_4.35288733235165e-06_4.35288733235165e-06_4.35288733235165e-06
1016,8496,152-32-10-1-1,2.05207545668007e-05_2.05207545668007e-05_2.05207545668007e-05_2.05207545668007e-05_2.05207545668007e-05
1016,8497,152-32-10-1-1,1.6167867234449e-05_1.6167867234449e-05_1.6167867234449e-05_1.6167867234449e-05_1.6167867234449e-05
1016,8499,70-27-8-1-1,3.73104628487285e-06_3.73104628487285e-06_3.73104628487285e-06_3.73104628487285e-06_3.73104628487285e-06
1016,8500,228-17-10-1-1,2.17644366617583e-05_2.17644366617583e-05_2.17644366617583e-05_2.17644366617583e-05_2.17644366617583e-05
1016,8501,201-17-10-1-1,3.5444939706292e-05_3.5444939706292e-05_3.5444939706292e-05_3.5444939706292e-05_3.5444939706292e-05
1016,8502,163-43-4-2-1,9.32761571218212e-06_9.32761571218212e-06_9.32761571218212e-06_9.32761571218212e-06_9.32761571218212e-06
1016,8503,227-41-9-2-1,7.46209256974569e-06_7.46209256974569e-06_7.46209256974569e-06_7.46209256974569e-06_7.46209256974569e-06
1016,8504,71-29-2-2-1,1.6167867234449e-05_1.6167867234449e-05_1.6167867234449e-05_1.6167867234449e-05_1.6167867234449e-05
1016,8505,122-16-2-2-1,9.94945675966092e-06_9.94945675966092e-06_9.94945675966092e-06_9.94945675966092e-06_9.94945675966092e-06
1016,8506,208-30-1-1-1,1.74115493294066e-05_1.74115493294066e-05_1.74115493294066e-05_1.74115493294066e-05_1.74115493294066e-05
1016,8507,13-6-6-2-1,7.83519719823298e-05_7.83519719823298e-05_7.83519719823298e-05_7.83519719823298e-05_7.83519719823298e-05
1016,8508,78-3-3-1-1,0.000144267123015083_0.000144267123015083_0.000144267123015083_0.000144267123015083_0.000144267123015083
1016,8509,185-41-9-2-1,3.10920523739404e-06_3.10920523739404e-06_3.10920523739404e-06_3.10920523739404e-06_3.10920523739404e-06
1016,8510,200-15-9-2-1,3.73104628487285e-06_3.73104628487285e-06_3.73104628487285e-06_3.73104628487285e-06_3.73104628487285e-06
1016,8511,229-5-5-1-1,5.53438532256139e-05_5.53438532256139e-05_5.53438532256139e-05_5.53438532256139e-05_5.53438532256139e-05
1016,8512,128-7-4-2-1,7.46209256974569e-06_7.46209256974569e-06_7.46209256974569e-06_7.46209256974569e-06_7.46209256974569e-06
1016,8513,199-19-9-2-1,3.73104628487285e-06_3.73104628487285e-06_3.73104628487285e-06_3.73104628487285e-06_3.73104628487285e-06
1016,8514,40-23-8-1-1,1.24368209495762e-05_1.24368209495762e-05_1.24368209495762e-05_1.24368209495762e-05_1.24368209495762e-05
1016,8515,1-1-1-1-1,3.73104628487285e-06_3.73104628487285e-06_3.73104628487285e-06_3.73104628487285e-06_3.73104628487285e-06
1016,8516,49-22-8-1-1,3.10920523739404e-06_3.10920523739404e-06_3.10920523739404e-06_3.10920523739404e-06_3.10920523739404e-06
1016,8517,225-31-9-2-1,6.21841047478808e-06_6.21841047478808e-06_6.21841047478808e-06_6.21841047478808e-06_6.21841047478808e-06
1016,8518,27-8-3-1-1,0.000108200342261313_0.000108200342261313_0.000108200342261313_0.000108200342261313_0.000108200342261313
1016,8519,230-14-4-2-1,9.94945675966092e-06_9.94945675966092e-06_9.94945675966092e-06_9.94945675966092e-06_9.94945675966092e-06
1016,8520,201-17-10-1-1,1.18149799020973e-05_1.18149799020973e-05_1.18149799020973e-05_1.18149799020973e-05_1.18149799020973e-05
1016,8521,212-41-9-2-1,4.35288733235165e-06_4.35288733235165e-06_4.35288733235165e-06_4.35288733235165e-06_4.35288733235165e-06
1016,8522,199-19-9-2-1,8.70577466470331e-06_8.70577466470331e-06_8.70577466470331e-06_8.70577466470331e-06_8.70577466470331e-06
1016,8523,49-22-8-1-1,4.97472837983046e-06_4.97472837983046e-06_4.97472837983046e-06_4.97472837983046e-06_4.97472837983046e-06
1016,8524,185-41-9-2-1,3.10920523739404e-06_3.10920523739404e-06_3.10920523739404e-06_3.10920523739404e-06_3.10920523739404e-06
1016,8525,80-11-4-2-1,6.1562263700402e-05_6.1562263700402e-05_6.1562263700402e-05_6.1562263700402e-05_6.1562263700402e-05
1016,8526,147-11-4-2-1,8.0839336172245e-06_8.0839336172245e-06_8.0839336172245e-06_8.0839336172245e-06_8.0839336172245e-06
1016,8527,74-31-9-2-1,7.27554025550205e-05_7.27554025550205e-05_7.27554025550205e-05_7.27554025550205e-05_7.27554025550205e-05
1016,8528,193-40-4-2-1,7.46209256974569e-06_7.46209256974569e-06_7.46209256974569e-06_7.46209256974569e-06_7.46209256974569e-06
1016,8529,8-7-4-2-1,1.98989135193218e-05_1.98989135193218e-05_1.98989135193218e-05_1.98989135193218e-05_1.98989135193218e-05
1016,8530,112-14-4-2-1,3.73104628487285e-06_3.73104628487285e-06_3.73104628487285e-06_3.73104628487285e-06_3.73104628487285e-06
1016,8531,125-30-1-1-1,6.4671468937796e-05_6.4671468937796e-05_6.4671468937796e-05_6.4671468937796e-05_6.4671468937796e-05
1016,8532,26-15-9-2-1,1.36805030445338e-05_1.36805030445338e-05_1.36805030445338e-05_1.36805030445338e-05_1.36805030445338e-05
1016,8533,234-24-7-1-1,5.59656942730927e-05_5.59656942730927e-05_5.59656942730927e-05_5.59656942730927e-05_5.59656942730927e-05
1016,8534,110-3-3-1-1,0.000116284275878537_0.000116284275878537_0.000116284275878537_0.000116284275878537_0.000116284275878537
1016,8535,213-15-9-2-1,4.35288733235165e-06_4.35288733235165e-06_4.35288733235165e-06_4.35288733235165e-06_4.35288733235165e-06
1016,8536,128-7-4-2-1,4.35288733235165e-06_4.35288733235165e-06_4.35288733235165e-06_4.35288733235165e-06_4.35288733235165e-06
1016,8537,185-41-9-2-1,3.73104628487285e-06_3.73104628487285e-06_3.73104628487285e-06_3.73104628487285e-06_3.73104628487285e-06
1016,8538,121-39-11-1-1,4.97472837983046e-06_4.97472837983046e-06_4.97472837983046e-06_4.97472837983046e-06_4.97472837983046e-06
1016,8539,142-42-12-1-1,5.59656942730927e-06_5.59656942730927e-06_5.59656942730927e-06_5.59656942730927e-06_5.59656942730927e-06
1016,8540,141-42-12-1-1,4.22851912285589e-05_4.22851912285589e-05_4.22851912285589e-05_4.22851912285589e-05_4.22851912285589e-05
1016,8541,49-22-8-1-1,8.70577466470331e-06_8.70577466470331e-06_8.70577466470331e-06_8.70577466470331e-06_8.70577466470331e-06
1016,8542,172-40-4-2-1,4.35288733235165e-06_4.35288733235165e-06_4.35288733235165e-06_4.35288733235165e-06_4.35288733235165e-06
1016,8543,140-42-12-1-1,6.21841047478808e-06_6.21841047478808e-06_6.21841047478808e-06_6.21841047478808e-06_6.21841047478808e-06
1016,8544,4-4-4-2-1,3.73104628487285e-06_3.73104628487285e-06_3.73104628487285e-06_3.73104628487285e-06_3.73104628487285e-06
1016,8545,177-7-4-2-1,5.96967405579655e-05_5.96967405579655e-05_5.96967405579655e-05_5.96967405579655e-05_5.96967405579655e-05
1016,8546,141-42-12-1-1,3.73104628487285e-06_3.73104628487285e-06_3.73104628487285e-06_3.73104628487285e-06_3.73104628487285e-06
1016,8547,8-7-4-2-1,1.11931388546185e-05_1.11931388546185e-05_1.11931388546185e-05_1.11931388546185e-05_1.11931388546185e-05
1016,8548,142-42-12-1-1,3.10920523739404e-06_3.10920523739404e-06_3.10920523739404e-06_3.10920523739404e-06_3.10920523739404e-06
1016,8549,140-42-12-1-1,4.97472837983046e-06_4.97472837983046e-06_4.97472837983046e-06_4.97472837983046e-06_4.97472837983046e-06
1016,8550,65-1-1-1-1,3.73104628487285e-06_3.73104628487285e-06_3.73104628487285e-06_3.73104628487285e-06_3.73104628487285e-06
1016,8551,75-1-1-1-1,1.24368209495762e-05_1.24368209495762e-05_1.24368209495762e-05_1.24368209495762e-05_1.24368209495762e-05
1016,8552,133-12-8-1-1,6.84025152226688e-06_6.84025152226688e-06_6.84025152226688e-06_6.84025152226688e-06_6.84025152226688e-06
1016,8553,70-27-8-1-1,0.000185930473196163_0.000185930473196163_0.000185930473196163_0.000185930473196163_0.000185930473196163
1016,8554,225-31-9-2-1,9.94945675966092e-06_9.94945675966092e-06_9.94945675966092e-06_9.94945675966092e-06_9.94945675966092e-06
1016,8555,221-35-4-2-1,4.35288733235165e-06_4.35288733235165e-06_4.35288733235165e-06_4.35288733235165e-06_4.35288733235165e-06
1016,8556,70-27-8-1-1,3.48230986588132e-05_3.48230986588132e-05_3.48230986588132e-05_3.48230986588132e-05_3.48230986588132e-05
1016,8557,118-36-10-1-1,0.000128721096828113_0.000128721096828113_0.000128721096828113_0.000128721096828113_0.000128721096828113
1016,8558,163-43-4-2-1,8.70577466470331e-06_8.70577466470331e-06_8.70577466470331e-06_8.70577466470331e-06_8.70577466470331e-06
1016,8559,152-32-10-1-1,8.20830182672026e-05_8.20830182672026e-05_8.20830182672026e-05_8.20830182672026e-05_8.20830182672026e-05
1016,8560,7-4-4-2-1,6.21841047478808e-06_6.21841047478808e-06_6.21841047478808e-06_6.21841047478808e-06_6.21841047478808e-06
1016,8561,142-42-12-1-1,6.84025152226688e-06_6.84025152226688e-06_6.84025152226688e-06_6.84025152226688e-06_6.84025152226688e-06
1016,8562,200-15-9-2-1,5.59656942730927e-06_5.59656942730927e-06_5.59656942730927e-06_5.59656942730927e-06_5.59656942730927e-06
1016,8563,149-16-2-2-1,3.60667807537708e-05_3.60667807537708e-05_3.60667807537708e-05_3.60667807537708e-05_3.60667807537708e-05
1016,8564,216-19-9-2-1,1.3058661997055e-05_1.3058661997055e-05_1.3058661997055e-05_1.3058661997055e-05_1.3058661997055e-05
1016,8566,218-7-4-2-1,1.86552314243642e-05_1.86552314243642e-05_1.86552314243642e-05_1.86552314243642e-05_1.86552314243642e-05
1016,8567,217-30-1-1-1,0.000335794165638556_0.000335794165638556_0.000335794165638556_0.000335794165638556_0.000335794165638556
1016,8568,126-29-2-2-1,5.59656942730927e-06_5.59656942730927e-06_5.59656942730927e-06_5.59656942730927e-06_5.59656942730927e-06
1016,8569,10-3-3-1-1,0.000352583873920484_0.000352583873920484_0.000352583873920484_0.000352583873920484_0.000352583873920484
1016,8570,222-35-4-2-1,1.49241851394914e-05_1.49241851394914e-05_1.49241851394914e-05_1.49241851394914e-05_1.49241851394914e-05
1016,8571,10-3-3-1-1,2.54954829466311e-05_2.54954829466311e-05_2.54954829466311e-05_2.54954829466311e-05_2.54954829466311e-05
1016,8572,125-30-1-1-1,0.000232568551757074_0.000232568551757074_0.000232568551757074_0.000232568551757074_0.000232568551757074
1016,8573,174-15-9-2-1,3.10920523739404e-06_3.10920523739404e-06_3.10920523739404e-06_3.10920523739404e-06_3.10920523739404e-06
1016,8574,49-22-8-1-1,3.73104628487285e-06_3.73104628487285e-06_3.73104628487285e-06_3.73104628487285e-06_3.73104628487285e-06
1016,8575,57-7-4-2-1,6.84025152226688e-06_6.84025152226688e-06_6.84025152226688e-06_6.84025152226688e-06_6.84025152226688e-06
1016,8576,55-22-8-1-1,3.10920523739404e-06_3.10920523739404e-06_3.10920523739404e-06_3.10920523739404e-06_3.10920523739404e-06
1016,8577,47-22-8-1-1,3.10920523739404e-06_3.10920523739404e-06_3.10920523739404e-06_3.10920523739404e-06_3.10920523739404e-06
1016,8578,1-1-1-1-1,6.84025152226688e-06_6.84025152226688e-06_6.84025152226688e-06_6.84025152226688e-06_6.84025152226688e-06
1016,8579,37-11-4-2-1,4.97472837983046e-06_4.97472837983046e-06_4.97472837983046e-06_4.97472837983046e-06_4.97472837983046e-06
1016,8580,37-11-4-2-1,3.10920523739404e-06_3.10920523739404e-06_3.10920523739404e-06_3.10920523739404e-06_3.10920523739404e-06
1016,8581,13-6-6-2-1,0.000310920523739404_0.000310920523739404_0.000310920523739404_0.000310920523739404_0.000310920523739404
1016,8582,227-41-9-2-1,3.73104628487285e-06_3.73104628487285e-06_3.73104628487285e-06_3.73104628487285e-06_3.73104628487285e-06
1016,8583,55-22-8-1-1,3.10920523739404e-06_3.10920523739404e-06_3.10920523739404e-06_3.10920523739404e-06_3.10920523739404e-06
1016,8584,6-6-6-2-1,4.8503601703347e-05_4.8503601703347e-05_4.8503601703347e-05_4.8503601703347e-05_4.8503601703347e-05
1016,8586,8-7-4-2-1,6.84025152226688e-06_6.84025152226688e-06_6.84025152226688e-06_6.84025152226688e-06_6.84025152226688e-06
1016,8587,218-7-4-2-1,2.42518008516735e-05_2.42518008516735e-05_2.42518008516735e-05_2.42518008516735e-05_2.42518008516735e-05
1016,8588,186-15-9-2-1,1.74115493294066e-05_1.74115493294066e-05_1.74115493294066e-05_1.74115493294066e-05_1.74115493294066e-05
1016,8589,66-29-2-2-1,2.05207545668007e-05_2.05207545668007e-05_2.05207545668007e-05_2.05207545668007e-05_2.05207545668007e-05
1016,8590,26-15-9-2-1,5.59656942730927e-06_5.59656942730927e-06_5.59656942730927e-06_5.59656942730927e-06_5.59656942730927e-06
1016,8591,112-14-4-2-1,1.6167867234449e-05_1.6167867234449e-05_1.6167867234449e-05_1.6167867234449e-05_1.6167867234449e-05
1016,8592,112-14-4-2-1,3.10920523739404e-06_3.10920523739404e-06_3.10920523739404e-06_3.10920523739404e-06_3.10920523739404e-06
1016,8593,180-40-4-2-1,5.59656942730927e-06_5.59656942730927e-06_5.59656942730927e-06_5.59656942730927e-06_5.59656942730927e-06
1016,8594,172-40-4-2-1,3.10920523739404e-06_3.10920523739404e-06_3.10920523739404e-06_3.10920523739404e-06_3.10920523739404e-06
1016,8595,172-40-4-2-1,3.73104628487285e-06_3.73104628487285e-06_3.73104628487285e-06_3.73104628487285e-06_3.73104628487285e-06
1016,8596,57-7-4-2-1,3.10920523739404e-06_3.10920523739404e-06_3.10920523739404e-06_3.10920523739404e-06_3.10920523739404e-06
1016,8597,49-22-8-1-1,1.6167867234449e-05_1.6167867234449e-05_1.6167867234449e-05_1.6167867234449e-05_1.6167867234449e-05
1016,8598,197-30-1-1-1,0.000131208461018028_0.000131208461018028_0.000131208461018028_0.000131208461018028_0.000131208461018028
1016,8599,214-26-4-2-1,4.97472837983046e-06_4.97472837983046e-06_4.97472837983046e-06_4.97472837983046e-06_4.97472837983046e-06
1016,8600,197-30-1-1-1,0.000106334819118876_0.000106334819118876_0.000106334819118876_0.000106334819118876_0.000106334819118876
1016,8601,194-31-9-2-1,5.59656942730927e-06_5.59656942730927e-06_5.59656942730927e-06_5.59656942730927e-06_5.59656942730927e-06
1016,8602,163-43-4-2-1,3.10920523739404e-06_3.10920523739404e-06_3.10920523739404e-06_3.10920523739404e-06_3.10920523739404e-06
1016,8603,138-23-8-1-1,7.46209256974569e-06_7.46209256974569e-06_7.46209256974569e-06_7.46209256974569e-06_7.46209256974569e-06
1016,8604,200-15-9-2-1,4.16633501810801e-05_4.16633501810801e-05_4.16633501810801e-05_4.16633501810801e-05_4.16633501810801e-05
1016,8605,68-30-1-1-1,7.33772436024993e-05_7.33772436024993e-05_7.33772436024993e-05_7.33772436024993e-05_7.33772436024993e-05
1016,8606,110-3-3-1-1,3.48230986588132e-05_3.48230986588132e-05_3.48230986588132e-05_3.48230986588132e-05_3.48230986588132e-05
1016,8607,185-41-9-2-1,4.97472837983046e-06_4.97472837983046e-06_4.97472837983046e-06_4.97472837983046e-06_4.97472837983046e-06
1016,8608,172-40-4-2-1,4.35288733235165e-06_4.35288733235165e-06_4.35288733235165e-06_4.35288733235165e-06_4.35288733235165e-06
1016,8609,186-15-9-2-1,8.0839336172245e-06_8.0839336172245e-06_8.0839336172245e-06_8.0839336172245e-06_8.0839336172245e-06
1016,8610,216-19-9-2-1,4.35288733235165e-06_4.35288733235165e-06_4.35288733235165e-06_4.35288733235165e-06_4.35288733235165e-06
1016,8611,153-18-4-2-1,4.35288733235165e-06_4.35288733235165e-06_4.35288733235165e-06_4.35288733235165e-06_4.35288733235165e-06
1016,8612,8-7-4-2-1,4.97472837983046e-06_4.97472837983046e-06_4.97472837983046e-06_4.97472837983046e-06_4.97472837983046e-06
1016,8613,213-15-9-2-1,8.70577466470331e-06_8.70577466470331e-06_8.70577466470331e-06_8.70577466470331e-06_8.70577466470331e-06
1016,8614,88-35-4-2-1,4.35288733235165e-06_4.35288733235165e-06_4.35288733235165e-06_4.35288733235165e-06_4.35288733235165e-06
1016,8615,128-7-4-2-1,2.48736418991523e-06_2.48736418991523e-06_2.48736418991523e-06_2.48736418991523e-06_2.48736418991523e-06
1016,8616,8-7-4-2-1,3.10920523739404e-06_3.10920523739404e-06_3.10920523739404e-06_3.10920523739404e-06_3.10920523739404e-06
1016,8617,69-29-2-2-1,0.000106956660166355_0.000106956660166355_0.000106956660166355_0.000106956660166355_0.000106956660166355
1016,8618,75-1-1-1-1,8.0839336172245e-06_8.0839336172245e-06_8.0839336172245e-06_8.0839336172245e-06_8.0839336172245e-06
1016,8619,134-29-2-2-1,3.10920523739404e-06_3.10920523739404e-06_3.10920523739404e-06_3.10920523739404e-06_3.10920523739404e-06
1016,8620,116-36-10-1-1,2.36299598041947e-05_2.36299598041947e-05_2.36299598041947e-05_2.36299598041947e-05_2.36299598041947e-05
1016,8622,45-5-5-1-1,4.35288733235165e-06_4.35288733235165e-06_4.35288733235165e-06_4.35288733235165e-06_4.35288733235165e-06
1016,8623,147-11-4-2-1,4.97472837983046e-06_4.97472837983046e-06_4.97472837983046e-06_4.97472837983046e-06_4.97472837983046e-06
1016,8625,8-7-4-2-1,1.67897082819278e-05_1.67897082819278e-05_1.67897082819278e-05_1.67897082819278e-05_1.67897082819278e-05
1016,8626,29-17-10-1-1,1.36805030445338e-05_1.36805030445338e-05_1.36805030445338e-05_1.36805030445338e-05_1.36805030445338e-05
1016,8627,11-4-4-2-1,2.48736418991523e-06_2.48736418991523e-06_2.48736418991523e-06_2.48736418991523e-06_2.48736418991523e-06
1016,8628,144-43-4-2-1,4.97472837983046e-06_4.97472837983046e-06_4.97472837983046e-06_4.97472837983046e-06_4.97472837983046e-06
1016,8629,193-40-4-2-1,9.32761571218212e-06_9.32761571218212e-06_9.32761571218212e-06_9.32761571218212e-06_9.32761571218212e-06
1016,8630,193-40-4-2-1,4.8503601703347e-05_4.8503601703347e-05_4.8503601703347e-05_4.8503601703347e-05_4.8503601703347e-05
1016,8631,218-7-4-2-1,6.21841047478808e-06_6.21841047478808e-06_6.21841047478808e-06_6.21841047478808e-06_6.21841047478808e-06
1016,8632,213-15-9-2-1,5.59656942730927e-06_5.59656942730927e-06_5.59656942730927e-06_5.59656942730927e-06_5.59656942730927e-06
1016,8633,138-23-8-1-1,6.84025152226688e-06_6.84025152226688e-06_6.84025152226688e-06_6.84025152226688e-06_6.84025152226688e-06
1016,8634,183-23-8-1-1,9.32761571218212e-06_9.32761571218212e-06_9.32761571218212e-06_9.32761571218212e-06_9.32761571218212e-06
1016,8635,199-19-9-2-1,1.98989135193218e-05_1.98989135193218e-05_1.98989135193218e-05_1.98989135193218e-05_1.98989135193218e-05
1016,8636,185-41-9-2-1,3.10920523739404e-06_3.10920523739404e-06_3.10920523739404e-06_3.10920523739404e-06_3.10920523739404e-06
1016,8637,204-35-4-2-1,4.35288733235165e-06_4.35288733235165e-06_4.35288733235165e-06_4.35288733235165e-06_4.35288733235165e-06
1016,8638,153-18-4-2-1,5.28564890356987e-05_5.28564890356987e-05_5.28564890356987e-05_5.28564890356987e-05_5.28564890356987e-05
1016,8639,185-41-9-2-1,3.73104628487285e-06_3.73104628487285e-06_3.73104628487285e-06_3.73104628487285e-06_3.73104628487285e-06
1016,8640,80-11-4-2-1,8.89232697894695e-05_8.89232697894695e-05_8.89232697894695e-05_8.89232697894695e-05_8.89232697894695e-05
1016,8641,55-22-8-1-1,4.22851912285589e-05_4.22851912285589e-05_4.22851912285589e-05_4.22851912285589e-05_4.22851912285589e-05
1016,8642,11-4-4-2-1,1.24368209495762e-05_1.24368209495762e-05_1.24368209495762e-05_1.24368209495762e-05_1.24368209495762e-05
1016,8643,142-42-12-1-1,3.10920523739404e-06_3.10920523739404e-06_3.10920523739404e-06_3.10920523739404e-06_3.10920523739404e-06
1016,8644,142-42-12-1-1,3.10920523739404e-06_3.10920523739404e-06_3.10920523739404e-06_3.10920523739404e-06_3.10920523739404e-06
1016,8645,163-43-4-2-1,4.97472837983046e-06_4.97472837983046e-06_4.97472837983046e-06_4.97472837983046e-06_4.97472837983046e-06
1016,8646,185-41-9-2-1,3.10920523739404e-06_3.10920523739404e-06_3.10920523739404e-06_3.10920523739404e-06_3.10920523739404e-06
1016,8647,209-35-4-2-1,4.35288733235165e-06_4.35288733235165e-06_4.35288733235165e-06_4.35288733235165e-06_4.35288733235165e-06
1016,8648,185-41-9-2-1,3.10920523739404e-06_3.10920523739404e-06_3.10920523739404e-06_3.10920523739404e-06_3.10920523739404e-06
1016,8649,180-40-4-2-1,4.97472837983046e-06_4.97472837983046e-06_4.97472837983046e-06_4.97472837983046e-06_4.97472837983046e-06
1016,8650,227-41-9-2-1,0.000167275241771799_0.000167275241771799_0.000167275241771799_0.000167275241771799_0.000167275241771799
1016,8651,227-41-9-2-1,7.46209256974569e-06_7.46209256974569e-06_7.46209256974569e-06_7.46209256974569e-06_7.46209256974569e-06
1016,8652,6-6-6-2-1,1.49241851394914e-05_1.49241851394914e-05_1.49241851394914e-05_1.49241851394914e-05_1.49241851394914e-05
1016,8653,35-20-9-2-1,1.24368209495762e-05_1.24368209495762e-05_1.24368209495762e-05_1.24368209495762e-05_1.24368209495762e-05
1016,8654,26-15-9-2-1,6.84025152226688e-06_6.84025152226688e-06_6.84025152226688e-06_6.84025152226688e-06_6.84025152226688e-06
1016,8655,196-14-4-2-1,3.73104628487285e-06_3.73104628487285e-06_3.73104628487285e-06_3.73104628487285e-06_3.73104628487285e-06
1016,8656,11-4-4-2-1,6.84025152226688e-06_6.84025152226688e-06_6.84025152226688e-06_6.84025152226688e-06_6.84025152226688e-06
1016,8657,225-31-9-2-1,3.73104628487285e-06_3.73104628487285e-06_3.73104628487285e-06_3.73104628487285e-06_3.73104628487285e-06
1016,8658,218-7-4-2-1,2.48736418991523e-06_2.48736418991523e-06_2.48736418991523e-06_2.48736418991523e-06_2.48736418991523e-06
1016,8659,185-41-9-2-1,4.35288733235165e-06_4.35288733235165e-06_4.35288733235165e-06_4.35288733235165e-06_4.35288733235165e-06
1016,8660,160-30-1-1-1,0.000118149799020973_0.000118149799020973_0.000118149799020973_0.000118149799020973_0.000118149799020973
1016,8661,135-41-9-2-1,6.03185816054443e-05_6.03185816054443e-05_6.03185816054443e-05_6.03185816054443e-05_6.03185816054443e-05
1016,8662,122-16-2-2-1,6.21841047478808e-06_6.21841047478808e-06_6.21841047478808e-06_6.21841047478808e-06_6.21841047478808e-06
1016,8663,234-24-7-1-1,5.65875353205715e-05_5.65875353205715e-05_5.65875353205715e-05_5.65875353205715e-05_5.65875353205715e-05
1016,8664,49-22-8-1-1,1.05712978071397e-05_1.05712978071397e-05_1.05712978071397e-05_1.05712978071397e-05_1.05712978071397e-05
1016,8665,110-3-3-1-1,7.7730130934851e-05_7.7730130934851e-05_7.7730130934851e-05_7.7730130934851e-05_7.7730130934851e-05
1016,8667,107-6-6-2-1,0.000310298682691925_0.000310298682691925_0.000310298682691925_0.000310298682691925_0.000310298682691925
1016,8668,65-1-1-1-1,4.29070322760377e-05_4.29070322760377e-05_4.29070322760377e-05_4.29070322760377e-05_4.29070322760377e-05
1016,8669,174-15-9-2-1,3.60667807537708e-05_3.60667807537708e-05_3.60667807537708e-05_3.60667807537708e-05_3.60667807537708e-05
1016,8670,177-7-4-2-1,6.21841047478808e-06_6.21841047478808e-06_6.21841047478808e-06_6.21841047478808e-06_6.21841047478808e-06
1016,8671,191-37-4-2-1,4.35288733235165e-06_4.35288733235165e-06_4.35288733235165e-06_4.35288733235165e-06_4.35288733235165e-06
1016,8672,114-40-4-2-1,1.67897082819278e-05_1.67897082819278e-05_1.67897082819278e-05_1.67897082819278e-05_1.67897082819278e-05
1016,8673,32-18-4-2-1,5.59656942730927e-06_5.59656942730927e-06_5.59656942730927e-06_5.59656942730927e-06_5.59656942730927e-06
1016,8674,114-40-4-2-1,8.70577466470331e-06_8.70577466470331e-06_8.70577466470331e-06_8.70577466470331e-06_8.70577466470331e-06
1016,8675,86-10-2-2-1,0.000718848250885502_0.000718848250885502_0.000718848250885502_0.000718848250885502_0.000718848250885502
1016,8676,209-35-4-2-1,4.35288733235165e-06_4.35288733235165e-06_4.35288733235165e-06_4.35288733235165e-06_4.35288733235165e-06
1016,8677,10-3-3-1-1,6.71588331277112e-05_6.71588331277112e-05_6.71588331277112e-05_6.71588331277112e-05_6.71588331277112e-05
1016,8678,4-4-4-2-1,4.35288733235165e-06_4.35288733235165e-06_4.35288733235165e-06_4.35288733235165e-06_4.35288733235165e-06
1016,8679,236-42-12-1-1,8.70577466470331e-06_8.70577466470331e-06_8.70577466470331e-06_8.70577466470331e-06_8.70577466470331e-06
1016,8680,10-3-3-1-1,0.000115040593783579_0.000115040593783579_0.000115040593783579_0.000115040593783579_0.000115040593783579
1016,8682,45-5-5-1-1,6.84025152226688e-06_6.84025152226688e-06_6.84025152226688e-06_6.84025152226688e-06_6.84025152226688e-06
1016,8683,205-12-8-1-1,3.10920523739404e-06_3.10920523739404e-06_3.10920523739404e-06_3.10920523739404e-06_3.10920523739404e-06
1016,8684,122-16-2-2-1,6.21841047478808e-06_6.21841047478808e-06_6.21841047478808e-06_6.21841047478808e-06_6.21841047478808e-06
1016,8686,26-15-9-2-1,4.97472837983046e-06_4.97472837983046e-06_4.97472837983046e-06_4.97472837983046e-06_4.97472837983046e-06
1016,8687,128-7-4-2-1,2.61173239941099e-05_2.61173239941099e-05_2.61173239941099e-05_2.61173239941099e-05_2.61173239941099e-05
1016,8688,26-15-9-2-1,9.94945675966092e-06_9.94945675966092e-06_9.94945675966092e-06_9.94945675966092e-06_9.94945675966092e-06
1016,8689,120-16-2-2-1,2.86046881840252e-05_2.86046881840252e-05_2.86046881840252e-05_2.86046881840252e-05_2.86046881840252e-05
1016,8690,200-15-9-2-1,1.36805030445338e-05_1.36805030445338e-05_1.36805030445338e-05_1.36805030445338e-05_1.36805030445338e-05
1016,8691,184-31-9-2-1,6.84025152226688e-06_6.84025152226688e-06_6.84025152226688e-06_6.84025152226688e-06_6.84025152226688e-06
1016,8692,227-41-9-2-1,8.0839336172245e-06_8.0839336172245e-06_8.0839336172245e-06_8.0839336172245e-06_8.0839336172245e-06
1016,8693,185-41-9-2-1,6.21841047478808e-06_6.21841047478808e-06_6.21841047478808e-06_6.21841047478808e-06_6.21841047478808e-06
1016,8694,79-32-10-1-1,6.21841047478808e-06_6.21841047478808e-06_6.21841047478808e-06_6.21841047478808e-06_6.21841047478808e-06
1016,8695,102-13-6-2-1,1.55460261869702e-05_1.55460261869702e-05_1.55460261869702e-05_1.55460261869702e-05_1.55460261869702e-05
1016,8696,6-6-6-2-1,4.91254427508258e-05_4.91254427508258e-05_4.91254427508258e-05_4.91254427508258e-05_4.91254427508258e-05
1016,8697,8-7-4-2-1,4.97472837983046e-06_4.97472837983046e-06_4.97472837983046e-06_4.97472837983046e-06_4.97472837983046e-06
1016,8698,159-4-4-2-1,1.18149799020973e-05_1.18149799020973e-05_1.18149799020973e-05_1.18149799020973e-05_1.18149799020973e-05
1016,8699,112-14-4-2-1,2.48736418991523e-06_2.48736418991523e-06_2.48736418991523e-06_2.48736418991523e-06_2.48736418991523e-06
1016,8700,151-19-9-2-1,9.32761571218212e-06_9.32761571218212e-06_9.32761571218212e-06_9.32761571218212e-06_9.32761571218212e-06
1016,8701,143-1-1-1-1,5.84530584630079e-05_5.84530584630079e-05_5.84530584630079e-05_5.84530584630079e-05_5.84530584630079e-05
1016,8702,1-1-1-1-1,5.59656942730927e-06_5.59656942730927e-06_5.59656942730927e-06_5.59656942730927e-06_5.59656942730927e-06
1016,8703,159-4-4-2-1,1.74115493294066e-05_1.74115493294066e-05_1.74115493294066e-05_1.74115493294066e-05_1.74115493294066e-05
1016,8704,172-40-4-2-1,3.10920523739404e-06_3.10920523739404e-06_3.10920523739404e-06_3.10920523739404e-06_3.10920523739404e-06
1016,8705,134-29-2-2-1,3.10920523739404e-06_3.10920523739404e-06_3.10920523739404e-06_3.10920523739404e-06_3.10920523739404e-06
1016,8706,71-29-2-2-1,8.70577466470331e-06_8.70577466470331e-06_8.70577466470331e-06_8.70577466470331e-06_8.70577466470331e-06
1016,8707,172-40-4-2-1,3.73104628487285e-06_3.73104628487285e-06_3.73104628487285e-06_3.73104628487285e-06_3.73104628487285e-06
1016,8708,172-40-4-2-1,4.97472837983046e-06_4.97472837983046e-06_4.97472837983046e-06_4.97472837983046e-06_4.97472837983046e-06
1016,8709,69-29-2-2-1,0.000804662315437577_0.000804662315437577_0.000804662315437577_0.000804662315437577_0.000804662315437577
1016,8710,69-29-2-2-1,2.79828471365463e-05_2.79828471365463e-05_2.79828471365463e-05_2.79828471365463e-05_2.79828471365463e-05
1016,8711,69-29-2-2-1,3.04702113264616e-05_3.04702113264616e-05_3.04702113264616e-05_3.04702113264616e-05_3.04702113264616e-05
1016,8712,172-40-4-2-1,1.43023440920126e-05_1.43023440920126e-05_1.43023440920126e-05_1.43023440920126e-05_1.43023440920126e-05
1016,8713,136-26-4-2-1,3.91759859911649e-05_3.91759859911649e-05_3.91759859911649e-05_3.91759859911649e-05_3.91759859911649e-05
1016,8715,235-34-11-1-1,3.60667807537708e-05_3.60667807537708e-05_3.60667807537708e-05_3.60667807537708e-05_3.60667807537708e-05
1016,8716,4-4-4-2-1,0.00022945934651968_0.00022945934651968_0.00022945934651968_0.00022945934651968_0.00022945934651968
1016,8717,4-4-4-2-1,8.0839336172245e-06_8.0839336172245e-06_8.0839336172245e-06_8.0839336172245e-06_8.0839336172245e-06
1016,8718,49-22-8-1-1,2.79828471365463e-05_2.79828471365463e-05_2.79828471365463e-05_2.79828471365463e-05_2.79828471365463e-05
1016,8719,88-35-4-2-1,3.73104628487285e-06_3.73104628487285e-06_3.73104628487285e-06_3.73104628487285e-06_3.73104628487285e-06
1016,8720,114-40-4-2-1,2.48736418991523e-06_2.48736418991523e-06_2.48736418991523e-06_2.48736418991523e-06_2.48736418991523e-06
1016,8721,4-4-4-2-1,5.41001711306563e-05_5.41001711306563e-05_5.41001711306563e-05_5.41001711306563e-05_5.41001711306563e-05
1016,8722,18-12-8-1-1,2.48736418991523e-06_2.48736418991523e-06_2.48736418991523e-06_2.48736418991523e-06_2.48736418991523e-06
1016,8723,113-31-9-2-1,0.000133695825207944_0.000133695825207944_0.000133695825207944_0.000133695825207944_0.000133695825207944
1016,8724,44-13-6-2-1,2.9226529231504e-05_2.9226529231504e-05_2.9226529231504e-05_2.9226529231504e-05_2.9226529231504e-05
1016,8725,36-6-6-2-1,1.9277072471843e-05_1.9277072471843e-05_1.9277072471843e-05_1.9277072471843e-05_1.9277072471843e-05
1016,8726,118-36-10-1-1,1.67897082819278e-05_1.67897082819278e-05_1.67897082819278e-05_1.67897082819278e-05_1.67897082819278e-05
1016,8727,186-15-9-2-1,1.67897082819278e-05_1.67897082819278e-05_1.67897082819278e-05_1.67897082819278e-05_1.67897082819278e-05
1016,8728,49-22-8-1-1,5.22346479882198e-05_5.22346479882198e-05_5.22346479882198e-05_5.22346479882198e-05_5.22346479882198e-05
1016,8729,220-22-8-1-1,5.59656942730927e-05_5.59656942730927e-05_5.59656942730927e-05_5.59656942730927e-05_5.59656942730927e-05
1016,8730,49-22-8-1-1,3.35794165638556e-05_3.35794165638556e-05_3.35794165638556e-05_3.35794165638556e-05_3.35794165638556e-05
1016,8731,49-22-8-1-1,4.35288733235165e-06_4.35288733235165e-06_4.35288733235165e-06_4.35288733235165e-06_4.35288733235165e-06
1016,8732,185-41-9-2-1,3.73104628487285e-06_3.73104628487285e-06_3.73104628487285e-06_3.73104628487285e-06_3.73104628487285e-06
1016,8733,175-20-9-2-1,2.17644366617583e-05_2.17644366617583e-05_2.17644366617583e-05_2.17644366617583e-05_2.17644366617583e-05
1016,8734,49-22-8-1-1,0.000174737334341545_0.000174737334341545_0.000174737334341545_0.000174737334341545_0.000174737334341545
1016,8735,49-22-8-1-1,8.3948541409639e-05_8.3948541409639e-05_8.3948541409639e-05_8.3948541409639e-05_8.3948541409639e-05
1016,8736,49-22-8-1-1,3.10920523739404e-05_3.10920523739404e-05_3.10920523739404e-05_3.10920523739404e-05_3.10920523739404e-05
1016,8737,49-22-8-1-1,4.35288733235165e-05_4.35288733235165e-05_4.35288733235165e-05_4.35288733235165e-05_4.35288733235165e-05
1016,8738,61-13-6-2-1,2.9226529231504e-05_2.9226529231504e-05_2.9226529231504e-05_2.9226529231504e-05_2.9226529231504e-05
1016,8739,218-7-4-2-1,3.79323038962073e-05_3.79323038962073e-05_3.79323038962073e-05_3.79323038962073e-05_3.79323038962073e-05
1016,8740,197-30-1-1-1,4.10415091336013e-05_4.10415091336013e-05_4.10415091336013e-05_4.10415091336013e-05_4.10415091336013e-05
1016,8741,216-19-9-2-1,3.73104628487285e-06_3.73104628487285e-06_3.73104628487285e-06_3.73104628487285e-06_3.73104628487285e-06
1016,8742,160-30-1-1-1,1.11931388546185e-05_1.11931388546185e-05_1.11931388546185e-05_1.11931388546185e-05_1.11931388546185e-05
1016,8743,74-31-9-2-1,6.21841047478808e-06_6.21841047478808e-06_6.21841047478808e-06_6.21841047478808e-06_6.21841047478808e-06
1016,8744,80-11-4-2-1,9.32761571218212e-06_9.32761571218212e-06_9.32761571218212e-06_9.32761571218212e-06_9.32761571218212e-06
1016,8745,26-15-9-2-1,1.3058661997055e-05_1.3058661997055e-05_1.3058661997055e-05_1.3058661997055e-05_1.3058661997055e-05
1016,8746,185-41-9-2-1,3.10920523739404e-06_3.10920523739404e-06_3.10920523739404e-06_3.10920523739404e-06_3.10920523739404e-06
1016,8747,113-31-9-2-1,6.84025152226688e-06_6.84025152226688e-06_6.84025152226688e-06_6.84025152226688e-06_6.84025152226688e-06
1016,8748,74-31-9-2-1,9.82508855016516e-05_9.82508855016516e-05_9.82508855016516e-05_9.82508855016516e-05_9.82508855016516e-05
1016,8749,227-41-9-2-1,4.35288733235165e-06_4.35288733235165e-06_4.35288733235165e-06_4.35288733235165e-06_4.35288733235165e-06
1016,8750,227-41-9-2-1,4.97472837983046e-06_4.97472837983046e-06_4.97472837983046e-06_4.97472837983046e-06_4.97472837983046e-06
1016,8751,44-13-6-2-1,1.86552314243642e-05_1.86552314243642e-05_1.86552314243642e-05_1.86552314243642e-05_1.86552314243642e-05
1016,8752,98-27-8-1-1,3.29575755163768e-05_3.29575755163768e-05_3.29575755163768e-05_3.29575755163768e-05_3.29575755163768e-05
1016,8753,199-19-9-2-1,7.46209256974569e-06_7.46209256974569e-06_7.46209256974569e-06_7.46209256974569e-06_7.46209256974569e-06
1016,8754,203-11-4-2-1,2.86046881840252e-05_2.86046881840252e-05_2.86046881840252e-05_2.86046881840252e-05_2.86046881840252e-05
1016,8755,218-7-4-2-1,3.73104628487285e-06_3.73104628487285e-06_3.73104628487285e-06_3.73104628487285e-06_3.73104628487285e-06
1016,8756,185-41-9-2-1,3.10920523739404e-06_3.10920523739404e-06_3.10920523739404e-06_3.10920523739404e-06_3.10920523739404e-06
1016,8757,89-13-6-2-1,3.10920523739404e-05_3.10920523739404e-05_3.10920523739404e-05_3.10920523739404e-05_3.10920523739404e-05
1016,8758,118-36-10-1-1,4.97472837983046e-06_4.97472837983046e-06_4.97472837983046e-06_4.97472837983046e-06_4.97472837983046e-06
1016,8759,212-41-9-2-1,1.43023440920126e-05_1.43023440920126e-05_1.43023440920126e-05_1.43023440920126e-05_1.43023440920126e-05
1016,8760,133-12-8-1-1,6.84025152226688e-06_6.84025152226688e-06_6.84025152226688e-06_6.84025152226688e-06_6.84025152226688e-06
1016,8761,222-35-4-2-1,3.5444939706292e-05_3.5444939706292e-05_3.5444939706292e-05_3.5444939706292e-05_3.5444939706292e-05
1016,8762,39-22-8-1-1,4.78817606558682e-05_4.78817606558682e-05_4.78817606558682e-05_4.78817606558682e-05_4.78817606558682e-05
1016,8763,214-26-4-2-1,1.3058661997055e-05_1.3058661997055e-05_1.3058661997055e-05_1.3058661997055e-05_1.3058661997055e-05
1016,8764,188-14-4-2-1,4.97472837983046e-06_4.97472837983046e-06_4.97472837983046e-06_4.97472837983046e-06_4.97472837983046e-06
1016,8765,76-4-4-2-1,3.10920523739404e-06_3.10920523739404e-06_3.10920523739404e-06_3.10920523739404e-06_3.10920523739404e-06
1016,8766,44-13-6-2-1,4.35288733235165e-06_4.35288733235165e-06_4.35288733235165e-06_4.35288733235165e-06_4.35288733235165e-06
1016,8767,180-40-4-2-1,6.84025152226688e-06_6.84025152226688e-06_6.84025152226688e-06_6.84025152226688e-06_6.84025152226688e-06
1016,8768,47-22-8-1-1,5.65875353205715e-05_5.65875353205715e-05_5.65875353205715e-05_5.65875353205715e-05_5.65875353205715e-05
1016,8769,49-22-8-1-1,1.43023440920126e-05_1.43023440920126e-05_1.43023440920126e-05_1.43023440920126e-05_1.43023440920126e-05
1016,8770,172-40-4-2-1,2.48736418991523e-06_2.48736418991523e-06_2.48736418991523e-06_2.48736418991523e-06_2.48736418991523e-06
1016,8771,149-16-2-2-1,1.55460261869702e-05_1.55460261869702e-05_1.55460261869702e-05_1.55460261869702e-05_1.55460261869702e-05
1016,8772,102-13-6-2-1,1.24368209495762e-05_1.24368209495762e-05_1.24368209495762e-05_1.24368209495762e-05_1.24368209495762e-05
1016,8773,208-30-1-1-1,7.33772436024993e-05_7.33772436024993e-05_7.33772436024993e-05_7.33772436024993e-05_7.33772436024993e-05
1016,8774,66-29-2-2-1,5.59656942730927e-06_5.59656942730927e-06_5.59656942730927e-06_5.59656942730927e-06_5.59656942730927e-06
1016,8775,185-41-9-2-1,6.21841047478808e-06_6.21841047478808e-06_6.21841047478808e-06_6.21841047478808e-06_6.21841047478808e-06
1016,8776,163-43-4-2-1,9.32761571218212e-06_9.32761571218212e-06_9.32761571218212e-06_9.32761571218212e-06_9.32761571218212e-06
1016,8777,107-6-6-2-1,0.000185930473196163_0.000185930473196163_0.000185930473196163_0.000185930473196163_0.000185930473196163
1016,8778,122-16-2-2-1,1.49241851394914e-05_1.49241851394914e-05_1.49241851394914e-05_1.49241851394914e-05_1.49241851394914e-05
1016,8779,102-13-6-2-1,2.36299598041947e-05_2.36299598041947e-05_2.36299598041947e-05_2.36299598041947e-05_2.36299598041947e-05
1016,8780,172-40-4-2-1,1.11931388546185e-05_1.11931388546185e-05_1.11931388546185e-05_1.11931388546185e-05_1.11931388546185e-05
1016,8781,26-15-9-2-1,6.84025152226688e-06_6.84025152226688e-06_6.84025152226688e-06_6.84025152226688e-06_6.84025152226688e-06
1016,8782,70-27-8-1-1,3.73104628487285e-06_3.73104628487285e-06_3.73104628487285e-06_3.73104628487285e-06_3.73104628487285e-06
1016,8783,216-19-9-2-1,1.24368209495762e-05_1.24368209495762e-05_1.24368209495762e-05_1.24368209495762e-05_1.24368209495762e-05
1016,8784,225-31-9-2-1,6.21841047478808e-06_6.21841047478808e-06_6.21841047478808e-06_6.21841047478808e-06_6.21841047478808e-06
1016,8785,151-19-9-2-1,6.21841047478808e-06_6.21841047478808e-06_6.21841047478808e-06_6.21841047478808e-06_6.21841047478808e-06
1016,8786,183-23-8-1-1,6.21841047478808e-06_6.21841047478808e-06_6.21841047478808e-06_6.21841047478808e-06_6.21841047478808e-06
1016,8787,216-19-9-2-1,6.84025152226688e-06_6.84025152226688e-06_6.84025152226688e-06_6.84025152226688e-06_6.84025152226688e-06
1016,8788,166-18-4-2-1,3.73104628487285e-06_3.73104628487285e-06_3.73104628487285e-06_3.73104628487285e-06_3.73104628487285e-06
1016,8789,82-6-6-2-1,0.00041725534285828_0.00041725534285828_0.00041725534285828_0.00041725534285828_0.00041725534285828
1016,8790,179-26-4-2-1,1.80333903768854e-05_1.80333903768854e-05_1.80333903768854e-05_1.80333903768854e-05_1.80333903768854e-05
1016,8791,148-29-2-2-1,8.70577466470331e-06_8.70577466470331e-06_8.70577466470331e-06_8.70577466470331e-06_8.70577466470331e-06
1016,8792,102-13-6-2-1,1.49241851394914e-05_1.49241851394914e-05_1.49241851394914e-05_1.49241851394914e-05_1.49241851394914e-05
1016,8793,32-18-4-2-1,4.78817606558682e-05_4.78817606558682e-05_4.78817606558682e-05_4.78817606558682e-05_4.78817606558682e-05
1016,8794,153-18-4-2-1,4.35288733235165e-06_4.35288733235165e-06_4.35288733235165e-06_4.35288733235165e-06_4.35288733235165e-06
1016,8795,93-16-2-2-1,0.000414767978668365_0.000414767978668365_0.000414767978668365_0.000414767978668365_0.000414767978668365
1016,8796,32-18-4-2-1,6.21841047478808e-06_6.21841047478808e-06_6.21841047478808e-06_6.21841047478808e-06_6.21841047478808e-06
1016,8797,10-3-3-1-1,1.11931388546185e-05_1.11931388546185e-05_1.11931388546185e-05_1.11931388546185e-05_1.11931388546185e-05
1016,8798,122-16-2-2-1,6.21841047478808e-06_6.21841047478808e-06_6.21841047478808e-06_6.21841047478808e-06_6.21841047478808e-06
1016,8799,188-14-4-2-1,4.35288733235165e-06_4.35288733235165e-06_4.35288733235165e-06_4.35288733235165e-06_4.35288733235165e-06
1016,8800,213-15-9-2-1,1.3058661997055e-05_1.3058661997055e-05_1.3058661997055e-05_1.3058661997055e-05_1.3058661997055e-05
1016,8801,166-18-4-2-1,3.42012576113344e-05_3.42012576113344e-05_3.42012576113344e-05_3.42012576113344e-05_3.42012576113344e-05
1016,8802,172-40-4-2-1,1.11931388546185e-05_1.11931388546185e-05_1.11931388546185e-05_1.11931388546185e-05_1.11931388546185e-05
1016,8803,221-35-4-2-1,3.73104628487285e-06_3.73104628487285e-06_3.73104628487285e-06_3.73104628487285e-06_3.73104628487285e-06
1016,8804,133-12-8-1-1,3.10920523739404e-06_3.10920523739404e-06_3.10920523739404e-06_3.10920523739404e-06_3.10920523739404e-06
1016,8805,122-16-2-2-1,7.33772436024993e-05_7.33772436024993e-05_7.33772436024993e-05_7.33772436024993e-05_7.33772436024993e-05
1016,8806,77-28-5-1-1,1.05712978071397e-05_1.05712978071397e-05_1.05712978071397e-05_1.05712978071397e-05_1.05712978071397e-05
1016,8807,188-14-4-2-1,6.84025152226688e-06_6.84025152226688e-06_6.84025152226688e-06_6.84025152226688e-06_6.84025152226688e-06
1016,8808,194-31-9-2-1,9.32761571218212e-06_9.32761571218212e-06_9.32761571218212e-06_9.32761571218212e-06_9.32761571218212e-06
1016,8809,66-29-2-2-1,5.59656942730927e-06_5.59656942730927e-06_5.59656942730927e-06_5.59656942730927e-06_5.59656942730927e-06
1016,8810,177-7-4-2-1,9.32761571218212e-06_9.32761571218212e-06_9.32761571218212e-06_9.32761571218212e-06_9.32761571218212e-06
1016,8811,118-36-10-1-1,3.10920523739404e-06_3.10920523739404e-06_3.10920523739404e-06_3.10920523739404e-06_3.10920523739404e-06
1016,8812,142-42-12-1-1,4.35288733235165e-06_4.35288733235165e-06_4.35288733235165e-06_4.35288733235165e-06_4.35288733235165e-06
1016,8813,209-35-4-2-1,1.36805030445338e-05_1.36805030445338e-05_1.36805030445338e-05_1.36805030445338e-05_1.36805030445338e-05
1016,8814,61-13-6-2-1,0.000103225613881482_0.000103225613881482_0.000103225613881482_0.000103225613881482_0.000103225613881482
1016,8815,131-13-6-2-1,7.02680383651053e-05_7.02680383651053e-05_7.02680383651053e-05_7.02680383651053e-05_7.02680383651053e-05
1016,8816,40-23-8-1-1,1.18149799020973e-05_1.18149799020973e-05_1.18149799020973e-05_1.18149799020973e-05_1.18149799020973e-05
1016,8817,40-23-8-1-1,3.10920523739404e-06_3.10920523739404e-06_3.10920523739404e-06_3.10920523739404e-06_3.10920523739404e-06
1016,8818,234-24-7-1-1,1.43023440920126e-05_1.43023440920126e-05_1.43023440920126e-05_1.43023440920126e-05_1.43023440920126e-05
1016,8819,71-29-2-2-1,2.79828471365463e-05_2.79828471365463e-05_2.79828471365463e-05_2.79828471365463e-05_2.79828471365463e-05
1016,8820,112-14-4-2-1,3.73104628487285e-06_3.73104628487285e-06_3.73104628487285e-06_3.73104628487285e-06_3.73104628487285e-06
1016,8821,8-7-4-2-1,3.73104628487285e-06_3.73104628487285e-06_3.73104628487285e-06_3.73104628487285e-06_3.73104628487285e-06
1016,8822,114-40-4-2-1,1.9277072471843e-05_1.9277072471843e-05_1.9277072471843e-05_1.9277072471843e-05_1.9277072471843e-05
1016,8823,209-35-4-2-1,3.73104628487285e-06_3.73104628487285e-06_3.73104628487285e-06_3.73104628487285e-06_3.73104628487285e-06
1016,8824,172-40-4-2-1,4.97472837983046e-06_4.97472837983046e-06_4.97472837983046e-06_4.97472837983046e-06_4.97472837983046e-06
1016,8825,140-42-12-1-1,3.73104628487285e-06_3.73104628487285e-06_3.73104628487285e-06_3.73104628487285e-06_3.73104628487285e-06
1016,8826,47-22-8-1-1,5.59656942730927e-06_5.59656942730927e-06_5.59656942730927e-06_5.59656942730927e-06_5.59656942730927e-06
1016,8827,128-7-4-2-1,2.23862777092371e-05_2.23862777092371e-05_2.23862777092371e-05_2.23862777092371e-05_2.23862777092371e-05
1016,8828,8-7-4-2-1,4.35288733235165e-06_4.35288733235165e-06_4.35288733235165e-06_4.35288733235165e-06_4.35288733235165e-06
1016,8829,216-19-9-2-1,7.46209256974569e-06_7.46209256974569e-06_7.46209256974569e-06_7.46209256974569e-06_7.46209256974569e-06
1016,8830,98-27-8-1-1,4.35288733235165e-06_4.35288733235165e-06_4.35288733235165e-06_4.35288733235165e-06_4.35288733235165e-06
1016,8831,176-20-9-2-1,1.3058661997055e-05_1.3058661997055e-05_1.3058661997055e-05_1.3058661997055e-05_1.3058661997055e-05
1016,8832,152-32-10-1-1,9.94945675966092e-06_9.94945675966092e-06_9.94945675966092e-06_9.94945675966092e-06_9.94945675966092e-06
1016,8834,172-40-4-2-1,3.10920523739404e-06_3.10920523739404e-06_3.10920523739404e-06_3.10920523739404e-06_3.10920523739404e-06
1016,8835,102-13-6-2-1,1.05712978071397e-05_1.05712978071397e-05_1.05712978071397e-05_1.05712978071397e-05_1.05712978071397e-05
1016,8836,34-19-9-2-1,6.21841047478808e-06_6.21841047478808e-06_6.21841047478808e-06_6.21841047478808e-06_6.21841047478808e-06
1016,8837,186-15-9-2-1,4.97472837983046e-06_4.97472837983046e-06_4.97472837983046e-06_4.97472837983046e-06_4.97472837983046e-06
1016,8838,174-15-9-2-1,3.73104628487285e-06_3.73104628487285e-06_3.73104628487285e-06_3.73104628487285e-06_3.73104628487285e-06
1016,8839,51-22-8-1-1,9.94945675966092e-06_9.94945675966092e-06_9.94945675966092e-06_9.94945675966092e-06_9.94945675966092e-06
1016,8840,172-40-4-2-1,3.73104628487285e-06_3.73104628487285e-06_3.73104628487285e-06_3.73104628487285e-06_3.73104628487285e-06
1016,8841,147-11-4-2-1,3.73104628487285e-06_3.73104628487285e-06_3.73104628487285e-06_3.73104628487285e-06_3.73104628487285e-06
1016,8842,79-32-10-1-1,8.0839336172245e-06_8.0839336172245e-06_8.0839336172245e-06_8.0839336172245e-06_8.0839336172245e-06
1016,8843,203-11-4-2-1,5.59656942730927e-06_5.59656942730927e-06_5.59656942730927e-06_5.59656942730927e-06_5.59656942730927e-06
1016,8845,151-19-9-2-1,5.59656942730927e-06_5.59656942730927e-06_5.59656942730927e-06_5.59656942730927e-06_5.59656942730927e-06
1016,8846,11-4-4-2-1,0.000124368209495762_0.000124368209495762_0.000124368209495762_0.000124368209495762_0.000124368209495762
1016,8847,151-19-9-2-1,1.18149799020973e-05_1.18149799020973e-05_1.18149799020973e-05_1.18149799020973e-05_1.18149799020973e-05
1016,8848,151-19-9-2-1,8.89232697894695e-05_8.89232697894695e-05_8.89232697894695e-05_8.89232697894695e-05_8.89232697894695e-05
1016,8849,185-41-9-2-1,1.86552314243642e-06_1.86552314243642e-06_1.86552314243642e-06_1.86552314243642e-06_1.86552314243642e-06
1016,8850,149-16-2-2-1,6.84025152226688e-06_6.84025152226688e-06_6.84025152226688e-06_6.84025152226688e-06_6.84025152226688e-06
1016,8851,172-40-4-2-1,4.35288733235165e-06_4.35288733235165e-06_4.35288733235165e-06_4.35288733235165e-06_4.35288733235165e-06
1016,8852,29-17-10-1-1,9.94945675966092e-06_9.94945675966092e-06_9.94945675966092e-06_9.94945675966092e-06_9.94945675966092e-06
1016,8853,4-4-4-2-1,4.35288733235165e-06_4.35288733235165e-06_4.35288733235165e-06_4.35288733235165e-06_4.35288733235165e-06
1016,8854,13-6-6-2-1,4.10415091336013e-05_4.10415091336013e-05_4.10415091336013e-05_4.10415091336013e-05_4.10415091336013e-05
1016,8855,179-26-4-2-1,4.35288733235165e-06_4.35288733235165e-06_4.35288733235165e-06_4.35288733235165e-06_4.35288733235165e-06
1016,8856,177-7-4-2-1,3.10920523739404e-06_3.10920523739404e-06_3.10920523739404e-06_3.10920523739404e-06_3.10920523739404e-06
1016,8857,236-42-12-1-1,3.10920523739404e-06_3.10920523739404e-06_3.10920523739404e-06_3.10920523739404e-06_3.10920523739404e-06
1016,8858,31-6-6-2-1,0.000197123612050782_0.000197123612050782_0.000197123612050782_0.000197123612050782_0.000197123612050782
1016,8859,147-11-4-2-1,8.70577466470331e-06_8.70577466470331e-06_8.70577466470331e-06_8.70577466470331e-06_8.70577466470331e-06
1016,8860,201-17-10-1-1,7.33772436024993e-05_7.33772436024993e-05_7.33772436024993e-05_7.33772436024993e-05_7.33772436024993e-05
1016,8861,172-40-4-2-1,6.84025152226688e-06_6.84025152226688e-06_6.84025152226688e-06_6.84025152226688e-06_6.84025152226688e-06
1016,8863,93-16-2-2-1,3.35794165638556e-05_3.35794165638556e-05_3.35794165638556e-05_3.35794165638556e-05_3.35794165638556e-05
1016,8864,174-15-9-2-1,8.95451108369483e-05_8.95451108369483e-05_8.95451108369483e-05_8.95451108369483e-05_8.95451108369483e-05
1016,8865,29-17-10-1-1,2.42518008516735e-05_2.42518008516735e-05_2.42518008516735e-05_2.42518008516735e-05_2.42518008516735e-05
1016,8866,183-23-8-1-1,0.000103847454928961_0.000103847454928961_0.000103847454928961_0.000103847454928961_0.000103847454928961
1016,8867,216-19-9-2-1,2.48736418991523e-06_2.48736418991523e-06_2.48736418991523e-06_2.48736418991523e-06_2.48736418991523e-06
1016,8868,131-13-6-2-1,6.84025152226688e-05_6.84025152226688e-05_6.84025152226688e-05_6.84025152226688e-05_6.84025152226688e-05
1016,8869,172-40-4-2-1,8.70577466470331e-06_8.70577466470331e-06_8.70577466470331e-06_8.70577466470331e-06_8.70577466470331e-06
1016,8870,55-22-8-1-1,4.8503601703347e-05_4.8503601703347e-05_4.8503601703347e-05_4.8503601703347e-05_4.8503601703347e-05
1016,8871,199-19-9-2-1,5.59656942730927e-06_5.59656942730927e-06_5.59656942730927e-06_5.59656942730927e-06_5.59656942730927e-06
1016,8873,203-11-4-2-1,3.73104628487285e-06_3.73104628487285e-06_3.73104628487285e-06_3.73104628487285e-06_3.73104628487285e-06
1016,8874,142-42-12-1-1,7.46209256974569e-06_7.46209256974569e-06_7.46209256974569e-06_7.46209256974569e-06_7.46209256974569e-06
1016,8875,149-16-2-2-1,6.21841047478808e-06_6.21841047478808e-06_6.21841047478808e-06_6.21841047478808e-06_6.21841047478808e-06
1016,8876,152-32-10-1-1,5.59656942730927e-06_5.59656942730927e-06_5.59656942730927e-06_5.59656942730927e-06_5.59656942730927e-06
1016,8877,149-16-2-2-1,3.10920523739404e-06_3.10920523739404e-06_3.10920523739404e-06_3.10920523739404e-06_3.10920523739404e-06
1016,8878,222-35-4-2-1,1.67897082819278e-05_1.67897082819278e-05_1.67897082819278e-05_1.67897082819278e-05_1.67897082819278e-05
1016,8879,225-31-9-2-1,4.97472837983046e-06_4.97472837983046e-06_4.97472837983046e-06_4.97472837983046e-06_4.97472837983046e-06
1016,8880,209-35-4-2-1,0.000909131611414017_0.000909131611414017_0.000909131611414017_0.000909131611414017_0.000909131611414017
1016,8881,203-11-4-2-1,3.73104628487285e-06_3.73104628487285e-06_3.73104628487285e-06_3.73104628487285e-06_3.73104628487285e-06
1016,8882,185-41-9-2-1,3.73104628487285e-06_3.73104628487285e-06_3.73104628487285e-06_3.73104628487285e-06_3.73104628487285e-06
1016,8883,199-19-9-2-1,3.10920523739404e-06_3.10920523739404e-06_3.10920523739404e-06_3.10920523739404e-06_3.10920523739404e-06
1016,8884,83-33-5-1-1,5.03691248457834e-05_5.03691248457834e-05_5.03691248457834e-05_5.03691248457834e-05_5.03691248457834e-05
1016,8885,22-13-6-2-1,4.10415091336013e-05_4.10415091336013e-05_4.10415091336013e-05_4.10415091336013e-05_4.10415091336013e-05
1016,8886,129-21-4-2-1,6.84025152226688e-06_6.84025152226688e-06_6.84025152226688e-06_6.84025152226688e-06_6.84025152226688e-06
1016,8887,129-21-4-2-1,1.11931388546185e-05_1.11931388546185e-05_1.11931388546185e-05_1.11931388546185e-05_1.11931388546185e-05
1016,8888,7-4-4-2-1,5.53438532256139e-05_5.53438532256139e-05_5.53438532256139e-05_5.53438532256139e-05_5.53438532256139e-05
1016,8889,172-40-4-2-1,4.35288733235165e-06_4.35288733235165e-06_4.35288733235165e-06_4.35288733235165e-06_4.35288733235165e-06
1016,8890,153-18-4-2-1,2.54954829466311e-05_2.54954829466311e-05_2.54954829466311e-05_2.54954829466311e-05_2.54954829466311e-05
1016,8891,98-27-8-1-1,3.10920523739404e-06_3.10920523739404e-06_3.10920523739404e-06_3.10920523739404e-06_3.10920523739404e-06
1016,8892,7-4-4-2-1,2.98483702789828e-05_2.98483702789828e-05_2.98483702789828e-05_2.98483702789828e-05_2.98483702789828e-05
1016,8893,70-27-8-1-1,3.10920523739404e-06_3.10920523739404e-06_3.10920523739404e-06_3.10920523739404e-06_3.10920523739404e-06
1016,8894,119-6-6-2-1,0.000426582958570462_0.000426582958570462_0.000426582958570462_0.000426582958570462_0.000426582958570462
1016,8895,44-13-6-2-1,1.05712978071397e-05_1.05712978071397e-05_1.05712978071397e-05_1.05712978071397e-05_1.05712978071397e-05
1016,8896,45-5-5-1-1,6.84025152226688e-06_6.84025152226688e-06_6.84025152226688e-06_6.84025152226688e-06_6.84025152226688e-06
1016,8897,31-6-6-2-1,8.33267003621602e-05_8.33267003621602e-05_8.33267003621602e-05_8.33267003621602e-05_8.33267003621602e-05
1016,8898,7-4-4-2-1,3.48230986588132e-05_3.48230986588132e-05_3.48230986588132e-05_3.48230986588132e-05_3.48230986588132e-05
1016,8899,7-4-4-2-1,5.53438532256139e-05_5.53438532256139e-05_5.53438532256139e-05_5.53438532256139e-05_5.53438532256139e-05
1016,8900,58-13-6-2-1,0.000105091137023918_0.000105091137023918_0.000105091137023918_0.000105091137023918_0.000105091137023918
1016,8901,64-28-5-1-1,0.000194014406813388_0.000194014406813388_0.000194014406813388_0.000194014406813388_0.000194014406813388
1016,8902,234-24-7-1-1,5.59656942730927e-05_5.59656942730927e-05_5.59656942730927e-05_5.59656942730927e-05_5.59656942730927e-05
1016,8903,29-17-10-1-1,3.66886218012497e-05_3.66886218012497e-05_3.66886218012497e-05_3.66886218012497e-05_3.66886218012497e-05
1016,8904,124-29-2-2-1,5.65875353205715e-05_5.65875353205715e-05_5.65875353205715e-05_5.65875353205715e-05_5.65875353205715e-05
1016,8905,74-31-9-2-1,2.73610060890675e-05_2.73610060890675e-05_2.73610060890675e-05_2.73610060890675e-05_2.73610060890675e-05
1016,8906,172-40-4-2-1,3.73104628487285e-06_3.73104628487285e-06_3.73104628487285e-06_3.73104628487285e-06_3.73104628487285e-06
1016,8907,122-16-2-2-1,1.11931388546185e-05_1.11931388546185e-05_1.11931388546185e-05_1.11931388546185e-05_1.11931388546185e-05
1016,8908,45-5-5-1-1,1.67897082819278e-05_1.67897082819278e-05_1.67897082819278e-05_1.67897082819278e-05_1.67897082819278e-05
1016,8909,153-18-4-2-1,4.78817606558682e-05_4.78817606558682e-05_4.78817606558682e-05_4.78817606558682e-05_4.78817606558682e-05
1016,8910,8-7-4-2-1,6.84025152226688e-06_6.84025152226688e-06_6.84025152226688e-06_6.84025152226688e-06_6.84025152226688e-06
1016,8911,186-15-9-2-1,1.36805030445338e-05_1.36805030445338e-05_1.36805030445338e-05_1.36805030445338e-05_1.36805030445338e-05
1016,8912,180-40-4-2-1,4.35288733235165e-06_4.35288733235165e-06_4.35288733235165e-06_4.35288733235165e-06_4.35288733235165e-06
1016,8913,152-32-10-1-1,8.51922235045966e-05_8.51922235045966e-05_8.51922235045966e-05_8.51922235045966e-05_8.51922235045966e-05
1016,8914,152-32-10-1-1,9.32761571218212e-06_9.32761571218212e-06_9.32761571218212e-06_9.32761571218212e-06_9.32761571218212e-06
1016,8915,185-41-9-2-1,8.0839336172245e-06_8.0839336172245e-06_8.0839336172245e-06_8.0839336172245e-06_8.0839336172245e-06
1016,8916,185-41-9-2-1,3.10920523739404e-06_3.10920523739404e-06_3.10920523739404e-06_3.10920523739404e-06_3.10920523739404e-06
1016,8917,172-40-4-2-1,4.35288733235165e-06_4.35288733235165e-06_4.35288733235165e-06_4.35288733235165e-06_4.35288733235165e-06
1016,8918,180-40-4-2-1,3.73104628487285e-06_3.73104628487285e-06_3.73104628487285e-06_3.73104628487285e-06_3.73104628487285e-06
1016,8919,68-30-1-1-1,2.79828471365463e-05_2.79828471365463e-05_2.79828471365463e-05_2.79828471365463e-05_2.79828471365463e-05
1016,8920,5-5-5-1-1,1.55460261869702e-05_1.55460261869702e-05_1.55460261869702e-05_1.55460261869702e-05_1.55460261869702e-05
1016,8921,63-27-8-1-1,0.000166031559676842_0.000166031559676842_0.000166031559676842_0.000166031559676842_0.000166031559676842
1016,8922,212-41-9-2-1,3.91759859911649e-05_3.91759859911649e-05_3.91759859911649e-05_3.91759859911649e-05_3.91759859911649e-05
1016,8923,200-15-9-2-1,3.10920523739404e-06_3.10920523739404e-06_3.10920523739404e-06_3.10920523739404e-06_3.10920523739404e-06
1016,8924,172-40-4-2-1,8.0839336172245e-06_8.0839336172245e-06_8.0839336172245e-06_8.0839336172245e-06_8.0839336172245e-06
1016,8925,116-36-10-1-1,3.73104628487285e-06_3.73104628487285e-06_3.73104628487285e-06_3.73104628487285e-06_3.73104628487285e-06
1016,8926,134-29-2-2-1,2.30081187567159e-05_2.30081187567159e-05_2.30081187567159e-05_2.30081187567159e-05_2.30081187567159e-05
1016,8927,126-29-2-2-1,2.48736418991523e-06_2.48736418991523e-06_2.48736418991523e-06_2.48736418991523e-06_2.48736418991523e-06
1016,8928,204-35-4-2-1,1.05712978071397e-05_1.05712978071397e-05_1.05712978071397e-05_1.05712978071397e-05_1.05712978071397e-05
1016,8929,185-41-9-2-1,3.10920523739404e-06_3.10920523739404e-06_3.10920523739404e-06_3.10920523739404e-06_3.10920523739404e-06
1016,8930,172-40-4-2-1,3.10920523739404e-06_3.10920523739404e-06_3.10920523739404e-06_3.10920523739404e-06_3.10920523739404e-06
1016,8932,180-40-4-2-1,1.6167867234449e-05_1.6167867234449e-05_1.6167867234449e-05_1.6167867234449e-05_1.6167867234449e-05
1016,8933,45-5-5-1-1,7.46209256974569e-06_7.46209256974569e-06_7.46209256974569e-06_7.46209256974569e-06_7.46209256974569e-06
1016,8934,137-26-4-2-1,1.67897082819278e-05_1.67897082819278e-05_1.67897082819278e-05_1.67897082819278e-05_1.67897082819278e-05
1016,8935,109-28-5-1-1,8.70577466470331e-06_8.70577466470331e-06_8.70577466470331e-06_8.70577466470331e-06_8.70577466470331e-06
1016,8936,171-18-4-2-1,7.46209256974569e-06_7.46209256974569e-06_7.46209256974569e-06_7.46209256974569e-06_7.46209256974569e-06
1016,8937,217-30-1-1-1,0.000962609941497194_0.000962609941497194_0.000962609941497194_0.000962609941497194_0.000962609941497194
1016,8938,109-28-5-1-1,1.55460261869702e-05_1.55460261869702e-05_1.55460261869702e-05_1.55460261869702e-05_1.55460261869702e-05
1016,8939,82-6-6-2-1,0.00258561507541688_0.00258561507541688_0.00258561507541688_0.00258561507541688_0.00258561507541688
1016,8940,185-41-9-2-1,3.73104628487285e-06_3.73104628487285e-06_3.73104628487285e-06_3.73104628487285e-06_3.73104628487285e-06
1016,8941,112-14-4-2-1,2.48736418991523e-06_2.48736418991523e-06_2.48736418991523e-06_2.48736418991523e-06_2.48736418991523e-06
1016,8942,191-37-4-2-1,0.000394247224101564_0.000394247224101564_0.000394247224101564_0.000394247224101564_0.000394247224101564
1016,8943,191-37-4-2-1,5.59656942730927e-06_5.59656942730927e-06_5.59656942730927e-06_5.59656942730927e-06_5.59656942730927e-06
1016,8944,55-22-8-1-1,3.73104628487285e-06_3.73104628487285e-06_3.73104628487285e-06_3.73104628487285e-06_3.73104628487285e-06
1016,8945,191-37-4-2-1,6.84025152226688e-06_6.84025152226688e-06_6.84025152226688e-06_6.84025152226688e-06_6.84025152226688e-06
1016,8946,191-37-4-2-1,0.00015110737453735_0.00015110737453735_0.00015110737453735_0.00015110737453735_0.00015110737453735
1016,8948,199-19-9-2-1,4.97472837983046e-06_4.97472837983046e-06_4.97472837983046e-06_4.97472837983046e-06_4.97472837983046e-06
1016,8949,172-40-4-2-1,2.48736418991523e-06_2.48736418991523e-06_2.48736418991523e-06_2.48736418991523e-06_2.48736418991523e-06
1016,8950,8-7-4-2-1,2.86046881840252e-05_2.86046881840252e-05_2.86046881840252e-05_2.86046881840252e-05_2.86046881840252e-05
1016,8951,174-15-9-2-1,2.86046881840252e-05_2.86046881840252e-05_2.86046881840252e-05_2.86046881840252e-05_2.86046881840252e-05
1016,8952,26-15-9-2-1,6.84025152226688e-06_6.84025152226688e-06_6.84025152226688e-06_6.84025152226688e-06_6.84025152226688e-06
1016,8953,65-1-1-1-1,2.79828471365463e-05_2.79828471365463e-05_2.79828471365463e-05_2.79828471365463e-05_2.79828471365463e-05
1016,8954,7-4-4-2-1,1.6167867234449e-05_1.6167867234449e-05_1.6167867234449e-05_1.6167867234449e-05_1.6167867234449e-05
1016,8955,109-28-5-1-1,8.70577466470331e-06_8.70577466470331e-06_8.70577466470331e-06_8.70577466470331e-06_8.70577466470331e-06
1016,8956,185-41-9-2-1,3.10920523739404e-06_3.10920523739404e-06_3.10920523739404e-06_3.10920523739404e-06_3.10920523739404e-06
1016,8957,188-14-4-2-1,2.48736418991523e-06_2.48736418991523e-06_2.48736418991523e-06_2.48736418991523e-06_2.48736418991523e-06
1016,8958,141-42-12-1-1,6.84025152226688e-06_6.84025152226688e-06_6.84025152226688e-06_6.84025152226688e-06_6.84025152226688e-06
1016,8959,122-16-2-2-1,9.20324750268635e-05_9.20324750268635e-05_9.20324750268635e-05_9.20324750268635e-05_9.20324750268635e-05
1016,8960,44-13-6-2-1,1.05712978071397e-05_1.05712978071397e-05_1.05712978071397e-05_1.05712978071397e-05_1.05712978071397e-05
1016,8961,4-4-4-2-1,3.10920523739404e-06_3.10920523739404e-06_3.10920523739404e-06_3.10920523739404e-06_3.10920523739404e-06
1016,8962,185-41-9-2-1,2.48736418991523e-06_2.48736418991523e-06_2.48736418991523e-06_2.48736418991523e-06_2.48736418991523e-06
1016,8963,63-27-8-1-1,3.73104628487285e-06_3.73104628487285e-06_3.73104628487285e-06_3.73104628487285e-06_3.73104628487285e-06
1016,8964,82-6-6-2-1,0.000145510805110041_0.000145510805110041_0.000145510805110041_0.000145510805110041_0.000145510805110041
1016,8965,225-31-9-2-1,4.97472837983046e-06_4.97472837983046e-06_4.97472837983046e-06_4.97472837983046e-06_4.97472837983046e-06
1016,8966,37-11-4-2-1,1.24368209495762e-05_1.24368209495762e-05_1.24368209495762e-05_1.24368209495762e-05_1.24368209495762e-05
1016,8967,29-17-10-1-1,9.94945675966092e-06_9.94945675966092e-06_9.94945675966092e-06_9.94945675966092e-06_9.94945675966092e-06
1016,8968,26-15-9-2-1,9.32761571218212e-06_9.32761571218212e-06_9.32761571218212e-06_9.32761571218212e-06_9.32761571218212e-06
1016,8969,227-41-9-2-1,2.48736418991523e-06_2.48736418991523e-06_2.48736418991523e-06_2.48736418991523e-06_2.48736418991523e-06
1016,8970,8-7-4-2-1,2.17644366617583e-05_2.17644366617583e-05_2.17644366617583e-05_2.17644366617583e-05_2.17644366617583e-05
1016,8971,91-33-5-1-1,1.18149799020973e-05_1.18149799020973e-05_1.18149799020973e-05_1.18149799020973e-05_1.18149799020973e-05
1016,8972,208-30-1-1-1,0.000337659688780993_0.000337659688780993_0.000337659688780993_0.000337659688780993_0.000337659688780993
1016,8973,208-30-1-1-1,4.66380785609106e-05_4.66380785609106e-05_4.66380785609106e-05_4.66380785609106e-05_4.66380785609106e-05
1016,8974,208-30-1-1-1,1.67897082819278e-05_1.67897082819278e-05_1.67897082819278e-05_1.67897082819278e-05_1.67897082819278e-05
1016,8975,208-30-1-1-1,2.86046881840252e-05_2.86046881840252e-05_2.86046881840252e-05_2.86046881840252e-05_2.86046881840252e-05
1016,8976,208-30-1-1-1,2.11425956142795e-05_2.11425956142795e-05_2.11425956142795e-05_2.11425956142795e-05_2.11425956142795e-05
1016,8977,208-30-1-1-1,7.46209256974569e-06_7.46209256974569e-06_7.46209256974569e-06_7.46209256974569e-06_7.46209256974569e-06
1016,8978,112-14-4-2-1,8.0839336172245e-06_8.0839336172245e-06_8.0839336172245e-06_8.0839336172245e-06_8.0839336172245e-06
1016,8979,197-30-1-1-1,3.73104628487285e-06_3.73104628487285e-06_3.73104628487285e-06_3.73104628487285e-06_3.73104628487285e-06
1016,8980,208-30-1-1-1,4.97472837983046e-06_4.97472837983046e-06_4.97472837983046e-06_4.97472837983046e-06_4.97472837983046e-06
1016,8981,208-30-1-1-1,1.11931388546185e-05_1.11931388546185e-05_1.11931388546185e-05_1.11931388546185e-05_1.11931388546185e-05
1016,8983,199-19-9-2-1,1.43023440920126e-05_1.43023440920126e-05_1.43023440920126e-05_1.43023440920126e-05_1.43023440920126e-05
1016,8984,227-41-9-2-1,1.74115493294066e-05_1.74115493294066e-05_1.74115493294066e-05_1.74115493294066e-05_1.74115493294066e-05
1016,8985,161-36-10-1-1,3.73104628487285e-06_3.73104628487285e-06_3.73104628487285e-06_3.73104628487285e-06_3.73104628487285e-06
1016,8986,31-6-6-2-1,0.000570850081585545_0.000570850081585545_0.000570850081585545_0.000570850081585545_0.000570850081585545
1016,8987,230-14-4-2-1,3.85541449436861e-05_3.85541449436861e-05_3.85541449436861e-05_3.85541449436861e-05_3.85541449436861e-05
1016,8988,9-8-3-1-1,0.000138048712540295_0.000138048712540295_0.000138048712540295_0.000138048712540295_0.000138048712540295
1016,8989,203-11-4-2-1,7.46209256974569e-06_7.46209256974569e-06_7.46209256974569e-06_7.46209256974569e-06_7.46209256974569e-06
1016,8990,185-41-9-2-1,3.73104628487285e-06_3.73104628487285e-06_3.73104628487285e-06_3.73104628487285e-06_3.73104628487285e-06
1016,8991,113-31-9-2-1,3.66886218012497e-05_3.66886218012497e-05_3.66886218012497e-05_3.66886218012497e-05_3.66886218012497e-05
1016,8992,161-36-10-1-1,2.61173239941099e-05_2.61173239941099e-05_2.61173239941099e-05_2.61173239941099e-05_2.61173239941099e-05
1016,8993,83-33-5-1-1,9.94945675966092e-06_9.94945675966092e-06_9.94945675966092e-06_9.94945675966092e-06_9.94945675966092e-06
1016,8994,112-14-4-2-1,3.73104628487285e-06_3.73104628487285e-06_3.73104628487285e-06_3.73104628487285e-06_3.73104628487285e-06
1016,8995,17-11-4-2-1,4.97472837983046e-06_4.97472837983046e-06_4.97472837983046e-06_4.97472837983046e-06_4.97472837983046e-06
1016,8996,122-16-2-2-1,4.97472837983046e-06_4.97472837983046e-06_4.97472837983046e-06_4.97472837983046e-06_4.97472837983046e-06
1016,8997,32-18-4-2-1,1.24368209495762e-05_1.24368209495762e-05_1.24368209495762e-05_1.24368209495762e-05_1.24368209495762e-05
1016,8998,188-14-4-2-1,6.21841047478808e-06_6.21841047478808e-06_6.21841047478808e-06_6.21841047478808e-06_6.21841047478808e-06
1016,9000,185-41-9-2-1,3.10920523739404e-06_3.10920523739404e-06_3.10920523739404e-06_3.10920523739404e-06_3.10920523739404e-06
1016,9001,153-18-4-2-1,7.46209256974569e-06_7.46209256974569e-06_7.46209256974569e-06_7.46209256974569e-06_7.46209256974569e-06
1016,9002,122-16-2-2-1,3.97978270386437e-05_3.97978270386437e-05_3.97978270386437e-05_3.97978270386437e-05_3.97978270386437e-05
1016,9003,32-18-4-2-1,5.59656942730927e-06_5.59656942730927e-06_5.59656942730927e-06_5.59656942730927e-06_5.59656942730927e-06
1016,9004,118-36-10-1-1,1.18149799020973e-05_1.18149799020973e-05_1.18149799020973e-05_1.18149799020973e-05_1.18149799020973e-05
1016,9005,226-32-10-1-1,4.35288733235165e-06_4.35288733235165e-06_4.35288733235165e-06_4.35288733235165e-06_4.35288733235165e-06
1016,9006,153-18-4-2-1,1.6167867234449e-05_1.6167867234449e-05_1.6167867234449e-05_1.6167867234449e-05_1.6167867234449e-05
1016,9007,227-41-9-2-1,4.97472837983046e-06_4.97472837983046e-06_4.97472837983046e-06_4.97472837983046e-06_4.97472837983046e-06
1016,9008,228-17-10-1-1,3.73104628487285e-06_3.73104628487285e-06_3.73104628487285e-06_3.73104628487285e-06_3.73104628487285e-06
1016,9009,8-7-4-2-1,5.59656942730927e-06_5.59656942730927e-06_5.59656942730927e-06_5.59656942730927e-06_5.59656942730927e-06
1016,9010,122-16-2-2-1,5.96967405579655e-05_5.96967405579655e-05_5.96967405579655e-05_5.96967405579655e-05_5.96967405579655e-05
1016,9012,128-7-4-2-1,4.97472837983046e-06_4.97472837983046e-06_4.97472837983046e-06_4.97472837983046e-06_4.97472837983046e-06
1016,9013,122-16-2-2-1,5.28564890356987e-05_5.28564890356987e-05_5.28564890356987e-05_5.28564890356987e-05_5.28564890356987e-05
1016,9014,122-16-2-2-1,6.84025152226688e-06_6.84025152226688e-06_6.84025152226688e-06_6.84025152226688e-06_6.84025152226688e-06
1016,9015,28-16-2-2-1,0.000628681299001075_0.000628681299001075_0.000628681299001075_0.000628681299001075_0.000628681299001075
1016,9016,91-33-5-1-1,9.32761571218212e-06_9.32761571218212e-06_9.32761571218212e-06_9.32761571218212e-06_9.32761571218212e-06
1016,9017,185-41-9-2-1,3.73104628487285e-06_3.73104628487285e-06_3.73104628487285e-06_3.73104628487285e-06_3.73104628487285e-06
1016,9018,161-36-10-1-1,9.94945675966092e-06_9.94945675966092e-06_9.94945675966092e-06_9.94945675966092e-06_9.94945675966092e-06
1016,9019,112-14-4-2-1,9.94945675966092e-06_9.94945675966092e-06_9.94945675966092e-06_9.94945675966092e-06_9.94945675966092e-06
1016,9020,91-33-5-1-1,0.000101360090739046_0.000101360090739046_0.000101360090739046_0.000101360090739046_0.000101360090739046
1016,9021,45-5-5-1-1,3.10920523739404e-06_3.10920523739404e-06_3.10920523739404e-06_3.10920523739404e-06_3.10920523739404e-06
1016,9022,234-24-7-1-1,5.59656942730927e-05_5.59656942730927e-05_5.59656942730927e-05_5.59656942730927e-05_5.59656942730927e-05
1016,9023,10-3-3-1-1,4.10415091336013e-05_4.10415091336013e-05_4.10415091336013e-05_4.10415091336013e-05_4.10415091336013e-05
1016,9024,172-40-4-2-1,1.86552314243642e-06_1.86552314243642e-06_1.86552314243642e-06_1.86552314243642e-06_1.86552314243642e-06
1016,9026,83-33-5-1-1,4.16633501810801e-05_4.16633501810801e-05_4.16633501810801e-05_4.16633501810801e-05_4.16633501810801e-05
1016,9027,159-4-4-2-1,4.35288733235165e-06_4.35288733235165e-06_4.35288733235165e-06_4.35288733235165e-06_4.35288733235165e-06
1016,9028,58-13-6-2-1,0.000108822183308791_0.000108822183308791_0.000108822183308791_0.000108822183308791_0.000108822183308791
1016,9029,172-40-4-2-1,4.97472837983046e-06_4.97472837983046e-06_4.97472837983046e-06_4.97472837983046e-06_4.97472837983046e-06
1016,9030,172-40-4-2-1,3.73104628487285e-06_3.73104628487285e-06_3.73104628487285e-06_3.73104628487285e-06_3.73104628487285e-06
1016,9031,148-29-2-2-1,2.42518008516735e-05_2.42518008516735e-05_2.42518008516735e-05_2.42518008516735e-05_2.42518008516735e-05
1016,9032,227-41-9-2-1,5.59656942730927e-06_5.59656942730927e-06_5.59656942730927e-06_5.59656942730927e-06_5.59656942730927e-06
1016,9033,144-43-4-2-1,1.18149799020973e-05_1.18149799020973e-05_1.18149799020973e-05_1.18149799020973e-05_1.18149799020973e-05
1016,9034,58-13-6-2-1,3.85541449436861e-05_3.85541449436861e-05_3.85541449436861e-05_3.85541449436861e-05_3.85541449436861e-05
1016,9035,11-4-4-2-1,9.94945675966092e-06_9.94945675966092e-06_9.94945675966092e-06_9.94945675966092e-06_9.94945675966092e-06
1016,9036,4-4-4-2-1,6.21841047478808e-06_6.21841047478808e-06_6.21841047478808e-06_6.21841047478808e-06_6.21841047478808e-06
1016,9037,205-12-8-1-1,3.73104628487285e-06_3.73104628487285e-06_3.73104628487285e-06_3.73104628487285e-06_3.73104628487285e-06
1016,9038,98-27-8-1-1,4.35288733235165e-06_4.35288733235165e-06_4.35288733235165e-06_4.35288733235165e-06_4.35288733235165e-06
1016,9039,217-30-1-1-1,0.000389272495721734_0.000389272495721734_0.000389272495721734_0.000389272495721734_0.000389272495721734
1016,9040,199-19-9-2-1,4.97472837983046e-06_4.97472837983046e-06_4.97472837983046e-06_4.97472837983046e-06_4.97472837983046e-06
1016,9041,125-30-1-1-1,3.73104628487285e-06_3.73104628487285e-06_3.73104628487285e-06_3.73104628487285e-06_3.73104628487285e-06
1016,9042,63-27-8-1-1,3.73104628487285e-06_3.73104628487285e-06_3.73104628487285e-06_3.73104628487285e-06_3.73104628487285e-06
1016,9043,123-41-9-2-1,4.29070322760377e-05_4.29070322760377e-05_4.29070322760377e-05_4.29070322760377e-05_4.29070322760377e-05
1016,9044,138-23-8-1-1,8.70577466470331e-06_8.70577466470331e-06_8.70577466470331e-06_8.70577466470331e-06_8.70577466470331e-06
1016,9045,25-10-2-2-1,0.000200232817288176_0.000200232817288176_0.000200232817288176_0.000200232817288176_0.000200232817288176
1016,9046,128-7-4-2-1,4.97472837983046e-06_4.97472837983046e-06_4.97472837983046e-06_4.97472837983046e-06_4.97472837983046e-06
1016,9047,196-14-4-2-1,3.73104628487285e-06_3.73104628487285e-06_3.73104628487285e-06_3.73104628487285e-06_3.73104628487285e-06
1016,9048,170-43-4-2-1,9.01669518844271e-05_9.01669518844271e-05_9.01669518844271e-05_9.01669518844271e-05_9.01669518844271e-05
1016,9049,201-17-10-1-1,2.42518008516735e-05_2.42518008516735e-05_2.42518008516735e-05_2.42518008516735e-05_2.42518008516735e-05
1016,9050,179-26-4-2-1,7.46209256974569e-06_7.46209256974569e-06_7.46209256974569e-06_7.46209256974569e-06_7.46209256974569e-06
1016,9051,132-42-12-1-1,6.84025152226688e-06_6.84025152226688e-06_6.84025152226688e-06_6.84025152226688e-06_6.84025152226688e-06
1016,9052,228-17-10-1-1,4.35288733235165e-06_4.35288733235165e-06_4.35288733235165e-06_4.35288733235165e-06_4.35288733235165e-06
1016,9053,8-7-4-2-1,1.24368209495762e-05_1.24368209495762e-05_1.24368209495762e-05_1.24368209495762e-05_1.24368209495762e-05
1016,9054,177-7-4-2-1,5.59656942730927e-06_5.59656942730927e-06_5.59656942730927e-06_5.59656942730927e-06_5.59656942730927e-06
1016,9055,186-15-9-2-1,3.73104628487285e-06_3.73104628487285e-06_3.73104628487285e-06_3.73104628487285e-06_3.73104628487285e-06
1016,9056,185-41-9-2-1,6.21841047478808e-06_6.21841047478808e-06_6.21841047478808e-06_6.21841047478808e-06_6.21841047478808e-06
1016,9057,111-8-3-1-1,0.000473842878178851_0.000473842878178851_0.000473842878178851_0.000473842878178851_0.000473842878178851
1016,9058,204-35-4-2-1,5.59656942730927e-06_5.59656942730927e-06_5.59656942730927e-06_5.59656942730927e-06_5.59656942730927e-06
1016,9059,6-6-6-2-1,0.000551573009113702_0.000551573009113702_0.000551573009113702_0.000551573009113702_0.000551573009113702
1016,9060,123-41-9-2-1,0.000368751741154933_0.000368751741154933_0.000368751741154933_0.000368751741154933_0.000368751741154933
1016,9061,166-18-4-2-1,2.48736418991523e-06_2.48736418991523e-06_2.48736418991523e-06_2.48736418991523e-06_2.48736418991523e-06
1016,9062,4-4-4-2-1,8.0839336172245e-06_8.0839336172245e-06_8.0839336172245e-06_8.0839336172245e-06_8.0839336172245e-06
1016,9063,216-19-9-2-1,2.48736418991523e-06_2.48736418991523e-06_2.48736418991523e-06_2.48736418991523e-06_2.48736418991523e-06
1016,9064,22-13-6-2-1,5.28564890356987e-05_5.28564890356987e-05_5.28564890356987e-05_5.28564890356987e-05_5.28564890356987e-05
1016,9065,57-7-4-2-1,1.6167867234449e-05_1.6167867234449e-05_1.6167867234449e-05_1.6167867234449e-05_1.6167867234449e-05
1016,9066,155-10-2-2-1,0.000955769689974927_0.000955769689974927_0.000955769689974927_0.000955769689974927_0.000955769689974927
1016,9067,140-42-12-1-1,3.10920523739404e-06_3.10920523739404e-06_3.10920523739404e-06_3.10920523739404e-06_3.10920523739404e-06
1016,9068,172-40-4-2-1,9.32761571218212e-06_9.32761571218212e-06_9.32761571218212e-06_9.32761571218212e-06_9.32761571218212e-06
1016,9069,44-13-6-2-1,1.11931388546185e-05_1.11931388546185e-05_1.11931388546185e-05_1.11931388546185e-05_1.11931388546185e-05
1016,9070,44-13-6-2-1,9.94945675966092e-06_9.94945675966092e-06_9.94945675966092e-06_9.94945675966092e-06_9.94945675966092e-06
1016,9071,147-11-4-2-1,1.9277072471843e-05_1.9277072471843e-05_1.9277072471843e-05_1.9277072471843e-05_1.9277072471843e-05
1016,9072,26-15-9-2-1,2.05207545668007e-05_2.05207545668007e-05_2.05207545668007e-05_2.05207545668007e-05_2.05207545668007e-05
1016,9073,200-15-9-2-1,0.000150485533489871_0.000150485533489871_0.000150485533489871_0.000150485533489871_0.000150485533489871
1016,9074,140-42-12-1-1,5.59656942730927e-06_5.59656942730927e-06_5.59656942730927e-06_5.59656942730927e-06_5.59656942730927e-06
1016,9075,103-13-6-2-1,0.000929652365980817_0.000929652365980817_0.000929652365980817_0.000929652365980817_0.000929652365980817
1016,9076,65-1-1-1-1,1.24368209495762e-05_1.24368209495762e-05_1.24368209495762e-05_1.24368209495762e-05_1.24368209495762e-05
1016,9077,178-44-12-1-1,0.000113175070641143_0.000113175070641143_0.000113175070641143_0.000113175070641143_0.000113175070641143
1016,9078,160-30-1-1-1,2.30081187567159e-05_2.30081187567159e-05_2.30081187567159e-05_2.30081187567159e-05_2.30081187567159e-05
1016,9079,214-26-4-2-1,2.98483702789828e-05_2.98483702789828e-05_2.98483702789828e-05_2.98483702789828e-05_2.98483702789828e-05
1016,9080,167-18-4-2-1,4.35288733235165e-06_4.35288733235165e-06_4.35288733235165e-06_4.35288733235165e-06_4.35288733235165e-06
1016,9081,18-12-8-1-1,2.67391650415887e-05_2.67391650415887e-05_2.67391650415887e-05_2.67391650415887e-05_2.67391650415887e-05
1016,9082,172-40-4-2-1,4.35288733235165e-06_4.35288733235165e-06_4.35288733235165e-06_4.35288733235165e-06_4.35288733235165e-06
1016,9085,122-16-2-2-1,1.43023440920126e-05_1.43023440920126e-05_1.43023440920126e-05_1.43023440920126e-05_1.43023440920126e-05
1016,9086,122-16-2-2-1,4.97472837983046e-06_4.97472837983046e-06_4.97472837983046e-06_4.97472837983046e-06_4.97472837983046e-06
1016,9087,70-27-8-1-1,9.94945675966092e-06_9.94945675966092e-06_9.94945675966092e-06_9.94945675966092e-06_9.94945675966092e-06
1016,9088,191-37-4-2-1,4.35288733235165e-06_4.35288733235165e-06_4.35288733235165e-06_4.35288733235165e-06_4.35288733235165e-06
1016,9089,158-2-2-2-1,5.53438532256139e-05_5.53438532256139e-05_5.53438532256139e-05_5.53438532256139e-05_5.53438532256139e-05
1016,9090,172-40-4-2-1,4.35288733235165e-06_4.35288733235165e-06_4.35288733235165e-06_4.35288733235165e-06_4.35288733235165e-06
1016,9091,44-13-6-2-1,4.35288733235165e-06_4.35288733235165e-06_4.35288733235165e-06_4.35288733235165e-06_4.35288733235165e-06
1016,9092,189-12-8-1-1,1.11931388546185e-05_1.11931388546185e-05_1.11931388546185e-05_1.11931388546185e-05_1.11931388546185e-05
1016,9093,4-4-4-2-1,5.59656942730927e-06_5.59656942730927e-06_5.59656942730927e-06_5.59656942730927e-06_5.59656942730927e-06
1016,9094,75-1-1-1-1,1.24368209495762e-05_1.24368209495762e-05_1.24368209495762e-05_1.24368209495762e-05_1.24368209495762e-05
1016,9095,191-37-4-2-1,3.73104628487285e-06_3.73104628487285e-06_3.73104628487285e-06_3.73104628487285e-06_3.73104628487285e-06
1016,9096,8-7-4-2-1,2.48736418991523e-06_2.48736418991523e-06_2.48736418991523e-06_2.48736418991523e-06_2.48736418991523e-06
1016,9097,152-32-10-1-1,4.97472837983046e-06_4.97472837983046e-06_4.97472837983046e-06_4.97472837983046e-06_4.97472837983046e-06
1016,9098,199-19-9-2-1,1.6167867234449e-05_1.6167867234449e-05_1.6167867234449e-05_1.6167867234449e-05_1.6167867234449e-05
1016,9099,34-19-9-2-1,4.97472837983046e-06_4.97472837983046e-06_4.97472837983046e-06_4.97472837983046e-06_4.97472837983046e-06
1016,9100,122-16-2-2-1,2.73610060890675e-05_2.73610060890675e-05_2.73610060890675e-05_2.73610060890675e-05_2.73610060890675e-05
1016,9102,118-36-10-1-1,6.21841047478808e-05_6.21841047478808e-05_6.21841047478808e-05_6.21841047478808e-05_6.21841047478808e-05
1016,9103,142-42-12-1-1,6.84025152226688e-06_6.84025152226688e-06_6.84025152226688e-06_6.84025152226688e-06_6.84025152226688e-06
1016,9104,96-13-6-2-1,1.74115493294066e-05_1.74115493294066e-05_1.74115493294066e-05_1.74115493294066e-05_1.74115493294066e-05
1016,9105,44-13-6-2-1,3.73104628487285e-06_3.73104628487285e-06_3.73104628487285e-06_3.73104628487285e-06_3.73104628487285e-06
1016,9106,4-4-4-2-1,4.97472837983046e-06_4.97472837983046e-06_4.97472837983046e-06_4.97472837983046e-06_4.97472837983046e-06
1016,9107,1-1-1-1-1,3.10920523739404e-06_3.10920523739404e-06_3.10920523739404e-06_3.10920523739404e-06_3.10920523739404e-06
1016,9108,57-7-4-2-1,4.35288733235165e-06_4.35288733235165e-06_4.35288733235165e-06_4.35288733235165e-06_4.35288733235165e-06
1016,9109,26-15-9-2-1,4.35288733235165e-06_4.35288733235165e-06_4.35288733235165e-06_4.35288733235165e-06_4.35288733235165e-06
1016,9110,174-15-9-2-1,3.10920523739404e-06_3.10920523739404e-06_3.10920523739404e-06_3.10920523739404e-06_3.10920523739404e-06
1016,9111,166-18-4-2-1,4.35288733235165e-06_4.35288733235165e-06_4.35288733235165e-06_4.35288733235165e-06_4.35288733235165e-06
1016,9112,70-27-8-1-1,1.74115493294066e-05_1.74115493294066e-05_1.74115493294066e-05_1.74115493294066e-05_1.74115493294066e-05
1016,9113,191-37-4-2-1,9.32761571218212e-06_9.32761571218212e-06_9.32761571218212e-06_9.32761571218212e-06_9.32761571218212e-06
1016,9114,185-41-9-2-1,2.54954829466311e-05_2.54954829466311e-05_2.54954829466311e-05_2.54954829466311e-05_2.54954829466311e-05
1016,9115,183-23-8-1-1,8.70577466470331e-06_8.70577466470331e-06_8.70577466470331e-06_8.70577466470331e-06_8.70577466470331e-06
1016,9116,96-13-6-2-1,4.47725554184741e-05_4.47725554184741e-05_4.47725554184741e-05_4.47725554184741e-05_4.47725554184741e-05
1016,9118,221-35-4-2-1,4.97472837983046e-06_4.97472837983046e-06_4.97472837983046e-06_4.97472837983046e-06_4.97472837983046e-06
1016,9119,35-20-9-2-1,5.59656942730927e-06_5.59656942730927e-06_5.59656942730927e-06_5.59656942730927e-06_5.59656942730927e-06
1016,9120,57-7-4-2-1,4.97472837983046e-06_4.97472837983046e-06_4.97472837983046e-06_4.97472837983046e-06_4.97472837983046e-06
1016,9121,26-15-9-2-1,8.0839336172245e-06_8.0839336172245e-06_8.0839336172245e-06_8.0839336172245e-06_8.0839336172245e-06
1016,9122,218-7-4-2-1,3.60667807537708e-05_3.60667807537708e-05_3.60667807537708e-05_3.60667807537708e-05_3.60667807537708e-05
1016,9123,196-14-4-2-1,7.46209256974569e-06_7.46209256974569e-06_7.46209256974569e-06_7.46209256974569e-06_7.46209256974569e-06
1016,9124,196-14-4-2-1,8.0839336172245e-06_8.0839336172245e-06_8.0839336172245e-06_8.0839336172245e-06_8.0839336172245e-06
1016,9125,161-36-10-1-1,3.73104628487285e-06_3.73104628487285e-06_3.73104628487285e-06_3.73104628487285e-06_3.73104628487285e-06
1016,9126,207-29-2-2-1,0.000373726469534763_0.000373726469534763_0.000373726469534763_0.000373726469534763_0.000373726469534763
1016,9127,102-13-6-2-1,2.67391650415887e-05_2.67391650415887e-05_2.67391650415887e-05_2.67391650415887e-05_2.67391650415887e-05
1016,9128,167-18-4-2-1,6.21841047478808e-06_6.21841047478808e-06_6.21841047478808e-06_6.21841047478808e-06_6.21841047478808e-06
1016,9129,57-7-4-2-1,2.73610060890675e-05_2.73610060890675e-05_2.73610060890675e-05_2.73610060890675e-05_2.73610060890675e-05
1016,9130,57-7-4-2-1,8.0839336172245e-06_8.0839336172245e-06_8.0839336172245e-06_8.0839336172245e-06_8.0839336172245e-06
1016,9131,147-11-4-2-1,1.05712978071397e-05_1.05712978071397e-05_1.05712978071397e-05_1.05712978071397e-05_1.05712978071397e-05
1016,9132,114-40-4-2-1,2.17644366617583e-05_2.17644366617583e-05_2.17644366617583e-05_2.17644366617583e-05_2.17644366617583e-05
1016,9133,34-19-9-2-1,5.59656942730927e-06_5.59656942730927e-06_5.59656942730927e-06_5.59656942730927e-06_5.59656942730927e-06
1016,9134,161-36-10-1-1,1.3058661997055e-05_1.3058661997055e-05_1.3058661997055e-05_1.3058661997055e-05_1.3058661997055e-05
1016,9135,138-23-8-1-1,3.10920523739404e-06_3.10920523739404e-06_3.10920523739404e-06_3.10920523739404e-06_3.10920523739404e-06
1016,9136,160-30-1-1-1,5.59656942730927e-06_5.59656942730927e-06_5.59656942730927e-06_5.59656942730927e-06_5.59656942730927e-06
1016,9137,160-30-1-1-1,1.18149799020973e-05_1.18149799020973e-05_1.18149799020973e-05_1.18149799020973e-05_1.18149799020973e-05
1016,9138,185-41-9-2-1,3.10920523739404e-06_3.10920523739404e-06_3.10920523739404e-06_3.10920523739404e-06_3.10920523739404e-06
1016,9139,26-15-9-2-1,6.21841047478808e-06_6.21841047478808e-06_6.21841047478808e-06_6.21841047478808e-06_6.21841047478808e-06
1016,9140,35-20-9-2-1,8.70577466470331e-06_8.70577466470331e-06_8.70577466470331e-06_8.70577466470331e-06_8.70577466470331e-06
1016,9141,119-6-6-2-1,4.78817606558682e-05_4.78817606558682e-05_4.78817606558682e-05_4.78817606558682e-05_4.78817606558682e-05
1016,9142,185-41-9-2-1,6.21841047478808e-06_6.21841047478808e-06_6.21841047478808e-06_6.21841047478808e-06_6.21841047478808e-06
1016,9143,142-42-12-1-1,6.21841047478808e-06_6.21841047478808e-06_6.21841047478808e-06_6.21841047478808e-06_6.21841047478808e-06
1016,9144,226-32-10-1-1,5.59656942730927e-06_5.59656942730927e-06_5.59656942730927e-06_5.59656942730927e-06_5.59656942730927e-06
1016,9145,185-41-9-2-1,6.84025152226688e-06_6.84025152226688e-06_6.84025152226688e-06_6.84025152226688e-06_6.84025152226688e-06
1016,9146,8-7-4-2-1,1.86552314243642e-06_1.86552314243642e-06_1.86552314243642e-06_1.86552314243642e-06_1.86552314243642e-06
1016,9147,172-40-4-2-1,4.35288733235165e-06_4.35288733235165e-06_4.35288733235165e-06_4.35288733235165e-06_4.35288733235165e-06
1016,9148,122-16-2-2-1,3.73104628487285e-06_3.73104628487285e-06_3.73104628487285e-06_3.73104628487285e-06_3.73104628487285e-06
1016,9149,128-7-4-2-1,9.32761571218212e-06_9.32761571218212e-06_9.32761571218212e-06_9.32761571218212e-06_9.32761571218212e-06
1016,9150,216-19-9-2-1,3.73104628487285e-06_3.73104628487285e-06_3.73104628487285e-06_3.73104628487285e-06_3.73104628487285e-06
1016,9151,68-30-1-1-1,4.8503601703347e-05_4.8503601703347e-05_4.8503601703347e-05_4.8503601703347e-05_4.8503601703347e-05
1016,9152,26-15-9-2-1,3.10920523739404e-06_3.10920523739404e-06_3.10920523739404e-06_3.10920523739404e-06_3.10920523739404e-06
1016,9153,175-20-9-2-1,1.80333903768854e-05_1.80333903768854e-05_1.80333903768854e-05_1.80333903768854e-05_1.80333903768854e-05
1016,9154,188-14-4-2-1,8.0839336172245e-06_8.0839336172245e-06_8.0839336172245e-06_8.0839336172245e-06_8.0839336172245e-06
1016,9155,29-17-10-1-1,4.97472837983046e-06_4.97472837983046e-06_4.97472837983046e-06_4.97472837983046e-06_4.97472837983046e-06
1016,9156,45-5-5-1-1,1.11931388546185e-05_1.11931388546185e-05_1.11931388546185e-05_1.11931388546185e-05_1.11931388546185e-05
1016,9157,209-35-4-2-1,3.5444939706292e-05_3.5444939706292e-05_3.5444939706292e-05_3.5444939706292e-05_3.5444939706292e-05
1016,9158,181-40-4-2-1,3.66886218012497e-05_3.66886218012497e-05_3.66886218012497e-05_3.66886218012497e-05_3.66886218012497e-05
1016,9159,176-20-9-2-1,1.74115493294066e-05_1.74115493294066e-05_1.74115493294066e-05_1.74115493294066e-05_1.74115493294066e-05
1016,9160,112-14-4-2-1,1.55460261869702e-05_1.55460261869702e-05_1.55460261869702e-05_1.55460261869702e-05_1.55460261869702e-05
1016,9161,176-20-9-2-1,1.18149799020973e-05_1.18149799020973e-05_1.18149799020973e-05_1.18149799020973e-05_1.18149799020973e-05
1016,9162,5-5-5-1-1,3.10920523739404e-06_3.10920523739404e-06_3.10920523739404e-06_3.10920523739404e-06_3.10920523739404e-06
1016,9163,185-41-9-2-1,3.10920523739404e-06_3.10920523739404e-06_3.10920523739404e-06_3.10920523739404e-06_3.10920523739404e-06
1016,9164,236-42-12-1-1,5.59656942730927e-06_5.59656942730927e-06_5.59656942730927e-06_5.59656942730927e-06_5.59656942730927e-06
1016,9165,221-35-4-2-1,3.73104628487285e-06_3.73104628487285e-06_3.73104628487285e-06_3.73104628487285e-06_3.73104628487285e-06
1016,9166,159-4-4-2-1,4.97472837983046e-06_4.97472837983046e-06_4.97472837983046e-06_4.97472837983046e-06_4.97472837983046e-06
1016,9167,161-36-10-1-1,1.36805030445338e-05_1.36805030445338e-05_1.36805030445338e-05_1.36805030445338e-05_1.36805030445338e-05
1016,9168,133-12-8-1-1,5.59656942730927e-06_5.59656942730927e-06_5.59656942730927e-06_5.59656942730927e-06_5.59656942730927e-06
1016,9169,130-12-8-1-1,8.70577466470331e-06_8.70577466470331e-06_8.70577466470331e-06_8.70577466470331e-06_8.70577466470331e-06
1016,9170,175-20-9-2-1,3.10920523739404e-06_3.10920523739404e-06_3.10920523739404e-06_3.10920523739404e-06_3.10920523739404e-06
1016,9171,28-16-2-2-1,0.000588261630914952_0.000588261630914952_0.000588261630914952_0.000588261630914952_0.000588261630914952
1016,9172,5-5-5-1-1,2.36299598041947e-05_2.36299598041947e-05_2.36299598041947e-05_2.36299598041947e-05_2.36299598041947e-05
1016,9173,26-15-9-2-1,1.05712978071397e-05_1.05712978071397e-05_1.05712978071397e-05_1.05712978071397e-05_1.05712978071397e-05
1016,9174,113-31-9-2-1,5.59656942730927e-05_5.59656942730927e-05_5.59656942730927e-05_5.59656942730927e-05_5.59656942730927e-05
1016,9175,128-7-4-2-1,3.10920523739404e-06_3.10920523739404e-06_3.10920523739404e-06_3.10920523739404e-06_3.10920523739404e-06
1016,9176,113-31-9-2-1,0.000298483702789828_0.000298483702789828_0.000298483702789828_0.000298483702789828_0.000298483702789828
1016,9177,196-14-4-2-1,6.21841047478808e-06_6.21841047478808e-06_6.21841047478808e-06_6.21841047478808e-06_6.21841047478808e-06
1016,9178,230-14-4-2-1,2.05207545668007e-05_2.05207545668007e-05_2.05207545668007e-05_2.05207545668007e-05_2.05207545668007e-05
1016,9179,7-4-4-2-1,1.3058661997055e-05_1.3058661997055e-05_1.3058661997055e-05_1.3058661997055e-05_1.3058661997055e-05
1016,9180,185-41-9-2-1,3.10920523739404e-06_3.10920523739404e-06_3.10920523739404e-06_3.10920523739404e-06_3.10920523739404e-06
1016,9181,172-40-4-2-1,4.35288733235165e-06_4.35288733235165e-06_4.35288733235165e-06_4.35288733235165e-06_4.35288733235165e-06
1016,9182,203-11-4-2-1,3.10920523739404e-06_3.10920523739404e-06_3.10920523739404e-06_3.10920523739404e-06_3.10920523739404e-06
1016,9183,163-43-4-2-1,8.70577466470331e-06_8.70577466470331e-06_8.70577466470331e-06_8.70577466470331e-06_8.70577466470331e-06
1016,9184,91-33-5-1-1,6.21841047478808e-05_6.21841047478808e-05_6.21841047478808e-05_6.21841047478808e-05_6.21841047478808e-05
1016,9185,6-6-6-2-1,9.14106339793847e-05_9.14106339793847e-05_9.14106339793847e-05_9.14106339793847e-05_9.14106339793847e-05
1016,9186,18-12-8-1-1,8.0839336172245e-06_8.0839336172245e-06_8.0839336172245e-06_8.0839336172245e-06_8.0839336172245e-06
1016,9187,4-4-4-2-1,1.24368209495762e-05_1.24368209495762e-05_1.24368209495762e-05_1.24368209495762e-05_1.24368209495762e-05
1016,9188,4-4-4-2-1,1.05712978071397e-05_1.05712978071397e-05_1.05712978071397e-05_1.05712978071397e-05_1.05712978071397e-05
1016,9189,4-4-4-2-1,3.10920523739404e-06_3.10920523739404e-06_3.10920523739404e-06_3.10920523739404e-06_3.10920523739404e-06
1016,9190,44-13-6-2-1,3.73104628487285e-06_3.73104628487285e-06_3.73104628487285e-06_3.73104628487285e-06_3.73104628487285e-06
1016,9191,26-15-9-2-1,8.70577466470331e-06_8.70577466470331e-06_8.70577466470331e-06_8.70577466470331e-06_8.70577466470331e-06
1016,9192,190-20-9-2-1,1.05712978071397e-05_1.05712978071397e-05_1.05712978071397e-05_1.05712978071397e-05_1.05712978071397e-05
1016,9193,59-5-5-1-1,0.00109568392565766_0.00109568392565766_0.00109568392565766_0.00109568392565766_0.00109568392565766
1016,9194,1-1-1-1-1,1.05712978071397e-05_1.05712978071397e-05_1.05712978071397e-05_1.05712978071397e-05_1.05712978071397e-05
1016,9195,235-34-11-1-1,3.48230986588132e-05_3.48230986588132e-05_3.48230986588132e-05_3.48230986588132e-05_3.48230986588132e-05
1016,9196,45-5-5-1-1,3.10920523739404e-06_3.10920523739404e-06_3.10920523739404e-06_3.10920523739404e-06_3.10920523739404e-06
1016,9197,235-34-11-1-1,3.35794165638556e-05_3.35794165638556e-05_3.35794165638556e-05_3.35794165638556e-05_3.35794165638556e-05
1016,9198,76-4-4-2-1,8.51922235045966e-05_8.51922235045966e-05_8.51922235045966e-05_8.51922235045966e-05_8.51922235045966e-05
1016,9199,185-41-9-2-1,6.21841047478808e-06_6.21841047478808e-06_6.21841047478808e-06_6.21841047478808e-06_6.21841047478808e-06
1016,9200,92-2-2-2-1,0.000121880845305846_0.000121880845305846_0.000121880845305846_0.000121880845305846_0.000121880845305846
1016,9201,181-40-4-2-1,2.73610060890675e-05_2.73610060890675e-05_2.73610060890675e-05_2.73610060890675e-05_2.73610060890675e-05
1016,9202,113-31-9-2-1,0.000127477414733156_0.000127477414733156_0.000127477414733156_0.000127477414733156_0.000127477414733156
1016,9203,31-6-6-2-1,0.000869955625422852_0.000869955625422852_0.000869955625422852_0.000869955625422852_0.000869955625422852
1016,9204,31-6-6-2-1,0.000958878895212321_0.000958878895212321_0.000958878895212321_0.000958878895212321_0.000958878895212321
1016,9205,31-6-6-2-1,0.000204585704620528_0.000204585704620528_0.000204585704620528_0.000204585704620528_0.000204585704620528
1016,9206,7-4-4-2-1,4.97472837983046e-06_4.97472837983046e-06_4.97472837983046e-06_4.97472837983046e-06_4.97472837983046e-06
1016,9207,134-29-2-2-1,5.59656942730927e-06_5.59656942730927e-06_5.59656942730927e-06_5.59656942730927e-06_5.59656942730927e-06
1016,9208,102-13-6-2-1,0.000154838420822223_0.000154838420822223_0.000154838420822223_0.000154838420822223_0.000154838420822223
1016,9210,44-13-6-2-1,1.3058661997055e-05_1.3058661997055e-05_1.3058661997055e-05_1.3058661997055e-05_1.3058661997055e-05
1016,9211,160-30-1-1-1,8.70577466470331e-06_8.70577466470331e-06_8.70577466470331e-06_8.70577466470331e-06_8.70577466470331e-06
1016,9212,172-40-4-2-1,1.3058661997055e-05_1.3058661997055e-05_1.3058661997055e-05_1.3058661997055e-05_1.3058661997055e-05
1016,9213,180-40-4-2-1,4.35288733235165e-06_4.35288733235165e-06_4.35288733235165e-06_4.35288733235165e-06_4.35288733235165e-06
1016,9214,203-11-4-2-1,3.10920523739404e-06_3.10920523739404e-06_3.10920523739404e-06_3.10920523739404e-06_3.10920523739404e-06
1016,9215,227-41-9-2-1,1.80333903768854e-05_1.80333903768854e-05_1.80333903768854e-05_1.80333903768854e-05_1.80333903768854e-05
1016,9216,227-41-9-2-1,5.59656942730927e-06_5.59656942730927e-06_5.59656942730927e-06_5.59656942730927e-06_5.59656942730927e-06
1016,9217,190-20-9-2-1,0.000146754487204999_0.000146754487204999_0.000146754487204999_0.000146754487204999_0.000146754487204999
1016,9218,190-20-9-2-1,1.55460261869702e-05_1.55460261869702e-05_1.55460261869702e-05_1.55460261869702e-05_1.55460261869702e-05
1016,9219,189-12-8-1-1,4.47725554184741e-05_4.47725554184741e-05_4.47725554184741e-05_4.47725554184741e-05_4.47725554184741e-05
1016,9220,189-12-8-1-1,1.98989135193218e-05_1.98989135193218e-05_1.98989135193218e-05_1.98989135193218e-05_1.98989135193218e-05
1016,9221,122-16-2-2-1,3.66886218012497e-05_3.66886218012497e-05_3.66886218012497e-05_3.66886218012497e-05_3.66886218012497e-05
1016,9222,95-37-4-2-1,0.000154216579774744_0.000154216579774744_0.000154216579774744_0.000154216579774744_0.000154216579774744
1016,9223,189-12-8-1-1,6.59151510327536e-05_6.59151510327536e-05_6.59151510327536e-05_6.59151510327536e-05_6.59151510327536e-05
1016,9224,175-20-9-2-1,1.55460261869702e-05_1.55460261869702e-05_1.55460261869702e-05_1.55460261869702e-05_1.55460261869702e-05
1016,9225,175-20-9-2-1,6.21841047478808e-06_6.21841047478808e-06_6.21841047478808e-06_6.21841047478808e-06_6.21841047478808e-06
1016,9226,227-41-9-2-1,1.55460261869702e-05_1.55460261869702e-05_1.55460261869702e-05_1.55460261869702e-05_1.55460261869702e-05
1016,9227,68-30-1-1-1,9.32761571218212e-06_9.32761571218212e-06_9.32761571218212e-06_9.32761571218212e-06_9.32761571218212e-06
1016,9228,54-26-4-2-1,5.59656942730927e-05_5.59656942730927e-05_5.59656942730927e-05_5.59656942730927e-05_5.59656942730927e-05
1016,9229,114-40-4-2-1,3.73104628487285e-06_3.73104628487285e-06_3.73104628487285e-06_3.73104628487285e-06_3.73104628487285e-06
1016,9230,31-6-6-2-1,0.00015110737453735_0.00015110737453735_0.00015110737453735_0.00015110737453735_0.00015110737453735
1016,9231,131-13-6-2-1,2.79828471365463e-05_2.79828471365463e-05_2.79828471365463e-05_2.79828471365463e-05_2.79828471365463e-05
1016,9232,49-22-8-1-1,1.74115493294066e-05_1.74115493294066e-05_1.74115493294066e-05_1.74115493294066e-05_1.74115493294066e-05
1016,9233,167-18-4-2-1,3.73104628487285e-06_3.73104628487285e-06_3.73104628487285e-06_3.73104628487285e-06_3.73104628487285e-06
1016,9234,177-7-4-2-1,2.30081187567159e-05_2.30081187567159e-05_2.30081187567159e-05_2.30081187567159e-05_2.30081187567159e-05
1016,9235,142-42-12-1-1,4.97472837983046e-06_4.97472837983046e-06_4.97472837983046e-06_4.97472837983046e-06_4.97472837983046e-06
1016,9236,128-7-4-2-1,8.0839336172245e-06_8.0839336172245e-06_8.0839336172245e-06_8.0839336172245e-06_8.0839336172245e-06
1016,9237,227-41-9-2-1,4.35288733235165e-06_4.35288733235165e-06_4.35288733235165e-06_4.35288733235165e-06_4.35288733235165e-06
1016,9238,185-41-9-2-1,3.10920523739404e-06_3.10920523739404e-06_3.10920523739404e-06_3.10920523739404e-06_3.10920523739404e-06
1016,9239,127-30-1-1-1,1.24368209495762e-05_1.24368209495762e-05_1.24368209495762e-05_1.24368209495762e-05_1.24368209495762e-05
1016,9240,83-33-5-1-1,2.17644366617583e-05_2.17644366617583e-05_2.17644366617583e-05_2.17644366617583e-05_2.17644366617583e-05
1016,9241,185-41-9-2-1,3.73104628487285e-06_3.73104628487285e-06_3.73104628487285e-06_3.73104628487285e-06_3.73104628487285e-06
1016,9242,34-19-9-2-1,2.48736418991523e-06_2.48736418991523e-06_2.48736418991523e-06_2.48736418991523e-06_2.48736418991523e-06
1016,9243,68-30-1-1-1,2.11425956142795e-05_2.11425956142795e-05_2.11425956142795e-05_2.11425956142795e-05_2.11425956142795e-05
1016,9244,152-32-10-1-1,3.10920523739404e-06_3.10920523739404e-06_3.10920523739404e-06_3.10920523739404e-06_3.10920523739404e-06
1016,9245,131-13-6-2-1,3.91759859911649e-05_3.91759859911649e-05_3.91759859911649e-05_3.91759859911649e-05_3.91759859911649e-05
1016,9246,200-15-9-2-1,2.73610060890675e-05_2.73610060890675e-05_2.73610060890675e-05_2.73610060890675e-05_2.73610060890675e-05
1016,9247,172-40-4-2-1,3.10920523739404e-06_3.10920523739404e-06_3.10920523739404e-06_3.10920523739404e-06_3.10920523739404e-06
1016,9248,28-16-2-2-1,0.000158569467107096_0.000158569467107096_0.000158569467107096_0.000158569467107096_0.000158569467107096
1016,9249,174-15-9-2-1,9.94945675966092e-06_9.94945675966092e-06_9.94945675966092e-06_9.94945675966092e-06_9.94945675966092e-06
1016,9251,161-36-10-1-1,6.84025152226688e-06_6.84025152226688e-06_6.84025152226688e-06_6.84025152226688e-06_6.84025152226688e-06
1016,9252,213-15-9-2-1,2.48736418991523e-06_2.48736418991523e-06_2.48736418991523e-06_2.48736418991523e-06_2.48736418991523e-06
1016,9253,213-15-9-2-1,4.5394396465953e-05_4.5394396465953e-05_4.5394396465953e-05_4.5394396465953e-05_4.5394396465953e-05
1016,9254,213-15-9-2-1,2.79828471365463e-05_2.79828471365463e-05_2.79828471365463e-05_2.79828471365463e-05_2.79828471365463e-05
1016,9255,7-4-4-2-1,3.10920523739404e-06_3.10920523739404e-06_3.10920523739404e-06_3.10920523739404e-06_3.10920523739404e-06
1016,9256,31-6-6-2-1,0.000217644366617583_0.000217644366617583_0.000217644366617583_0.000217644366617583_0.000217644366617583
1016,9257,112-14-4-2-1,7.46209256974569e-06_7.46209256974569e-06_7.46209256974569e-06_7.46209256974569e-06_7.46209256974569e-06
1016,9258,176-20-9-2-1,4.35288733235165e-06_4.35288733235165e-06_4.35288733235165e-06_4.35288733235165e-06_4.35288733235165e-06
1016,9260,156-37-4-2-1,4.16633501810801e-05_4.16633501810801e-05_4.16633501810801e-05_4.16633501810801e-05_4.16633501810801e-05
1016,9261,156-37-4-2-1,1.24368209495762e-05_1.24368209495762e-05_1.24368209495762e-05_1.24368209495762e-05_1.24368209495762e-05
1016,9262,44-13-6-2-1,0.00012001532216341_0.00012001532216341_0.00012001532216341_0.00012001532216341_0.00012001532216341
1016,9263,171-18-4-2-1,3.10920523739404e-06_3.10920523739404e-06_3.10920523739404e-06_3.10920523739404e-06_3.10920523739404e-06
1016,9264,101-9-7-1-1,0.000403574839813746_0.000403574839813746_0.000403574839813746_0.000403574839813746_0.000403574839813746
1016,9265,89-13-6-2-1,0.000190283360528515_0.000190283360528515_0.000190283360528515_0.000190283360528515_0.000190283360528515
1016,9266,138-23-8-1-1,1.67897082819278e-05_1.67897082819278e-05_1.67897082819278e-05_1.67897082819278e-05_1.67897082819278e-05
1016,9267,109-28-5-1-1,7.46209256974569e-06_7.46209256974569e-06_7.46209256974569e-06_7.46209256974569e-06_7.46209256974569e-06
1016,9269,119-6-6-2-1,0.000221997253949934_0.000221997253949934_0.000221997253949934_0.000221997253949934_0.000221997253949934
1016,9270,175-20-9-2-1,9.32761571218212e-06_9.32761571218212e-06_9.32761571218212e-06_9.32761571218212e-06_9.32761571218212e-06
1016,9271,152-32-10-1-1,4.97472837983046e-06_4.97472837983046e-06_4.97472837983046e-06_4.97472837983046e-06_4.97472837983046e-06
1016,9272,7-4-4-2-1,3.10920523739404e-06_3.10920523739404e-06_3.10920523739404e-06_3.10920523739404e-06_3.10920523739404e-06
1016,9273,122-16-2-2-1,1.24368209495762e-05_1.24368209495762e-05_1.24368209495762e-05_1.24368209495762e-05_1.24368209495762e-05
1016,9274,26-15-9-2-1,1.05712978071397e-05_1.05712978071397e-05_1.05712978071397e-05_1.05712978071397e-05_1.05712978071397e-05
1016,9275,212-41-9-2-1,1.36805030445338e-05_1.36805030445338e-05_1.36805030445338e-05_1.36805030445338e-05_1.36805030445338e-05
1016,9276,199-19-9-2-1,6.21841047478808e-06_6.21841047478808e-06_6.21841047478808e-06_6.21841047478808e-06_6.21841047478808e-06
1016,9277,121-39-11-1-1,4.35288733235165e-06_4.35288733235165e-06_4.35288733235165e-06_4.35288733235165e-06_4.35288733235165e-06
1016,9278,45-5-5-1-1,3.10920523739404e-06_3.10920523739404e-06_3.10920523739404e-06_3.10920523739404e-06_3.10920523739404e-06
1016,9279,123-41-9-2-1,3.2335734468898e-05_3.2335734468898e-05_3.2335734468898e-05_3.2335734468898e-05_3.2335734468898e-05
1016,9280,70-27-8-1-1,6.84025152226688e-06_6.84025152226688e-06_6.84025152226688e-06_6.84025152226688e-06_6.84025152226688e-06
1016,9282,151-19-9-2-1,1.05712978071397e-05_1.05712978071397e-05_1.05712978071397e-05_1.05712978071397e-05_1.05712978071397e-05
1016,9283,45-5-5-1-1,3.10920523739404e-06_3.10920523739404e-06_3.10920523739404e-06_3.10920523739404e-06_3.10920523739404e-06
1016,9284,45-5-5-1-1,6.84025152226688e-06_6.84025152226688e-06_6.84025152226688e-06_6.84025152226688e-06_6.84025152226688e-06
1016,9285,185-41-9-2-1,1.86552314243642e-06_1.86552314243642e-06_1.86552314243642e-06_1.86552314243642e-06_1.86552314243642e-06
1016,9286,121-39-11-1-1,7.46209256974569e-06_7.46209256974569e-06_7.46209256974569e-06_7.46209256974569e-06_7.46209256974569e-06
1016,9287,123-41-9-2-1,6.1562263700402e-05_6.1562263700402e-05_6.1562263700402e-05_6.1562263700402e-05_6.1562263700402e-05
1016,9288,185-41-9-2-1,2.48736418991523e-06_2.48736418991523e-06_2.48736418991523e-06_2.48736418991523e-06_2.48736418991523e-06
1016,9291,4-4-4-2-1,3.73104628487285e-06_3.73104628487285e-06_3.73104628487285e-06_3.73104628487285e-06_3.73104628487285e-06
1016,9292,114-40-4-2-1,2.79828471365463e-05_2.79828471365463e-05_2.79828471365463e-05_2.79828471365463e-05_2.79828471365463e-05
1016,9293,153-18-4-2-1,1.18149799020973e-05_1.18149799020973e-05_1.18149799020973e-05_1.18149799020973e-05_1.18149799020973e-05
1016,9294,223-40-4-2-1,9.32761571218212e-06_9.32761571218212e-06_9.32761571218212e-06_9.32761571218212e-06_9.32761571218212e-06
1016,9295,160-30-1-1-1,3.73104628487285e-06_3.73104628487285e-06_3.73104628487285e-06_3.73104628487285e-06_3.73104628487285e-06
1016,9296,122-16-2-2-1,4.35288733235165e-06_4.35288733235165e-06_4.35288733235165e-06_4.35288733235165e-06_4.35288733235165e-06
1016,9297,122-16-2-2-1,3.10920523739404e-06_3.10920523739404e-06_3.10920523739404e-06_3.10920523739404e-06_3.10920523739404e-06
1016,9298,83-33-5-1-1,1.86552314243642e-05_1.86552314243642e-05_1.86552314243642e-05_1.86552314243642e-05_1.86552314243642e-05
1016,9299,102-13-6-2-1,3.42012576113344e-05_3.42012576113344e-05_3.42012576113344e-05_3.42012576113344e-05_3.42012576113344e-05
1016,9300,51-22-8-1-1,2.54954829466311e-05_2.54954829466311e-05_2.54954829466311e-05_2.54954829466311e-05_2.54954829466311e-05
1016,9301,185-41-9-2-1,4.35288733235165e-06_4.35288733235165e-06_4.35288733235165e-06_4.35288733235165e-06_4.35288733235165e-06
1016,9302,227-41-9-2-1,3.10920523739404e-06_3.10920523739404e-06_3.10920523739404e-06_3.10920523739404e-06_3.10920523739404e-06
1016,9303,82-6-6-2-1,0.00239595355593585_0.00239595355593585_0.00239595355593585_0.00239595355593585_0.00239595355593585
1016,9304,16-10-2-2-1,3.29575755163768e-05_3.29575755163768e-05_3.29575755163768e-05_3.29575755163768e-05_3.29575755163768e-05
1016,9305,149-16-2-2-1,9.94945675966092e-06_9.94945675966092e-06_9.94945675966092e-06_9.94945675966092e-06_9.94945675966092e-06
1016,9306,133-12-8-1-1,1.24368209495762e-05_1.24368209495762e-05_1.24368209495762e-05_1.24368209495762e-05_1.24368209495762e-05
1016,9307,185-41-9-2-1,4.97472837983046e-06_4.97472837983046e-06_4.97472837983046e-06_4.97472837983046e-06_4.97472837983046e-06
1016,9308,163-43-4-2-1,3.73104628487285e-06_3.73104628487285e-06_3.73104628487285e-06_3.73104628487285e-06_3.73104628487285e-06
1016,9309,21-8-3-1-1,0.000207694909857922_0.000207694909857922_0.000207694909857922_0.000207694909857922_0.000207694909857922
1016,9310,234-24-7-1-1,8.76795876945119e-05_8.76795876945119e-05_8.76795876945119e-05_8.76795876945119e-05_8.76795876945119e-05
1016,9311,186-15-9-2-1,1.67897082819278e-05_1.67897082819278e-05_1.67897082819278e-05_1.67897082819278e-05_1.67897082819278e-05
1016,9312,223-40-4-2-1,2.73610060890675e-05_2.73610060890675e-05_2.73610060890675e-05_2.73610060890675e-05_2.73610060890675e-05
1016,9313,185-41-9-2-1,3.10920523739404e-06_3.10920523739404e-06_3.10920523739404e-06_3.10920523739404e-06_3.10920523739404e-06
1016,9314,18-12-8-1-1,8.0839336172245e-06_8.0839336172245e-06_8.0839336172245e-06_8.0839336172245e-06_8.0839336172245e-06
1016,9315,202-37-4-2-1,1.86552314243642e-05_1.86552314243642e-05_1.86552314243642e-05_1.86552314243642e-05_1.86552314243642e-05
1016,9316,160-30-1-1-1,6.21841047478808e-06_6.21841047478808e-06_6.21841047478808e-06_6.21841047478808e-06_6.21841047478808e-06
1016,9317,177-7-4-2-1,1.67897082819278e-05_1.67897082819278e-05_1.67897082819278e-05_1.67897082819278e-05_1.67897082819278e-05
1016,9318,128-7-4-2-1,3.10920523739404e-06_3.10920523739404e-06_3.10920523739404e-06_3.10920523739404e-06_3.10920523739404e-06
1016,9319,128-7-4-2-1,5.59656942730927e-06_5.59656942730927e-06_5.59656942730927e-06_5.59656942730927e-06_5.59656942730927e-06
1016,9320,228-17-10-1-1,2.36299598041947e-05_2.36299598041947e-05_2.36299598041947e-05_2.36299598041947e-05_2.36299598041947e-05
1016,9321,67-2-2-2-1,6.21841047478808e-06_6.21841047478808e-06_6.21841047478808e-06_6.21841047478808e-06_6.21841047478808e-06
1016,9322,55-22-8-1-1,6.84025152226688e-06_6.84025152226688e-06_6.84025152226688e-06_6.84025152226688e-06_6.84025152226688e-06
1016,9323,201-17-10-1-1,2.61173239941099e-05_2.61173239941099e-05_2.61173239941099e-05_2.61173239941099e-05_2.61173239941099e-05
1016,9324,81-9-7-1-1,0.000231324869662116_0.000231324869662116_0.000231324869662116_0.000231324869662116_0.000231324869662116
1016,9325,180-40-4-2-1,4.97472837983046e-06_4.97472837983046e-06_4.97472837983046e-06_4.97472837983046e-06_4.97472837983046e-06
1016,9326,57-7-4-2-1,8.0839336172245e-06_8.0839336172245e-06_8.0839336172245e-06_8.0839336172245e-06_8.0839336172245e-06
1016,9327,220-22-8-1-1,2.23862777092371e-05_2.23862777092371e-05_2.23862777092371e-05_2.23862777092371e-05_2.23862777092371e-05
1016,9328,167-18-4-2-1,3.10920523739404e-06_3.10920523739404e-06_3.10920523739404e-06_3.10920523739404e-06_3.10920523739404e-06
1016,9329,112-14-4-2-1,7.46209256974569e-05_7.46209256974569e-05_7.46209256974569e-05_7.46209256974569e-05_7.46209256974569e-05
1016,9330,236-42-12-1-1,4.35288733235165e-06_4.35288733235165e-06_4.35288733235165e-06_4.35288733235165e-06_4.35288733235165e-06
1016,9331,185-41-9-2-1,1.86552314243642e-06_1.86552314243642e-06_1.86552314243642e-06_1.86552314243642e-06_1.86552314243642e-06
1016,9332,26-15-9-2-1,5.84530584630079e-05_5.84530584630079e-05_5.84530584630079e-05_5.84530584630079e-05_5.84530584630079e-05
1016,9333,26-15-9-2-1,3.10920523739404e-06_3.10920523739404e-06_3.10920523739404e-06_3.10920523739404e-06_3.10920523739404e-06
1016,9334,185-41-9-2-1,3.10920523739404e-06_3.10920523739404e-06_3.10920523739404e-06_3.10920523739404e-06_3.10920523739404e-06
1016,9335,26-15-9-2-1,3.10920523739404e-06_3.10920523739404e-06_3.10920523739404e-06_3.10920523739404e-06_3.10920523739404e-06
1016,9336,26-15-9-2-1,3.60667807537708e-05_3.60667807537708e-05_3.60667807537708e-05_3.60667807537708e-05_3.60667807537708e-05
1016,9337,26-15-9-2-1,7.89738130298086e-05_7.89738130298086e-05_7.89738130298086e-05_7.89738130298086e-05_7.89738130298086e-05
1016,9338,213-15-9-2-1,2.9226529231504e-05_2.9226529231504e-05_2.9226529231504e-05_2.9226529231504e-05_2.9226529231504e-05
1016,9339,133-12-8-1-1,4.35288733235165e-06_4.35288733235165e-06_4.35288733235165e-06_4.35288733235165e-06_4.35288733235165e-06
1016,9340,33-16-2-2-1,0.000378079356867115_0.000378079356867115_0.000378079356867115_0.000378079356867115_0.000378079356867115
1016,9341,200-15-9-2-1,0.000207694909857922_0.000207694909857922_0.000207694909857922_0.000207694909857922_0.000207694909857922
1016,9342,161-36-10-1-1,3.10920523739404e-06_3.10920523739404e-06_3.10920523739404e-06_3.10920523739404e-06_3.10920523739404e-06
1016,9343,149-16-2-2-1,3.10920523739404e-06_3.10920523739404e-06_3.10920523739404e-06_3.10920523739404e-06_3.10920523739404e-06
1016,9344,177-7-4-2-1,3.10920523739404e-06_3.10920523739404e-06_3.10920523739404e-06_3.10920523739404e-06_3.10920523739404e-06
1016,9347,110-3-3-1-1,1.18149799020973e-05_1.18149799020973e-05_1.18149799020973e-05_1.18149799020973e-05_1.18149799020973e-05
1016,9348,196-14-4-2-1,3.73104628487285e-06_3.73104628487285e-06_3.73104628487285e-06_3.73104628487285e-06_3.73104628487285e-06
1016,9349,200-15-9-2-1,3.73104628487285e-06_3.73104628487285e-06_3.73104628487285e-06_3.73104628487285e-06_3.73104628487285e-06
1016,9350,47-22-8-1-1,4.97472837983046e-06_4.97472837983046e-06_4.97472837983046e-06_4.97472837983046e-06_4.97472837983046e-06
1016,9351,185-41-9-2-1,1.86552314243642e-05_1.86552314243642e-05_1.86552314243642e-05_1.86552314243642e-05_1.86552314243642e-05
1016,9352,98-27-8-1-1,5.59656942730927e-06_5.59656942730927e-06_5.59656942730927e-06_5.59656942730927e-06_5.59656942730927e-06
1016,9353,196-14-4-2-1,1.05712978071397e-05_1.05712978071397e-05_1.05712978071397e-05_1.05712978071397e-05_1.05712978071397e-05
1016,9355,17-11-4-2-1,6.84025152226688e-06_6.84025152226688e-06_6.84025152226688e-06_6.84025152226688e-06_6.84025152226688e-06
1016,9356,138-23-8-1-1,3.10920523739404e-06_3.10920523739404e-06_3.10920523739404e-06_3.10920523739404e-06_3.10920523739404e-06
1016,9357,160-30-1-1-1,1.55460261869702e-05_1.55460261869702e-05_1.55460261869702e-05_1.55460261869702e-05_1.55460261869702e-05
1016,9358,185-41-9-2-1,4.97472837983046e-06_4.97472837983046e-06_4.97472837983046e-06_4.97472837983046e-06_4.97472837983046e-06
1016,9359,218-7-4-2-1,1.6167867234449e-05_1.6167867234449e-05_1.6167867234449e-05_1.6167867234449e-05_1.6167867234449e-05
1016,9360,152-32-10-1-1,6.52933099852748e-05_6.52933099852748e-05_6.52933099852748e-05_6.52933099852748e-05_6.52933099852748e-05
1016,9361,185-41-9-2-1,3.10920523739404e-06_3.10920523739404e-06_3.10920523739404e-06_3.10920523739404e-06_3.10920523739404e-06
1016,9362,149-16-2-2-1,5.59656942730927e-06_5.59656942730927e-06_5.59656942730927e-06_5.59656942730927e-06_5.59656942730927e-06
1016,9363,57-7-4-2-1,4.97472837983046e-06_4.97472837983046e-06_4.97472837983046e-06_4.97472837983046e-06_4.97472837983046e-06
1016,9364,74-31-9-2-1,5.59656942730927e-06_5.59656942730927e-06_5.59656942730927e-06_5.59656942730927e-06_5.59656942730927e-06
1016,9365,197-30-1-1-1,2.36299598041947e-05_2.36299598041947e-05_2.36299598041947e-05_2.36299598041947e-05_2.36299598041947e-05
1016,9366,16-10-2-2-1,2.42518008516735e-05_2.42518008516735e-05_2.42518008516735e-05_2.42518008516735e-05_2.42518008516735e-05
1016,9367,57-7-4-2-1,1.05712978071397e-05_1.05712978071397e-05_1.05712978071397e-05_1.05712978071397e-05_1.05712978071397e-05
1016,9368,22-13-6-2-1,0.000194636247860867_0.000194636247860867_0.000194636247860867_0.000194636247860867_0.000194636247860867
1016,9369,136-26-4-2-1,5.72093763680503e-05_5.72093763680503e-05_5.72093763680503e-05_5.72093763680503e-05_5.72093763680503e-05
1016,9370,237-44-12-1-1,6.84025152226688e-06_6.84025152226688e-06_6.84025152226688e-06_6.84025152226688e-06_6.84025152226688e-06
1016,9371,53-21-4-2-1,9.32761571218211e-05_9.32761571218211e-05_9.32761571218211e-05_9.32761571218211e-05_9.32761571218211e-05
1016,9372,172-40-4-2-1,2.48736418991523e-06_2.48736418991523e-06_2.48736418991523e-06_2.48736418991523e-06_2.48736418991523e-06
1016,9373,172-40-4-2-1,3.10920523739404e-06_3.10920523739404e-06_3.10920523739404e-06_3.10920523739404e-06_3.10920523739404e-06
1016,9374,116-36-10-1-1,3.60667807537708e-05_3.60667807537708e-05_3.60667807537708e-05_3.60667807537708e-05_3.60667807537708e-05
1016,9375,116-36-10-1-1,3.97978270386437e-05_3.97978270386437e-05_3.97978270386437e-05_3.97978270386437e-05_3.97978270386437e-05
1016,9376,152-32-10-1-1,8.0839336172245e-06_8.0839336172245e-06_8.0839336172245e-06_8.0839336172245e-06_8.0839336172245e-06
1016,9377,153-18-4-2-1,5.59656942730927e-06_5.59656942730927e-06_5.59656942730927e-06_5.59656942730927e-06_5.59656942730927e-06
1016,9378,116-36-10-1-1,0.000351962032873005_0.000351962032873005_0.000351962032873005_0.000351962032873005_0.000351962032873005
1016,9380,131-13-6-2-1,0.000485657858080949_0.000485657858080949_0.000485657858080949_0.000485657858080949_0.000485657858080949
1016,9381,152-32-10-1-1,3.10920523739404e-06_3.10920523739404e-06_3.10920523739404e-06_3.10920523739404e-06_3.10920523739404e-06
1016,9382,142-42-12-1-1,6.84025152226688e-06_6.84025152226688e-06_6.84025152226688e-06_6.84025152226688e-06_6.84025152226688e-06
1016,9384,148-29-2-2-1,4.16633501810801e-05_4.16633501810801e-05_4.16633501810801e-05_4.16633501810801e-05_4.16633501810801e-05
1016,9385,103-13-6-2-1,6.59151510327536e-05_6.59151510327536e-05_6.59151510327536e-05_6.59151510327536e-05_6.59151510327536e-05
1016,9386,18-12-8-1-1,1.11931388546185e-05_1.11931388546185e-05_1.11931388546185e-05_1.11931388546185e-05_1.11931388546185e-05
1016,9387,84-2-2-2-1,3.29575755163768e-05_3.29575755163768e-05_3.29575755163768e-05_3.29575755163768e-05_3.29575755163768e-05
1016,9388,167-18-4-2-1,2.67391650415887e-05_2.67391650415887e-05_2.67391650415887e-05_2.67391650415887e-05_2.67391650415887e-05
1016,9389,236-42-12-1-1,2.61173239941099e-05_2.61173239941099e-05_2.61173239941099e-05_2.61173239941099e-05_2.61173239941099e-05
1016,9390,7-4-4-2-1,1.86552314243642e-06_1.86552314243642e-06_1.86552314243642e-06_1.86552314243642e-06_1.86552314243642e-06
1016,9391,185-41-9-2-1,4.35288733235165e-06_4.35288733235165e-06_4.35288733235165e-06_4.35288733235165e-06_4.35288733235165e-06
1016,9392,172-40-4-2-1,3.73104628487285e-06_3.73104628487285e-06_3.73104628487285e-06_3.73104628487285e-06_3.73104628487285e-06
1016,9393,166-18-4-2-1,6.21841047478808e-06_6.21841047478808e-06_6.21841047478808e-06_6.21841047478808e-06_6.21841047478808e-06
1016,9394,8-7-4-2-1,1.24368209495762e-06_1.24368209495762e-06_1.24368209495762e-06_1.24368209495762e-06_1.24368209495762e-06
1016,9395,185-41-9-2-1,3.10920523739404e-06_3.10920523739404e-06_3.10920523739404e-06_3.10920523739404e-06_3.10920523739404e-06
1016,9396,222-35-4-2-1,1.24368209495762e-05_1.24368209495762e-05_1.24368209495762e-05_1.24368209495762e-05_1.24368209495762e-05
1016,9397,27-8-3-1-1,2.61173239941099e-05_2.61173239941099e-05_2.61173239941099e-05_2.61173239941099e-05_2.61173239941099e-05
1016,9398,66-29-2-2-1,3.10920523739404e-06_3.10920523739404e-06_3.10920523739404e-06_3.10920523739404e-06_3.10920523739404e-06
1016,9399,29-17-10-1-1,2.86046881840252e-05_2.86046881840252e-05_2.86046881840252e-05_2.86046881840252e-05_2.86046881840252e-05
1016,9400,193-40-4-2-1,7.46209256974569e-06_7.46209256974569e-06_7.46209256974569e-06_7.46209256974569e-06_7.46209256974569e-06
1016,9401,180-40-4-2-1,3.73104628487285e-06_3.73104628487285e-06_3.73104628487285e-06_3.73104628487285e-06_3.73104628487285e-06
1016,9402,180-40-4-2-1,4.35288733235165e-06_4.35288733235165e-06_4.35288733235165e-06_4.35288733235165e-06_4.35288733235165e-06
1016,9403,180-40-4-2-1,6.84025152226688e-06_6.84025152226688e-06_6.84025152226688e-06_6.84025152226688e-06_6.84025152226688e-06
1016,9404,235-34-11-1-1,4.35288733235165e-05_4.35288733235165e-05_4.35288733235165e-05_4.35288733235165e-05_4.35288733235165e-05
1016,9405,227-41-9-2-1,4.35288733235165e-06_4.35288733235165e-06_4.35288733235165e-06_4.35288733235165e-06_4.35288733235165e-06
1016,9406,203-11-4-2-1,6.21841047478808e-06_6.21841047478808e-06_6.21841047478808e-06_6.21841047478808e-06_6.21841047478808e-06
1016,9407,34-19-9-2-1,8.70577466470331e-06_8.70577466470331e-06_8.70577466470331e-06_8.70577466470331e-06_8.70577466470331e-06
1016,9408,25-10-2-2-1,4.8503601703347e-05_4.8503601703347e-05_4.8503601703347e-05_4.8503601703347e-05_4.8503601703347e-05
1016,9409,79-32-10-1-1,6.96461973176265e-05_6.96461973176265e-05_6.96461973176265e-05_6.96461973176265e-05_6.96461973176265e-05
1016,9410,34-19-9-2-1,6.21841047478808e-06_6.21841047478808e-06_6.21841047478808e-06_6.21841047478808e-06_6.21841047478808e-06
1016,9411,200-15-9-2-1,3.73104628487285e-06_3.73104628487285e-06_3.73104628487285e-06_3.73104628487285e-06_3.73104628487285e-06
1016,9412,161-36-10-1-1,2.30081187567159e-05_2.30081187567159e-05_2.30081187567159e-05_2.30081187567159e-05_2.30081187567159e-05
1016,9413,71-29-2-2-1,9.32761571218212e-06_9.32761571218212e-06_9.32761571218212e-06_9.32761571218212e-06_9.32761571218212e-06
1016,9414,196-14-4-2-1,4.97472837983046e-06_4.97472837983046e-06_4.97472837983046e-06_4.97472837983046e-06_4.97472837983046e-06
1016,9415,140-42-12-1-1,3.73104628487285e-06_3.73104628487285e-06_3.73104628487285e-06_3.73104628487285e-06_3.73104628487285e-06
1016,9416,152-32-10-1-1,5.59656942730927e-06_5.59656942730927e-06_5.59656942730927e-06_5.59656942730927e-06_5.59656942730927e-06
1016,9417,122-16-2-2-1,2.54954829466311e-05_2.54954829466311e-05_2.54954829466311e-05_2.54954829466311e-05_2.54954829466311e-05
1016,9418,58-13-6-2-1,0.000242518008516735_0.000242518008516735_0.000242518008516735_0.000242518008516735_0.000242518008516735
1016,9419,196-14-4-2-1,2.48736418991523e-05_2.48736418991523e-05_2.48736418991523e-05_2.48736418991523e-05_2.48736418991523e-05
1016,9420,22-13-6-2-1,2.36299598041947e-05_2.36299598041947e-05_2.36299598041947e-05_2.36299598041947e-05_2.36299598041947e-05
1016,9421,214-26-4-2-1,2.30081187567159e-05_2.30081187567159e-05_2.30081187567159e-05_2.30081187567159e-05_2.30081187567159e-05
1016,9422,197-30-1-1-1,0.000205829386715485_0.000205829386715485_0.000205829386715485_0.000205829386715485_0.000205829386715485
1016,9423,131-13-6-2-1,3.04702113264616e-05_3.04702113264616e-05_3.04702113264616e-05_3.04702113264616e-05_3.04702113264616e-05
1016,9424,163-43-4-2-1,7.39990846499781e-05_7.39990846499781e-05_7.39990846499781e-05_7.39990846499781e-05_7.39990846499781e-05
1016,9425,138-23-8-1-1,3.10920523739404e-05_3.10920523739404e-05_3.10920523739404e-05_3.10920523739404e-05_3.10920523739404e-05
1016,9426,199-19-9-2-1,6.21841047478808e-06_6.21841047478808e-06_6.21841047478808e-06_6.21841047478808e-06_6.21841047478808e-06
1016,9427,195-37-4-2-1,0.000249358260039002_0.000249358260039002_0.000249358260039002_0.000249358260039002_0.000249358260039002
1016,9428,110-3-3-1-1,0.000131208461018028_0.000131208461018028_0.000131208461018028_0.000131208461018028_0.000131208461018028
1016,9429,4-4-4-2-1,5.59656942730927e-06_5.59656942730927e-06_5.59656942730927e-06_5.59656942730927e-06_5.59656942730927e-06
1016,9430,174-15-9-2-1,1.55460261869702e-05_1.55460261869702e-05_1.55460261869702e-05_1.55460261869702e-05_1.55460261869702e-05
1016,9431,186-15-9-2-1,3.10920523739404e-06_3.10920523739404e-06_3.10920523739404e-06_3.10920523739404e-06_3.10920523739404e-06
1016,9432,191-37-4-2-1,1.67897082819278e-05_1.67897082819278e-05_1.67897082819278e-05_1.67897082819278e-05_1.67897082819278e-05
1016,9433,224-39-11-1-1,6.84025152226688e-06_6.84025152226688e-06_6.84025152226688e-06_6.84025152226688e-06_6.84025152226688e-06
1016,9434,185-41-9-2-1,1.24368209495762e-05_1.24368209495762e-05_1.24368209495762e-05_1.24368209495762e-05_1.24368209495762e-05
1016,9435,185-41-9-2-1,4.35288733235165e-06_4.35288733235165e-06_4.35288733235165e-06_4.35288733235165e-06_4.35288733235165e-06
1016,9436,47-22-8-1-1,3.10920523739404e-06_3.10920523739404e-06_3.10920523739404e-06_3.10920523739404e-06_3.10920523739404e-06
1016,9437,153-18-4-2-1,4.35288733235165e-06_4.35288733235165e-06_4.35288733235165e-06_4.35288733235165e-06_4.35288733235165e-06
1016,9438,185-41-9-2-1,3.10920523739404e-06_3.10920523739404e-06_3.10920523739404e-06_3.10920523739404e-06_3.10920523739404e-06
1016,9439,141-42-12-1-1,3.10920523739404e-06_3.10920523739404e-06_3.10920523739404e-06_3.10920523739404e-06_3.10920523739404e-06
1016,9440,227-41-9-2-1,4.8503601703347e-05_4.8503601703347e-05_4.8503601703347e-05_4.8503601703347e-05_4.8503601703347e-05
1016,9441,185-41-9-2-1,3.10920523739404e-06_3.10920523739404e-06_3.10920523739404e-06_3.10920523739404e-06_3.10920523739404e-06
1016,9442,92-2-2-2-1,0.00272801667528953_0.00272801667528953_0.00272801667528953_0.00272801667528953_0.00272801667528953
1016,9443,37-11-4-2-1,9.32761571218212e-06_9.32761571218212e-06_9.32761571218212e-06_9.32761571218212e-06_9.32761571218212e-06
1016,9444,171-18-4-2-1,3.73104628487285e-06_3.73104628487285e-06_3.73104628487285e-06_3.73104628487285e-06_3.73104628487285e-06
1016,9445,200-15-9-2-1,1.18149799020973e-05_1.18149799020973e-05_1.18149799020973e-05_1.18149799020973e-05_1.18149799020973e-05
1016,9446,223-40-4-2-1,0.000199610976240697_0.000199610976240697_0.000199610976240697_0.000199610976240697_0.000199610976240697
1016,9447,223-40-4-2-1,3.17138934214192e-05_3.17138934214192e-05_3.17138934214192e-05_3.17138934214192e-05_3.17138934214192e-05
1016,9448,205-12-8-1-1,3.73104628487285e-06_3.73104628487285e-06_3.73104628487285e-06_3.73104628487285e-06_3.73104628487285e-06
1016,9449,29-17-10-1-1,1.74115493294066e-05_1.74115493294066e-05_1.74115493294066e-05_1.74115493294066e-05_1.74115493294066e-05
1016,9450,196-14-4-2-1,4.97472837983046e-06_4.97472837983046e-06_4.97472837983046e-06_4.97472837983046e-06_4.97472837983046e-06
1016,9451,214-26-4-2-1,4.97472837983046e-06_4.97472837983046e-06_4.97472837983046e-06_4.97472837983046e-06_4.97472837983046e-06
1016,9452,171-18-4-2-1,2.23862777092371e-05_2.23862777092371e-05_2.23862777092371e-05_2.23862777092371e-05_2.23862777092371e-05
1016,9453,122-16-2-2-1,4.97472837983046e-06_4.97472837983046e-06_4.97472837983046e-06_4.97472837983046e-06_4.97472837983046e-06
1016,9454,111-8-3-1-1,0.000181577585863812_0.000181577585863812_0.000181577585863812_0.000181577585863812_0.000181577585863812
1016,9455,216-19-9-2-1,6.84025152226688e-06_6.84025152226688e-06_6.84025152226688e-06_6.84025152226688e-06_6.84025152226688e-06
1016,9456,40-23-8-1-1,3.10920523739404e-06_3.10920523739404e-06_3.10920523739404e-06_3.10920523739404e-06_3.10920523739404e-06
1016,9457,128-7-4-2-1,2.23862777092371e-05_2.23862777092371e-05_2.23862777092371e-05_2.23862777092371e-05_2.23862777092371e-05
1016,9458,122-16-2-2-1,3.10920523739404e-06_3.10920523739404e-06_3.10920523739404e-06_3.10920523739404e-06_3.10920523739404e-06
1016,9459,26-15-9-2-1,2.48736418991523e-06_2.48736418991523e-06_2.48736418991523e-06_2.48736418991523e-06_2.48736418991523e-06
1016,9460,220-22-8-1-1,1.80333903768854e-05_1.80333903768854e-05_1.80333903768854e-05_1.80333903768854e-05_1.80333903768854e-05
1016,9461,185-41-9-2-1,3.10920523739404e-06_3.10920523739404e-06_3.10920523739404e-06_3.10920523739404e-06_3.10920523739404e-06
1016,9462,17-11-4-2-1,4.97472837983046e-06_4.97472837983046e-06_4.97472837983046e-06_4.97472837983046e-06_4.97472837983046e-06
1016,9463,140-42-12-1-1,6.84025152226688e-06_6.84025152226688e-06_6.84025152226688e-06_6.84025152226688e-06_6.84025152226688e-06
1016,9464,37-11-4-2-1,5.59656942730927e-06_5.59656942730927e-06_5.59656942730927e-06_5.59656942730927e-06_5.59656942730927e-06
1016,9465,227-41-9-2-1,3.10920523739404e-06_3.10920523739404e-06_3.10920523739404e-06_3.10920523739404e-06_3.10920523739404e-06
1016,9466,66-29-2-2-1,1.18149799020973e-05_1.18149799020973e-05_1.18149799020973e-05_1.18149799020973e-05_1.18149799020973e-05
1016,9467,196-14-4-2-1,2.54954829466311e-05_2.54954829466311e-05_2.54954829466311e-05_2.54954829466311e-05_2.54954829466311e-05
1016,9468,61-13-6-2-1,0.00020334202252557_0.00020334202252557_0.00020334202252557_0.00020334202252557_0.00020334202252557
1016,9469,111-8-3-1-1,0.000337659688780993_0.000337659688780993_0.000337659688780993_0.000337659688780993_0.000337659688780993
1016,9470,128-7-4-2-1,1.24368209495762e-05_1.24368209495762e-05_1.24368209495762e-05_1.24368209495762e-05_1.24368209495762e-05
1016,9471,151-19-9-2-1,1.98989135193218e-05_1.98989135193218e-05_1.98989135193218e-05_1.98989135193218e-05_1.98989135193218e-05
1016,9472,23-10-2-2-1,1.55460261869702e-05_1.55460261869702e-05_1.55460261869702e-05_1.55460261869702e-05_1.55460261869702e-05
1016,9473,167-18-4-2-1,9.14106339793847e-05_9.14106339793847e-05_9.14106339793847e-05_9.14106339793847e-05_9.14106339793847e-05
1016,9474,203-11-4-2-1,5.59656942730927e-06_5.59656942730927e-06_5.59656942730927e-06_5.59656942730927e-06_5.59656942730927e-06
1016,9475,112-14-4-2-1,6.21841047478808e-06_6.21841047478808e-06_6.21841047478808e-06_6.21841047478808e-06_6.21841047478808e-06
1016,9476,112-14-4-2-1,4.35288733235165e-06_4.35288733235165e-06_4.35288733235165e-06_4.35288733235165e-06_4.35288733235165e-06
1016,9477,112-14-4-2-1,1.74115493294066e-05_1.74115493294066e-05_1.74115493294066e-05_1.74115493294066e-05_1.74115493294066e-05
1016,9478,227-41-9-2-1,7.46209256974569e-06_7.46209256974569e-06_7.46209256974569e-06_7.46209256974569e-06_7.46209256974569e-06
1016,9479,199-19-9-2-1,1.49241851394914e-05_1.49241851394914e-05_1.49241851394914e-05_1.49241851394914e-05_1.49241851394914e-05
1016,9480,216-19-9-2-1,5.59656942730927e-06_5.59656942730927e-06_5.59656942730927e-06_5.59656942730927e-06_5.59656942730927e-06
1016,9481,18-12-8-1-1,3.10920523739404e-06_3.10920523739404e-06_3.10920523739404e-06_3.10920523739404e-06_3.10920523739404e-06
1016,9482,47-22-8-1-1,3.42012576113344e-05_3.42012576113344e-05_3.42012576113344e-05_3.42012576113344e-05_3.42012576113344e-05
1016,9483,47-22-8-1-1,4.97472837983046e-06_4.97472837983046e-06_4.97472837983046e-06_4.97472837983046e-06_4.97472837983046e-06
1016,9484,152-32-10-1-1,1.67897082819278e-05_1.67897082819278e-05_1.67897082819278e-05_1.67897082819278e-05_1.67897082819278e-05
1016,9485,160-30-1-1-1,5.59656942730927e-06_5.59656942730927e-06_5.59656942730927e-06_5.59656942730927e-06_5.59656942730927e-06
1016,9486,160-30-1-1-1,1.3058661997055e-05_1.3058661997055e-05_1.3058661997055e-05_1.3058661997055e-05_1.3058661997055e-05
1016,9487,127-30-1-1-1,1.67897082819278e-05_1.67897082819278e-05_1.67897082819278e-05_1.67897082819278e-05_1.67897082819278e-05
1016,9488,26-15-9-2-1,8.70577466470331e-06_8.70577466470331e-06_8.70577466470331e-06_8.70577466470331e-06_8.70577466470331e-06
1016,9489,170-43-4-2-1,3.04702113264616e-05_3.04702113264616e-05_3.04702113264616e-05_3.04702113264616e-05_3.04702113264616e-05
1016,9490,201-17-10-1-1,1.86552314243642e-05_1.86552314243642e-05_1.86552314243642e-05_1.86552314243642e-05_1.86552314243642e-05
1016,9491,153-18-4-2-1,6.21841047478808e-06_6.21841047478808e-06_6.21841047478808e-06_6.21841047478808e-06_6.21841047478808e-06
1016,9492,25-10-2-2-1,7.46209256974569e-06_7.46209256974569e-06_7.46209256974569e-06_7.46209256974569e-06_7.46209256974569e-06
1016,9493,133-12-8-1-1,4.97472837983046e-06_4.97472837983046e-06_4.97472837983046e-06_4.97472837983046e-06_4.97472837983046e-06
1016,9494,186-15-9-2-1,1.3058661997055e-05_1.3058661997055e-05_1.3058661997055e-05_1.3058661997055e-05_1.3058661997055e-05
1016,9495,55-22-8-1-1,4.97472837983046e-06_4.97472837983046e-06_4.97472837983046e-06_4.97472837983046e-06_4.97472837983046e-06
1016,9496,8-7-4-2-1,2.48736418991523e-06_2.48736418991523e-06_2.48736418991523e-06_2.48736418991523e-06_2.48736418991523e-06
1016,9497,152-32-10-1-1,7.95956540772874e-05_7.95956540772874e-05_7.95956540772874e-05_7.95956540772874e-05_7.95956540772874e-05
1016,9498,107-6-6-2-1,0.000942711027977872_0.000942711027977872_0.000942711027977872_0.000942711027977872_0.000942711027977872
1016,9499,126-29-2-2-1,1.9277072471843e-05_1.9277072471843e-05_1.9277072471843e-05_1.9277072471843e-05_1.9277072471843e-05
1016,9500,76-4-4-2-1,1.67897082819278e-05_1.67897082819278e-05_1.67897082819278e-05_1.67897082819278e-05_1.67897082819278e-05
1016,9501,184-31-9-2-1,1.3058661997055e-05_1.3058661997055e-05_1.3058661997055e-05_1.3058661997055e-05_1.3058661997055e-05
1016,9502,149-16-2-2-1,3.10920523739404e-06_3.10920523739404e-06_3.10920523739404e-06_3.10920523739404e-06_3.10920523739404e-06
1016,9503,119-6-6-2-1,5.90748995104867e-05_5.90748995104867e-05_5.90748995104867e-05_5.90748995104867e-05_5.90748995104867e-05
1016,9504,82-6-6-2-1,0.000953904166832491_0.000953904166832491_0.000953904166832491_0.000953904166832491_0.000953904166832491
1016,9505,188-14-4-2-1,1.05712978071397e-05_1.05712978071397e-05_1.05712978071397e-05_1.05712978071397e-05_1.05712978071397e-05
1016,9506,68-30-1-1-1,1.86552314243642e-05_1.86552314243642e-05_1.86552314243642e-05_1.86552314243642e-05_1.86552314243642e-05
1016,9507,172-40-4-2-1,1.49241851394914e-05_1.49241851394914e-05_1.49241851394914e-05_1.49241851394914e-05_1.49241851394914e-05
1016,9508,186-15-9-2-1,4.35288733235165e-06_4.35288733235165e-06_4.35288733235165e-06_4.35288733235165e-06_4.35288733235165e-06
1016,9509,147-11-4-2-1,3.73104628487285e-06_3.73104628487285e-06_3.73104628487285e-06_3.73104628487285e-06_3.73104628487285e-06
1016,9510,213-15-9-2-1,1.43023440920126e-05_1.43023440920126e-05_1.43023440920126e-05_1.43023440920126e-05_1.43023440920126e-05
1016,9511,18-12-8-1-1,6.84025152226688e-06_6.84025152226688e-06_6.84025152226688e-06_6.84025152226688e-06_6.84025152226688e-06
1016,9512,185-41-9-2-1,4.35288733235165e-06_4.35288733235165e-06_4.35288733235165e-06_4.35288733235165e-06_4.35288733235165e-06
1016,9513,112-14-4-2-1,2.11425956142795e-05_2.11425956142795e-05_2.11425956142795e-05_2.11425956142795e-05_2.11425956142795e-05
1016,9514,112-14-4-2-1,6.84025152226688e-06_6.84025152226688e-06_6.84025152226688e-06_6.84025152226688e-06_6.84025152226688e-06
1016,9515,200-15-9-2-1,4.8503601703347e-05_4.8503601703347e-05_4.8503601703347e-05_4.8503601703347e-05_4.8503601703347e-05
1016,9516,122-16-2-2-1,3.10920523739404e-06_3.10920523739404e-06_3.10920523739404e-06_3.10920523739404e-06_3.10920523739404e-06
1016,9517,185-41-9-2-1,6.21841047478808e-06_6.21841047478808e-06_6.21841047478808e-06_6.21841047478808e-06_6.21841047478808e-06
1016,9518,134-29-2-2-1,1.36805030445338e-05_1.36805030445338e-05_1.36805030445338e-05_1.36805030445338e-05_1.36805030445338e-05
1016,9519,112-14-4-2-1,4.35288733235165e-06_4.35288733235165e-06_4.35288733235165e-06_4.35288733235165e-06_4.35288733235165e-06
1016,9520,44-13-6-2-1,9.38979981693e-05_9.38979981693e-05_9.38979981693e-05_9.38979981693e-05_9.38979981693e-05
1016,9521,44-13-6-2-1,9.32761571218212e-06_9.32761571218212e-06_9.32761571218212e-06_9.32761571218212e-06_9.32761571218212e-06
1016,9522,175-20-9-2-1,6.84025152226688e-06_6.84025152226688e-06_6.84025152226688e-06_6.84025152226688e-06_6.84025152226688e-06
1016,9523,83-33-5-1-1,2.67391650415887e-05_2.67391650415887e-05_2.67391650415887e-05_2.67391650415887e-05_2.67391650415887e-05
1016,9524,4-4-4-2-1,4.97472837983046e-06_4.97472837983046e-06_4.97472837983046e-06_4.97472837983046e-06_4.97472837983046e-06
1016,9526,201-17-10-1-1,6.65369920802324e-05_6.65369920802324e-05_6.65369920802324e-05_6.65369920802324e-05_6.65369920802324e-05
1016,9527,185-41-9-2-1,2.48736418991523e-06_2.48736418991523e-06_2.48736418991523e-06_2.48736418991523e-06_2.48736418991523e-06
1016,9528,116-36-10-1-1,3.85541449436861e-05_3.85541449436861e-05_3.85541449436861e-05_3.85541449436861e-05_3.85541449436861e-05
1016,9529,204-35-4-2-1,1.80333903768854e-05_1.80333903768854e-05_1.80333903768854e-05_1.80333903768854e-05_1.80333903768854e-05
1016,9531,8-7-4-2-1,3.10920523739404e-06_3.10920523739404e-06_3.10920523739404e-06_3.10920523739404e-06_3.10920523739404e-06
1016,9532,163-43-4-2-1,2.05207545668007e-05_2.05207545668007e-05_2.05207545668007e-05_2.05207545668007e-05_2.05207545668007e-05
1016,9533,114-40-4-2-1,5.59656942730927e-06_5.59656942730927e-06_5.59656942730927e-06_5.59656942730927e-06_5.59656942730927e-06
1016,9534,185-41-9-2-1,4.35288733235165e-06_4.35288733235165e-06_4.35288733235165e-06_4.35288733235165e-06_4.35288733235165e-06
1016,9535,185-41-9-2-1,4.35288733235165e-06_4.35288733235165e-06_4.35288733235165e-06_4.35288733235165e-06_4.35288733235165e-06
1016,9536,4-4-4-2-1,0.000335794165638556_0.000335794165638556_0.000335794165638556_0.000335794165638556_0.000335794165638556
1016,9537,45-5-5-1-1,3.73104628487285e-06_3.73104628487285e-06_3.73104628487285e-06_3.73104628487285e-06_3.73104628487285e-06
1016,9538,160-30-1-1-1,8.0839336172245e-06_8.0839336172245e-06_8.0839336172245e-06_8.0839336172245e-06_8.0839336172245e-06
1016,9539,53-21-4-2-1,0.000119393481115931_0.000119393481115931_0.000119393481115931_0.000119393481115931_0.000119393481115931
1016,9541,59-5-5-1-1,9.32761571218211e-05_9.32761571218211e-05_9.32761571218211e-05_9.32761571218211e-05_9.32761571218211e-05
1016,9542,179-26-4-2-1,1.9277072471843e-05_1.9277072471843e-05_1.9277072471843e-05_1.9277072471843e-05_1.9277072471843e-05
1016,9543,149-16-2-2-1,7.89738130298086e-05_7.89738130298086e-05_7.89738130298086e-05_7.89738130298086e-05_7.89738130298086e-05
1016,9544,220-22-8-1-1,4.97472837983046e-06_4.97472837983046e-06_4.97472837983046e-06_4.97472837983046e-06_4.97472837983046e-06
1016,9545,226-32-10-1-1,2.42518008516735e-05_2.42518008516735e-05_2.42518008516735e-05_2.42518008516735e-05_2.42518008516735e-05
1016,9546,23-10-2-2-1,6.28059457953596e-05_6.28059457953596e-05_6.28059457953596e-05_6.28059457953596e-05_6.28059457953596e-05
1016,9547,234-24-7-1-1,8.20830182672026e-05_8.20830182672026e-05_8.20830182672026e-05_8.20830182672026e-05_8.20830182672026e-05
1016,9548,32-18-4-2-1,1.55460261869702e-05_1.55460261869702e-05_1.55460261869702e-05_1.55460261869702e-05_1.55460261869702e-05
1016,9549,207-29-2-2-1,2.61173239941099e-05_2.61173239941099e-05_2.61173239941099e-05_2.61173239941099e-05_2.61173239941099e-05
1016,9550,57-7-4-2-1,3.79323038962073e-05_3.79323038962073e-05_3.79323038962073e-05_3.79323038962073e-05_3.79323038962073e-05
1016,9551,152-32-10-1-1,1.6167867234449e-05_1.6167867234449e-05_1.6167867234449e-05_1.6167867234449e-05_1.6167867234449e-05
1016,9552,190-20-9-2-1,0.000353205714967963_0.000353205714967963_0.000353205714967963_0.000353205714967963_0.000353205714967963
1016,9553,195-37-4-2-1,0.00045394396465953_0.00045394396465953_0.00045394396465953_0.00045394396465953_0.00045394396465953
1016,9554,142-42-12-1-1,3.73104628487285e-06_3.73104628487285e-06_3.73104628487285e-06_3.73104628487285e-06_3.73104628487285e-06
1016,9555,234-24-7-1-1,0.000268013491463366_0.000268013491463366_0.000268013491463366_0.000268013491463366_0.000268013491463366
1016,9556,218-7-4-2-1,3.73104628487285e-06_3.73104628487285e-06_3.73104628487285e-06_3.73104628487285e-06_3.73104628487285e-06
1016,9557,168-2-2-2-1,2.61173239941099e-05_2.61173239941099e-05_2.61173239941099e-05_2.61173239941099e-05_2.61173239941099e-05
1016,9558,216-19-9-2-1,3.73104628487285e-06_3.73104628487285e-06_3.73104628487285e-06_3.73104628487285e-06_3.73104628487285e-06
1016,9559,133-12-8-1-1,1.86552314243642e-05_1.86552314243642e-05_1.86552314243642e-05_1.86552314243642e-05_1.86552314243642e-05
1016,9560,195-37-4-2-1,2.9226529231504e-05_2.9226529231504e-05_2.9226529231504e-05_2.9226529231504e-05_2.9226529231504e-05
1016,9561,175-20-9-2-1,8.0839336172245e-06_8.0839336172245e-06_8.0839336172245e-06_8.0839336172245e-06_8.0839336172245e-06
1016,9562,175-20-9-2-1,1.86552314243642e-05_1.86552314243642e-05_1.86552314243642e-05_1.86552314243642e-05_1.86552314243642e-05
1016,9563,122-16-2-2-1,1.18149799020973e-05_1.18149799020973e-05_1.18149799020973e-05_1.18149799020973e-05_1.18149799020973e-05
1016,9564,9-8-3-1-1,0.000779166832490946_0.000779166832490946_0.000779166832490946_0.000779166832490946_0.000779166832490946
1016,9565,172-40-4-2-1,3.73104628487285e-06_3.73104628487285e-06_3.73104628487285e-06_3.73104628487285e-06_3.73104628487285e-06
1016,9566,159-4-4-2-1,2.23862777092371e-05_2.23862777092371e-05_2.23862777092371e-05_2.23862777092371e-05_2.23862777092371e-05
1016,9567,20-3-3-1-1,0.00123062343296056_0.00123062343296056_0.00123062343296056_0.00123062343296056_0.00123062343296056
1016,9568,145-25-8-1-1,0.00187982548652844_0.00187982548652844_0.00187982548652844_0.00187982548652844_0.00187982548652844
1016,9569,122-16-2-2-1,7.46209256974569e-06_7.46209256974569e-06_7.46209256974569e-06_7.46209256974569e-06_7.46209256974569e-06
1016,9570,124-29-2-2-1,0.000110687706451228_0.000110687706451228_0.000110687706451228_0.000110687706451228_0.000110687706451228
1016,9571,177-7-4-2-1,1.43023440920126e-05_1.43023440920126e-05_1.43023440920126e-05_1.43023440920126e-05_1.43023440920126e-05
1016,9572,179-26-4-2-1,4.35288733235165e-06_4.35288733235165e-06_4.35288733235165e-06_4.35288733235165e-06_4.35288733235165e-06
1016,9573,172-40-4-2-1,3.10920523739404e-06_3.10920523739404e-06_3.10920523739404e-06_3.10920523739404e-06_3.10920523739404e-06
1016,9574,205-12-8-1-1,0.000101360090739046_0.000101360090739046_0.000101360090739046_0.000101360090739046_0.000101360090739046
1016,9575,8-7-4-2-1,3.10920523739404e-06_3.10920523739404e-06_3.10920523739404e-06_3.10920523739404e-06_3.10920523739404e-06
1016,9576,154-25-8-1-1,7.89738130298086e-05_7.89738130298086e-05_7.89738130298086e-05_7.89738130298086e-05_7.89738130298086e-05
1016,9577,145-25-8-1-1,0.000256820352608748_0.000256820352608748_0.000256820352608748_0.000256820352608748_0.000256820352608748
1016,9578,129-21-4-2-1,1.05712978071397e-05_1.05712978071397e-05_1.05712978071397e-05_1.05712978071397e-05_1.05712978071397e-05
1016,9579,52-25-8-1-1,0.000266769809368408_0.000266769809368408_0.000266769809368408_0.000266769809368408_0.000266769809368408
1016,9580,213-15-9-2-1,4.35288733235165e-06_4.35288733235165e-06_4.35288733235165e-06_4.35288733235165e-06_4.35288733235165e-06
1016,9581,185-41-9-2-1,3.10920523739404e-06_3.10920523739404e-06_3.10920523739404e-06_3.10920523739404e-06_3.10920523739404e-06
1016,9582,213-15-9-2-1,1.43023440920126e-05_1.43023440920126e-05_1.43023440920126e-05_1.43023440920126e-05_1.43023440920126e-05
1016,9583,44-13-6-2-1,5.59656942730927e-06_5.59656942730927e-06_5.59656942730927e-06_5.59656942730927e-06_5.59656942730927e-06
1016,9584,153-18-4-2-1,4.35288733235165e-06_4.35288733235165e-06_4.35288733235165e-06_4.35288733235165e-06_4.35288733235165e-06
1016,9585,16-10-2-2-1,3.2335734468898e-05_3.2335734468898e-05_3.2335734468898e-05_3.2335734468898e-05_3.2335734468898e-05
1016,9586,26-15-9-2-1,7.46209256974569e-06_7.46209256974569e-06_7.46209256974569e-06_7.46209256974569e-06_7.46209256974569e-06
1016,9587,122-16-2-2-1,2.17644366617583e-05_2.17644366617583e-05_2.17644366617583e-05_2.17644366617583e-05_2.17644366617583e-05
1016,9588,17-11-4-2-1,9.94945675966092e-06_9.94945675966092e-06_9.94945675966092e-06_9.94945675966092e-06_9.94945675966092e-06
1016,9589,225-31-9-2-1,6.21841047478808e-06_6.21841047478808e-06_6.21841047478808e-06_6.21841047478808e-06_6.21841047478808e-06
1016,9590,221-35-4-2-1,6.21841047478808e-06_6.21841047478808e-06_6.21841047478808e-06_6.21841047478808e-06_6.21841047478808e-06
1016,9591,167-18-4-2-1,1.05712978071397e-05_1.05712978071397e-05_1.05712978071397e-05_1.05712978071397e-05_1.05712978071397e-05
1016,9592,136-26-4-2-1,9.63853623592152e-05_9.63853623592152e-05_9.63853623592152e-05_9.63853623592152e-05_9.63853623592152e-05
1016,9593,75-1-1-1-1,3.10920523739404e-06_3.10920523739404e-06_3.10920523739404e-06_3.10920523739404e-06_3.10920523739404e-06
1016,9594,4-4-4-2-1,3.29575755163768e-05_3.29575755163768e-05_3.29575755163768e-05_3.29575755163768e-05_3.29575755163768e-05
1016,9595,220-22-8-1-1,8.70577466470331e-06_8.70577466470331e-06_8.70577466470331e-06_8.70577466470331e-06_8.70577466470331e-06
1016,9596,185-41-9-2-1,3.10920523739404e-06_3.10920523739404e-06_3.10920523739404e-06_3.10920523739404e-06_3.10920523739404e-06
1016,9597,172-40-4-2-1,4.97472837983046e-06_4.97472837983046e-06_4.97472837983046e-06_4.97472837983046e-06_4.97472837983046e-06
1016,9598,140-42-12-1-1,0.000103847454928961_0.000103847454928961_0.000103847454928961_0.000103847454928961_0.000103847454928961
1016,9599,177-7-4-2-1,3.73104628487285e-06_3.73104628487285e-06_3.73104628487285e-06_3.73104628487285e-06_3.73104628487285e-06
1016,9600,121-39-11-1-1,4.35288733235165e-06_4.35288733235165e-06_4.35288733235165e-06_4.35288733235165e-06_4.35288733235165e-06
1016,9601,66-29-2-2-1,0.000136183189397859_0.000136183189397859_0.000136183189397859_0.000136183189397859_0.000136183189397859
1016,9602,133-12-8-1-1,9.94945675966092e-06_9.94945675966092e-06_9.94945675966092e-06_9.94945675966092e-06_9.94945675966092e-06
1016,9603,71-29-2-2-1,3.85541449436861e-05_3.85541449436861e-05_3.85541449436861e-05_3.85541449436861e-05_3.85541449436861e-05
1016,9604,191-37-4-2-1,9.94945675966092e-06_9.94945675966092e-06_9.94945675966092e-06_9.94945675966092e-06_9.94945675966092e-06
1016,9605,209-35-4-2-1,1.05712978071397e-05_1.05712978071397e-05_1.05712978071397e-05_1.05712978071397e-05_1.05712978071397e-05
1016,9606,193-40-4-2-1,3.10920523739404e-06_3.10920523739404e-06_3.10920523739404e-06_3.10920523739404e-06_3.10920523739404e-06
1016,9607,197-30-1-1-1,4.04196680861225e-05_4.04196680861225e-05_4.04196680861225e-05_4.04196680861225e-05_4.04196680861225e-05
1016,9608,31-6-6-2-1,0.000413524296573407_0.000413524296573407_0.000413524296573407_0.000413524296573407_0.000413524296573407
1016,9609,114-40-4-2-1,2.42518008516735e-05_2.42518008516735e-05_2.42518008516735e-05_2.42518008516735e-05_2.42518008516735e-05
1016,9610,185-41-9-2-1,4.97472837983046e-06_4.97472837983046e-06_4.97472837983046e-06_4.97472837983046e-06_4.97472837983046e-06
1016,9611,185-41-9-2-1,3.10920523739404e-06_3.10920523739404e-06_3.10920523739404e-06_3.10920523739404e-06_3.10920523739404e-06
1016,9612,8-7-4-2-1,5.59656942730927e-06_5.59656942730927e-06_5.59656942730927e-06_5.59656942730927e-06_5.59656942730927e-06
1016,9613,160-30-1-1-1,7.46209256974569e-06_7.46209256974569e-06_7.46209256974569e-06_7.46209256974569e-06_7.46209256974569e-06
1016,9614,128-7-4-2-1,5.59656942730927e-06_5.59656942730927e-06_5.59656942730927e-06_5.59656942730927e-06_5.59656942730927e-06
1016,9615,186-15-9-2-1,4.97472837983046e-06_4.97472837983046e-06_4.97472837983046e-06_4.97472837983046e-06_4.97472837983046e-06
1016,9616,124-29-2-2-1,0.000203963863573049_0.000203963863573049_0.000203963863573049_0.000203963863573049_0.000203963863573049
1016,9617,98-27-8-1-1,4.97472837983046e-06_4.97472837983046e-06_4.97472837983046e-06_4.97472837983046e-06_4.97472837983046e-06
1016,9618,8-7-4-2-1,3.10920523739404e-06_3.10920523739404e-06_3.10920523739404e-06_3.10920523739404e-06_3.10920523739404e-06
1016,9619,209-35-4-2-1,3.73104628487285e-06_3.73104628487285e-06_3.73104628487285e-06_3.73104628487285e-06_3.73104628487285e-06
1016,9620,51-22-8-1-1,5.59656942730927e-06_5.59656942730927e-06_5.59656942730927e-06_5.59656942730927e-06_5.59656942730927e-06
1016,9621,148-29-2-2-1,2.54954829466311e-05_2.54954829466311e-05_2.54954829466311e-05_2.54954829466311e-05_2.54954829466311e-05
1016,9622,35-20-9-2-1,3.79323038962073e-05_3.79323038962073e-05_3.79323038962073e-05_3.79323038962073e-05_3.79323038962073e-05
1016,9623,37-11-4-2-1,1.11931388546185e-05_1.11931388546185e-05_1.11931388546185e-05_1.11931388546185e-05_1.11931388546185e-05
1016,9624,230-14-4-2-1,9.32761571218212e-06_9.32761571218212e-06_9.32761571218212e-06_9.32761571218212e-06_9.32761571218212e-06
1016,9625,175-20-9-2-1,1.36805030445338e-05_1.36805030445338e-05_1.36805030445338e-05_1.36805030445338e-05_1.36805030445338e-05
1016,9626,4-4-4-2-1,3.73104628487285e-06_3.73104628487285e-06_3.73104628487285e-06_3.73104628487285e-06_3.73104628487285e-06
1016,9627,175-20-9-2-1,2.05207545668007e-05_2.05207545668007e-05_2.05207545668007e-05_2.05207545668007e-05_2.05207545668007e-05
1016,9628,172-40-4-2-1,3.73104628487285e-06_3.73104628487285e-06_3.73104628487285e-06_3.73104628487285e-06_3.73104628487285e-06
1016,9629,112-14-4-2-1,3.73104628487285e-06_3.73104628487285e-06_3.73104628487285e-06_3.73104628487285e-06_3.73104628487285e-06
1016,9630,216-19-9-2-1,1.86552314243642e-06_1.86552314243642e-06_1.86552314243642e-06_1.86552314243642e-06_1.86552314243642e-06
1016,9631,147-11-4-2-1,5.59656942730927e-06_5.59656942730927e-06_5.59656942730927e-06_5.59656942730927e-06_5.59656942730927e-06
1016,9632,144-43-4-2-1,1.24368209495762e-05_1.24368209495762e-05_1.24368209495762e-05_1.24368209495762e-05_1.24368209495762e-05
1016,9634,112-14-4-2-1,3.10920523739404e-06_3.10920523739404e-06_3.10920523739404e-06_3.10920523739404e-06_3.10920523739404e-06
1016,9635,89-13-6-2-1,5.96967405579655e-05_5.96967405579655e-05_5.96967405579655e-05_5.96967405579655e-05_5.96967405579655e-05
1016,9636,89-13-6-2-1,9.14106339793847e-05_9.14106339793847e-05_9.14106339793847e-05_9.14106339793847e-05_9.14106339793847e-05
1016,9637,174-15-9-2-1,3.2335734468898e-05_3.2335734468898e-05_3.2335734468898e-05_3.2335734468898e-05_3.2335734468898e-05
1016,9638,134-29-2-2-1,4.97472837983046e-06_4.97472837983046e-06_4.97472837983046e-06_4.97472837983046e-06_4.97472837983046e-06
1016,9639,114-40-4-2-1,3.10920523739404e-06_3.10920523739404e-06_3.10920523739404e-06_3.10920523739404e-06_3.10920523739404e-06
1016,9640,192-19-9-2-1,4.60162375134318e-05_4.60162375134318e-05_4.60162375134318e-05_4.60162375134318e-05_4.60162375134318e-05
1016,9641,150-30-1-1-1,8.70577466470331e-06_8.70577466470331e-06_8.70577466470331e-06_8.70577466470331e-06_8.70577466470331e-06
1016,9642,196-14-4-2-1,4.97472837983046e-06_4.97472837983046e-06_4.97472837983046e-06_4.97472837983046e-06_4.97472837983046e-06
1016,9643,201-17-10-1-1,9.7007203406694e-05_9.7007203406694e-05_9.7007203406694e-05_9.7007203406694e-05_9.7007203406694e-05
1016,9644,200-15-9-2-1,2.9226529231504e-05_2.9226529231504e-05_2.9226529231504e-05_2.9226529231504e-05_2.9226529231504e-05
1016,9645,200-15-9-2-1,3.73104628487285e-06_3.73104628487285e-06_3.73104628487285e-06_3.73104628487285e-06_3.73104628487285e-06
1016,9646,42-13-6-2-1,6.21841047478808e-05_6.21841047478808e-05_6.21841047478808e-05_6.21841047478808e-05_6.21841047478808e-05
1016,9647,188-14-4-2-1,4.35288733235165e-06_4.35288733235165e-06_4.35288733235165e-06_4.35288733235165e-06_4.35288733235165e-06
1016,9648,200-15-9-2-1,6.21841047478808e-06_6.21841047478808e-06_6.21841047478808e-06_6.21841047478808e-06_6.21841047478808e-06
1016,9649,229-5-5-1-1,2.23862777092371e-05_2.23862777092371e-05_2.23862777092371e-05_2.23862777092371e-05_2.23862777092371e-05
1016,9650,185-41-9-2-1,4.97472837983046e-06_4.97472837983046e-06_4.97472837983046e-06_4.97472837983046e-06_4.97472837983046e-06
1016,9651,98-27-8-1-1,4.97472837983046e-06_4.97472837983046e-06_4.97472837983046e-06_4.97472837983046e-06_4.97472837983046e-06
1016,9652,200-15-9-2-1,4.35288733235165e-06_4.35288733235165e-06_4.35288733235165e-06_4.35288733235165e-06_4.35288733235165e-06
1016,9653,172-40-4-2-1,3.10920523739404e-06_3.10920523739404e-06_3.10920523739404e-06_3.10920523739404e-06_3.10920523739404e-06
1016,9654,185-41-9-2-1,9.32761571218212e-06_9.32761571218212e-06_9.32761571218212e-06_9.32761571218212e-06_9.32761571218212e-06
1016,9655,177-7-4-2-1,1.55460261869702e-05_1.55460261869702e-05_1.55460261869702e-05_1.55460261869702e-05_1.55460261869702e-05
1016,9656,144-43-4-2-1,7.46209256974569e-06_7.46209256974569e-06_7.46209256974569e-06_7.46209256974569e-06_7.46209256974569e-06
1016,9657,200-15-9-2-1,1.80333903768854e-05_1.80333903768854e-05_1.80333903768854e-05_1.80333903768854e-05_1.80333903768854e-05
1016,9658,44-13-6-2-1,9.63853623592152e-05_9.63853623592152e-05_9.63853623592152e-05_9.63853623592152e-05_9.63853623592152e-05
1016,9659,148-29-2-2-1,1.6167867234449e-05_1.6167867234449e-05_1.6167867234449e-05_1.6167867234449e-05_1.6167867234449e-05
1016,9660,44-13-6-2-1,1.9277072471843e-05_1.9277072471843e-05_1.9277072471843e-05_1.9277072471843e-05_1.9277072471843e-05
1016,9661,105-8-3-1-1,0.000159191308154575_0.000159191308154575_0.000159191308154575_0.000159191308154575_0.000159191308154575
1016,9662,204-35-4-2-1,1.24368209495762e-05_1.24368209495762e-05_1.24368209495762e-05_1.24368209495762e-05_1.24368209495762e-05
1016,9663,8-7-4-2-1,5.59656942730927e-06_5.59656942730927e-06_5.59656942730927e-06_5.59656942730927e-06_5.59656942730927e-06
1016,9665,126-29-2-2-1,1.36805030445338e-05_1.36805030445338e-05_1.36805030445338e-05_1.36805030445338e-05_1.36805030445338e-05
1016,9666,122-16-2-2-1,3.10920523739404e-06_3.10920523739404e-06_3.10920523739404e-06_3.10920523739404e-06_3.10920523739404e-06
1016,9667,151-19-9-2-1,1.74115493294066e-05_1.74115493294066e-05_1.74115493294066e-05_1.74115493294066e-05_1.74115493294066e-05
1016,9668,161-36-10-1-1,5.59656942730927e-06_5.59656942730927e-06_5.59656942730927e-06_5.59656942730927e-06_5.59656942730927e-06
1016,9669,98-27-8-1-1,9.94945675966092e-06_9.94945675966092e-06_9.94945675966092e-06_9.94945675966092e-06_9.94945675966092e-06
1016,9670,112-14-4-2-1,1.49241851394914e-05_1.49241851394914e-05_1.49241851394914e-05_1.49241851394914e-05_1.49241851394914e-05
1016,9672,7-4-4-2-1,3.73104628487285e-06_3.73104628487285e-06_3.73104628487285e-06_3.73104628487285e-06_3.73104628487285e-06
1016,9673,156-37-4-2-1,1.43023440920126e-05_1.43023440920126e-05_1.43023440920126e-05_1.43023440920126e-05_1.43023440920126e-05
1016,9674,120-16-2-2-1,6.71588331277112e-05_6.71588331277112e-05_6.71588331277112e-05_6.71588331277112e-05_6.71588331277112e-05
1016,9675,175-20-9-2-1,9.32761571218212e-06_9.32761571218212e-06_9.32761571218212e-06_9.32761571218212e-06_9.32761571218212e-06
1016,9676,74-31-9-2-1,3.10920523739404e-06_3.10920523739404e-06_3.10920523739404e-06_3.10920523739404e-06_3.10920523739404e-06
1016,9677,150-30-1-1-1,6.40496278903172e-05_6.40496278903172e-05_6.40496278903172e-05_6.40496278903172e-05_6.40496278903172e-05
1016,9678,180-40-4-2-1,3.10920523739404e-06_3.10920523739404e-06_3.10920523739404e-06_3.10920523739404e-06_3.10920523739404e-06
1016,9679,122-16-2-2-1,1.24368209495762e-05_1.24368209495762e-05_1.24368209495762e-05_1.24368209495762e-05_1.24368209495762e-05
1016,9680,185-41-9-2-1,6.84025152226688e-06_6.84025152226688e-06_6.84025152226688e-06_6.84025152226688e-06_6.84025152226688e-06
1016,9681,185-41-9-2-1,1.3058661997055e-05_1.3058661997055e-05_1.3058661997055e-05_1.3058661997055e-05_1.3058661997055e-05
1016,9682,185-41-9-2-1,4.35288733235165e-06_4.35288733235165e-06_4.35288733235165e-06_4.35288733235165e-06_4.35288733235165e-06
1016,9683,172-40-4-2-1,3.73104628487285e-06_3.73104628487285e-06_3.73104628487285e-06_3.73104628487285e-06_3.73104628487285e-06
1016,9684,133-12-8-1-1,1.05712978071397e-05_1.05712978071397e-05_1.05712978071397e-05_1.05712978071397e-05_1.05712978071397e-05
1016,9685,172-40-4-2-1,3.73104628487285e-06_3.73104628487285e-06_3.73104628487285e-06_3.73104628487285e-06_3.73104628487285e-06
1016,9686,193-40-4-2-1,3.10920523739404e-06_3.10920523739404e-06_3.10920523739404e-06_3.10920523739404e-06_3.10920523739404e-06
1016,9687,32-18-4-2-1,4.97472837983046e-06_4.97472837983046e-06_4.97472837983046e-06_4.97472837983046e-06_4.97472837983046e-06
1016,9688,228-17-10-1-1,6.84025152226688e-06_6.84025152226688e-06_6.84025152226688e-06_6.84025152226688e-06_6.84025152226688e-06
1016,9689,8-7-4-2-1,7.46209256974569e-06_7.46209256974569e-06_7.46209256974569e-06_7.46209256974569e-06_7.46209256974569e-06
1016,9690,161-36-10-1-1,4.97472837983046e-06_4.97472837983046e-06_4.97472837983046e-06_4.97472837983046e-06_4.97472837983046e-06
1016,9691,7-4-4-2-1,3.73104628487285e-06_3.73104628487285e-06_3.73104628487285e-06_3.73104628487285e-06_3.73104628487285e-06
1016,9692,196-14-4-2-1,9.94945675966092e-06_9.94945675966092e-06_9.94945675966092e-06_9.94945675966092e-06_9.94945675966092e-06
1016,9693,98-27-8-1-1,4.97472837983046e-06_4.97472837983046e-06_4.97472837983046e-06_4.97472837983046e-06_4.97472837983046e-06
1016,9694,172-40-4-2-1,3.10920523739404e-06_3.10920523739404e-06_3.10920523739404e-06_3.10920523739404e-06_3.10920523739404e-06
1016,9695,3-3-3-1-1,0.000158569467107096_0.000158569467107096_0.000158569467107096_0.000158569467107096_0.000158569467107096
1016,9696,83-33-5-1-1,0.000133695825207944_0.000133695825207944_0.000133695825207944_0.000133695825207944_0.000133695825207944
1016,9698,224-39-11-1-1,0.000125611891590719_0.000125611891590719_0.000125611891590719_0.000125611891590719_0.000125611891590719
1016,9699,49-22-8-1-1,7.46209256974569e-06_7.46209256974569e-06_7.46209256974569e-06_7.46209256974569e-06_7.46209256974569e-06
1016,9700,205-12-8-1-1,4.35288733235165e-06_4.35288733235165e-06_4.35288733235165e-06_4.35288733235165e-06_4.35288733235165e-06
1016,9701,185-41-9-2-1,4.35288733235165e-06_4.35288733235165e-06_4.35288733235165e-06_4.35288733235165e-06_4.35288733235165e-06
1016,9702,118-36-10-1-1,4.35288733235165e-06_4.35288733235165e-06_4.35288733235165e-06_4.35288733235165e-06_4.35288733235165e-06
1016,9703,177-7-4-2-1,6.84025152226688e-06_6.84025152226688e-06_6.84025152226688e-06_6.84025152226688e-06_6.84025152226688e-06
1016,9704,17-11-4-2-1,4.35288733235165e-06_4.35288733235165e-06_4.35288733235165e-06_4.35288733235165e-06_4.35288733235165e-06
1016,9705,180-40-4-2-1,4.97472837983046e-06_4.97472837983046e-06_4.97472837983046e-06_4.97472837983046e-06_4.97472837983046e-06
1016,9706,179-26-4-2-1,3.73104628487285e-06_3.73104628487285e-06_3.73104628487285e-06_3.73104628487285e-06_3.73104628487285e-06
1016,9707,166-18-4-2-1,6.84025152226688e-06_6.84025152226688e-06_6.84025152226688e-06_6.84025152226688e-06_6.84025152226688e-06
1016,9708,47-22-8-1-1,4.35288733235165e-06_4.35288733235165e-06_4.35288733235165e-06_4.35288733235165e-06_4.35288733235165e-06
1016,9709,32-18-4-2-1,3.73104628487285e-06_3.73104628487285e-06_3.73104628487285e-06_3.73104628487285e-06_3.73104628487285e-06
1016,9710,227-41-9-2-1,4.66380785609106e-05_4.66380785609106e-05_4.66380785609106e-05_4.66380785609106e-05_4.66380785609106e-05
1016,9711,134-29-2-2-1,6.84025152226688e-06_6.84025152226688e-06_6.84025152226688e-06_6.84025152226688e-06_6.84025152226688e-06
1016,9712,37-11-4-2-1,3.10920523739404e-06_3.10920523739404e-06_3.10920523739404e-06_3.10920523739404e-06_3.10920523739404e-06
1016,9713,227-41-9-2-1,4.35288733235165e-06_4.35288733235165e-06_4.35288733235165e-06_4.35288733235165e-06_4.35288733235165e-06
1016,9714,4-4-4-2-1,1.05712978071397e-05_1.05712978071397e-05_1.05712978071397e-05_1.05712978071397e-05_1.05712978071397e-05
1016,9715,126-29-2-2-1,8.70577466470331e-06_8.70577466470331e-06_8.70577466470331e-06_8.70577466470331e-06_8.70577466470331e-06
1016,9716,128-7-4-2-1,0.000103847454928961_0.000103847454928961_0.000103847454928961_0.000103847454928961_0.000103847454928961
1016,9717,128-7-4-2-1,8.70577466470331e-06_8.70577466470331e-06_8.70577466470331e-06_8.70577466470331e-06_8.70577466470331e-06
1016,9718,185-41-9-2-1,3.10920523739404e-06_3.10920523739404e-06_3.10920523739404e-06_3.10920523739404e-06_3.10920523739404e-06
1016,9719,199-19-9-2-1,4.97472837983046e-06_4.97472837983046e-06_4.97472837983046e-06_4.97472837983046e-06_4.97472837983046e-06
1016,9720,34-19-9-2-1,1.67897082819278e-05_1.67897082819278e-05_1.67897082819278e-05_1.67897082819278e-05_1.67897082819278e-05
1016,9721,11-4-4-2-1,6.84025152226688e-06_6.84025152226688e-06_6.84025152226688e-06_6.84025152226688e-06_6.84025152226688e-06
1016,9722,4-4-4-2-1,8.70577466470331e-06_8.70577466470331e-06_8.70577466470331e-06_8.70577466470331e-06_8.70577466470331e-06
1016,9723,118-36-10-1-1,4.97472837983046e-06_4.97472837983046e-06_4.97472837983046e-06_4.97472837983046e-06_4.97472837983046e-06
1016,9724,91-33-5-1-1,5.59656942730927e-06_5.59656942730927e-06_5.59656942730927e-06_5.59656942730927e-06_5.59656942730927e-06
1016,9726,201-17-10-1-1,3.29575755163768e-05_3.29575755163768e-05_3.29575755163768e-05_3.29575755163768e-05_3.29575755163768e-05
1016,9727,47-22-8-1-1,6.84025152226688e-06_6.84025152226688e-06_6.84025152226688e-06_6.84025152226688e-06_6.84025152226688e-06
1016,9728,1-1-1-1-1,3.2335734468898e-05_3.2335734468898e-05_3.2335734468898e-05_3.2335734468898e-05_3.2335734468898e-05
1016,9729,185-41-9-2-1,3.73104628487285e-06_3.73104628487285e-06_3.73104628487285e-06_3.73104628487285e-06_3.73104628487285e-06
1016,9730,77-28-5-1-1,0.000355071238110399_0.000355071238110399_0.000355071238110399_0.000355071238110399_0.000355071238110399
1016,9731,221-35-4-2-1,4.35288733235165e-06_4.35288733235165e-06_4.35288733235165e-06_4.35288733235165e-06_4.35288733235165e-06
1016,9732,77-28-5-1-1,3.10920523739404e-06_3.10920523739404e-06_3.10920523739404e-06_3.10920523739404e-06_3.10920523739404e-06
1016,9733,174-15-9-2-1,3.10920523739404e-06_3.10920523739404e-06_3.10920523739404e-06_3.10920523739404e-06_3.10920523739404e-06
1016,9734,12-3-3-1-1,0.00119082560592192_0.00119082560592192_0.00119082560592192_0.00119082560592192_0.00119082560592192
1016,9735,16-10-2-2-1,0.000177846539578939_0.000177846539578939_0.000177846539578939_0.000177846539578939_0.000177846539578939
1016,9736,16-10-2-2-1,0.000424717435428026_0.000424717435428026_0.000424717435428026_0.000424717435428026_0.000424717435428026
1016,9737,57-7-4-2-1,9.94945675966092e-06_9.94945675966092e-06_9.94945675966092e-06_9.94945675966092e-06_9.94945675966092e-06
1016,9738,15-8-3-1-1,0.000749318462211963_0.000749318462211963_0.000749318462211963_0.000749318462211963_0.000749318462211963
1016,9739,96-13-6-2-1,1.36805030445338e-05_1.36805030445338e-05_1.36805030445338e-05_1.36805030445338e-05_1.36805030445338e-05
1016,9740,65-1-1-1-1,1.6167867234449e-05_1.6167867234449e-05_1.6167867234449e-05_1.6167867234449e-05_1.6167867234449e-05
1016,9741,109-28-5-1-1,1.36805030445338e-05_1.36805030445338e-05_1.36805030445338e-05_1.36805030445338e-05_1.36805030445338e-05
1016,9742,45-5-5-1-1,2.73610060890675e-05_2.73610060890675e-05_2.73610060890675e-05_2.73610060890675e-05_2.73610060890675e-05
1016,9743,158-2-2-2-1,7.33772436024993e-05_7.33772436024993e-05_7.33772436024993e-05_7.33772436024993e-05_7.33772436024993e-05
1016,9744,1-1-1-1-1,2.36299598041947e-05_2.36299598041947e-05_2.36299598041947e-05_2.36299598041947e-05_2.36299598041947e-05
1016,9745,57-7-4-2-1,3.73104628487285e-06_3.73104628487285e-06_3.73104628487285e-06_3.73104628487285e-06_3.73104628487285e-06
1016,9746,75-1-1-1-1,5.53438532256139e-05_5.53438532256139e-05_5.53438532256139e-05_5.53438532256139e-05_5.53438532256139e-05
1016,9747,45-5-5-1-1,3.73104628487285e-06_3.73104628487285e-06_3.73104628487285e-06_3.73104628487285e-06_3.73104628487285e-06
1016,9749,185-41-9-2-1,4.35288733235165e-06_4.35288733235165e-06_4.35288733235165e-06_4.35288733235165e-06_4.35288733235165e-06
1016,9750,6-6-6-2-1,8.64359055995543e-05_8.64359055995543e-05_8.64359055995543e-05_8.64359055995543e-05_8.64359055995543e-05
1016,9751,112-14-4-2-1,7.46209256974569e-06_7.46209256974569e-06_7.46209256974569e-06_7.46209256974569e-06_7.46209256974569e-06
1016,9752,148-29-2-2-1,3.48230986588132e-05_3.48230986588132e-05_3.48230986588132e-05_3.48230986588132e-05_3.48230986588132e-05
1016,9753,125-30-1-1-1,0.000172871811199109_0.000172871811199109_0.000172871811199109_0.000172871811199109_0.000172871811199109
1016,9754,147-11-4-2-1,6.21841047478808e-06_6.21841047478808e-06_6.21841047478808e-06_6.21841047478808e-06_6.21841047478808e-06
1016,9755,172-40-4-2-1,4.35288733235165e-06_4.35288733235165e-06_4.35288733235165e-06_4.35288733235165e-06_4.35288733235165e-06
1016,9756,191-37-4-2-1,3.73104628487285e-06_3.73104628487285e-06_3.73104628487285e-06_3.73104628487285e-06_3.73104628487285e-06
1016,9757,185-41-9-2-1,4.35288733235165e-06_4.35288733235165e-06_4.35288733235165e-06_4.35288733235165e-06_4.35288733235165e-06
1016,9758,175-20-9-2-1,3.10920523739404e-06_3.10920523739404e-06_3.10920523739404e-06_3.10920523739404e-06_3.10920523739404e-06
1016,9759,185-41-9-2-1,4.97472837983046e-06_4.97472837983046e-06_4.97472837983046e-06_4.97472837983046e-06_4.97472837983046e-06
1016,9760,175-20-9-2-1,3.73104628487285e-06_3.73104628487285e-06_3.73104628487285e-06_3.73104628487285e-06_3.73104628487285e-06
1016,9761,49-22-8-1-1,7.46209256974569e-06_7.46209256974569e-06_7.46209256974569e-06_7.46209256974569e-06_7.46209256974569e-06
1016,9762,114-40-4-2-1,6.21841047478808e-06_6.21841047478808e-06_6.21841047478808e-06_6.21841047478808e-06_6.21841047478808e-06
1016,9763,91-33-5-1-1,1.67897082819278e-05_1.67897082819278e-05_1.67897082819278e-05_1.67897082819278e-05_1.67897082819278e-05
1016,9764,114-40-4-2-1,2.17644366617583e-05_2.17644366617583e-05_2.17644366617583e-05_2.17644366617583e-05_2.17644366617583e-05
1016,9765,167-18-4-2-1,1.74115493294066e-05_1.74115493294066e-05_1.74115493294066e-05_1.74115493294066e-05_1.74115493294066e-05
1016,9766,78-3-3-1-1,3.85541449436861e-05_3.85541449436861e-05_3.85541449436861e-05_3.85541449436861e-05_3.85541449436861e-05
1016,9767,158-2-2-2-1,8.27048593146814e-05_8.27048593146814e-05_8.27048593146814e-05_8.27048593146814e-05_8.27048593146814e-05
1016,9768,40-23-8-1-1,4.97472837983046e-06_4.97472837983046e-06_4.97472837983046e-06_4.97472837983046e-06_4.97472837983046e-06
1016,9769,44-13-6-2-1,4.60162375134318e-05_4.60162375134318e-05_4.60162375134318e-05_4.60162375134318e-05_4.60162375134318e-05
1016,9770,225-31-9-2-1,8.70577466470331e-06_8.70577466470331e-06_8.70577466470331e-06_8.70577466470331e-06_8.70577466470331e-06
1016,9771,128-7-4-2-1,3.10920523739404e-06_3.10920523739404e-06_3.10920523739404e-06_3.10920523739404e-06_3.10920523739404e-06
1016,9772,212-41-9-2-1,2.54954829466311e-05_2.54954829466311e-05_2.54954829466311e-05_2.54954829466311e-05_2.54954829466311e-05
1016,9773,212-41-9-2-1,1.49241851394914e-05_1.49241851394914e-05_1.49241851394914e-05_1.49241851394914e-05_1.49241851394914e-05
1016,9774,133-12-8-1-1,1.3058661997055e-05_1.3058661997055e-05_1.3058661997055e-05_1.3058661997055e-05_1.3058661997055e-05
1016,9775,185-41-9-2-1,8.0839336172245e-06_8.0839336172245e-06_8.0839336172245e-06_8.0839336172245e-06_8.0839336172245e-06
1016,9776,221-35-4-2-1,6.21841047478808e-06_6.21841047478808e-06_6.21841047478808e-06_6.21841047478808e-06_6.21841047478808e-06
1016,9777,185-41-9-2-1,3.73104628487285e-06_3.73104628487285e-06_3.73104628487285e-06_3.73104628487285e-06_3.73104628487285e-06
1016,9778,98-27-8-1-1,4.29070322760377e-05_4.29070322760377e-05_4.29070322760377e-05_4.29070322760377e-05_4.29070322760377e-05
1016,9779,180-40-4-2-1,8.0839336172245e-06_8.0839336172245e-06_8.0839336172245e-06_8.0839336172245e-06_8.0839336172245e-06
1016,9780,122-16-2-2-1,6.84025152226688e-06_6.84025152226688e-06_6.84025152226688e-06_6.84025152226688e-06_6.84025152226688e-06
1016,9781,159-4-4-2-1,3.10920523739404e-06_3.10920523739404e-06_3.10920523739404e-06_3.10920523739404e-06_3.10920523739404e-06
1016,9782,158-2-2-2-1,0.000141157917777689_0.000141157917777689_0.000141157917777689_0.000141157917777689_0.000141157917777689
1016,9783,142-42-12-1-1,6.84025152226688e-06_6.84025152226688e-06_6.84025152226688e-06_6.84025152226688e-06_6.84025152226688e-06
1016,9784,142-42-12-1-1,3.10920523739404e-06_3.10920523739404e-06_3.10920523739404e-06_3.10920523739404e-06_3.10920523739404e-06
1016,9785,58-13-6-2-1,0.000154216579774744_0.000154216579774744_0.000154216579774744_0.000154216579774744_0.000154216579774744
1016,9786,137-26-4-2-1,1.74115493294066e-05_1.74115493294066e-05_1.74115493294066e-05_1.74115493294066e-05_1.74115493294066e-05
1016,9787,59-5-5-1-1,5.28564890356987e-05_5.28564890356987e-05_5.28564890356987e-05_5.28564890356987e-05_5.28564890356987e-05
1016,9788,4-4-4-2-1,1.11931388546185e-05_1.11931388546185e-05_1.11931388546185e-05_1.11931388546185e-05_1.11931388546185e-05
1016,9789,172-40-4-2-1,4.35288733235165e-06_4.35288733235165e-06_4.35288733235165e-06_4.35288733235165e-06_4.35288733235165e-06
1016,9790,220-22-8-1-1,3.73104628487285e-06_3.73104628487285e-06_3.73104628487285e-06_3.73104628487285e-06_3.73104628487285e-06
1016,9791,213-15-9-2-1,3.73104628487285e-06_3.73104628487285e-06_3.73104628487285e-06_3.73104628487285e-06_3.73104628487285e-06
1016,9792,172-40-4-2-1,4.97472837983046e-06_4.97472837983046e-06_4.97472837983046e-06_4.97472837983046e-06_4.97472837983046e-06
1016,9793,142-42-12-1-1,3.10920523739404e-06_3.10920523739404e-06_3.10920523739404e-06_3.10920523739404e-06_3.10920523739404e-06
1016,9794,142-42-12-1-1,3.10920523739404e-06_3.10920523739404e-06_3.10920523739404e-06_3.10920523739404e-06_3.10920523739404e-06
1016,9795,227-41-9-2-1,4.35288733235165e-06_4.35288733235165e-06_4.35288733235165e-06_4.35288733235165e-06_4.35288733235165e-06
1016,9796,47-22-8-1-1,1.36805030445338e-05_1.36805030445338e-05_1.36805030445338e-05_1.36805030445338e-05_1.36805030445338e-05
1016,9797,194-31-9-2-1,3.10920523739404e-06_3.10920523739404e-06_3.10920523739404e-06_3.10920523739404e-06_3.10920523739404e-06
1016,9798,47-22-8-1-1,3.10920523739404e-06_3.10920523739404e-06_3.10920523739404e-06_3.10920523739404e-06_3.10920523739404e-06
1016,9799,220-22-8-1-1,3.73104628487285e-06_3.73104628487285e-06_3.73104628487285e-06_3.73104628487285e-06_3.73104628487285e-06
1016,9800,185-41-9-2-1,3.73104628487285e-06_3.73104628487285e-06_3.73104628487285e-06_3.73104628487285e-06_3.73104628487285e-06
1016,9801,142-42-12-1-1,3.10920523739404e-06_3.10920523739404e-06_3.10920523739404e-06_3.10920523739404e-06_3.10920523739404e-06
1016,9802,131-13-6-2-1,0.00010446929597644_0.00010446929597644_0.00010446929597644_0.00010446929597644_0.00010446929597644
1016,9803,236-42-12-1-1,4.35288733235165e-06_4.35288733235165e-06_4.35288733235165e-06_4.35288733235165e-06_4.35288733235165e-06
1016,9804,227-41-9-2-1,8.70577466470331e-06_8.70577466470331e-06_8.70577466470331e-06_8.70577466470331e-06_8.70577466470331e-06
1016,9805,225-31-9-2-1,8.3948541409639e-05_8.3948541409639e-05_8.3948541409639e-05_8.3948541409639e-05_8.3948541409639e-05
1016,9806,185-41-9-2-1,2.48736418991523e-06_2.48736418991523e-06_2.48736418991523e-06_2.48736418991523e-06_2.48736418991523e-06
1016,9807,57-7-4-2-1,6.21841047478808e-06_6.21841047478808e-06_6.21841047478808e-06_6.21841047478808e-06_6.21841047478808e-06
1016,9808,194-31-9-2-1,9.32761571218212e-06_9.32761571218212e-06_9.32761571218212e-06_9.32761571218212e-06_9.32761571218212e-06
1016,9809,31-6-6-2-1,0.000225106459187328_0.000225106459187328_0.000225106459187328_0.000225106459187328_0.000225106459187328
1016,9810,44-13-6-2-1,8.0839336172245e-06_8.0839336172245e-06_8.0839336172245e-06_8.0839336172245e-06_8.0839336172245e-06
1016,9811,17-11-4-2-1,6.21841047478808e-06_6.21841047478808e-06_6.21841047478808e-06_6.21841047478808e-06_6.21841047478808e-06
1016,9812,218-7-4-2-1,1.18149799020973e-05_1.18149799020973e-05_1.18149799020973e-05_1.18149799020973e-05_1.18149799020973e-05
1016,9813,185-41-9-2-1,2.73610060890675e-05_2.73610060890675e-05_2.73610060890675e-05_2.73610060890675e-05_2.73610060890675e-05
1016,9814,8-7-4-2-1,3.10920523739404e-06_3.10920523739404e-06_3.10920523739404e-06_3.10920523739404e-06_3.10920523739404e-06
1016,9815,194-31-9-2-1,8.27048593146814e-05_8.27048593146814e-05_8.27048593146814e-05_8.27048593146814e-05_8.27048593146814e-05
1016,9816,214-26-4-2-1,5.59656942730927e-06_5.59656942730927e-06_5.59656942730927e-06_5.59656942730927e-06_5.59656942730927e-06
1016,9817,163-43-4-2-1,0.000256820352608748_0.000256820352608748_0.000256820352608748_0.000256820352608748_0.000256820352608748
1016,9818,216-19-9-2-1,6.21841047478808e-06_6.21841047478808e-06_6.21841047478808e-06_6.21841047478808e-06_6.21841047478808e-06
1016,9819,216-19-9-2-1,9.94945675966092e-06_9.94945675966092e-06_9.94945675966092e-06_9.94945675966092e-06_9.94945675966092e-06
1016,9820,203-11-4-2-1,3.10920523739404e-06_3.10920523739404e-06_3.10920523739404e-06_3.10920523739404e-06_3.10920523739404e-06
1016,9821,183-23-8-1-1,4.35288733235165e-06_4.35288733235165e-06_4.35288733235165e-06_4.35288733235165e-06_4.35288733235165e-06
1016,9822,180-40-4-2-1,4.97472837983046e-06_4.97472837983046e-06_4.97472837983046e-06_4.97472837983046e-06_4.97472837983046e-06
1016,9823,139-43-4-2-1,0.000228837505472201_0.000228837505472201_0.000228837505472201_0.000228837505472201_0.000228837505472201
1016,9824,167-18-4-2-1,8.0839336172245e-06_8.0839336172245e-06_8.0839336172245e-06_8.0839336172245e-06_8.0839336172245e-06
1016,9825,179-26-4-2-1,1.24368209495762e-05_1.24368209495762e-05_1.24368209495762e-05_1.24368209495762e-05_1.24368209495762e-05
1016,9826,121-39-11-1-1,3.10920523739404e-06_3.10920523739404e-06_3.10920523739404e-06_3.10920523739404e-06_3.10920523739404e-06
1016,9827,138-23-8-1-1,3.10920523739404e-06_3.10920523739404e-06_3.10920523739404e-06_3.10920523739404e-06_3.10920523739404e-06
1016,9828,160-30-1-1-1,3.10920523739404e-06_3.10920523739404e-06_3.10920523739404e-06_3.10920523739404e-06_3.10920523739404e-06
1016,9829,141-42-12-1-1,6.84025152226688e-06_6.84025152226688e-06_6.84025152226688e-06_6.84025152226688e-06_6.84025152226688e-06
1016,9830,147-11-4-2-1,2.86046881840252e-05_2.86046881840252e-05_2.86046881840252e-05_2.86046881840252e-05_2.86046881840252e-05
1016,9831,147-11-4-2-1,2.61173239941099e-05_2.61173239941099e-05_2.61173239941099e-05_2.61173239941099e-05_2.61173239941099e-05
1016,9832,8-7-4-2-1,3.73104628487285e-06_3.73104628487285e-06_3.73104628487285e-06_3.73104628487285e-06_3.73104628487285e-06
1016,9833,147-11-4-2-1,6.28059457953596e-05_6.28059457953596e-05_6.28059457953596e-05_6.28059457953596e-05_6.28059457953596e-05
1016,9834,179-26-4-2-1,9.94945675966092e-06_9.94945675966092e-06_9.94945675966092e-06_9.94945675966092e-06_9.94945675966092e-06
1016,9835,8-7-4-2-1,4.35288733235165e-06_4.35288733235165e-06_4.35288733235165e-06_4.35288733235165e-06_4.35288733235165e-06
1016,9836,227-41-9-2-1,3.10920523739404e-06_3.10920523739404e-06_3.10920523739404e-06_3.10920523739404e-06_3.10920523739404e-06
1016,9837,45-5-5-1-1,2.30081187567159e-05_2.30081187567159e-05_2.30081187567159e-05_2.30081187567159e-05_2.30081187567159e-05
1016,9838,45-5-5-1-1,1.49241851394914e-05_1.49241851394914e-05_1.49241851394914e-05_1.49241851394914e-05_1.49241851394914e-05
1016,9839,11-4-4-2-1,9.32761571218212e-06_9.32761571218212e-06_9.32761571218212e-06_9.32761571218212e-06_9.32761571218212e-06
1016,9840,198-17-10-1-1,3.5444939706292e-05_3.5444939706292e-05_3.5444939706292e-05_3.5444939706292e-05_3.5444939706292e-05
1016,9841,69-29-2-2-1,0.000115662434831058_0.000115662434831058_0.000115662434831058_0.000115662434831058_0.000115662434831058
1016,9842,126-29-2-2-1,3.73104628487285e-05_3.73104628487285e-05_3.73104628487285e-05_3.73104628487285e-05_3.73104628487285e-05
1016,9843,133-12-8-1-1,1.43023440920126e-05_1.43023440920126e-05_1.43023440920126e-05_1.43023440920126e-05_1.43023440920126e-05
1016,9844,75-1-1-1-1,1.49241851394914e-05_1.49241851394914e-05_1.49241851394914e-05_1.49241851394914e-05_1.49241851394914e-05
1016,9845,175-20-9-2-1,6.84025152226688e-06_6.84025152226688e-06_6.84025152226688e-06_6.84025152226688e-06_6.84025152226688e-06
1016,9847,8-7-4-2-1,4.97472837983046e-06_4.97472837983046e-06_4.97472837983046e-06_4.97472837983046e-06_4.97472837983046e-06
1016,9848,55-22-8-1-1,4.35288733235165e-06_4.35288733235165e-06_4.35288733235165e-06_4.35288733235165e-06_4.35288733235165e-06
1016,9849,172-40-4-2-1,4.97472837983046e-06_4.97472837983046e-06_4.97472837983046e-06_4.97472837983046e-06_4.97472837983046e-06
1016,9850,44-13-6-2-1,1.11931388546185e-05_1.11931388546185e-05_1.11931388546185e-05_1.11931388546185e-05_1.11931388546185e-05
1016,9851,193-40-4-2-1,5.59656942730927e-06_5.59656942730927e-06_5.59656942730927e-06_5.59656942730927e-06_5.59656942730927e-06
1016,9852,151-19-9-2-1,1.55460261869702e-05_1.55460261869702e-05_1.55460261869702e-05_1.55460261869702e-05_1.55460261869702e-05
1016,9853,76-4-4-2-1,6.21841047478808e-06_6.21841047478808e-06_6.21841047478808e-06_6.21841047478808e-06_6.21841047478808e-06
1016,9854,185-41-9-2-1,3.73104628487285e-06_3.73104628487285e-06_3.73104628487285e-06_3.73104628487285e-06_3.73104628487285e-06
1016,9855,148-29-2-2-1,2.30081187567159e-05_2.30081187567159e-05_2.30081187567159e-05_2.30081187567159e-05_2.30081187567159e-05
1016,9856,66-29-2-2-1,6.84025152226688e-06_6.84025152226688e-06_6.84025152226688e-06_6.84025152226688e-06_6.84025152226688e-06
1016,9857,134-29-2-2-1,3.04702113264616e-05_3.04702113264616e-05_3.04702113264616e-05_3.04702113264616e-05_3.04702113264616e-05
1016,9858,148-29-2-2-1,8.70577466470331e-06_8.70577466470331e-06_8.70577466470331e-06_8.70577466470331e-06_8.70577466470331e-06
1016,9859,205-12-8-1-1,4.35288733235165e-06_4.35288733235165e-06_4.35288733235165e-06_4.35288733235165e-06_4.35288733235165e-06
1016,9860,179-26-4-2-1,9.94945675966092e-06_9.94945675966092e-06_9.94945675966092e-06_9.94945675966092e-06_9.94945675966092e-06
1016,9861,166-18-4-2-1,6.21841047478808e-06_6.21841047478808e-06_6.21841047478808e-06_6.21841047478808e-06_6.21841047478808e-06
1016,9862,34-19-9-2-1,8.70577466470331e-06_8.70577466470331e-06_8.70577466470331e-06_8.70577466470331e-06_8.70577466470331e-06
1016,9863,185-41-9-2-1,4.35288733235165e-06_4.35288733235165e-06_4.35288733235165e-06_4.35288733235165e-06_4.35288733235165e-06
1016,9864,163-43-4-2-1,3.73104628487285e-06_3.73104628487285e-06_3.73104628487285e-06_3.73104628487285e-06_3.73104628487285e-06
1016,9865,172-40-4-2-1,3.73104628487285e-06_3.73104628487285e-06_3.73104628487285e-06_3.73104628487285e-06_3.73104628487285e-06
1016,9866,11-4-4-2-1,1.98989135193218e-05_1.98989135193218e-05_1.98989135193218e-05_1.98989135193218e-05_1.98989135193218e-05
1016,9867,71-29-2-2-1,1.86552314243642e-05_1.86552314243642e-05_1.86552314243642e-05_1.86552314243642e-05_1.86552314243642e-05
1016,9868,10-3-3-1-1,5.59656942730927e-05_5.59656942730927e-05_5.59656942730927e-05_5.59656942730927e-05_5.59656942730927e-05
1016,9869,216-19-9-2-1,1.18149799020973e-05_1.18149799020973e-05_1.18149799020973e-05_1.18149799020973e-05_1.18149799020973e-05
1016,9870,153-18-4-2-1,4.97472837983046e-06_4.97472837983046e-06_4.97472837983046e-06_4.97472837983046e-06_4.97472837983046e-06
1016,9871,70-27-8-1-1,6.21841047478808e-06_6.21841047478808e-06_6.21841047478808e-06_6.21841047478808e-06_6.21841047478808e-06
1016,9872,205-12-8-1-1,6.21841047478808e-06_6.21841047478808e-06_6.21841047478808e-06_6.21841047478808e-06_6.21841047478808e-06
1016,9873,126-29-2-2-1,1.80333903768854e-05_1.80333903768854e-05_1.80333903768854e-05_1.80333903768854e-05_1.80333903768854e-05
1016,9874,7-4-4-2-1,5.59656942730927e-06_5.59656942730927e-06_5.59656942730927e-06_5.59656942730927e-06_5.59656942730927e-06
1016,9875,36-6-6-2-1,0.000163544195486926_0.000163544195486926_0.000163544195486926_0.000163544195486926_0.000163544195486926
1016,9876,74-31-9-2-1,4.35288733235165e-06_4.35288733235165e-06_4.35288733235165e-06_4.35288733235165e-06_4.35288733235165e-06
1016,9877,174-15-9-2-1,8.70577466470331e-06_8.70577466470331e-06_8.70577466470331e-06_8.70577466470331e-06_8.70577466470331e-06
1016,9878,180-40-4-2-1,2.30081187567159e-05_2.30081187567159e-05_2.30081187567159e-05_2.30081187567159e-05_2.30081187567159e-05
1016,9879,36-6-6-2-1,5.1612806940741e-05_5.1612806940741e-05_5.1612806940741e-05_5.1612806940741e-05_5.1612806940741e-05
1016,9880,172-40-4-2-1,3.73104628487285e-06_3.73104628487285e-06_3.73104628487285e-06_3.73104628487285e-06_3.73104628487285e-06
1016,9881,98-27-8-1-1,1.74115493294066e-05_1.74115493294066e-05_1.74115493294066e-05_1.74115493294066e-05_1.74115493294066e-05
1016,9882,167-18-4-2-1,4.97472837983046e-06_4.97472837983046e-06_4.97472837983046e-06_4.97472837983046e-06_4.97472837983046e-06
1016,9883,134-29-2-2-1,6.21841047478808e-06_6.21841047478808e-06_6.21841047478808e-06_6.21841047478808e-06_6.21841047478808e-06
1016,9884,138-23-8-1-1,3.73104628487285e-06_3.73104628487285e-06_3.73104628487285e-06_3.73104628487285e-06_3.73104628487285e-06
1016,9885,213-15-9-2-1,3.73104628487285e-06_3.73104628487285e-06_3.73104628487285e-06_3.73104628487285e-06_3.73104628487285e-06
1016,9886,80-11-4-2-1,0.000113175070641143_0.000113175070641143_0.000113175070641143_0.000113175070641143_0.000113175070641143
1016,9887,98-27-8-1-1,2.98483702789828e-05_2.98483702789828e-05_2.98483702789828e-05_2.98483702789828e-05_2.98483702789828e-05
1016,9888,229-5-5-1-1,3.48230986588132e-05_3.48230986588132e-05_3.48230986588132e-05_3.48230986588132e-05_3.48230986588132e-05
1016,9889,234-24-7-1-1,7.39990846499781e-05_7.39990846499781e-05_7.39990846499781e-05_7.39990846499781e-05_7.39990846499781e-05
1016,9890,112-14-4-2-1,3.10920523739404e-06_3.10920523739404e-06_3.10920523739404e-06_3.10920523739404e-06_3.10920523739404e-06
1016,9891,69-29-2-2-1,3.04702113264616e-05_3.04702113264616e-05_3.04702113264616e-05_3.04702113264616e-05_3.04702113264616e-05
1016,9892,172-40-4-2-1,3.10920523739404e-06_3.10920523739404e-06_3.10920523739404e-06_3.10920523739404e-06_3.10920523739404e-06
1016,9893,129-21-4-2-1,7.46209256974569e-06_7.46209256974569e-06_7.46209256974569e-06_7.46209256974569e-06_7.46209256974569e-06
1016,9894,166-18-4-2-1,3.10920523739404e-06_3.10920523739404e-06_3.10920523739404e-06_3.10920523739404e-06_3.10920523739404e-06
1016,9895,167-18-4-2-1,4.35288733235165e-06_4.35288733235165e-06_4.35288733235165e-06_4.35288733235165e-06_4.35288733235165e-06
1016,9896,174-15-9-2-1,6.21841047478808e-06_6.21841047478808e-06_6.21841047478808e-06_6.21841047478808e-06_6.21841047478808e-06
1016,9897,32-18-4-2-1,8.0839336172245e-06_8.0839336172245e-06_8.0839336172245e-06_8.0839336172245e-06_8.0839336172245e-06
1016,9898,185-41-9-2-1,3.10920523739404e-06_3.10920523739404e-06_3.10920523739404e-06_3.10920523739404e-06_3.10920523739404e-06
1016,9899,35-20-9-2-1,2.42518008516735e-05_2.42518008516735e-05_2.42518008516735e-05_2.42518008516735e-05_2.42518008516735e-05
1016,9900,185-41-9-2-1,3.10920523739404e-06_3.10920523739404e-06_3.10920523739404e-06_3.10920523739404e-06_3.10920523739404e-06
1016,9901,176-20-9-2-1,9.94945675966092e-06_9.94945675966092e-06_9.94945675966092e-06_9.94945675966092e-06_9.94945675966092e-06
1016,9902,188-14-4-2-1,7.46209256974569e-06_7.46209256974569e-06_7.46209256974569e-06_7.46209256974569e-06_7.46209256974569e-06
1016,9903,176-20-9-2-1,1.3058661997055e-05_1.3058661997055e-05_1.3058661997055e-05_1.3058661997055e-05_1.3058661997055e-05
1016,9904,37-11-4-2-1,2.42518008516735e-05_2.42518008516735e-05_2.42518008516735e-05_2.42518008516735e-05_2.42518008516735e-05
1016,9905,133-12-8-1-1,3.73104628487285e-06_3.73104628487285e-06_3.73104628487285e-06_3.73104628487285e-06_3.73104628487285e-06
1016,9906,127-30-1-1-1,1.74115493294066e-05_1.74115493294066e-05_1.74115493294066e-05_1.74115493294066e-05_1.74115493294066e-05
1016,9907,185-41-9-2-1,3.73104628487285e-06_3.73104628487285e-06_3.73104628487285e-06_3.73104628487285e-06_3.73104628487285e-06
1016,9908,71-29-2-2-1,1.3058661997055e-05_1.3058661997055e-05_1.3058661997055e-05_1.3058661997055e-05_1.3058661997055e-05
1016,9909,65-1-1-1-1,5.59656942730927e-06_5.59656942730927e-06_5.59656942730927e-06_5.59656942730927e-06_5.59656942730927e-06
1016,9910,36-6-6-2-1,2.23862777092371e-05_2.23862777092371e-05_2.23862777092371e-05_2.23862777092371e-05_2.23862777092371e-05
1016,9911,208-30-1-1-1,2.36299598041947e-05_2.36299598041947e-05_2.36299598041947e-05_2.36299598041947e-05_2.36299598041947e-05
1016,9912,159-4-4-2-1,7.46209256974569e-06_7.46209256974569e-06_7.46209256974569e-06_7.46209256974569e-06_7.46209256974569e-06
1016,9914,204-35-4-2-1,0.000139292394635253_0.000139292394635253_0.000139292394635253_0.000139292394635253_0.000139292394635253
1016,9915,185-41-9-2-1,3.10920523739404e-06_3.10920523739404e-06_3.10920523739404e-06_3.10920523739404e-06_3.10920523739404e-06
1016,9916,204-35-4-2-1,4.60162375134318e-05_4.60162375134318e-05_4.60162375134318e-05_4.60162375134318e-05_4.60162375134318e-05
1016,9917,229-5-5-1-1,1.67897082819278e-05_1.67897082819278e-05_1.67897082819278e-05_1.67897082819278e-05_1.67897082819278e-05
1016,9918,122-16-2-2-1,7.46209256974569e-06_7.46209256974569e-06_7.46209256974569e-06_7.46209256974569e-06_7.46209256974569e-06
1016,9919,185-41-9-2-1,4.97472837983046e-06_4.97472837983046e-06_4.97472837983046e-06_4.97472837983046e-06_4.97472837983046e-06
1016,9920,70-27-8-1-1,1.80333903768854e-05_1.80333903768854e-05_1.80333903768854e-05_1.80333903768854e-05_1.80333903768854e-05
1016,9921,67-2-2-2-1,0.000215778843475146_0.000215778843475146_0.000215778843475146_0.000215778843475146_0.000215778843475146
1016,9922,3-3-3-1-1,0.000129342937875592_0.000129342937875592_0.000129342937875592_0.000129342937875592_0.000129342937875592
1016,9923,234-24-7-1-1,0.000268635332510845_0.000268635332510845_0.000268635332510845_0.000268635332510845_0.000268635332510845
1016,9924,124-29-2-2-1,0.000455187646754487_0.000455187646754487_0.000455187646754487_0.000455187646754487_0.000455187646754487
1016,9925,66-29-2-2-1,6.21841047478808e-06_6.21841047478808e-06_6.21841047478808e-06_6.21841047478808e-06_6.21841047478808e-06
1016,9926,57-7-4-2-1,2.36299598041947e-05_2.36299598041947e-05_2.36299598041947e-05_2.36299598041947e-05_2.36299598041947e-05
1016,9927,214-26-4-2-1,0.000246249054801608_0.000246249054801608_0.000246249054801608_0.000246249054801608_0.000246249054801608
1016,9928,166-18-4-2-1,4.97472837983046e-06_4.97472837983046e-06_4.97472837983046e-06_4.97472837983046e-06_4.97472837983046e-06
1016,9929,22-13-6-2-1,2.36299598041947e-05_2.36299598041947e-05_2.36299598041947e-05_2.36299598041947e-05_2.36299598041947e-05
1016,9930,148-29-2-2-1,1.11931388546185e-05_1.11931388546185e-05_1.11931388546185e-05_1.11931388546185e-05_1.11931388546185e-05
1016,9931,137-26-4-2-1,1.55460261869702e-05_1.55460261869702e-05_1.55460261869702e-05_1.55460261869702e-05_1.55460261869702e-05
1016,9932,88-35-4-2-1,8.70577466470331e-06_8.70577466470331e-06_8.70577466470331e-06_8.70577466470331e-06_8.70577466470331e-06
1016,9933,163-43-4-2-1,2.11425956142795e-05_2.11425956142795e-05_2.11425956142795e-05_2.11425956142795e-05_2.11425956142795e-05
1016,9934,137-26-4-2-1,1.36805030445338e-05_1.36805030445338e-05_1.36805030445338e-05_1.36805030445338e-05_1.36805030445338e-05
1016,9935,148-29-2-2-1,2.05207545668007e-05_2.05207545668007e-05_2.05207545668007e-05_2.05207545668007e-05_2.05207545668007e-05
1016,9936,74-31-9-2-1,3.10920523739404e-06_3.10920523739404e-06_3.10920523739404e-06_3.10920523739404e-06_3.10920523739404e-06
1016,9938,63-27-8-1-1,1.80333903768854e-05_1.80333903768854e-05_1.80333903768854e-05_1.80333903768854e-05_1.80333903768854e-05
1016,9939,152-32-10-1-1,6.21841047478808e-06_6.21841047478808e-06_6.21841047478808e-06_6.21841047478808e-06_6.21841047478808e-06
1016,9940,166-18-4-2-1,3.10920523739404e-06_3.10920523739404e-06_3.10920523739404e-06_3.10920523739404e-06_3.10920523739404e-06
1016,9941,138-23-8-1-1,2.86046881840252e-05_2.86046881840252e-05_2.86046881840252e-05_2.86046881840252e-05_2.86046881840252e-05
1016,9942,83-33-5-1-1,1.36805030445338e-05_1.36805030445338e-05_1.36805030445338e-05_1.36805030445338e-05_1.36805030445338e-05
1016,9943,42-13-6-2-1,0.000171628129104151_0.000171628129104151_0.000171628129104151_0.000171628129104151_0.000171628129104151
1016,9944,42-13-6-2-1,8.3948541409639e-05_8.3948541409639e-05_8.3948541409639e-05_8.3948541409639e-05_8.3948541409639e-05
1016,9945,96-13-6-2-1,2.67391650415887e-05_2.67391650415887e-05_2.67391650415887e-05_2.67391650415887e-05_2.67391650415887e-05
1016,9946,207-29-2-2-1,7.15117204600629e-05_7.15117204600629e-05_7.15117204600629e-05_7.15117204600629e-05_7.15117204600629e-05
1016,9947,71-29-2-2-1,3.79323038962073e-05_3.79323038962073e-05_3.79323038962073e-05_3.79323038962073e-05_3.79323038962073e-05
1016,9948,110-3-3-1-1,6.59151510327536e-05_6.59151510327536e-05_6.59151510327536e-05_6.59151510327536e-05_6.59151510327536e-05
1016,9949,31-6-6-2-1,0.000125611891590719_0.000125611891590719_0.000125611891590719_0.000125611891590719_0.000125611891590719
1016,9950,185-41-9-2-1,4.35288733235165e-06_4.35288733235165e-06_4.35288733235165e-06_4.35288733235165e-06_4.35288733235165e-06
1016,9951,205-12-8-1-1,7.46209256974569e-06_7.46209256974569e-06_7.46209256974569e-06_7.46209256974569e-06_7.46209256974569e-06
1016,9952,205-12-8-1-1,5.59656942730927e-06_5.59656942730927e-06_5.59656942730927e-06_5.59656942730927e-06_5.59656942730927e-06
1016,9953,214-26-4-2-1,3.73104628487285e-06_3.73104628487285e-06_3.73104628487285e-06_3.73104628487285e-06_3.73104628487285e-06
1016,9955,161-36-10-1-1,3.10920523739404e-06_3.10920523739404e-06_3.10920523739404e-06_3.10920523739404e-06_3.10920523739404e-06
1016,9956,159-4-4-2-1,1.05712978071397e-05_1.05712978071397e-05_1.05712978071397e-05_1.05712978071397e-05_1.05712978071397e-05
1016,9957,161-36-10-1-1,1.43023440920126e-05_1.43023440920126e-05_1.43023440920126e-05_1.43023440920126e-05_1.43023440920126e-05
1016,9958,212-41-9-2-1,2.61173239941099e-05_2.61173239941099e-05_2.61173239941099e-05_2.61173239941099e-05_2.61173239941099e-05
1016,9959,89-13-6-2-1,0.000115662434831058_0.000115662434831058_0.000115662434831058_0.000115662434831058_0.000115662434831058
1016,9960,129-21-4-2-1,1.36805030445338e-05_1.36805030445338e-05_1.36805030445338e-05_1.36805030445338e-05_1.36805030445338e-05
1016,9961,76-4-4-2-1,1.05712978071397e-05_1.05712978071397e-05_1.05712978071397e-05_1.05712978071397e-05_1.05712978071397e-05
1016,9962,231-34-11-1-1,0.000436532415330123_0.000436532415330123_0.000436532415330123_0.000436532415330123_0.000436532415330123
1016,9963,66-29-2-2-1,1.98989135193218e-05_1.98989135193218e-05_1.98989135193218e-05_1.98989135193218e-05_1.98989135193218e-05
1016,9964,194-31-9-2-1,1.11931388546185e-05_1.11931388546185e-05_1.11931388546185e-05_1.11931388546185e-05_1.11931388546185e-05
1016,9965,210-29-2-2-1,8.02174951247662e-05_8.02174951247662e-05_8.02174951247662e-05_8.02174951247662e-05_8.02174951247662e-05
1016,9966,177-7-4-2-1,3.73104628487285e-06_3.73104628487285e-06_3.73104628487285e-06_3.73104628487285e-06_3.73104628487285e-06
1016,9967,194-31-9-2-1,0.000136183189397859_0.000136183189397859_0.000136183189397859_0.000136183189397859_0.000136183189397859
1016,9968,57-7-4-2-1,1.11931388546185e-05_1.11931388546185e-05_1.11931388546185e-05_1.11931388546185e-05_1.11931388546185e-05
1016,9969,112-14-4-2-1,1.55460261869702e-05_1.55460261869702e-05_1.55460261869702e-05_1.55460261869702e-05_1.55460261869702e-05
1016,9970,89-13-6-2-1,1.98989135193218e-05_1.98989135193218e-05_1.98989135193218e-05_1.98989135193218e-05_1.98989135193218e-05
1016,9972,112-14-4-2-1,1.86552314243642e-05_1.86552314243642e-05_1.86552314243642e-05_1.86552314243642e-05_1.86552314243642e-05
1016,9973,112-14-4-2-1,4.97472837983046e-06_4.97472837983046e-06_4.97472837983046e-06_4.97472837983046e-06_4.97472837983046e-06
1016,9974,152-32-10-1-1,5.09909658932622e-05_5.09909658932622e-05_5.09909658932622e-05_5.09909658932622e-05_5.09909658932622e-05
1016,9976,180-40-4-2-1,5.59656942730927e-06_5.59656942730927e-06_5.59656942730927e-06_5.59656942730927e-06_5.59656942730927e-06
1016,9977,167-18-4-2-1,4.8503601703347e-05_4.8503601703347e-05_4.8503601703347e-05_4.8503601703347e-05_4.8503601703347e-05
1016,9978,208-30-1-1-1,6.21841047478808e-06_6.21841047478808e-06_6.21841047478808e-06_6.21841047478808e-06_6.21841047478808e-06
1016,9979,89-13-6-2-1,0.000108822183308791_0.000108822183308791_0.000108822183308791_0.000108822183308791_0.000108822183308791
1016,9980,70-27-8-1-1,1.74115493294066e-05_1.74115493294066e-05_1.74115493294066e-05_1.74115493294066e-05_1.74115493294066e-05
1016,9981,214-26-4-2-1,9.26543160743423e-05_9.26543160743423e-05_9.26543160743423e-05_9.26543160743423e-05_9.26543160743423e-05
1016,9983,32-18-4-2-1,9.32761571218212e-06_9.32761571218212e-06_9.32761571218212e-06_9.32761571218212e-06_9.32761571218212e-06
1016,9984,199-19-9-2-1,5.59656942730927e-06_5.59656942730927e-06_5.59656942730927e-06_5.59656942730927e-06_5.59656942730927e-06
1016,9985,226-32-10-1-1,9.38979981693e-05_9.38979981693e-05_9.38979981693e-05_9.38979981693e-05_9.38979981693e-05
1016,9986,176-20-9-2-1,5.03691248457834e-05_5.03691248457834e-05_5.03691248457834e-05_5.03691248457834e-05_5.03691248457834e-05
1016,9987,63-27-8-1-1,9.94945675966092e-06_9.94945675966092e-06_9.94945675966092e-06_9.94945675966092e-06_9.94945675966092e-06
1016,9988,98-27-8-1-1,4.97472837983046e-06_4.97472837983046e-06_4.97472837983046e-06_4.97472837983046e-06_4.97472837983046e-06
1016,9989,172-40-4-2-1,8.0839336172245e-06_8.0839336172245e-06_8.0839336172245e-06_8.0839336172245e-06_8.0839336172245e-06
1016,9990,25-10-2-2-1,8.70577466470331e-06_8.70577466470331e-06_8.70577466470331e-06_8.70577466470331e-06_8.70577466470331e-06
1016,9991,71-29-2-2-1,5.72093763680503e-05_5.72093763680503e-05_5.72093763680503e-05_5.72093763680503e-05_5.72093763680503e-05
1016,9992,61-13-6-2-1,4.60162375134318e-05_4.60162375134318e-05_4.60162375134318e-05_4.60162375134318e-05_4.60162375134318e-05
1016,9993,49-22-8-1-1,0.000340147052970908_0.000340147052970908_0.000340147052970908_0.000340147052970908_0.000340147052970908
1016,9994,205-12-8-1-1,4.97472837983046e-06_4.97472837983046e-06_4.97472837983046e-06_4.97472837983046e-06_4.97472837983046e-06
1016,9995,199-19-9-2-1,1.18149799020973e-05_1.18149799020973e-05_1.18149799020973e-05_1.18149799020973e-05_1.18149799020973e-05
1016,9996,179-26-4-2-1,3.73104628487285e-06_3.73104628487285e-06_3.73104628487285e-06_3.73104628487285e-06_3.73104628487285e-06
1016,9997,191-37-4-2-1,3.73104628487285e-06_3.73104628487285e-06_3.73104628487285e-06_3.73104628487285e-06_3.73104628487285e-06
1016,9998,153-18-4-2-1,4.97472837983046e-06_4.97472837983046e-06_4.97472837983046e-06_4.97472837983046e-06_4.97472837983046e-06
1016,9999,42-13-6-2-1,1.6167867234449e-05_1.6167867234449e-05_1.6167867234449e-05_1.6167867234449e-05_1.6167867234449e-05
1016,10000,148-29-2-2-1,1.36805030445338e-05_1.36805030445338e-05_1.36805030445338e-05_1.36805030445338e-05_1.36805030445338e-05
1016,10001,122-16-2-2-1,1.36805030445338e-05_1.36805030445338e-05_1.36805030445338e-05_1.36805030445338e-05_1.36805030445338e-05
1016,10002,179-26-4-2-1,4.35288733235165e-06_4.35288733235165e-06_4.35288733235165e-06_4.35288733235165e-06_4.35288733235165e-06
1016,10003,42-13-6-2-1,1.74115493294066e-05_1.74115493294066e-05_1.74115493294066e-05_1.74115493294066e-05_1.74115493294066e-05
1016,10004,76-4-4-2-1,8.0839336172245e-06_8.0839336172245e-06_8.0839336172245e-06_8.0839336172245e-06_8.0839336172245e-06
1016,10005,128-7-4-2-1,8.70577466470331e-06_8.70577466470331e-06_8.70577466470331e-06_8.70577466470331e-06_8.70577466470331e-06
1016,10006,44-13-6-2-1,1.05712978071397e-05_1.05712978071397e-05_1.05712978071397e-05_1.05712978071397e-05_1.05712978071397e-05
1016,10007,45-5-5-1-1,1.3058661997055e-05_1.3058661997055e-05_1.3058661997055e-05_1.3058661997055e-05_1.3058661997055e-05
1016,10008,45-5-5-1-1,7.33772436024993e-05_7.33772436024993e-05_7.33772436024993e-05_7.33772436024993e-05_7.33772436024993e-05
1016,10009,66-29-2-2-1,8.0839336172245e-06_8.0839336172245e-06_8.0839336172245e-06_8.0839336172245e-06_8.0839336172245e-06
1016,10010,45-5-5-1-1,8.02174951247662e-05_8.02174951247662e-05_8.02174951247662e-05_8.02174951247662e-05_8.02174951247662e-05
1016,10011,45-5-5-1-1,3.10920523739404e-05_3.10920523739404e-05_3.10920523739404e-05_3.10920523739404e-05_3.10920523739404e-05
1016,10012,45-5-5-1-1,4.66380785609106e-05_4.66380785609106e-05_4.66380785609106e-05_4.66380785609106e-05_4.66380785609106e-05
1016,10013,172-40-4-2-1,3.10920523739404e-06_3.10920523739404e-06_3.10920523739404e-06_3.10920523739404e-06_3.10920523739404e-06
1016,10014,8-7-4-2-1,5.59656942730927e-06_5.59656942730927e-06_5.59656942730927e-06_5.59656942730927e-06_5.59656942730927e-06
1016,10015,138-23-8-1-1,4.35288733235165e-06_4.35288733235165e-06_4.35288733235165e-06_4.35288733235165e-06_4.35288733235165e-06
1016,10016,138-23-8-1-1,1.49241851394914e-05_1.49241851394914e-05_1.49241851394914e-05_1.49241851394914e-05_1.49241851394914e-05
1016,10017,212-41-9-2-1,7.46209256974569e-06_7.46209256974569e-06_7.46209256974569e-06_7.46209256974569e-06_7.46209256974569e-06
1016,10018,172-40-4-2-1,3.73104628487285e-06_3.73104628487285e-06_3.73104628487285e-06_3.73104628487285e-06_3.73104628487285e-06
1016,10019,185-41-9-2-1,4.97472837983046e-06_4.97472837983046e-06_4.97472837983046e-06_4.97472837983046e-06_4.97472837983046e-06
1016,10020,4-4-4-2-1,2.48736418991523e-06_2.48736418991523e-06_2.48736418991523e-06_2.48736418991523e-06_2.48736418991523e-06
1016,10021,172-40-4-2-1,7.46209256974569e-06_7.46209256974569e-06_7.46209256974569e-06_7.46209256974569e-06_7.46209256974569e-06
1016,10022,157-12-8-1-1,1.18149799020973e-05_1.18149799020973e-05_1.18149799020973e-05_1.18149799020973e-05_1.18149799020973e-05
1016,10023,185-41-9-2-1,4.97472837983046e-06_4.97472837983046e-06_4.97472837983046e-06_4.97472837983046e-06_4.97472837983046e-06
1016,10024,167-18-4-2-1,3.10920523739404e-06_3.10920523739404e-06_3.10920523739404e-06_3.10920523739404e-06_3.10920523739404e-06
1016,10025,75-1-1-1-1,3.79323038962073e-05_3.79323038962073e-05_3.79323038962073e-05_3.79323038962073e-05_3.79323038962073e-05
1016,10026,199-19-9-2-1,6.84025152226688e-06_6.84025152226688e-06_6.84025152226688e-06_6.84025152226688e-06_6.84025152226688e-06
1016,10027,8-7-4-2-1,4.97472837983046e-06_4.97472837983046e-06_4.97472837983046e-06_4.97472837983046e-06_4.97472837983046e-06
1016,10028,75-1-1-1-1,1.36805030445338e-05_1.36805030445338e-05_1.36805030445338e-05_1.36805030445338e-05_1.36805030445338e-05
1016,10029,128-7-4-2-1,2.48736418991523e-06_2.48736418991523e-06_2.48736418991523e-06_2.48736418991523e-06_2.48736418991523e-06
1016,10030,45-5-5-1-1,4.04196680861225e-05_4.04196680861225e-05_4.04196680861225e-05_4.04196680861225e-05_4.04196680861225e-05
1016,10031,8-7-4-2-1,1.67897082819278e-05_1.67897082819278e-05_1.67897082819278e-05_1.67897082819278e-05_1.67897082819278e-05
1016,10032,211-45-10-1-1,0.0012293797508656_0.0012293797508656_0.0012293797508656_0.0012293797508656_0.0012293797508656
1016,10033,1-1-1-1-1,1.98989135193218e-05_1.98989135193218e-05_1.98989135193218e-05_1.98989135193218e-05_1.98989135193218e-05
1016,10034,118-36-10-1-1,3.10920523739404e-06_3.10920523739404e-06_3.10920523739404e-06_3.10920523739404e-06_3.10920523739404e-06
1016,10035,42-13-6-2-1,3.66886218012497e-05_3.66886218012497e-05_3.66886218012497e-05_3.66886218012497e-05_3.66886218012497e-05
1016,10036,159-4-4-2-1,1.9277072471843e-05_1.9277072471843e-05_1.9277072471843e-05_1.9277072471843e-05_1.9277072471843e-05
1016,10037,185-41-9-2-1,3.10920523739404e-06_3.10920523739404e-06_3.10920523739404e-06_3.10920523739404e-06_3.10920523739404e-06
1016,10038,182-24-7-1-1,0.00355195606319895_0.00355195606319895_0.00355195606319895_0.00355195606319895_0.00355195606319895
1016,10040,4-4-4-2-1,6.84025152226688e-06_6.84025152226688e-06_6.84025152226688e-06_6.84025152226688e-06_6.84025152226688e-06
1016,10041,96-13-6-2-1,0.000102603772834003_0.000102603772834003_0.000102603772834003_0.000102603772834003_0.000102603772834003
1016,10042,83-33-5-1-1,1.43023440920126e-05_1.43023440920126e-05_1.43023440920126e-05_1.43023440920126e-05_1.43023440920126e-05
1016,10043,70-27-8-1-1,5.59656942730927e-06_5.59656942730927e-06_5.59656942730927e-06_5.59656942730927e-06_5.59656942730927e-06
1016,10044,172-40-4-2-1,3.73104628487285e-06_3.73104628487285e-06_3.73104628487285e-06_3.73104628487285e-06_3.73104628487285e-06
1016,10045,32-18-4-2-1,7.46209256974569e-05_7.46209256974569e-05_7.46209256974569e-05_7.46209256974569e-05_7.46209256974569e-05
1016,10046,88-35-4-2-1,5.59656942730927e-06_5.59656942730927e-06_5.59656942730927e-06_5.59656942730927e-06_5.59656942730927e-06
1016,10048,222-35-4-2-1,2.54954829466311e-05_2.54954829466311e-05_2.54954829466311e-05_2.54954829466311e-05_2.54954829466311e-05
1016,10049,227-41-9-2-1,4.97472837983046e-06_4.97472837983046e-06_4.97472837983046e-06_4.97472837983046e-06_4.97472837983046e-06
1016,10050,170-43-4-2-1,1.24368209495762e-05_1.24368209495762e-05_1.24368209495762e-05_1.24368209495762e-05_1.24368209495762e-05
1016,10051,202-37-4-2-1,4.97472837983046e-06_4.97472837983046e-06_4.97472837983046e-06_4.97472837983046e-06_4.97472837983046e-06
1016,10052,8-7-4-2-1,8.0839336172245e-06_8.0839336172245e-06_8.0839336172245e-06_8.0839336172245e-06_8.0839336172245e-06
1016,10053,216-19-9-2-1,3.10920523739404e-06_3.10920523739404e-06_3.10920523739404e-06_3.10920523739404e-06_3.10920523739404e-06
1016,10054,180-40-4-2-1,1.74115493294066e-05_1.74115493294066e-05_1.74115493294066e-05_1.74115493294066e-05_1.74115493294066e-05
1016,10055,8-7-4-2-1,7.46209256974569e-06_7.46209256974569e-06_7.46209256974569e-06_7.46209256974569e-06_7.46209256974569e-06
1016,10056,4-4-4-2-1,8.0839336172245e-06_8.0839336172245e-06_8.0839336172245e-06_8.0839336172245e-06_8.0839336172245e-06
1016,10057,151-19-9-2-1,3.79323038962073e-05_3.79323038962073e-05_3.79323038962073e-05_3.79323038962073e-05_3.79323038962073e-05
1016,10058,185-41-9-2-1,3.10920523739404e-06_3.10920523739404e-06_3.10920523739404e-06_3.10920523739404e-06_3.10920523739404e-06
1016,10059,161-36-10-1-1,6.21841047478808e-06_6.21841047478808e-06_6.21841047478808e-06_6.21841047478808e-06_6.21841047478808e-06
1016,10060,122-16-2-2-1,5.59656942730927e-06_5.59656942730927e-06_5.59656942730927e-06_5.59656942730927e-06_5.59656942730927e-06
1016,10061,184-31-9-2-1,7.46209256974569e-06_7.46209256974569e-06_7.46209256974569e-06_7.46209256974569e-06_7.46209256974569e-06
1016,10062,35-20-9-2-1,6.28059457953596e-05_6.28059457953596e-05_6.28059457953596e-05_6.28059457953596e-05_6.28059457953596e-05
1016,10063,36-6-6-2-1,9.07887929319059e-05_9.07887929319059e-05_9.07887929319059e-05_9.07887929319059e-05_9.07887929319059e-05
1016,10064,70-27-8-1-1,3.10920523739404e-06_3.10920523739404e-06_3.10920523739404e-06_3.10920523739404e-06_3.10920523739404e-06
1016,10065,1-1-1-1-1,4.35288733235165e-06_4.35288733235165e-06_4.35288733235165e-06_4.35288733235165e-06_4.35288733235165e-06
1016,10066,209-35-4-2-1,4.97472837983046e-06_4.97472837983046e-06_4.97472837983046e-06_4.97472837983046e-06_4.97472837983046e-06
1016,10067,32-18-4-2-1,2.42518008516735e-05_2.42518008516735e-05_2.42518008516735e-05_2.42518008516735e-05_2.42518008516735e-05
1016,10068,55-22-8-1-1,1.18149799020973e-05_1.18149799020973e-05_1.18149799020973e-05_1.18149799020973e-05_1.18149799020973e-05
1016,10069,203-11-4-2-1,3.73104628487285e-06_3.73104628487285e-06_3.73104628487285e-06_3.73104628487285e-06_3.73104628487285e-06
1016,10070,4-4-4-2-1,7.46209256974569e-06_7.46209256974569e-06_7.46209256974569e-06_7.46209256974569e-06_7.46209256974569e-06
1016,10071,4-4-4-2-1,4.35288733235165e-06_4.35288733235165e-06_4.35288733235165e-06_4.35288733235165e-06_4.35288733235165e-06
1016,10072,8-7-4-2-1,4.35288733235165e-06_4.35288733235165e-06_4.35288733235165e-06_4.35288733235165e-06_4.35288733235165e-06
1016,10073,204-35-4-2-1,4.35288733235165e-05_4.35288733235165e-05_4.35288733235165e-05_4.35288733235165e-05_4.35288733235165e-05
1016,10074,204-35-4-2-1,2.54954829466311e-05_2.54954829466311e-05_2.54954829466311e-05_2.54954829466311e-05_2.54954829466311e-05
1016,10075,58-13-6-2-1,5.96967405579655e-05_5.96967405579655e-05_5.96967405579655e-05_5.96967405579655e-05_5.96967405579655e-05
1016,10076,167-18-4-2-1,4.97472837983046e-06_4.97472837983046e-06_4.97472837983046e-06_4.97472837983046e-06_4.97472837983046e-06
1016,10077,225-31-9-2-1,1.11931388546185e-05_1.11931388546185e-05_1.11931388546185e-05_1.11931388546185e-05_1.11931388546185e-05
1016,10079,26-15-9-2-1,7.46209256974569e-06_7.46209256974569e-06_7.46209256974569e-06_7.46209256974569e-06_7.46209256974569e-06
1016,10080,98-27-8-1-1,5.59656942730927e-06_5.59656942730927e-06_5.59656942730927e-06_5.59656942730927e-06_5.59656942730927e-06
1016,10081,172-40-4-2-1,3.73104628487285e-06_3.73104628487285e-06_3.73104628487285e-06_3.73104628487285e-06_3.73104628487285e-06
1016,10082,186-15-9-2-1,3.17138934214192e-05_3.17138934214192e-05_3.17138934214192e-05_3.17138934214192e-05_3.17138934214192e-05
1016,10083,174-15-9-2-1,2.48736418991523e-06_2.48736418991523e-06_2.48736418991523e-06_2.48736418991523e-06_2.48736418991523e-06
1016,10084,142-42-12-1-1,3.10920523739404e-06_3.10920523739404e-06_3.10920523739404e-06_3.10920523739404e-06_3.10920523739404e-06
1016,10085,185-41-9-2-1,5.59656942730927e-06_5.59656942730927e-06_5.59656942730927e-06_5.59656942730927e-06_5.59656942730927e-06
1016,10086,44-13-6-2-1,1.80333903768854e-05_1.80333903768854e-05_1.80333903768854e-05_1.80333903768854e-05_1.80333903768854e-05
1016,10087,185-41-9-2-1,3.73104628487285e-06_3.73104628487285e-06_3.73104628487285e-06_3.73104628487285e-06_3.73104628487285e-06
1016,10088,32-18-4-2-1,1.24368209495762e-05_1.24368209495762e-05_1.24368209495762e-05_1.24368209495762e-05_1.24368209495762e-05
1016,10089,128-7-4-2-1,7.46209256974569e-06_7.46209256974569e-06_7.46209256974569e-06_7.46209256974569e-06_7.46209256974569e-06
1016,10090,4-4-4-2-1,7.46209256974569e-06_7.46209256974569e-06_7.46209256974569e-06_7.46209256974569e-06_7.46209256974569e-06
1016,10091,74-31-9-2-1,0.000131208461018028_0.000131208461018028_0.000131208461018028_0.000131208461018028_0.000131208461018028
1016,10092,98-27-8-1-1,9.94945675966092e-06_9.94945675966092e-06_9.94945675966092e-06_9.94945675966092e-06_9.94945675966092e-06
1016,10093,167-18-4-2-1,3.10920523739404e-06_3.10920523739404e-06_3.10920523739404e-06_3.10920523739404e-06_3.10920523739404e-06
1016,10094,129-21-4-2-1,8.0839336172245e-06_8.0839336172245e-06_8.0839336172245e-06_8.0839336172245e-06_8.0839336172245e-06
1016,10095,76-4-4-2-1,4.97472837983046e-06_4.97472837983046e-06_4.97472837983046e-06_4.97472837983046e-06_4.97472837983046e-06
1016,10096,209-35-4-2-1,1.18149799020973e-05_1.18149799020973e-05_1.18149799020973e-05_1.18149799020973e-05_1.18149799020973e-05
1016,10097,55-22-8-1-1,4.35288733235165e-06_4.35288733235165e-06_4.35288733235165e-06_4.35288733235165e-06_4.35288733235165e-06
1016,10098,134-29-2-2-1,2.98483702789828e-05_2.98483702789828e-05_2.98483702789828e-05_2.98483702789828e-05_2.98483702789828e-05
1016,10099,40-23-8-1-1,3.10920523739404e-06_3.10920523739404e-06_3.10920523739404e-06_3.10920523739404e-06_3.10920523739404e-06
1016,10100,23-10-2-2-1,2.73610060890675e-05_2.73610060890675e-05_2.73610060890675e-05_2.73610060890675e-05_2.73610060890675e-05
1016,10101,6-6-6-2-1,7.52427667449357e-05_7.52427667449357e-05_7.52427667449357e-05_7.52427667449357e-05_7.52427667449357e-05
1016,10102,25-10-2-2-1,2.17644366617583e-05_2.17644366617583e-05_2.17644366617583e-05_2.17644366617583e-05_2.17644366617583e-05
1016,10103,153-18-4-2-1,4.35288733235165e-06_4.35288733235165e-06_4.35288733235165e-06_4.35288733235165e-06_4.35288733235165e-06
1016,10104,138-23-8-1-1,5.59656942730927e-06_5.59656942730927e-06_5.59656942730927e-06_5.59656942730927e-06_5.59656942730927e-06
1016,10105,138-23-8-1-1,1.3058661997055e-05_1.3058661997055e-05_1.3058661997055e-05_1.3058661997055e-05_1.3058661997055e-05
1016,10106,126-29-2-2-1,8.70577466470331e-06_8.70577466470331e-06_8.70577466470331e-06_8.70577466470331e-06_8.70577466470331e-06
1016,10107,172-40-4-2-1,3.10920523739404e-06_3.10920523739404e-06_3.10920523739404e-06_3.10920523739404e-06_3.10920523739404e-06
1016,10108,25-10-2-2-1,1.18149799020973e-05_1.18149799020973e-05_1.18149799020973e-05_1.18149799020973e-05_1.18149799020973e-05
1016,10109,8-7-4-2-1,3.10920523739404e-06_3.10920523739404e-06_3.10920523739404e-06_3.10920523739404e-06_3.10920523739404e-06
1016,10110,163-43-4-2-1,0.000425961117522983_0.000425961117522983_0.000425961117522983_0.000425961117522983_0.000425961117522983
1016,10111,10-3-3-1-1,1.6167867234449e-05_1.6167867234449e-05_1.6167867234449e-05_1.6167867234449e-05_1.6167867234449e-05
1016,10112,237-44-12-1-1,3.73104628487285e-06_3.73104628487285e-06_3.73104628487285e-06_3.73104628487285e-06_3.73104628487285e-06
1016,10113,62-3-3-1-1,0.000162300513391969_0.000162300513391969_0.000162300513391969_0.000162300513391969_0.000162300513391969
1016,10114,68-30-1-1-1,4.35288733235165e-06_4.35288733235165e-06_4.35288733235165e-06_4.35288733235165e-06_4.35288733235165e-06
1016,10115,61-13-6-2-1,6.09404226529231e-05_6.09404226529231e-05_6.09404226529231e-05_6.09404226529231e-05_6.09404226529231e-05
1016,10116,196-14-4-2-1,5.59656942730927e-06_5.59656942730927e-06_5.59656942730927e-06_5.59656942730927e-06_5.59656942730927e-06
1016,10117,8-7-4-2-1,1.18149799020973e-05_1.18149799020973e-05_1.18149799020973e-05_1.18149799020973e-05_1.18149799020973e-05
1016,10118,237-44-12-1-1,2.30081187567159e-05_2.30081187567159e-05_2.30081187567159e-05_2.30081187567159e-05_2.30081187567159e-05
1016,10119,109-28-5-1-1,6.84025152226688e-06_6.84025152226688e-06_6.84025152226688e-06_6.84025152226688e-06_6.84025152226688e-06
1016,10120,205-12-8-1-1,1.11931388546185e-05_1.11931388546185e-05_1.11931388546185e-05_1.11931388546185e-05_1.11931388546185e-05
1016,10121,227-41-9-2-1,1.05712978071397e-05_1.05712978071397e-05_1.05712978071397e-05_1.05712978071397e-05_1.05712978071397e-05
1016,10122,213-15-9-2-1,6.84025152226688e-06_6.84025152226688e-06_6.84025152226688e-06_6.84025152226688e-06_6.84025152226688e-06
1016,10123,183-23-8-1-1,3.2335734468898e-05_3.2335734468898e-05_3.2335734468898e-05_3.2335734468898e-05_3.2335734468898e-05
1016,10124,205-12-8-1-1,2.23862777092371e-05_2.23862777092371e-05_2.23862777092371e-05_2.23862777092371e-05_2.23862777092371e-05
1016,10125,205-12-8-1-1,9.94945675966092e-06_9.94945675966092e-06_9.94945675966092e-06_9.94945675966092e-06_9.94945675966092e-06
1016,10126,205-12-8-1-1,0.000110065865403749_0.000110065865403749_0.000110065865403749_0.000110065865403749_0.000110065865403749
1016,10127,205-12-8-1-1,4.47725554184741e-05_4.47725554184741e-05_4.47725554184741e-05_4.47725554184741e-05_4.47725554184741e-05
1016,10128,188-14-4-2-1,2.67391650415887e-05_2.67391650415887e-05_2.67391650415887e-05_2.67391650415887e-05_2.67391650415887e-05
1016,10129,88-35-4-2-1,3.91759859911649e-05_3.91759859911649e-05_3.91759859911649e-05_3.91759859911649e-05_3.91759859911649e-05
1016,10130,212-41-9-2-1,1.86552314243642e-05_1.86552314243642e-05_1.86552314243642e-05_1.86552314243642e-05_1.86552314243642e-05
1016,10131,203-11-4-2-1,1.05712978071397e-05_1.05712978071397e-05_1.05712978071397e-05_1.05712978071397e-05_1.05712978071397e-05
1016,10132,131-13-6-2-1,4.72599196083894e-05_4.72599196083894e-05_4.72599196083894e-05_4.72599196083894e-05_4.72599196083894e-05
1016,10133,153-18-4-2-1,6.84025152226688e-06_6.84025152226688e-06_6.84025152226688e-06_6.84025152226688e-06_6.84025152226688e-06
1016,10134,225-31-9-2-1,3.2335734468898e-05_3.2335734468898e-05_3.2335734468898e-05_3.2335734468898e-05_3.2335734468898e-05
1016,10135,172-40-4-2-1,4.35288733235165e-06_4.35288733235165e-06_4.35288733235165e-06_4.35288733235165e-06_4.35288733235165e-06
1016,10136,225-31-9-2-1,0.000118149799020973_0.000118149799020973_0.000118149799020973_0.000118149799020973_0.000118149799020973
1016,10137,74-31-9-2-1,8.0839336172245e-06_8.0839336172245e-06_8.0839336172245e-06_8.0839336172245e-06_8.0839336172245e-06
1016,10138,1-1-1-1-1,8.14611772197238e-05_8.14611772197238e-05_8.14611772197238e-05_8.14611772197238e-05_8.14611772197238e-05
1016,10139,189-12-8-1-1,3.73104628487285e-05_3.73104628487285e-05_3.73104628487285e-05_3.73104628487285e-05_3.73104628487285e-05
1016,10140,185-41-9-2-1,6.84025152226688e-06_6.84025152226688e-06_6.84025152226688e-06_6.84025152226688e-06_6.84025152226688e-06
1016,10141,130-12-8-1-1,9.57635213117364e-05_9.57635213117364e-05_9.57635213117364e-05_9.57635213117364e-05_9.57635213117364e-05
1016,10142,130-12-8-1-1,6.21841047478808e-06_6.21841047478808e-06_6.21841047478808e-06_6.21841047478808e-06_6.21841047478808e-06
1016,10143,130-12-8-1-1,4.97472837983046e-06_4.97472837983046e-06_4.97472837983046e-06_4.97472837983046e-06_4.97472837983046e-06
1016,10144,17-11-4-2-1,1.74115493294066e-05_1.74115493294066e-05_1.74115493294066e-05_1.74115493294066e-05_1.74115493294066e-05
1016,10145,185-41-9-2-1,3.73104628487285e-06_3.73104628487285e-06_3.73104628487285e-06_3.73104628487285e-06_3.73104628487285e-06
1016,10147,11-4-4-2-1,4.97472837983046e-06_4.97472837983046e-06_4.97472837983046e-06_4.97472837983046e-06_4.97472837983046e-06
1016,10148,89-13-6-2-1,5.59656942730927e-05_5.59656942730927e-05_5.59656942730927e-05_5.59656942730927e-05_5.59656942730927e-05
1016,10149,147-11-4-2-1,1.6167867234449e-05_1.6167867234449e-05_1.6167867234449e-05_1.6167867234449e-05_1.6167867234449e-05
1016,10150,109-28-5-1-1,3.91759859911649e-05_3.91759859911649e-05_3.91759859911649e-05_3.91759859911649e-05_3.91759859911649e-05
1016,10151,109-28-5-1-1,4.66380785609106e-05_4.66380785609106e-05_4.66380785609106e-05_4.66380785609106e-05_4.66380785609106e-05
1016,10152,148-29-2-2-1,8.0839336172245e-06_8.0839336172245e-06_8.0839336172245e-06_8.0839336172245e-06_8.0839336172245e-06
1016,10153,40-23-8-1-1,8.70577466470331e-06_8.70577466470331e-06_8.70577466470331e-06_8.70577466470331e-06_8.70577466470331e-06
1016,10154,47-22-8-1-1,3.10920523739404e-05_3.10920523739404e-05_3.10920523739404e-05_3.10920523739404e-05_3.10920523739404e-05
1016,10155,51-22-8-1-1,8.70577466470331e-06_8.70577466470331e-06_8.70577466470331e-06_8.70577466470331e-06_8.70577466470331e-06
1016,10156,47-22-8-1-1,2.17644366617583e-05_2.17644366617583e-05_2.17644366617583e-05_2.17644366617583e-05_2.17644366617583e-05
1016,10157,71-29-2-2-1,2.9226529231504e-05_2.9226529231504e-05_2.9226529231504e-05_2.9226529231504e-05_2.9226529231504e-05
1016,10158,227-41-9-2-1,9.32761571218212e-06_9.32761571218212e-06_9.32761571218212e-06_9.32761571218212e-06_9.32761571218212e-06
1016,10159,75-1-1-1-1,8.0839336172245e-06_8.0839336172245e-06_8.0839336172245e-06_8.0839336172245e-06_8.0839336172245e-06
1016,10160,83-33-5-1-1,3.29575755163768e-05_3.29575755163768e-05_3.29575755163768e-05_3.29575755163768e-05_3.29575755163768e-05
1016,10161,221-35-4-2-1,6.09404226529231e-05_6.09404226529231e-05_6.09404226529231e-05_6.09404226529231e-05_6.09404226529231e-05
1016,10162,221-35-4-2-1,2.36299598041947e-05_2.36299598041947e-05_2.36299598041947e-05_2.36299598041947e-05_2.36299598041947e-05
1016,10163,152-32-10-1-1,2.05207545668007e-05_2.05207545668007e-05_2.05207545668007e-05_2.05207545668007e-05_2.05207545668007e-05
1016,10164,152-32-10-1-1,6.84025152226688e-06_6.84025152226688e-06_6.84025152226688e-06_6.84025152226688e-06_6.84025152226688e-06
1016,10165,185-41-9-2-1,3.10920523739404e-06_3.10920523739404e-06_3.10920523739404e-06_3.10920523739404e-06_3.10920523739404e-06
1016,10166,152-32-10-1-1,2.11425956142795e-05_2.11425956142795e-05_2.11425956142795e-05_2.11425956142795e-05_2.11425956142795e-05
1016,10167,138-23-8-1-1,8.70577466470331e-06_8.70577466470331e-06_8.70577466470331e-06_8.70577466470331e-06_8.70577466470331e-06
1016,10169,194-31-9-2-1,1.3058661997055e-05_1.3058661997055e-05_1.3058661997055e-05_1.3058661997055e-05_1.3058661997055e-05
1016,10170,138-23-8-1-1,2.17644366617583e-05_2.17644366617583e-05_2.17644366617583e-05_2.17644366617583e-05_2.17644366617583e-05
1016,10172,167-18-4-2-1,9.32761571218212e-06_9.32761571218212e-06_9.32761571218212e-06_9.32761571218212e-06_9.32761571218212e-06
1016,10173,44-13-6-2-1,4.97472837983046e-06_4.97472837983046e-06_4.97472837983046e-06_4.97472837983046e-06_4.97472837983046e-06
1016,10174,166-18-4-2-1,9.94945675966092e-06_9.94945675966092e-06_9.94945675966092e-06_9.94945675966092e-06_9.94945675966092e-06
1016,10175,166-18-4-2-1,1.18149799020973e-05_1.18149799020973e-05_1.18149799020973e-05_1.18149799020973e-05_1.18149799020973e-05
1016,10176,196-14-4-2-1,0.000278584789270506_0.000278584789270506_0.000278584789270506_0.000278584789270506_0.000278584789270506
1016,10177,55-22-8-1-1,3.10920523739404e-06_3.10920523739404e-06_3.10920523739404e-06_3.10920523739404e-06_3.10920523739404e-06
1016,10178,63-27-8-1-1,6.21841047478808e-06_6.21841047478808e-06_6.21841047478808e-06_6.21841047478808e-06_6.21841047478808e-06
1016,10179,196-14-4-2-1,1.86552314243642e-05_1.86552314243642e-05_1.86552314243642e-05_1.86552314243642e-05_1.86552314243642e-05
1016,10180,196-14-4-2-1,1.80333903768854e-05_1.80333903768854e-05_1.80333903768854e-05_1.80333903768854e-05_1.80333903768854e-05
1016,10181,196-14-4-2-1,6.21841047478808e-06_6.21841047478808e-06_6.21841047478808e-06_6.21841047478808e-06_6.21841047478808e-06
1016,10182,47-22-8-1-1,4.35288733235165e-06_4.35288733235165e-06_4.35288733235165e-06_4.35288733235165e-06_4.35288733235165e-06
1016,10183,153-18-4-2-1,1.43023440920126e-05_1.43023440920126e-05_1.43023440920126e-05_1.43023440920126e-05_1.43023440920126e-05
1016,10184,47-22-8-1-1,1.67897082819278e-05_1.67897082819278e-05_1.67897082819278e-05_1.67897082819278e-05_1.67897082819278e-05
1016,10185,57-7-4-2-1,8.70577466470331e-06_8.70577466470331e-06_8.70577466470331e-06_8.70577466470331e-06_8.70577466470331e-06
1016,10186,57-7-4-2-1,8.70577466470331e-06_8.70577466470331e-06_8.70577466470331e-06_8.70577466470331e-06_8.70577466470331e-06
1016,10187,130-12-8-1-1,4.97472837983046e-06_4.97472837983046e-06_4.97472837983046e-06_4.97472837983046e-06_4.97472837983046e-06
1016,10188,172-40-4-2-1,6.21841047478808e-06_6.21841047478808e-06_6.21841047478808e-06_6.21841047478808e-06_6.21841047478808e-06
1016,10189,18-12-8-1-1,1.05712978071397e-05_1.05712978071397e-05_1.05712978071397e-05_1.05712978071397e-05_1.05712978071397e-05
1016,10190,203-11-4-2-1,6.84025152226688e-06_6.84025152226688e-06_6.84025152226688e-06_6.84025152226688e-06_6.84025152226688e-06
1016,10192,32-18-4-2-1,1.86552314243642e-05_1.86552314243642e-05_1.86552314243642e-05_1.86552314243642e-05_1.86552314243642e-05
1016,10193,228-17-10-1-1,1.6167867234449e-05_1.6167867234449e-05_1.6167867234449e-05_1.6167867234449e-05_1.6167867234449e-05
1016,10194,13-6-6-2-1,4.78817606558682e-05_4.78817606558682e-05_4.78817606558682e-05_4.78817606558682e-05_4.78817606558682e-05
1016,10195,7-4-4-2-1,4.35288733235165e-05_4.35288733235165e-05_4.35288733235165e-05_4.35288733235165e-05_4.35288733235165e-05
1016,10196,18-12-8-1-1,1.74115493294066e-05_1.74115493294066e-05_1.74115493294066e-05_1.74115493294066e-05_1.74115493294066e-05
1016,10197,214-26-4-2-1,3.73104628487285e-06_3.73104628487285e-06_3.73104628487285e-06_3.73104628487285e-06_3.73104628487285e-06
1016,10198,102-13-6-2-1,3.29575755163768e-05_3.29575755163768e-05_3.29575755163768e-05_3.29575755163768e-05_3.29575755163768e-05
1016,10199,112-14-4-2-1,3.10920523739404e-06_3.10920523739404e-06_3.10920523739404e-06_3.10920523739404e-06_3.10920523739404e-06
1016,10200,57-7-4-2-1,8.0839336172245e-06_8.0839336172245e-06_8.0839336172245e-06_8.0839336172245e-06_8.0839336172245e-06
1016,10201,5-5-5-1-1,2.73610060890675e-05_2.73610060890675e-05_2.73610060890675e-05_2.73610060890675e-05_2.73610060890675e-05
1016,10202,214-26-4-2-1,2.79828471365463e-05_2.79828471365463e-05_2.79828471365463e-05_2.79828471365463e-05_2.79828471365463e-05
1016,10203,58-13-6-2-1,3.97978270386437e-05_3.97978270386437e-05_3.97978270386437e-05_3.97978270386437e-05_3.97978270386437e-05
1016,10204,95-37-4-2-1,5.59656942730927e-06_5.59656942730927e-06_5.59656942730927e-06_5.59656942730927e-06_5.59656942730927e-06
1016,10205,148-29-2-2-1,2.30081187567159e-05_2.30081187567159e-05_2.30081187567159e-05_2.30081187567159e-05_2.30081187567159e-05
1016,10206,148-29-2-2-1,1.49241851394914e-05_1.49241851394914e-05_1.49241851394914e-05_1.49241851394914e-05_1.49241851394914e-05
1016,10207,148-29-2-2-1,8.70577466470331e-06_8.70577466470331e-06_8.70577466470331e-06_8.70577466470331e-06_8.70577466470331e-06
1016,10208,194-31-9-2-1,2.86046881840252e-05_2.86046881840252e-05_2.86046881840252e-05_2.86046881840252e-05_2.86046881840252e-05
1016,10209,44-13-6-2-1,1.36805030445338e-05_1.36805030445338e-05_1.36805030445338e-05_1.36805030445338e-05_1.36805030445338e-05
1016,10210,143-1-1-1-1,5.34783300831775e-05_5.34783300831775e-05_5.34783300831775e-05_5.34783300831775e-05_5.34783300831775e-05
1016,10211,32-18-4-2-1,1.67897082819278e-05_1.67897082819278e-05_1.67897082819278e-05_1.67897082819278e-05_1.67897082819278e-05
1016,10212,134-29-2-2-1,2.48736418991523e-05_2.48736418991523e-05_2.48736418991523e-05_2.48736418991523e-05_2.48736418991523e-05
1016,10213,188-14-4-2-1,2.17644366617583e-05_2.17644366617583e-05_2.17644366617583e-05_2.17644366617583e-05_2.17644366617583e-05
1016,10214,188-14-4-2-1,5.59656942730927e-06_5.59656942730927e-06_5.59656942730927e-06_5.59656942730927e-06_5.59656942730927e-06
1016,10215,163-43-4-2-1,1.05712978071397e-05_1.05712978071397e-05_1.05712978071397e-05_1.05712978071397e-05_1.05712978071397e-05
1016,10216,70-27-8-1-1,3.73104628487285e-06_3.73104628487285e-06_3.73104628487285e-06_3.73104628487285e-06_3.73104628487285e-06
1016,10217,32-18-4-2-1,3.73104628487285e-06_3.73104628487285e-06_3.73104628487285e-06_3.73104628487285e-06_3.73104628487285e-06
1016,10218,98-27-8-1-1,8.0839336172245e-06_8.0839336172245e-06_8.0839336172245e-06_8.0839336172245e-06_8.0839336172245e-06
1016,10219,185-41-9-2-1,7.46209256974569e-06_7.46209256974569e-06_7.46209256974569e-06_7.46209256974569e-06_7.46209256974569e-06
1016,10220,153-18-4-2-1,3.10920523739404e-06_3.10920523739404e-06_3.10920523739404e-06_3.10920523739404e-06_3.10920523739404e-06
1016,10221,180-40-4-2-1,6.21841047478808e-06_6.21841047478808e-06_6.21841047478808e-06_6.21841047478808e-06_6.21841047478808e-06
1016,10222,185-41-9-2-1,2.48736418991523e-06_2.48736418991523e-06_2.48736418991523e-06_2.48736418991523e-06_2.48736418991523e-06
1016,10223,126-29-2-2-1,1.67897082819278e-05_1.67897082819278e-05_1.67897082819278e-05_1.67897082819278e-05_1.67897082819278e-05
1016,10224,196-14-4-2-1,2.61173239941099e-05_2.61173239941099e-05_2.61173239941099e-05_2.61173239941099e-05_2.61173239941099e-05
1016,10225,236-42-12-1-1,5.59656942730927e-06_5.59656942730927e-06_5.59656942730927e-06_5.59656942730927e-06_5.59656942730927e-06
1016,10226,191-37-4-2-1,2.48736418991523e-05_2.48736418991523e-05_2.48736418991523e-05_2.48736418991523e-05_2.48736418991523e-05
1016,10227,175-20-9-2-1,6.21841047478808e-06_6.21841047478808e-06_6.21841047478808e-06_6.21841047478808e-06_6.21841047478808e-06
1016,10228,133-12-8-1-1,2.48736418991523e-06_2.48736418991523e-06_2.48736418991523e-06_2.48736418991523e-06_2.48736418991523e-06
1016,10229,49-22-8-1-1,1.24368209495762e-05_1.24368209495762e-05_1.24368209495762e-05_1.24368209495762e-05_1.24368209495762e-05
1016,10230,222-35-4-2-1,4.10415091336013e-05_4.10415091336013e-05_4.10415091336013e-05_4.10415091336013e-05_4.10415091336013e-05
1016,10231,71-29-2-2-1,7.46209256974569e-06_7.46209256974569e-06_7.46209256974569e-06_7.46209256974569e-06_7.46209256974569e-06
1016,10232,60-22-8-1-1,0.00043280136904525_0.00043280136904525_0.00043280136904525_0.00043280136904525_0.00043280136904525
1016,10233,148-29-2-2-1,2.11425956142795e-05_2.11425956142795e-05_2.11425956142795e-05_2.11425956142795e-05_2.11425956142795e-05
1016,10234,226-32-10-1-1,7.46209256974569e-06_7.46209256974569e-06_7.46209256974569e-06_7.46209256974569e-06_7.46209256974569e-06
1016,10235,133-12-8-1-1,0.000521102797787241_0.000521102797787241_0.000521102797787241_0.000521102797787241_0.000521102797787241
1016,10236,49-22-8-1-1,3.73104628487285e-06_3.73104628487285e-06_3.73104628487285e-06_3.73104628487285e-06_3.73104628487285e-06
1016,10238,49-22-8-1-1,6.71588331277112e-05_6.71588331277112e-05_6.71588331277112e-05_6.71588331277112e-05_6.71588331277112e-05
1016,10239,49-22-8-1-1,2.86046881840252e-05_2.86046881840252e-05_2.86046881840252e-05_2.86046881840252e-05_2.86046881840252e-05
1016,10240,49-22-8-1-1,4.35288733235165e-06_4.35288733235165e-06_4.35288733235165e-06_4.35288733235165e-06_4.35288733235165e-06
1016,10241,44-13-6-2-1,4.97472837983046e-06_4.97472837983046e-06_4.97472837983046e-06_4.97472837983046e-06_4.97472837983046e-06
1016,10242,57-7-4-2-1,8.0839336172245e-06_8.0839336172245e-06_8.0839336172245e-06_8.0839336172245e-06_8.0839336172245e-06
1016,10243,228-17-10-1-1,3.73104628487285e-06_3.73104628487285e-06_3.73104628487285e-06_3.73104628487285e-06_3.73104628487285e-06
1016,10244,8-7-4-2-1,8.0839336172245e-06_8.0839336172245e-06_8.0839336172245e-06_8.0839336172245e-06_8.0839336172245e-06
1016,10245,4-4-4-2-1,3.10920523739404e-06_3.10920523739404e-06_3.10920523739404e-06_3.10920523739404e-06_3.10920523739404e-06
1016,10246,230-14-4-2-1,9.88727265491304e-05_9.88727265491304e-05_9.88727265491304e-05_9.88727265491304e-05_9.88727265491304e-05
1016,10247,230-14-4-2-1,1.86552314243642e-05_1.86552314243642e-05_1.86552314243642e-05_1.86552314243642e-05_1.86552314243642e-05
1016,10248,13-6-6-2-1,0.000120637163210889_0.000120637163210889_0.000120637163210889_0.000120637163210889_0.000120637163210889
1016,10249,185-41-9-2-1,4.35288733235165e-06_4.35288733235165e-06_4.35288733235165e-06_4.35288733235165e-06_4.35288733235165e-06
1016,10250,95-37-4-2-1,5.59656942730927e-06_5.59656942730927e-06_5.59656942730927e-06_5.59656942730927e-06_5.59656942730927e-06
1016,10251,126-29-2-2-1,6.84025152226688e-06_6.84025152226688e-06_6.84025152226688e-06_6.84025152226688e-06_6.84025152226688e-06
1016,10252,227-41-9-2-1,3.73104628487285e-06_3.73104628487285e-06_3.73104628487285e-06_3.73104628487285e-06_3.73104628487285e-06
1016,10253,44-13-6-2-1,2.23862777092371e-05_2.23862777092371e-05_2.23862777092371e-05_2.23862777092371e-05_2.23862777092371e-05
1016,10254,185-41-9-2-1,3.10920523739404e-06_3.10920523739404e-06_3.10920523739404e-06_3.10920523739404e-06_3.10920523739404e-06
1016,10255,125-30-1-1-1,0.000587017948819994_0.000587017948819994_0.000587017948819994_0.000587017948819994_0.000587017948819994
1016,10256,102-13-6-2-1,2.86046881840252e-05_2.86046881840252e-05_2.86046881840252e-05_2.86046881840252e-05_2.86046881840252e-05
1016,10257,55-22-8-1-1,4.97472837983046e-06_4.97472837983046e-06_4.97472837983046e-06_4.97472837983046e-06_4.97472837983046e-06
1016,10258,39-22-8-1-1,1.80333903768854e-05_1.80333903768854e-05_1.80333903768854e-05_1.80333903768854e-05_1.80333903768854e-05
1016,10259,53-21-4-2-1,9.51416802642576e-05_9.51416802642576e-05_9.51416802642576e-05_9.51416802642576e-05_9.51416802642576e-05
1016,10260,8-7-4-2-1,4.97472837983046e-06_4.97472837983046e-06_4.97472837983046e-06_4.97472837983046e-06_4.97472837983046e-06
1016,10261,168-2-2-2-1,1.86552314243642e-05_1.86552314243642e-05_1.86552314243642e-05_1.86552314243642e-05_1.86552314243642e-05
1016,10262,44-13-6-2-1,5.59656942730927e-06_5.59656942730927e-06_5.59656942730927e-06_5.59656942730927e-06_5.59656942730927e-06
1016,10263,127-30-1-1-1,1.05712978071397e-05_1.05712978071397e-05_1.05712978071397e-05_1.05712978071397e-05_1.05712978071397e-05
1016,10264,204-35-4-2-1,2.05207545668007e-05_2.05207545668007e-05_2.05207545668007e-05_2.05207545668007e-05_2.05207545668007e-05
1016,10265,185-41-9-2-1,4.35288733235165e-06_4.35288733235165e-06_4.35288733235165e-06_4.35288733235165e-06_4.35288733235165e-06
1016,10266,66-29-2-2-1,6.21841047478808e-06_6.21841047478808e-06_6.21841047478808e-06_6.21841047478808e-06_6.21841047478808e-06
1016,10267,199-19-9-2-1,8.0839336172245e-06_8.0839336172245e-06_8.0839336172245e-06_8.0839336172245e-06_8.0839336172245e-06
1016,10268,167-18-4-2-1,6.84025152226688e-06_6.84025152226688e-06_6.84025152226688e-06_6.84025152226688e-06_6.84025152226688e-06
1016,10269,55-22-8-1-1,3.73104628487285e-06_3.73104628487285e-06_3.73104628487285e-06_3.73104628487285e-06_3.73104628487285e-06
1016,10270,34-19-9-2-1,2.48736418991523e-06_2.48736418991523e-06_2.48736418991523e-06_2.48736418991523e-06_2.48736418991523e-06
1016,10271,57-7-4-2-1,3.10920523739404e-06_3.10920523739404e-06_3.10920523739404e-06_3.10920523739404e-06_3.10920523739404e-06
1016,10272,8-7-4-2-1,1.18149799020973e-05_1.18149799020973e-05_1.18149799020973e-05_1.18149799020973e-05_1.18149799020973e-05
1016,10273,161-36-10-1-1,3.10920523739404e-06_3.10920523739404e-06_3.10920523739404e-06_3.10920523739404e-06_3.10920523739404e-06
1016,10274,79-32-10-1-1,7.46209256974569e-06_7.46209256974569e-06_7.46209256974569e-06_7.46209256974569e-06_7.46209256974569e-06
1016,10275,153-18-4-2-1,4.10415091336013e-05_4.10415091336013e-05_4.10415091336013e-05_4.10415091336013e-05_4.10415091336013e-05
1016,10276,69-29-2-2-1,3.66886218012497e-05_3.66886218012497e-05_3.66886218012497e-05_3.66886218012497e-05_3.66886218012497e-05
1016,10277,167-18-4-2-1,1.49241851394914e-05_1.49241851394914e-05_1.49241851394914e-05_1.49241851394914e-05_1.49241851394914e-05
1016,10278,135-41-9-2-1,3.73104628487285e-05_3.73104628487285e-05_3.73104628487285e-05_3.73104628487285e-05_3.73104628487285e-05
1016,10279,220-22-8-1-1,6.84025152226688e-06_6.84025152226688e-06_6.84025152226688e-06_6.84025152226688e-06_6.84025152226688e-06
1016,10280,47-22-8-1-1,1.18149799020973e-05_1.18149799020973e-05_1.18149799020973e-05_1.18149799020973e-05_1.18149799020973e-05
1016,10281,25-10-2-2-1,2.42518008516735e-05_2.42518008516735e-05_2.42518008516735e-05_2.42518008516735e-05_2.42518008516735e-05
1016,10282,172-40-4-2-1,3.73104628487285e-06_3.73104628487285e-06_3.73104628487285e-06_3.73104628487285e-06_3.73104628487285e-06
1016,10283,25-10-2-2-1,6.21841047478808e-06_6.21841047478808e-06_6.21841047478808e-06_6.21841047478808e-06_6.21841047478808e-06
1016,10284,45-5-5-1-1,5.59656942730927e-06_5.59656942730927e-06_5.59656942730927e-06_5.59656942730927e-06_5.59656942730927e-06
1016,10285,47-22-8-1-1,4.35288733235165e-06_4.35288733235165e-06_4.35288733235165e-06_4.35288733235165e-06_4.35288733235165e-06
1016,10286,160-30-1-1-1,4.97472837983046e-06_4.97472837983046e-06_4.97472837983046e-06_4.97472837983046e-06_4.97472837983046e-06
1016,10287,88-35-4-2-1,1.86552314243642e-05_1.86552314243642e-05_1.86552314243642e-05_1.86552314243642e-05_1.86552314243642e-05
1016,10288,55-22-8-1-1,4.35288733235165e-06_4.35288733235165e-06_4.35288733235165e-06_4.35288733235165e-06_4.35288733235165e-06
1016,10289,212-41-9-2-1,1.55460261869702e-05_1.55460261869702e-05_1.55460261869702e-05_1.55460261869702e-05_1.55460261869702e-05
1016,10290,212-41-9-2-1,3.73104628487285e-06_3.73104628487285e-06_3.73104628487285e-06_3.73104628487285e-06_3.73104628487285e-06
1016,10291,172-40-4-2-1,4.35288733235165e-06_4.35288733235165e-06_4.35288733235165e-06_4.35288733235165e-06_4.35288733235165e-06
1016,10292,177-7-4-2-1,8.0839336172245e-06_8.0839336172245e-06_8.0839336172245e-06_8.0839336172245e-06_8.0839336172245e-06
1016,10293,136-26-4-2-1,1.43023440920126e-05_1.43023440920126e-05_1.43023440920126e-05_1.43023440920126e-05_1.43023440920126e-05
1016,10294,129-21-4-2-1,3.48230986588132e-05_3.48230986588132e-05_3.48230986588132e-05_3.48230986588132e-05_3.48230986588132e-05
1016,10295,102-13-6-2-1,1.24368209495762e-05_1.24368209495762e-05_1.24368209495762e-05_1.24368209495762e-05_1.24368209495762e-05
1016,10296,126-29-2-2-1,3.42012576113344e-05_3.42012576113344e-05_3.42012576113344e-05_3.42012576113344e-05_3.42012576113344e-05
1016,10297,222-35-4-2-1,1.6167867234449e-05_1.6167867234449e-05_1.6167867234449e-05_1.6167867234449e-05_1.6167867234449e-05
1016,10298,65-1-1-1-1,3.5444939706292e-05_3.5444939706292e-05_3.5444939706292e-05_3.5444939706292e-05_3.5444939706292e-05
1016,10299,222-35-4-2-1,6.59151510327536e-05_6.59151510327536e-05_6.59151510327536e-05_6.59151510327536e-05_6.59151510327536e-05
1016,10300,75-1-1-1-1,1.80333903768854e-05_1.80333903768854e-05_1.80333903768854e-05_1.80333903768854e-05_1.80333903768854e-05
1016,10301,109-28-5-1-1,5.59656942730927e-06_5.59656942730927e-06_5.59656942730927e-06_5.59656942730927e-06_5.59656942730927e-06
1016,10302,204-35-4-2-1,8.0839336172245e-06_8.0839336172245e-06_8.0839336172245e-06_8.0839336172245e-06_8.0839336172245e-06
1016,10303,145-25-8-1-1,1.98989135193218e-05_1.98989135193218e-05_1.98989135193218e-05_1.98989135193218e-05_1.98989135193218e-05
1016,10304,54-26-4-2-1,8.64359055995543e-05_8.64359055995543e-05_8.64359055995543e-05_8.64359055995543e-05_8.64359055995543e-05
1016,10305,35-20-9-2-1,1.6167867234449e-05_1.6167867234449e-05_1.6167867234449e-05_1.6167867234449e-05_1.6167867234449e-05
1016,10306,126-29-2-2-1,1.11931388546185e-05_1.11931388546185e-05_1.11931388546185e-05_1.11931388546185e-05_1.11931388546185e-05
1016,10307,222-35-4-2-1,2.30081187567159e-05_2.30081187567159e-05_2.30081187567159e-05_2.30081187567159e-05_2.30081187567159e-05
1016,10308,76-4-4-2-1,4.97472837983046e-06_4.97472837983046e-06_4.97472837983046e-06_4.97472837983046e-06_4.97472837983046e-06
1016,10309,227-41-9-2-1,1.05712978071397e-05_1.05712978071397e-05_1.05712978071397e-05_1.05712978071397e-05_1.05712978071397e-05
1016,10310,25-10-2-2-1,9.32761571218212e-06_9.32761571218212e-06_9.32761571218212e-06_9.32761571218212e-06_9.32761571218212e-06
1016,10311,75-1-1-1-1,7.02680383651053e-05_7.02680383651053e-05_7.02680383651053e-05_7.02680383651053e-05_7.02680383651053e-05
1016,10312,109-28-5-1-1,6.21841047478808e-06_6.21841047478808e-06_6.21841047478808e-06_6.21841047478808e-06_6.21841047478808e-06
1016,10313,37-11-4-2-1,4.5394396465953e-05_4.5394396465953e-05_4.5394396465953e-05_4.5394396465953e-05_4.5394396465953e-05
1016,10314,218-7-4-2-1,4.97472837983046e-06_4.97472837983046e-06_4.97472837983046e-06_4.97472837983046e-06_4.97472837983046e-06
1016,10315,75-1-1-1-1,1.43023440920126e-05_1.43023440920126e-05_1.43023440920126e-05_1.43023440920126e-05_1.43023440920126e-05
1016,10316,222-35-4-2-1,3.42012576113344e-05_3.42012576113344e-05_3.42012576113344e-05_3.42012576113344e-05_3.42012576113344e-05
1016,10317,222-35-4-2-1,1.6167867234449e-05_1.6167867234449e-05_1.6167867234449e-05_1.6167867234449e-05_1.6167867234449e-05
1016,10318,75-1-1-1-1,4.8503601703347e-05_4.8503601703347e-05_4.8503601703347e-05_4.8503601703347e-05_4.8503601703347e-05
1016,10319,103-13-6-2-1,0.000233190392804553_0.000233190392804553_0.000233190392804553_0.000233190392804553_0.000233190392804553
1016,10320,167-18-4-2-1,1.18149799020973e-05_1.18149799020973e-05_1.18149799020973e-05_1.18149799020973e-05_1.18149799020973e-05
1016,10321,58-13-6-2-1,4.22851912285589e-05_4.22851912285589e-05_4.22851912285589e-05_4.22851912285589e-05_4.22851912285589e-05
1016,10322,103-13-6-2-1,2.9226529231504e-05_2.9226529231504e-05_2.9226529231504e-05_2.9226529231504e-05_2.9226529231504e-05
1016,10323,76-4-4-2-1,4.97472837983046e-06_4.97472837983046e-06_4.97472837983046e-06_4.97472837983046e-06_4.97472837983046e-06
1016,10324,77-28-5-1-1,2.73610060890675e-05_2.73610060890675e-05_2.73610060890675e-05_2.73610060890675e-05_2.73610060890675e-05
1016,10325,235-34-11-1-1,1.6167867234449e-05_1.6167867234449e-05_1.6167867234449e-05_1.6167867234449e-05_1.6167867234449e-05
1016,10326,32-18-4-2-1,1.43023440920126e-05_1.43023440920126e-05_1.43023440920126e-05_1.43023440920126e-05_1.43023440920126e-05
1016,10328,18-12-8-1-1,2.9226529231504e-05_2.9226529231504e-05_2.9226529231504e-05_2.9226529231504e-05_2.9226529231504e-05
1016,10329,185-41-9-2-1,4.35288733235165e-06_4.35288733235165e-06_4.35288733235165e-06_4.35288733235165e-06_4.35288733235165e-06
1016,10330,91-33-5-1-1,9.38979981693e-05_9.38979981693e-05_9.38979981693e-05_9.38979981693e-05_9.38979981693e-05
1016,10331,18-12-8-1-1,8.0839336172245e-06_8.0839336172245e-06_8.0839336172245e-06_8.0839336172245e-06_8.0839336172245e-06
1016,10332,185-41-9-2-1,3.73104628487285e-06_3.73104628487285e-06_3.73104628487285e-06_3.73104628487285e-06_3.73104628487285e-06
1016,10333,177-7-4-2-1,7.46209256974569e-06_7.46209256974569e-06_7.46209256974569e-06_7.46209256974569e-06_7.46209256974569e-06
1016,10335,17-11-4-2-1,4.97472837983046e-06_4.97472837983046e-06_4.97472837983046e-06_4.97472837983046e-06_4.97472837983046e-06
1016,10336,5-5-5-1-1,3.73104628487285e-06_3.73104628487285e-06_3.73104628487285e-06_3.73104628487285e-06_3.73104628487285e-06
1016,10337,51-22-8-1-1,9.94945675966092e-06_9.94945675966092e-06_9.94945675966092e-06_9.94945675966092e-06_9.94945675966092e-06
1016,10338,70-27-8-1-1,7.46209256974569e-06_7.46209256974569e-06_7.46209256974569e-06_7.46209256974569e-06_7.46209256974569e-06
1016,10339,8-7-4-2-1,1.05712978071397e-05_1.05712978071397e-05_1.05712978071397e-05_1.05712978071397e-05_1.05712978071397e-05
1016,10340,227-41-9-2-1,4.35288733235165e-06_4.35288733235165e-06_4.35288733235165e-06_4.35288733235165e-06_4.35288733235165e-06
1016,10341,200-15-9-2-1,4.97472837983046e-06_4.97472837983046e-06_4.97472837983046e-06_4.97472837983046e-06_4.97472837983046e-06
1016,10342,8-7-4-2-1,3.10920523739404e-06_3.10920523739404e-06_3.10920523739404e-06_3.10920523739404e-06_3.10920523739404e-06
1016,10343,172-40-4-2-1,8.70577466470331e-06_8.70577466470331e-06_8.70577466470331e-06_8.70577466470331e-06_8.70577466470331e-06
1016,10344,61-13-6-2-1,6.778067417519e-05_6.778067417519e-05_6.778067417519e-05_6.778067417519e-05_6.778067417519e-05
1016,10345,68-30-1-1-1,1.49241851394914e-05_1.49241851394914e-05_1.49241851394914e-05_1.49241851394914e-05_1.49241851394914e-05
1016,10346,35-20-9-2-1,6.1562263700402e-05_6.1562263700402e-05_6.1562263700402e-05_6.1562263700402e-05_6.1562263700402e-05
1016,10347,4-4-4-2-1,4.97472837983046e-06_4.97472837983046e-06_4.97472837983046e-06_4.97472837983046e-06_4.97472837983046e-06
1016,10348,70-27-8-1-1,1.3058661997055e-05_1.3058661997055e-05_1.3058661997055e-05_1.3058661997055e-05_1.3058661997055e-05
1016,10349,57-7-4-2-1,2.48736418991523e-05_2.48736418991523e-05_2.48736418991523e-05_2.48736418991523e-05_2.48736418991523e-05
1016,10350,167-18-4-2-1,1.18149799020973e-05_1.18149799020973e-05_1.18149799020973e-05_1.18149799020973e-05_1.18149799020973e-05
1016,10351,209-35-4-2-1,1.24368209495762e-05_1.24368209495762e-05_1.24368209495762e-05_1.24368209495762e-05_1.24368209495762e-05
1016,10352,112-14-4-2-1,5.59656942730927e-06_5.59656942730927e-06_5.59656942730927e-06_5.59656942730927e-06_5.59656942730927e-06
1016,10353,175-20-9-2-1,9.32761571218212e-06_9.32761571218212e-06_9.32761571218212e-06_9.32761571218212e-06_9.32761571218212e-06
1016,10354,202-37-4-2-1,5.59656942730927e-06_5.59656942730927e-06_5.59656942730927e-06_5.59656942730927e-06_5.59656942730927e-06
1016,10355,49-22-8-1-1,1.24368209495762e-05_1.24368209495762e-05_1.24368209495762e-05_1.24368209495762e-05_1.24368209495762e-05
1016,10356,237-44-12-1-1,4.97472837983046e-06_4.97472837983046e-06_4.97472837983046e-06_4.97472837983046e-06_4.97472837983046e-06
1016,10357,45-5-5-1-1,2.05207545668007e-05_2.05207545668007e-05_2.05207545668007e-05_2.05207545668007e-05_2.05207545668007e-05
1016,10358,194-31-9-2-1,4.35288733235165e-06_4.35288733235165e-06_4.35288733235165e-06_4.35288733235165e-06_4.35288733235165e-06
1016,10359,55-22-8-1-1,4.97472837983046e-06_4.97472837983046e-06_4.97472837983046e-06_4.97472837983046e-06_4.97472837983046e-06
1016,10360,163-43-4-2-1,1.36805030445338e-05_1.36805030445338e-05_1.36805030445338e-05_1.36805030445338e-05_1.36805030445338e-05
1016,10361,10-3-3-1-1,0.000154838420822223_0.000154838420822223_0.000154838420822223_0.000154838420822223_0.000154838420822223
1016,10362,153-18-4-2-1,4.35288733235165e-06_4.35288733235165e-06_4.35288733235165e-06_4.35288733235165e-06_4.35288733235165e-06
1016,10363,153-18-4-2-1,8.0839336172245e-06_8.0839336172245e-06_8.0839336172245e-06_8.0839336172245e-06_8.0839336172245e-06
1016,10364,172-40-4-2-1,3.10920523739404e-06_3.10920523739404e-06_3.10920523739404e-06_3.10920523739404e-06_3.10920523739404e-06
1016,10365,35-20-9-2-1,0.000144267123015083_0.000144267123015083_0.000144267123015083_0.000144267123015083_0.000144267123015083
1016,10366,167-18-4-2-1,5.59656942730927e-06_5.59656942730927e-06_5.59656942730927e-06_5.59656942730927e-06_5.59656942730927e-06
1016,10367,71-29-2-2-1,3.10920523739404e-06_3.10920523739404e-06_3.10920523739404e-06_3.10920523739404e-06_3.10920523739404e-06
1016,10368,35-20-9-2-1,1.55460261869702e-05_1.55460261869702e-05_1.55460261869702e-05_1.55460261869702e-05_1.55460261869702e-05
1016,10369,122-16-2-2-1,2.30081187567159e-05_2.30081187567159e-05_2.30081187567159e-05_2.30081187567159e-05_2.30081187567159e-05
1016,10370,172-40-4-2-1,3.10920523739404e-06_3.10920523739404e-06_3.10920523739404e-06_3.10920523739404e-06_3.10920523739404e-06
1016,10371,122-16-2-2-1,6.34277868428384e-05_6.34277868428384e-05_6.34277868428384e-05_6.34277868428384e-05_6.34277868428384e-05
1016,10372,36-6-6-2-1,6.28059457953596e-05_6.28059457953596e-05_6.28059457953596e-05_6.28059457953596e-05_6.28059457953596e-05
1016,10373,225-31-9-2-1,2.30081187567159e-05_2.30081187567159e-05_2.30081187567159e-05_2.30081187567159e-05_2.30081187567159e-05
1016,10374,5-5-5-1-1,9.63853623592152e-05_9.63853623592152e-05_9.63853623592152e-05_9.63853623592152e-05_9.63853623592152e-05
1016,10375,45-5-5-1-1,8.27048593146814e-05_8.27048593146814e-05_8.27048593146814e-05_8.27048593146814e-05_8.27048593146814e-05
1016,10376,159-4-4-2-1,5.78312174155291e-05_5.78312174155291e-05_5.78312174155291e-05_5.78312174155291e-05_5.78312174155291e-05
1016,10377,124-29-2-2-1,0.000154838420822223_0.000154838420822223_0.000154838420822223_0.000154838420822223_0.000154838420822223
1016,10378,185-41-9-2-1,3.73104628487285e-06_3.73104628487285e-06_3.73104628487285e-06_3.73104628487285e-06_3.73104628487285e-06
1016,10379,133-12-8-1-1,4.10415091336013e-05_4.10415091336013e-05_4.10415091336013e-05_4.10415091336013e-05_4.10415091336013e-05
1016,10380,133-12-8-1-1,5.59656942730927e-06_5.59656942730927e-06_5.59656942730927e-06_5.59656942730927e-06_5.59656942730927e-06
1016,10381,133-12-8-1-1,5.59656942730927e-06_5.59656942730927e-06_5.59656942730927e-06_5.59656942730927e-06_5.59656942730927e-06
1016,10382,10-3-3-1-1,1.86552314243642e-05_1.86552314243642e-05_1.86552314243642e-05_1.86552314243642e-05_1.86552314243642e-05
1016,10383,153-18-4-2-1,1.18149799020973e-05_1.18149799020973e-05_1.18149799020973e-05_1.18149799020973e-05_1.18149799020973e-05
1016,10384,36-6-6-2-1,0.000664748079754845_0.000664748079754845_0.000664748079754845_0.000664748079754845_0.000664748079754845
1016,10385,222-35-4-2-1,5.78312174155291e-05_5.78312174155291e-05_5.78312174155291e-05_5.78312174155291e-05_5.78312174155291e-05
1016,10386,92-2-2-2-1,0.000592614518247304_0.000592614518247304_0.000592614518247304_0.000592614518247304_0.000592614518247304
1016,10387,204-35-4-2-1,1.36805030445338e-05_1.36805030445338e-05_1.36805030445338e-05_1.36805030445338e-05_1.36805030445338e-05
1016,10388,95-37-4-2-1,4.35288733235165e-06_4.35288733235165e-06_4.35288733235165e-06_4.35288733235165e-06_4.35288733235165e-06
1016,10389,199-19-9-2-1,8.20830182672026e-05_8.20830182672026e-05_8.20830182672026e-05_8.20830182672026e-05_8.20830182672026e-05
1016,10390,71-29-2-2-1,6.21841047478808e-06_6.21841047478808e-06_6.21841047478808e-06_6.21841047478808e-06_6.21841047478808e-06
1016,10391,195-37-4-2-1,7.52427667449357e-05_7.52427667449357e-05_7.52427667449357e-05_7.52427667449357e-05_7.52427667449357e-05
1016,10392,8-7-4-2-1,6.84025152226688e-06_6.84025152226688e-06_6.84025152226688e-06_6.84025152226688e-06_6.84025152226688e-06
1016,10393,26-15-9-2-1,7.46209256974569e-06_7.46209256974569e-06_7.46209256974569e-06_7.46209256974569e-06_7.46209256974569e-06
1016,10394,45-5-5-1-1,5.59656942730927e-06_5.59656942730927e-06_5.59656942730927e-06_5.59656942730927e-06_5.59656942730927e-06
1016,10395,63-27-8-1-1,0.000124368209495762_0.000124368209495762_0.000124368209495762_0.000124368209495762_0.000124368209495762
1016,10396,63-27-8-1-1,0.000263660604131014_0.000263660604131014_0.000263660604131014_0.000263660604131014_0.000263660604131014
1016,10397,234-24-7-1-1,0.000113175070641143_0.000113175070641143_0.000113175070641143_0.000113175070641143_0.000113175070641143
1016,10398,116-36-10-1-1,2.23862777092371e-05_2.23862777092371e-05_2.23862777092371e-05_2.23862777092371e-05_2.23862777092371e-05
1016,10399,70-27-8-1-1,7.46209256974569e-06_7.46209256974569e-06_7.46209256974569e-06_7.46209256974569e-06_7.46209256974569e-06
1016,10400,191-37-4-2-1,7.46209256974569e-06_7.46209256974569e-06_7.46209256974569e-06_7.46209256974569e-06_7.46209256974569e-06
1016,10401,32-18-4-2-1,4.97472837983046e-06_4.97472837983046e-06_4.97472837983046e-06_4.97472837983046e-06_4.97472837983046e-06
1016,10402,75-1-1-1-1,1.24368209495762e-05_1.24368209495762e-05_1.24368209495762e-05_1.24368209495762e-05_1.24368209495762e-05
1016,10403,77-28-5-1-1,1.05712978071397e-05_1.05712978071397e-05_1.05712978071397e-05_1.05712978071397e-05_1.05712978071397e-05
1016,10404,4-4-4-2-1,1.86552314243642e-06_1.86552314243642e-06_1.86552314243642e-06_1.86552314243642e-06_1.86552314243642e-06
1016,10405,125-30-1-1-1,0.000131830302065507_0.000131830302065507_0.000131830302065507_0.000131830302065507_0.000131830302065507
1016,10406,68-30-1-1-1,1.9277072471843e-05_1.9277072471843e-05_1.9277072471843e-05_1.9277072471843e-05_1.9277072471843e-05
1016,10407,119-6-6-2-1,0.000225106459187328_0.000225106459187328_0.000225106459187328_0.000225106459187328_0.000225106459187328
1016,10408,140-42-12-1-1,8.70577466470331e-06_8.70577466470331e-06_8.70577466470331e-06_8.70577466470331e-06_8.70577466470331e-06
1016,10409,156-37-4-2-1,3.10920523739404e-06_3.10920523739404e-06_3.10920523739404e-06_3.10920523739404e-06_3.10920523739404e-06
1016,10410,1-1-1-1-1,2.48736418991523e-06_2.48736418991523e-06_2.48736418991523e-06_2.48736418991523e-06_2.48736418991523e-06
1016,10411,126-29-2-2-1,3.10920523739404e-06_3.10920523739404e-06_3.10920523739404e-06_3.10920523739404e-06_3.10920523739404e-06
1016,10412,178-44-12-1-1,1.11931388546185e-05_1.11931388546185e-05_1.11931388546185e-05_1.11931388546185e-05_1.11931388546185e-05
1016,10413,234-24-7-1-1,5.72093763680503e-05_5.72093763680503e-05_5.72093763680503e-05_5.72093763680503e-05_5.72093763680503e-05
1016,10414,126-29-2-2-1,4.97472837983046e-06_4.97472837983046e-06_4.97472837983046e-06_4.97472837983046e-06_4.97472837983046e-06
1016,10415,140-42-12-1-1,3.73104628487285e-06_3.73104628487285e-06_3.73104628487285e-06_3.73104628487285e-06_3.73104628487285e-06
1016,10416,140-42-12-1-1,4.97472837983046e-06_4.97472837983046e-06_4.97472837983046e-06_4.97472837983046e-06_4.97472837983046e-06
1016,10417,75-1-1-1-1,3.10920523739404e-06_3.10920523739404e-06_3.10920523739404e-06_3.10920523739404e-06_3.10920523739404e-06
1016,10418,134-29-2-2-1,3.10920523739404e-06_3.10920523739404e-06_3.10920523739404e-06_3.10920523739404e-06_3.10920523739404e-06
1016,10419,122-16-2-2-1,3.73104628487285e-06_3.73104628487285e-06_3.73104628487285e-06_3.73104628487285e-06_3.73104628487285e-06
1016,10421,130-12-8-1-1,5.22346479882198e-05_5.22346479882198e-05_5.22346479882198e-05_5.22346479882198e-05_5.22346479882198e-05
1016,10422,218-7-4-2-1,2.48736418991523e-06_2.48736418991523e-06_2.48736418991523e-06_2.48736418991523e-06_2.48736418991523e-06
1016,10423,172-40-4-2-1,3.73104628487285e-06_3.73104628487285e-06_3.73104628487285e-06_3.73104628487285e-06_3.73104628487285e-06
1016,10424,160-30-1-1-1,7.02680383651053e-05_7.02680383651053e-05_7.02680383651053e-05_7.02680383651053e-05_7.02680383651053e-05
1016,10425,160-30-1-1-1,3.85541449436861e-05_3.85541449436861e-05_3.85541449436861e-05_3.85541449436861e-05_3.85541449436861e-05
1016,10426,185-41-9-2-1,4.35288733235165e-06_4.35288733235165e-06_4.35288733235165e-06_4.35288733235165e-06_4.35288733235165e-06
1016,10427,216-19-9-2-1,1.24368209495762e-05_1.24368209495762e-05_1.24368209495762e-05_1.24368209495762e-05_1.24368209495762e-05
1016,10428,142-42-12-1-1,9.94945675966092e-06_9.94945675966092e-06_9.94945675966092e-06_9.94945675966092e-06_9.94945675966092e-06
1016,10429,212-41-9-2-1,3.10920523739404e-06_3.10920523739404e-06_3.10920523739404e-06_3.10920523739404e-06_3.10920523739404e-06
1016,10430,179-26-4-2-1,3.10920523739404e-06_3.10920523739404e-06_3.10920523739404e-06_3.10920523739404e-06_3.10920523739404e-06
1016,10432,140-42-12-1-1,8.0839336172245e-06_8.0839336172245e-06_8.0839336172245e-06_8.0839336172245e-06_8.0839336172245e-06
1016,10433,153-18-4-2-1,3.73104628487285e-06_3.73104628487285e-06_3.73104628487285e-06_3.73104628487285e-06_3.73104628487285e-06
1016,10434,98-27-8-1-1,7.46209256974569e-06_7.46209256974569e-06_7.46209256974569e-06_7.46209256974569e-06_7.46209256974569e-06
1016,10435,126-29-2-2-1,2.98483702789828e-05_2.98483702789828e-05_2.98483702789828e-05_2.98483702789828e-05_2.98483702789828e-05
1016,10436,172-40-4-2-1,3.73104628487285e-06_3.73104628487285e-06_3.73104628487285e-06_3.73104628487285e-06_3.73104628487285e-06
1016,10437,142-42-12-1-1,4.97472837983046e-06_4.97472837983046e-06_4.97472837983046e-06_4.97472837983046e-06_4.97472837983046e-06
1016,10438,152-32-10-1-1,6.03185816054443e-05_6.03185816054443e-05_6.03185816054443e-05_6.03185816054443e-05_6.03185816054443e-05
1016,10439,55-22-8-1-1,3.73104628487285e-06_3.73104628487285e-06_3.73104628487285e-06_3.73104628487285e-06_3.73104628487285e-06
1016,10440,212-41-9-2-1,7.08898794125841e-05_7.08898794125841e-05_7.08898794125841e-05_7.08898794125841e-05_7.08898794125841e-05
1016,10441,199-19-9-2-1,4.97472837983046e-06_4.97472837983046e-06_4.97472837983046e-06_4.97472837983046e-06_4.97472837983046e-06
1016,10442,212-41-9-2-1,3.10920523739404e-06_3.10920523739404e-06_3.10920523739404e-06_3.10920523739404e-06_3.10920523739404e-06
1016,10443,186-15-9-2-1,4.35288733235165e-06_4.35288733235165e-06_4.35288733235165e-06_4.35288733235165e-06_4.35288733235165e-06
1016,10444,8-7-4-2-1,8.70577466470331e-06_8.70577466470331e-06_8.70577466470331e-06_8.70577466470331e-06_8.70577466470331e-06
1016,10445,152-32-10-1-1,3.73104628487285e-06_3.73104628487285e-06_3.73104628487285e-06_3.73104628487285e-06_3.73104628487285e-06
1016,10446,112-14-4-2-1,7.46209256974569e-06_7.46209256974569e-06_7.46209256974569e-06_7.46209256974569e-06_7.46209256974569e-06
1016,10447,84-2-2-2-1,9.38979981693e-05_9.38979981693e-05_9.38979981693e-05_9.38979981693e-05_9.38979981693e-05
1016,10448,8-7-4-2-1,3.73104628487285e-06_3.73104628487285e-06_3.73104628487285e-06_3.73104628487285e-06_3.73104628487285e-06
1016,10449,186-15-9-2-1,2.48736418991523e-06_2.48736418991523e-06_2.48736418991523e-06_2.48736418991523e-06_2.48736418991523e-06
1016,10450,142-42-12-1-1,0.00110812074660724_0.00110812074660724_0.00110812074660724_0.00110812074660724_0.00110812074660724
1016,10451,201-17-10-1-1,6.4671468937796e-05_6.4671468937796e-05_6.4671468937796e-05_6.4671468937796e-05_6.4671468937796e-05
1016,10452,199-19-9-2-1,0.000119393481115931_0.000119393481115931_0.000119393481115931_0.000119393481115931_0.000119393481115931
1016,10453,98-27-8-1-1,1.67897082819278e-05_1.67897082819278e-05_1.67897082819278e-05_1.67897082819278e-05_1.67897082819278e-05
1016,10454,66-29-2-2-1,1.86552314243642e-06_1.86552314243642e-06_1.86552314243642e-06_1.86552314243642e-06_1.86552314243642e-06
1016,10455,151-19-9-2-1,1.24368209495762e-05_1.24368209495762e-05_1.24368209495762e-05_1.24368209495762e-05_1.24368209495762e-05
1016,10456,172-40-4-2-1,8.0839336172245e-06_8.0839336172245e-06_8.0839336172245e-06_8.0839336172245e-06_8.0839336172245e-06
1016,10457,185-41-9-2-1,3.10920523739404e-06_3.10920523739404e-06_3.10920523739404e-06_3.10920523739404e-06_3.10920523739404e-06
1016,10458,49-22-8-1-1,9.94945675966092e-06_9.94945675966092e-06_9.94945675966092e-06_9.94945675966092e-06_9.94945675966092e-06
1016,10459,49-22-8-1-1,8.0839336172245e-06_8.0839336172245e-06_8.0839336172245e-06_8.0839336172245e-06_8.0839336172245e-06
1016,10460,76-4-4-2-1,8.0839336172245e-06_8.0839336172245e-06_8.0839336172245e-06_8.0839336172245e-06_8.0839336172245e-06
1016,10461,225-31-9-2-1,3.73104628487285e-06_3.73104628487285e-06_3.73104628487285e-06_3.73104628487285e-06_3.73104628487285e-06
1016,10462,70-27-8-1-1,7.46209256974569e-06_7.46209256974569e-06_7.46209256974569e-06_7.46209256974569e-06_7.46209256974569e-06
1016,10463,112-14-4-2-1,6.21841047478808e-06_6.21841047478808e-06_6.21841047478808e-06_6.21841047478808e-06_6.21841047478808e-06
1016,10464,152-32-10-1-1,5.28564890356987e-05_5.28564890356987e-05_5.28564890356987e-05_5.28564890356987e-05_5.28564890356987e-05
1016,10465,18-12-8-1-1,3.2335734468898e-05_3.2335734468898e-05_3.2335734468898e-05_3.2335734468898e-05_3.2335734468898e-05
1016,10466,63-27-8-1-1,5.59656942730927e-06_5.59656942730927e-06_5.59656942730927e-06_5.59656942730927e-06_5.59656942730927e-06
1016,10467,75-1-1-1-1,3.73104628487285e-06_3.73104628487285e-06_3.73104628487285e-06_3.73104628487285e-06_3.73104628487285e-06
1016,10468,185-41-9-2-1,4.35288733235165e-06_4.35288733235165e-06_4.35288733235165e-06_4.35288733235165e-06_4.35288733235165e-06
1016,10469,196-14-4-2-1,4.35288733235165e-06_4.35288733235165e-06_4.35288733235165e-06_4.35288733235165e-06_4.35288733235165e-06
1016,10470,147-11-4-2-1,4.35288733235165e-06_4.35288733235165e-06_4.35288733235165e-06_4.35288733235165e-06_4.35288733235165e-06
1016,10471,212-41-9-2-1,5.59656942730927e-06_5.59656942730927e-06_5.59656942730927e-06_5.59656942730927e-06_5.59656942730927e-06
1016,10472,127-30-1-1-1,4.16633501810801e-05_4.16633501810801e-05_4.16633501810801e-05_4.16633501810801e-05_4.16633501810801e-05
1016,10473,172-40-4-2-1,3.10920523739404e-06_3.10920523739404e-06_3.10920523739404e-06_3.10920523739404e-06_3.10920523739404e-06
1016,10474,167-18-4-2-1,6.84025152226688e-06_6.84025152226688e-06_6.84025152226688e-06_6.84025152226688e-06_6.84025152226688e-06
1016,10475,203-11-4-2-1,8.70577466470331e-06_8.70577466470331e-06_8.70577466470331e-06_8.70577466470331e-06_8.70577466470331e-06
1016,10476,8-7-4-2-1,3.10920523739404e-06_3.10920523739404e-06_3.10920523739404e-06_3.10920523739404e-06_3.10920523739404e-06
1016,10477,34-19-9-2-1,5.59656942730927e-06_5.59656942730927e-06_5.59656942730927e-06_5.59656942730927e-06_5.59656942730927e-06
1016,10478,203-11-4-2-1,1.05712978071397e-05_1.05712978071397e-05_1.05712978071397e-05_1.05712978071397e-05_1.05712978071397e-05
1016,10480,128-7-4-2-1,8.0839336172245e-06_8.0839336172245e-06_8.0839336172245e-06_8.0839336172245e-06_8.0839336172245e-06
1016,10481,128-7-4-2-1,1.24368209495762e-05_1.24368209495762e-05_1.24368209495762e-05_1.24368209495762e-05_1.24368209495762e-05
1016,10483,63-27-8-1-1,2.48736418991523e-06_2.48736418991523e-06_2.48736418991523e-06_2.48736418991523e-06_2.48736418991523e-06
1016,10484,70-27-8-1-1,1.80333903768854e-05_1.80333903768854e-05_1.80333903768854e-05_1.80333903768854e-05_1.80333903768854e-05
1016,10485,172-40-4-2-1,8.0839336172245e-06_8.0839336172245e-06_8.0839336172245e-06_8.0839336172245e-06_8.0839336172245e-06
1016,10486,26-15-9-2-1,8.70577466470331e-06_8.70577466470331e-06_8.70577466470331e-06_8.70577466470331e-06_8.70577466470331e-06
1016,10487,186-15-9-2-1,6.21841047478808e-06_6.21841047478808e-06_6.21841047478808e-06_6.21841047478808e-06_6.21841047478808e-06
1016,10488,29-17-10-1-1,6.84025152226688e-06_6.84025152226688e-06_6.84025152226688e-06_6.84025152226688e-06_6.84025152226688e-06
1016,10489,140-42-12-1-1,7.46209256974569e-06_7.46209256974569e-06_7.46209256974569e-06_7.46209256974569e-06_7.46209256974569e-06
1016,10490,227-41-9-2-1,2.73610060890675e-05_2.73610060890675e-05_2.73610060890675e-05_2.73610060890675e-05_2.73610060890675e-05
1016,10491,213-15-9-2-1,1.67897082819278e-05_1.67897082819278e-05_1.67897082819278e-05_1.67897082819278e-05_1.67897082819278e-05
1016,10492,35-20-9-2-1,7.46209256974569e-06_7.46209256974569e-06_7.46209256974569e-06_7.46209256974569e-06_7.46209256974569e-06
1016,10493,95-37-4-2-1,1.43023440920126e-05_1.43023440920126e-05_1.43023440920126e-05_1.43023440920126e-05_1.43023440920126e-05
1016,10494,191-37-4-2-1,4.35288733235165e-06_4.35288733235165e-06_4.35288733235165e-06_4.35288733235165e-06_4.35288733235165e-06
1016,10495,149-16-2-2-1,9.94945675966092e-06_9.94945675966092e-06_9.94945675966092e-06_9.94945675966092e-06_9.94945675966092e-06
1016,10496,185-41-9-2-1,5.59656942730927e-06_5.59656942730927e-06_5.59656942730927e-06_5.59656942730927e-06_5.59656942730927e-06
1016,10497,160-30-1-1-1,4.35288733235165e-06_4.35288733235165e-06_4.35288733235165e-06_4.35288733235165e-06_4.35288733235165e-06
1016,10498,160-30-1-1-1,4.97472837983046e-06_4.97472837983046e-06_4.97472837983046e-06_4.97472837983046e-06_4.97472837983046e-06
1016,10499,185-41-9-2-1,7.46209256974569e-06_7.46209256974569e-06_7.46209256974569e-06_7.46209256974569e-06_7.46209256974569e-06
1016,10500,160-30-1-1-1,1.98989135193218e-05_1.98989135193218e-05_1.98989135193218e-05_1.98989135193218e-05_1.98989135193218e-05
1016,10501,160-30-1-1-1,1.3058661997055e-05_1.3058661997055e-05_1.3058661997055e-05_1.3058661997055e-05_1.3058661997055e-05
1016,10502,153-18-4-2-1,1.55460261869702e-05_1.55460261869702e-05_1.55460261869702e-05_1.55460261869702e-05_1.55460261869702e-05
1016,10503,153-18-4-2-1,5.59656942730927e-06_5.59656942730927e-06_5.59656942730927e-06_5.59656942730927e-06_5.59656942730927e-06
1016,10504,75-1-1-1-1,0.000101360090739046_0.000101360090739046_0.000101360090739046_0.000101360090739046_0.000101360090739046
1016,10506,209-35-4-2-1,6.84025152226688e-06_6.84025152226688e-06_6.84025152226688e-06_6.84025152226688e-06_6.84025152226688e-06
1016,10507,163-43-4-2-1,2.48736418991523e-06_2.48736418991523e-06_2.48736418991523e-06_2.48736418991523e-06_2.48736418991523e-06
1016,10508,141-42-12-1-1,1.05712978071397e-05_1.05712978071397e-05_1.05712978071397e-05_1.05712978071397e-05_1.05712978071397e-05
1016,10509,140-42-12-1-1,6.84025152226688e-06_6.84025152226688e-06_6.84025152226688e-06_6.84025152226688e-06_6.84025152226688e-06
1016,10510,8-7-4-2-1,2.48736418991523e-06_2.48736418991523e-06_2.48736418991523e-06_2.48736418991523e-06_2.48736418991523e-06
1016,10511,191-37-4-2-1,5.59656942730927e-06_5.59656942730927e-06_5.59656942730927e-06_5.59656942730927e-06_5.59656942730927e-06
1016,10512,191-37-4-2-1,4.97472837983046e-06_4.97472837983046e-06_4.97472837983046e-06_4.97472837983046e-06_4.97472837983046e-06
1016,10513,228-17-10-1-1,4.35288733235165e-06_4.35288733235165e-06_4.35288733235165e-06_4.35288733235165e-06_4.35288733235165e-06
1016,10514,47-22-8-1-1,9.32761571218212e-06_9.32761571218212e-06_9.32761571218212e-06_9.32761571218212e-06_9.32761571218212e-06
1016,10515,191-37-4-2-1,3.10920523739404e-06_3.10920523739404e-06_3.10920523739404e-06_3.10920523739404e-06_3.10920523739404e-06
1016,10517,7-4-4-2-1,3.10920523739404e-06_3.10920523739404e-06_3.10920523739404e-06_3.10920523739404e-06_3.10920523739404e-06
1016,10518,53-21-4-2-1,0.00248176762048792_0.00248176762048792_0.00248176762048792_0.00248176762048792_0.00248176762048792
1016,10519,214-26-4-2-1,4.97472837983046e-05_4.97472837983046e-05_4.97472837983046e-05_4.97472837983046e-05_4.97472837983046e-05
1016,10520,179-26-4-2-1,8.0839336172245e-06_8.0839336172245e-06_8.0839336172245e-06_8.0839336172245e-06_8.0839336172245e-06
1016,10521,53-21-4-2-1,0.000623084729573765_0.000623084729573765_0.000623084729573765_0.000623084729573765_0.000623084729573765
1016,10522,214-26-4-2-1,3.97978270386437e-05_3.97978270386437e-05_3.97978270386437e-05_3.97978270386437e-05_3.97978270386437e-05
1016,10523,214-26-4-2-1,6.21841047478808e-06_6.21841047478808e-06_6.21841047478808e-06_6.21841047478808e-06_6.21841047478808e-06
1016,10524,153-18-4-2-1,2.48736418991523e-05_2.48736418991523e-05_2.48736418991523e-05_2.48736418991523e-05_2.48736418991523e-05
1016,10525,8-7-4-2-1,1.11931388546185e-05_1.11931388546185e-05_1.11931388546185e-05_1.11931388546185e-05_1.11931388546185e-05
1016,10526,112-14-4-2-1,4.97472837983046e-06_4.97472837983046e-06_4.97472837983046e-06_4.97472837983046e-06_4.97472837983046e-06
1016,10527,57-7-4-2-1,1.43023440920126e-05_1.43023440920126e-05_1.43023440920126e-05_1.43023440920126e-05_1.43023440920126e-05
1016,10528,126-29-2-2-1,0.000101981931786524_0.000101981931786524_0.000101981931786524_0.000101981931786524_0.000101981931786524
1016,10529,49-22-8-1-1,1.3058661997055e-05_1.3058661997055e-05_1.3058661997055e-05_1.3058661997055e-05_1.3058661997055e-05
1016,10530,32-18-4-2-1,6.84025152226688e-06_6.84025152226688e-06_6.84025152226688e-06_6.84025152226688e-06_6.84025152226688e-06
1016,10531,127-30-1-1-1,9.94945675966092e-06_9.94945675966092e-06_9.94945675966092e-06_9.94945675966092e-06_9.94945675966092e-06
1016,10532,177-7-4-2-1,1.36805030445338e-05_1.36805030445338e-05_1.36805030445338e-05_1.36805030445338e-05_1.36805030445338e-05
1016,10533,37-11-4-2-1,0.000410415091336013_0.000410415091336013_0.000410415091336013_0.000410415091336013_0.000410415091336013
1016,10534,37-11-4-2-1,4.91254427508258e-05_4.91254427508258e-05_4.91254427508258e-05_4.91254427508258e-05_4.91254427508258e-05
1016,10535,37-11-4-2-1,9.01669518844271e-05_9.01669518844271e-05_9.01669518844271e-05_9.01669518844271e-05_9.01669518844271e-05
1016,10536,141-42-12-1-1,4.35288733235165e-06_4.35288733235165e-06_4.35288733235165e-06_4.35288733235165e-06_4.35288733235165e-06
1016,10537,35-20-9-2-1,6.59151510327536e-05_6.59151510327536e-05_6.59151510327536e-05_6.59151510327536e-05_6.59151510327536e-05
1016,10538,177-7-4-2-1,2.9226529231504e-05_2.9226529231504e-05_2.9226529231504e-05_2.9226529231504e-05_2.9226529231504e-05
1016,10539,150-30-1-1-1,0.000105091137023918_0.000105091137023918_0.000105091137023918_0.000105091137023918_0.000105091137023918
1016,10540,227-41-9-2-1,4.97472837983046e-06_4.97472837983046e-06_4.97472837983046e-06_4.97472837983046e-06_4.97472837983046e-06
1016,10541,142-42-12-1-1,6.21841047478808e-06_6.21841047478808e-06_6.21841047478808e-06_6.21841047478808e-06_6.21841047478808e-06
1016,10542,57-7-4-2-1,3.66886218012497e-05_3.66886218012497e-05_3.66886218012497e-05_3.66886218012497e-05_3.66886218012497e-05
1016,10543,163-43-4-2-1,1.86552314243642e-05_1.86552314243642e-05_1.86552314243642e-05_1.86552314243642e-05_1.86552314243642e-05
1016,10544,150-30-1-1-1,2.54954829466311e-05_2.54954829466311e-05_2.54954829466311e-05_2.54954829466311e-05_2.54954829466311e-05
1016,10545,184-31-9-2-1,6.84025152226688e-06_6.84025152226688e-06_6.84025152226688e-06_6.84025152226688e-06_6.84025152226688e-06
1016,10546,153-18-4-2-1,3.10920523739404e-06_3.10920523739404e-06_3.10920523739404e-06_3.10920523739404e-06_3.10920523739404e-06
1016,10547,222-35-4-2-1,4.35288733235165e-06_4.35288733235165e-06_4.35288733235165e-06_4.35288733235165e-06_4.35288733235165e-06
1016,10548,186-15-9-2-1,2.79828471365463e-05_2.79828471365463e-05_2.79828471365463e-05_2.79828471365463e-05_2.79828471365463e-05
1016,10549,140-42-12-1-1,7.46209256974569e-06_7.46209256974569e-06_7.46209256974569e-06_7.46209256974569e-06_7.46209256974569e-06
1016,10550,53-21-4-2-1,6.84025152226688e-06_6.84025152226688e-06_6.84025152226688e-06_6.84025152226688e-06_6.84025152226688e-06
1016,10551,212-41-9-2-1,1.11931388546185e-05_1.11931388546185e-05_1.11931388546185e-05_1.11931388546185e-05_1.11931388546185e-05
1016,10552,172-40-4-2-1,5.59656942730927e-06_5.59656942730927e-06_5.59656942730927e-06_5.59656942730927e-06_5.59656942730927e-06
1016,10553,213-15-9-2-1,8.0839336172245e-06_8.0839336172245e-06_8.0839336172245e-06_8.0839336172245e-06_8.0839336172245e-06
1016,10554,126-29-2-2-1,6.84025152226688e-06_6.84025152226688e-06_6.84025152226688e-06_6.84025152226688e-06_6.84025152226688e-06
1016,10555,77-28-5-1-1,1.36805030445338e-05_1.36805030445338e-05_1.36805030445338e-05_1.36805030445338e-05_1.36805030445338e-05
1016,10556,229-5-5-1-1,8.70577466470331e-05_8.70577466470331e-05_8.70577466470331e-05_8.70577466470331e-05_8.70577466470331e-05
1016,10557,80-11-4-2-1,2.67391650415887e-05_2.67391650415887e-05_2.67391650415887e-05_2.67391650415887e-05_2.67391650415887e-05
1016,10558,172-40-4-2-1,2.48736418991523e-06_2.48736418991523e-06_2.48736418991523e-06_2.48736418991523e-06_2.48736418991523e-06
1016,10559,161-36-10-1-1,6.21841047478808e-06_6.21841047478808e-06_6.21841047478808e-06_6.21841047478808e-06_6.21841047478808e-06
1016,10560,55-22-8-1-1,4.97472837983046e-06_4.97472837983046e-06_4.97472837983046e-06_4.97472837983046e-06_4.97472837983046e-06
1016,10561,202-37-4-2-1,0.000236921439089426_0.000236921439089426_0.000236921439089426_0.000236921439089426_0.000236921439089426
1016,10562,202-37-4-2-1,4.5394396465953e-05_4.5394396465953e-05_4.5394396465953e-05_4.5394396465953e-05_4.5394396465953e-05
1016,10563,225-31-9-2-1,4.04196680861225e-05_4.04196680861225e-05_4.04196680861225e-05_4.04196680861225e-05_4.04196680861225e-05
1016,10564,213-15-9-2-1,5.59656942730927e-06_5.59656942730927e-06_5.59656942730927e-06_5.59656942730927e-06_5.59656942730927e-06
1016,10565,18-12-8-1-1,8.70577466470331e-06_8.70577466470331e-06_8.70577466470331e-06_8.70577466470331e-06_8.70577466470331e-06
1016,10566,142-42-12-1-1,4.97472837983046e-06_4.97472837983046e-06_4.97472837983046e-06_4.97472837983046e-06_4.97472837983046e-06
1016,10567,224-39-11-1-1,0.000311542364786883_0.000311542364786883_0.000311542364786883_0.000311542364786883_0.000311542364786883
1016,10568,7-4-4-2-1,3.10920523739404e-06_3.10920523739404e-06_3.10920523739404e-06_3.10920523739404e-06_3.10920523739404e-06
1016,10569,152-32-10-1-1,3.73104628487285e-06_3.73104628487285e-06_3.73104628487285e-06_3.73104628487285e-06_3.73104628487285e-06
1016,10570,196-14-4-2-1,4.97472837983046e-06_4.97472837983046e-06_4.97472837983046e-06_4.97472837983046e-06_4.97472837983046e-06
1016,10571,214-26-4-2-1,3.10920523739404e-06_3.10920523739404e-06_3.10920523739404e-06_3.10920523739404e-06_3.10920523739404e-06
1016,10572,122-16-2-2-1,4.16633501810801e-05_4.16633501810801e-05_4.16633501810801e-05_4.16633501810801e-05_4.16633501810801e-05
1016,10573,57-7-4-2-1,3.73104628487285e-05_3.73104628487285e-05_3.73104628487285e-05_3.73104628487285e-05_3.73104628487285e-05
1016,10574,44-13-6-2-1,6.21841047478808e-06_6.21841047478808e-06_6.21841047478808e-06_6.21841047478808e-06_6.21841047478808e-06
1016,10575,126-29-2-2-1,2.17644366617583e-05_2.17644366617583e-05_2.17644366617583e-05_2.17644366617583e-05_2.17644366617583e-05
1016,10576,57-7-4-2-1,6.84025152226688e-06_6.84025152226688e-06_6.84025152226688e-06_6.84025152226688e-06_6.84025152226688e-06
1016,10577,228-17-10-1-1,4.35288733235165e-06_4.35288733235165e-06_4.35288733235165e-06_4.35288733235165e-06_4.35288733235165e-06
1016,10578,8-7-4-2-1,3.73104628487285e-06_3.73104628487285e-06_3.73104628487285e-06_3.73104628487285e-06_3.73104628487285e-06
1016,10579,125-30-1-1-1,8.3948541409639e-05_8.3948541409639e-05_8.3948541409639e-05_8.3948541409639e-05_8.3948541409639e-05
1016,10580,126-29-2-2-1,8.70577466470331e-06_8.70577466470331e-06_8.70577466470331e-06_8.70577466470331e-06_8.70577466470331e-06
1016,10581,191-37-4-2-1,3.10920523739404e-06_3.10920523739404e-06_3.10920523739404e-06_3.10920523739404e-06_3.10920523739404e-06
1016,10582,130-12-8-1-1,5.59656942730927e-06_5.59656942730927e-06_5.59656942730927e-06_5.59656942730927e-06_5.59656942730927e-06
1016,10583,179-26-4-2-1,4.97472837983046e-06_4.97472837983046e-06_4.97472837983046e-06_4.97472837983046e-06_4.97472837983046e-06
1016,10584,185-41-9-2-1,1.86552314243642e-06_1.86552314243642e-06_1.86552314243642e-06_1.86552314243642e-06_1.86552314243642e-06
1016,10585,199-19-9-2-1,6.21841047478808e-06_6.21841047478808e-06_6.21841047478808e-06_6.21841047478808e-06_6.21841047478808e-06
1016,10586,199-19-9-2-1,3.29575755163768e-05_3.29575755163768e-05_3.29575755163768e-05_3.29575755163768e-05_3.29575755163768e-05
1016,10587,75-1-1-1-1,4.35288733235165e-06_4.35288733235165e-06_4.35288733235165e-06_4.35288733235165e-06_4.35288733235165e-06
1016,10588,216-19-9-2-1,1.11931388546185e-05_1.11931388546185e-05_1.11931388546185e-05_1.11931388546185e-05_1.11931388546185e-05
1016,10589,185-41-9-2-1,3.73104628487285e-06_3.73104628487285e-06_3.73104628487285e-06_3.73104628487285e-06_3.73104628487285e-06
1016,10590,66-29-2-2-1,6.21841047478808e-06_6.21841047478808e-06_6.21841047478808e-06_6.21841047478808e-06_6.21841047478808e-06
1016,10591,8-7-4-2-1,4.97472837983046e-06_4.97472837983046e-06_4.97472837983046e-06_4.97472837983046e-06_4.97472837983046e-06
1016,10592,227-41-9-2-1,5.59656942730927e-06_5.59656942730927e-06_5.59656942730927e-06_5.59656942730927e-06_5.59656942730927e-06
1016,10593,118-36-10-1-1,3.10920523739404e-06_3.10920523739404e-06_3.10920523739404e-06_3.10920523739404e-06_3.10920523739404e-06
1016,10594,84-2-2-2-1,0.000268013491463366_0.000268013491463366_0.000268013491463366_0.000268013491463366_0.000268013491463366
1016,10595,142-42-12-1-1,6.21841047478808e-06_6.21841047478808e-06_6.21841047478808e-06_6.21841047478808e-06_6.21841047478808e-06
1016,10596,35-20-9-2-1,6.21841047478808e-06_6.21841047478808e-06_6.21841047478808e-06_6.21841047478808e-06_6.21841047478808e-06
1016,10597,31-6-6-2-1,9.38979981693e-05_9.38979981693e-05_9.38979981693e-05_9.38979981693e-05_9.38979981693e-05
1016,10598,170-43-4-2-1,4.10415091336013e-05_4.10415091336013e-05_4.10415091336013e-05_4.10415091336013e-05_4.10415091336013e-05
1016,10599,193-40-4-2-1,1.18149799020973e-05_1.18149799020973e-05_1.18149799020973e-05_1.18149799020973e-05_1.18149799020973e-05
1016,10600,70-27-8-1-1,3.10920523739404e-06_3.10920523739404e-06_3.10920523739404e-06_3.10920523739404e-06_3.10920523739404e-06
1016,10601,218-7-4-2-1,4.78817606558682e-05_4.78817606558682e-05_4.78817606558682e-05_4.78817606558682e-05_4.78817606558682e-05
1016,10602,138-23-8-1-1,8.0839336172245e-06_8.0839336172245e-06_8.0839336172245e-06_8.0839336172245e-06_8.0839336172245e-06
1016,10603,134-29-2-2-1,1.18149799020973e-05_1.18149799020973e-05_1.18149799020973e-05_1.18149799020973e-05_1.18149799020973e-05
1016,10604,93-16-2-2-1,8.27048593146814e-05_8.27048593146814e-05_8.27048593146814e-05_8.27048593146814e-05_8.27048593146814e-05
1016,10605,132-42-12-1-1,0.000341390735065865_0.000341390735065865_0.000341390735065865_0.000341390735065865_0.000341390735065865
1016,10606,98-27-8-1-1,1.67897082819278e-05_1.67897082819278e-05_1.67897082819278e-05_1.67897082819278e-05_1.67897082819278e-05
1016,10607,55-22-8-1-1,2.79828471365463e-05_2.79828471365463e-05_2.79828471365463e-05_2.79828471365463e-05_2.79828471365463e-05
1016,10608,161-36-10-1-1,6.21841047478808e-06_6.21841047478808e-06_6.21841047478808e-06_6.21841047478808e-06_6.21841047478808e-06
1016,10609,63-27-8-1-1,4.47725554184741e-05_4.47725554184741e-05_4.47725554184741e-05_4.47725554184741e-05_4.47725554184741e-05
1016,10610,57-7-4-2-1,1.24368209495762e-05_1.24368209495762e-05_1.24368209495762e-05_1.24368209495762e-05_1.24368209495762e-05
1016,10611,44-13-6-2-1,9.94945675966092e-06_9.94945675966092e-06_9.94945675966092e-06_9.94945675966092e-06_9.94945675966092e-06
1016,10613,149-16-2-2-1,4.97472837983046e-06_4.97472837983046e-06_4.97472837983046e-06_4.97472837983046e-06_4.97472837983046e-06
1016,10614,200-15-9-2-1,3.73104628487285e-06_3.73104628487285e-06_3.73104628487285e-06_3.73104628487285e-06_3.73104628487285e-06
1016,10616,18-12-8-1-1,2.61173239941099e-05_2.61173239941099e-05_2.61173239941099e-05_2.61173239941099e-05_2.61173239941099e-05
1016,10617,216-19-9-2-1,5.59656942730927e-06_5.59656942730927e-06_5.59656942730927e-06_5.59656942730927e-06_5.59656942730927e-06
1016,10618,167-18-4-2-1,6.52933099852748e-05_6.52933099852748e-05_6.52933099852748e-05_6.52933099852748e-05_6.52933099852748e-05
1016,10619,18-12-8-1-1,3.10920523739404e-06_3.10920523739404e-06_3.10920523739404e-06_3.10920523739404e-06_3.10920523739404e-06
1016,10620,153-18-4-2-1,8.70577466470331e-06_8.70577466470331e-06_8.70577466470331e-06_8.70577466470331e-06_8.70577466470331e-06
1016,10621,114-40-4-2-1,1.43023440920126e-05_1.43023440920126e-05_1.43023440920126e-05_1.43023440920126e-05_1.43023440920126e-05
1016,10622,89-13-6-2-1,3.79323038962073e-05_3.79323038962073e-05_3.79323038962073e-05_3.79323038962073e-05_3.79323038962073e-05
1016,10623,166-18-4-2-1,7.46209256974569e-06_7.46209256974569e-06_7.46209256974569e-06_7.46209256974569e-06_7.46209256974569e-06
1016,10624,212-41-9-2-1,5.59656942730927e-06_5.59656942730927e-06_5.59656942730927e-06_5.59656942730927e-06_5.59656942730927e-06
1016,10625,138-23-8-1-1,2.48736418991523e-06_2.48736418991523e-06_2.48736418991523e-06_2.48736418991523e-06_2.48736418991523e-06
1016,10626,153-18-4-2-1,5.59656942730927e-06_5.59656942730927e-06_5.59656942730927e-06_5.59656942730927e-06_5.59656942730927e-06
1016,10627,128-7-4-2-1,3.10920523739404e-06_3.10920523739404e-06_3.10920523739404e-06_3.10920523739404e-06_3.10920523739404e-06
1016,10629,227-41-9-2-1,3.10920523739404e-06_3.10920523739404e-06_3.10920523739404e-06_3.10920523739404e-06_3.10920523739404e-06
1016,10630,152-32-10-1-1,4.97472837983046e-06_4.97472837983046e-06_4.97472837983046e-06_4.97472837983046e-06_4.97472837983046e-06
1016,10631,35-20-9-2-1,3.66886218012497e-05_3.66886218012497e-05_3.66886218012497e-05_3.66886218012497e-05_3.66886218012497e-05
1016,10632,26-15-9-2-1,9.94945675966092e-06_9.94945675966092e-06_9.94945675966092e-06_9.94945675966092e-06_9.94945675966092e-06
1016,10633,185-41-9-2-1,3.73104628487285e-06_3.73104628487285e-06_3.73104628487285e-06_3.73104628487285e-06_3.73104628487285e-06
1016,10634,109-28-5-1-1,7.46209256974569e-06_7.46209256974569e-06_7.46209256974569e-06_7.46209256974569e-06_7.46209256974569e-06
1016,10635,149-16-2-2-1,3.91759859911649e-05_3.91759859911649e-05_3.91759859911649e-05_3.91759859911649e-05_3.91759859911649e-05
1016,10636,193-40-4-2-1,3.48230986588132e-05_3.48230986588132e-05_3.48230986588132e-05_3.48230986588132e-05_3.48230986588132e-05
1016,10637,32-18-4-2-1,4.97472837983046e-06_4.97472837983046e-06_4.97472837983046e-06_4.97472837983046e-06_4.97472837983046e-06
1016,10638,142-42-12-1-1,3.10920523739404e-06_3.10920523739404e-06_3.10920523739404e-06_3.10920523739404e-06_3.10920523739404e-06
1016,10639,127-30-1-1-1,4.97472837983046e-06_4.97472837983046e-06_4.97472837983046e-06_4.97472837983046e-06_4.97472837983046e-06
1016,10640,6-6-6-2-1,1.98989135193218e-05_1.98989135193218e-05_1.98989135193218e-05_1.98989135193218e-05_1.98989135193218e-05
1016,10641,180-40-4-2-1,6.84025152226688e-06_6.84025152226688e-06_6.84025152226688e-06_6.84025152226688e-06_6.84025152226688e-06
1016,10642,128-7-4-2-1,5.59656942730927e-06_5.59656942730927e-06_5.59656942730927e-06_5.59656942730927e-06_5.59656942730927e-06
1016,10643,177-7-4-2-1,6.84025152226688e-06_6.84025152226688e-06_6.84025152226688e-06_6.84025152226688e-06_6.84025152226688e-06
1016,10644,177-7-4-2-1,2.48736418991523e-06_2.48736418991523e-06_2.48736418991523e-06_2.48736418991523e-06_2.48736418991523e-06
1016,10645,55-22-8-1-1,3.73104628487285e-06_3.73104628487285e-06_3.73104628487285e-06_3.73104628487285e-06_3.73104628487285e-06
1016,10646,142-42-12-1-1,1.3058661997055e-05_1.3058661997055e-05_1.3058661997055e-05_1.3058661997055e-05_1.3058661997055e-05
1016,10647,122-16-2-2-1,3.73104628487285e-06_3.73104628487285e-06_3.73104628487285e-06_3.73104628487285e-06_3.73104628487285e-06
1016,10648,160-30-1-1-1,6.21841047478808e-06_6.21841047478808e-06_6.21841047478808e-06_6.21841047478808e-06_6.21841047478808e-06
1016,10650,5-5-5-1-1,1.49241851394914e-05_1.49241851394914e-05_1.49241851394914e-05_1.49241851394914e-05_1.49241851394914e-05
1016,10651,216-19-9-2-1,2.48736418991523e-06_2.48736418991523e-06_2.48736418991523e-06_2.48736418991523e-06_2.48736418991523e-06
1016,10652,172-40-4-2-1,1.05712978071397e-05_1.05712978071397e-05_1.05712978071397e-05_1.05712978071397e-05_1.05712978071397e-05
1016,10653,172-40-4-2-1,1.3058661997055e-05_1.3058661997055e-05_1.3058661997055e-05_1.3058661997055e-05_1.3058661997055e-05
1016,10654,142-42-12-1-1,3.10920523739404e-06_3.10920523739404e-06_3.10920523739404e-06_3.10920523739404e-06_3.10920523739404e-06
1016,10655,226-32-10-1-1,3.73104628487285e-06_3.73104628487285e-06_3.73104628487285e-06_3.73104628487285e-06_3.73104628487285e-06
1016,10656,199-19-9-2-1,3.73104628487285e-06_3.73104628487285e-06_3.73104628487285e-06_3.73104628487285e-06_3.73104628487285e-06
1016,10657,190-20-9-2-1,7.46209256974569e-06_7.46209256974569e-06_7.46209256974569e-06_7.46209256974569e-06_7.46209256974569e-06
1016,10658,47-22-8-1-1,6.84025152226688e-06_6.84025152226688e-06_6.84025152226688e-06_6.84025152226688e-06_6.84025152226688e-06
1016,10659,172-40-4-2-1,2.48736418991523e-06_2.48736418991523e-06_2.48736418991523e-06_2.48736418991523e-06_2.48736418991523e-06
1016,10660,216-19-9-2-1,2.79828471365463e-05_2.79828471365463e-05_2.79828471365463e-05_2.79828471365463e-05_2.79828471365463e-05
1016,10661,216-19-9-2-1,1.36805030445338e-05_1.36805030445338e-05_1.36805030445338e-05_1.36805030445338e-05_1.36805030445338e-05
1016,10662,142-42-12-1-1,9.32761571218212e-06_9.32761571218212e-06_9.32761571218212e-06_9.32761571218212e-06_9.32761571218212e-06
1016,10663,82-6-6-2-1,0.000373726469534763_0.000373726469534763_0.000373726469534763_0.000373726469534763_0.000373726469534763
1016,10664,214-26-4-2-1,1.67897082819278e-05_1.67897082819278e-05_1.67897082819278e-05_1.67897082819278e-05_1.67897082819278e-05
1016,10665,31-6-6-2-1,0.000172871811199109_0.000172871811199109_0.000172871811199109_0.000172871811199109_0.000172871811199109
1016,10667,68-30-1-1-1,1.11931388546185e-05_1.11931388546185e-05_1.11931388546185e-05_1.11931388546185e-05_1.11931388546185e-05
1016,10668,141-42-12-1-1,3.10920523739404e-06_3.10920523739404e-06_3.10920523739404e-06_3.10920523739404e-06_3.10920523739404e-06
1016,10669,185-41-9-2-1,1.55460261869702e-05_1.55460261869702e-05_1.55460261869702e-05_1.55460261869702e-05_1.55460261869702e-05
1016,10670,186-15-9-2-1,1.74115493294066e-05_1.74115493294066e-05_1.74115493294066e-05_1.74115493294066e-05_1.74115493294066e-05
1016,10671,188-14-4-2-1,1.18149799020973e-05_1.18149799020973e-05_1.18149799020973e-05_1.18149799020973e-05_1.18149799020973e-05
1016,10672,185-41-9-2-1,3.10920523739404e-06_3.10920523739404e-06_3.10920523739404e-06_3.10920523739404e-06_3.10920523739404e-06
1016,10673,112-14-4-2-1,6.84025152226688e-06_6.84025152226688e-06_6.84025152226688e-06_6.84025152226688e-06_6.84025152226688e-06
1016,10674,122-16-2-2-1,8.70577466470331e-06_8.70577466470331e-06_8.70577466470331e-06_8.70577466470331e-06_8.70577466470331e-06
1016,10675,126-29-2-2-1,6.84025152226688e-06_6.84025152226688e-06_6.84025152226688e-06_6.84025152226688e-06_6.84025152226688e-06
1016,10676,188-14-4-2-1,1.80333903768854e-05_1.80333903768854e-05_1.80333903768854e-05_1.80333903768854e-05_1.80333903768854e-05
1016,10677,172-40-4-2-1,8.0839336172245e-06_8.0839336172245e-06_8.0839336172245e-06_8.0839336172245e-06_8.0839336172245e-06
1016,10678,122-16-2-2-1,9.32761571218212e-06_9.32761571218212e-06_9.32761571218212e-06_9.32761571218212e-06_9.32761571218212e-06
1016,10679,116-36-10-1-1,0.000124368209495762_0.000124368209495762_0.000124368209495762_0.000124368209495762_0.000124368209495762
1016,10680,33-16-2-2-1,2.9226529231504e-05_2.9226529231504e-05_2.9226529231504e-05_2.9226529231504e-05_2.9226529231504e-05
1016,10681,194-31-9-2-1,2.42518008516735e-05_2.42518008516735e-05_2.42518008516735e-05_2.42518008516735e-05_2.42518008516735e-05
1016,10682,196-14-4-2-1,8.0839336172245e-06_8.0839336172245e-06_8.0839336172245e-06_8.0839336172245e-06_8.0839336172245e-06
1016,10683,142-42-12-1-1,3.10920523739404e-06_3.10920523739404e-06_3.10920523739404e-06_3.10920523739404e-06_3.10920523739404e-06
1016,10684,142-42-12-1-1,6.84025152226688e-06_6.84025152226688e-06_6.84025152226688e-06_6.84025152226688e-06_6.84025152226688e-06
1016,10685,199-19-9-2-1,6.84025152226688e-06_6.84025152226688e-06_6.84025152226688e-06_6.84025152226688e-06_6.84025152226688e-06
1016,10686,190-20-9-2-1,6.21841047478808e-06_6.21841047478808e-06_6.21841047478808e-06_6.21841047478808e-06_6.21841047478808e-06
1016,10687,8-7-4-2-1,1.05712978071397e-05_1.05712978071397e-05_1.05712978071397e-05_1.05712978071397e-05_1.05712978071397e-05
1016,10688,68-30-1-1-1,3.85541449436861e-05_3.85541449436861e-05_3.85541449436861e-05_3.85541449436861e-05_3.85541449436861e-05
1016,10689,160-30-1-1-1,0.000187174155291121_0.000187174155291121_0.000187174155291121_0.000187174155291121_0.000187174155291121
1016,10690,18-12-8-1-1,3.04702113264616e-05_3.04702113264616e-05_3.04702113264616e-05_3.04702113264616e-05_3.04702113264616e-05
1016,10691,45-5-5-1-1,4.97472837983046e-06_4.97472837983046e-06_4.97472837983046e-06_4.97472837983046e-06_4.97472837983046e-06
1016,10692,196-14-4-2-1,3.10920523739404e-06_3.10920523739404e-06_3.10920523739404e-06_3.10920523739404e-06_3.10920523739404e-06
1016,10693,95-37-4-2-1,3.10920523739404e-06_3.10920523739404e-06_3.10920523739404e-06_3.10920523739404e-06_3.10920523739404e-06
1016,10694,172-40-4-2-1,4.35288733235165e-06_4.35288733235165e-06_4.35288733235165e-06_4.35288733235165e-06_4.35288733235165e-06
1016,10695,91-33-5-1-1,4.35288733235165e-06_4.35288733235165e-06_4.35288733235165e-06_4.35288733235165e-06_4.35288733235165e-06
1016,10696,205-12-8-1-1,0.000105091137023918_0.000105091137023918_0.000105091137023918_0.000105091137023918_0.000105091137023918
1016,10697,152-32-10-1-1,4.97472837983046e-06_4.97472837983046e-06_4.97472837983046e-06_4.97472837983046e-06_4.97472837983046e-06
1016,10698,133-12-8-1-1,1.74115493294066e-05_1.74115493294066e-05_1.74115493294066e-05_1.74115493294066e-05_1.74115493294066e-05
1016,10699,216-19-9-2-1,4.04196680861225e-05_4.04196680861225e-05_4.04196680861225e-05_4.04196680861225e-05_4.04196680861225e-05
1016,10700,179-26-4-2-1,2.48736418991523e-06_2.48736418991523e-06_2.48736418991523e-06_2.48736418991523e-06_2.48736418991523e-06
1016,10701,11-4-4-2-1,2.54954829466311e-05_2.54954829466311e-05_2.54954829466311e-05_2.54954829466311e-05_2.54954829466311e-05
1016,10702,153-18-4-2-1,2.30081187567159e-05_2.30081187567159e-05_2.30081187567159e-05_2.30081187567159e-05_2.30081187567159e-05
1016,10703,35-20-9-2-1,9.32761571218212e-06_9.32761571218212e-06_9.32761571218212e-06_9.32761571218212e-06_9.32761571218212e-06
1016,10704,196-14-4-2-1,9.94945675966092e-06_9.94945675966092e-06_9.94945675966092e-06_9.94945675966092e-06_9.94945675966092e-06
1016,10705,26-15-9-2-1,5.59656942730927e-06_5.59656942730927e-06_5.59656942730927e-06_5.59656942730927e-06_5.59656942730927e-06
1016,10706,103-13-6-2-1,9.82508855016516e-05_9.82508855016516e-05_9.82508855016516e-05_9.82508855016516e-05_9.82508855016516e-05
1016,10707,191-37-4-2-1,8.70577466470331e-06_8.70577466470331e-06_8.70577466470331e-06_8.70577466470331e-06_8.70577466470331e-06
1016,10708,44-13-6-2-1,8.14611772197238e-05_8.14611772197238e-05_8.14611772197238e-05_8.14611772197238e-05_8.14611772197238e-05
1016,10709,221-35-4-2-1,3.10920523739404e-06_3.10920523739404e-06_3.10920523739404e-06_3.10920523739404e-06_3.10920523739404e-06
1016,10710,97-26-4-2-1,2.48736418991523e-05_2.48736418991523e-05_2.48736418991523e-05_2.48736418991523e-05_2.48736418991523e-05
1016,10711,126-29-2-2-1,1.36805030445338e-05_1.36805030445338e-05_1.36805030445338e-05_1.36805030445338e-05_1.36805030445338e-05
1016,10712,17-11-4-2-1,4.35288733235165e-06_4.35288733235165e-06_4.35288733235165e-06_4.35288733235165e-06_4.35288733235165e-06
1016,10713,102-13-6-2-1,0.000223862777092371_0.000223862777092371_0.000223862777092371_0.000223862777092371_0.000223862777092371
1016,10714,76-4-4-2-1,8.0839336172245e-06_8.0839336172245e-06_8.0839336172245e-06_8.0839336172245e-06_8.0839336172245e-06
1016,10715,8-7-4-2-1,1.18149799020973e-05_1.18149799020973e-05_1.18149799020973e-05_1.18149799020973e-05_1.18149799020973e-05
1016,10716,172-40-4-2-1,1.86552314243642e-06_1.86552314243642e-06_1.86552314243642e-06_1.86552314243642e-06_1.86552314243642e-06
1016,10717,126-29-2-2-1,8.0839336172245e-06_8.0839336172245e-06_8.0839336172245e-06_8.0839336172245e-06_8.0839336172245e-06
1016,10718,222-35-4-2-1,1.3058661997055e-05_1.3058661997055e-05_1.3058661997055e-05_1.3058661997055e-05_1.3058661997055e-05
1016,10719,4-4-4-2-1,4.35288733235165e-06_4.35288733235165e-06_4.35288733235165e-06_4.35288733235165e-06_4.35288733235165e-06
1016,10720,169-32-10-1-1,0.000672210172324591_0.000672210172324591_0.000672210172324591_0.000672210172324591_0.000672210172324591
1016,10721,185-41-9-2-1,4.35288733235165e-06_4.35288733235165e-06_4.35288733235165e-06_4.35288733235165e-06_4.35288733235165e-06
1016,10722,122-16-2-2-1,1.80333903768854e-05_1.80333903768854e-05_1.80333903768854e-05_1.80333903768854e-05_1.80333903768854e-05
1016,10723,93-16-2-2-1,0.000141779758825168_0.000141779758825168_0.000141779758825168_0.000141779758825168_0.000141779758825168
1016,10725,30-2-2-2-1,0.00012001532216341_0.00012001532216341_0.00012001532216341_0.00012001532216341_0.00012001532216341
1016,10726,148-29-2-2-1,6.90243562701477e-05_6.90243562701477e-05_6.90243562701477e-05_6.90243562701477e-05_6.90243562701477e-05
1016,10727,61-13-6-2-1,2.61173239941099e-05_2.61173239941099e-05_2.61173239941099e-05_2.61173239941099e-05_2.61173239941099e-05
1016,10728,4-4-4-2-1,8.0839336172245e-06_8.0839336172245e-06_8.0839336172245e-06_8.0839336172245e-06_8.0839336172245e-06
1016,10729,203-11-4-2-1,4.97472837983046e-05_4.97472837983046e-05_4.97472837983046e-05_4.97472837983046e-05_4.97472837983046e-05
1016,10730,203-11-4-2-1,3.73104628487285e-06_3.73104628487285e-06_3.73104628487285e-06_3.73104628487285e-06_3.73104628487285e-06
1016,10731,153-18-4-2-1,1.74115493294066e-05_1.74115493294066e-05_1.74115493294066e-05_1.74115493294066e-05_1.74115493294066e-05
1016,10733,172-40-4-2-1,3.73104628487285e-06_3.73104628487285e-06_3.73104628487285e-06_3.73104628487285e-06_3.73104628487285e-06
1016,10734,216-19-9-2-1,1.49241851394914e-05_1.49241851394914e-05_1.49241851394914e-05_1.49241851394914e-05_1.49241851394914e-05
1016,10735,216-19-9-2-1,3.73104628487285e-06_3.73104628487285e-06_3.73104628487285e-06_3.73104628487285e-06_3.73104628487285e-06
1016,10737,112-14-4-2-1,3.73104628487285e-06_3.73104628487285e-06_3.73104628487285e-06_3.73104628487285e-06_3.73104628487285e-06
1016,10738,126-29-2-2-1,9.94945675966092e-06_9.94945675966092e-06_9.94945675966092e-06_9.94945675966092e-06_9.94945675966092e-06
1016,10739,185-41-9-2-1,4.97472837983046e-06_4.97472837983046e-06_4.97472837983046e-06_4.97472837983046e-06_4.97472837983046e-06
1016,10740,208-30-1-1-1,7.46209256974569e-06_7.46209256974569e-06_7.46209256974569e-06_7.46209256974569e-06_7.46209256974569e-06
1016,10741,199-19-9-2-1,6.21841047478808e-06_6.21841047478808e-06_6.21841047478808e-06_6.21841047478808e-06_6.21841047478808e-06
1016,10742,28-16-2-2-1,0.000310920523739404_0.000310920523739404_0.000310920523739404_0.000310920523739404_0.000310920523739404
1016,10743,138-23-8-1-1,6.84025152226688e-06_6.84025152226688e-06_6.84025152226688e-06_6.84025152226688e-06_6.84025152226688e-06
1016,10744,220-22-8-1-1,8.0839336172245e-06_8.0839336172245e-06_8.0839336172245e-06_8.0839336172245e-06_8.0839336172245e-06
1016,10745,4-4-4-2-1,4.35288733235165e-06_4.35288733235165e-06_4.35288733235165e-06_4.35288733235165e-06_4.35288733235165e-06
1016,10746,89-13-6-2-1,4.60162375134318e-05_4.60162375134318e-05_4.60162375134318e-05_4.60162375134318e-05_4.60162375134318e-05
1016,10747,44-13-6-2-1,2.30081187567159e-05_2.30081187567159e-05_2.30081187567159e-05_2.30081187567159e-05_2.30081187567159e-05
1016,10748,192-19-9-2-1,7.71082898873721e-05_7.71082898873721e-05_7.71082898873721e-05_7.71082898873721e-05_7.71082898873721e-05
1016,10749,220-22-8-1-1,4.97472837983046e-06_4.97472837983046e-06_4.97472837983046e-06_4.97472837983046e-06_4.97472837983046e-06
1016,10750,47-22-8-1-1,3.10920523739404e-06_3.10920523739404e-06_3.10920523739404e-06_3.10920523739404e-06_3.10920523739404e-06
1016,10751,212-41-9-2-1,0.000133695825207944_0.000133695825207944_0.000133695825207944_0.000133695825207944_0.000133695825207944
1016,10752,135-41-9-2-1,6.96461973176265e-05_6.96461973176265e-05_6.96461973176265e-05_6.96461973176265e-05_6.96461973176265e-05
1016,10753,147-11-4-2-1,2.17644366617583e-05_2.17644366617583e-05_2.17644366617583e-05_2.17644366617583e-05_2.17644366617583e-05
1016,10754,93-16-2-2-1,0.000112553229593664_0.000112553229593664_0.000112553229593664_0.000112553229593664_0.000112553229593664
1016,10756,185-41-9-2-1,6.21841047478808e-06_6.21841047478808e-06_6.21841047478808e-06_6.21841047478808e-06_6.21841047478808e-06
1016,10757,122-16-2-2-1,2.36299598041947e-05_2.36299598041947e-05_2.36299598041947e-05_2.36299598041947e-05_2.36299598041947e-05
1016,10758,161-36-10-1-1,3.10920523739404e-06_3.10920523739404e-06_3.10920523739404e-06_3.10920523739404e-06_3.10920523739404e-06
1016,10759,47-22-8-1-1,3.10920523739404e-06_3.10920523739404e-06_3.10920523739404e-06_3.10920523739404e-06_3.10920523739404e-06
1016,10760,180-40-4-2-1,1.24368209495762e-05_1.24368209495762e-05_1.24368209495762e-05_1.24368209495762e-05_1.24368209495762e-05
1016,10761,172-40-4-2-1,4.35288733235165e-06_4.35288733235165e-06_4.35288733235165e-06_4.35288733235165e-06_4.35288733235165e-06
1016,10762,213-15-9-2-1,6.21841047478808e-06_6.21841047478808e-06_6.21841047478808e-06_6.21841047478808e-06_6.21841047478808e-06
1016,10763,177-7-4-2-1,4.35288733235165e-06_4.35288733235165e-06_4.35288733235165e-06_4.35288733235165e-06_4.35288733235165e-06
1016,10764,161-36-10-1-1,6.21841047478808e-06_6.21841047478808e-06_6.21841047478808e-06_6.21841047478808e-06_6.21841047478808e-06
1016,10765,161-36-10-1-1,3.73104628487285e-06_3.73104628487285e-06_3.73104628487285e-06_3.73104628487285e-06_3.73104628487285e-06
1016,10766,26-15-9-2-1,4.97472837983046e-06_4.97472837983046e-06_4.97472837983046e-06_4.97472837983046e-06_4.97472837983046e-06
1016,10767,140-42-12-1-1,4.97472837983046e-06_4.97472837983046e-06_4.97472837983046e-06_4.97472837983046e-06_4.97472837983046e-06
1016,10768,159-4-4-2-1,1.9277072471843e-05_1.9277072471843e-05_1.9277072471843e-05_1.9277072471843e-05_1.9277072471843e-05
1016,10769,172-40-4-2-1,3.73104628487285e-06_3.73104628487285e-06_3.73104628487285e-06_3.73104628487285e-06_3.73104628487285e-06
1016,10770,153-18-4-2-1,3.73104628487285e-06_3.73104628487285e-06_3.73104628487285e-06_3.73104628487285e-06_3.73104628487285e-06
1016,10771,172-40-4-2-1,3.73104628487285e-06_3.73104628487285e-06_3.73104628487285e-06_3.73104628487285e-06_3.73104628487285e-06
1016,10772,159-4-4-2-1,4.10415091336013e-05_4.10415091336013e-05_4.10415091336013e-05_4.10415091336013e-05_4.10415091336013e-05
1016,10773,138-23-8-1-1,0.000238165121184383_0.000238165121184383_0.000238165121184383_0.000238165121184383_0.000238165121184383
1016,10774,128-7-4-2-1,1.36805030445338e-05_1.36805030445338e-05_1.36805030445338e-05_1.36805030445338e-05_1.36805030445338e-05
1016,10775,122-16-2-2-1,3.10920523739404e-06_3.10920523739404e-06_3.10920523739404e-06_3.10920523739404e-06_3.10920523739404e-06
1016,10776,8-7-4-2-1,3.73104628487285e-06_3.73104628487285e-06_3.73104628487285e-06_3.73104628487285e-06_3.73104628487285e-06
1016,10777,70-27-8-1-1,1.80333903768854e-05_1.80333903768854e-05_1.80333903768854e-05_1.80333903768854e-05_1.80333903768854e-05
1016,10778,40-23-8-1-1,3.04702113264616e-05_3.04702113264616e-05_3.04702113264616e-05_3.04702113264616e-05_3.04702113264616e-05
1016,10779,40-23-8-1-1,2.05207545668007e-05_2.05207545668007e-05_2.05207545668007e-05_2.05207545668007e-05_2.05207545668007e-05
1016,10780,40-23-8-1-1,1.05712978071397e-05_1.05712978071397e-05_1.05712978071397e-05_1.05712978071397e-05_1.05712978071397e-05
1016,10781,123-41-9-2-1,1.49241851394914e-05_1.49241851394914e-05_1.49241851394914e-05_1.49241851394914e-05_1.49241851394914e-05
1016,10782,213-15-9-2-1,9.32761571218212e-06_9.32761571218212e-06_9.32761571218212e-06_9.32761571218212e-06_9.32761571218212e-06
1016,10783,40-23-8-1-1,3.73104628487285e-06_3.73104628487285e-06_3.73104628487285e-06_3.73104628487285e-06_3.73104628487285e-06
1016,10784,7-4-4-2-1,4.97472837983046e-06_4.97472837983046e-06_4.97472837983046e-06_4.97472837983046e-06_4.97472837983046e-06
1016,10785,65-1-1-1-1,4.97472837983046e-06_4.97472837983046e-06_4.97472837983046e-06_4.97472837983046e-06_4.97472837983046e-06
1016,10786,24-14-4-2-1,5.09909658932622e-05_5.09909658932622e-05_5.09909658932622e-05_5.09909658932622e-05_5.09909658932622e-05
1016,10787,70-27-8-1-1,3.17138934214192e-05_3.17138934214192e-05_3.17138934214192e-05_3.17138934214192e-05_3.17138934214192e-05
1016,10788,196-14-4-2-1,2.30081187567159e-05_2.30081187567159e-05_2.30081187567159e-05_2.30081187567159e-05_2.30081187567159e-05
1016,10790,185-41-9-2-1,3.10920523739404e-06_3.10920523739404e-06_3.10920523739404e-06_3.10920523739404e-06_3.10920523739404e-06
1016,10792,127-30-1-1-1,2.61173239941099e-05_2.61173239941099e-05_2.61173239941099e-05_2.61173239941099e-05_2.61173239941099e-05
1016,10793,4-4-4-2-1,1.36805030445338e-05_1.36805030445338e-05_1.36805030445338e-05_1.36805030445338e-05_1.36805030445338e-05
1016,10794,203-11-4-2-1,7.46209256974569e-05_7.46209256974569e-05_7.46209256974569e-05_7.46209256974569e-05_7.46209256974569e-05
1016,10795,118-36-10-1-1,4.35288733235165e-06_4.35288733235165e-06_4.35288733235165e-06_4.35288733235165e-06_4.35288733235165e-06
1016,10796,142-42-12-1-1,8.70577466470331e-06_8.70577466470331e-06_8.70577466470331e-06_8.70577466470331e-06_8.70577466470331e-06
1016,10797,149-16-2-2-1,6.21841047478808e-06_6.21841047478808e-06_6.21841047478808e-06_6.21841047478808e-06_6.21841047478808e-06
1016,10798,127-30-1-1-1,3.10920523739404e-06_3.10920523739404e-06_3.10920523739404e-06_3.10920523739404e-06_3.10920523739404e-06
1016,10799,128-7-4-2-1,4.97472837983046e-06_4.97472837983046e-06_4.97472837983046e-06_4.97472837983046e-06_4.97472837983046e-06
1016,10800,185-41-9-2-1,3.10920523739404e-06_3.10920523739404e-06_3.10920523739404e-06_3.10920523739404e-06_3.10920523739404e-06
1016,10801,203-11-4-2-1,2.36299598041947e-05_2.36299598041947e-05_2.36299598041947e-05_2.36299598041947e-05_2.36299598041947e-05
1016,10802,172-40-4-2-1,3.73104628487285e-06_3.73104628487285e-06_3.73104628487285e-06_3.73104628487285e-06_3.73104628487285e-06
1016,10803,183-23-8-1-1,3.10920523739404e-06_3.10920523739404e-06_3.10920523739404e-06_3.10920523739404e-06_3.10920523739404e-06
1016,10804,163-43-4-2-1,5.72093763680503e-05_5.72093763680503e-05_5.72093763680503e-05_5.72093763680503e-05_5.72093763680503e-05
1016,10806,170-43-4-2-1,5.72093763680503e-05_5.72093763680503e-05_5.72093763680503e-05_5.72093763680503e-05_5.72093763680503e-05
1016,10807,163-43-4-2-1,3.10920523739404e-05_3.10920523739404e-05_3.10920523739404e-05_3.10920523739404e-05_3.10920523739404e-05
1016,10808,57-7-4-2-1,7.46209256974569e-06_7.46209256974569e-06_7.46209256974569e-06_7.46209256974569e-06_7.46209256974569e-06
1016,10809,7-4-4-2-1,6.21841047478808e-06_6.21841047478808e-06_6.21841047478808e-06_6.21841047478808e-06_6.21841047478808e-06
1016,10810,8-7-4-2-1,6.21841047478808e-06_6.21841047478808e-06_6.21841047478808e-06_6.21841047478808e-06_6.21841047478808e-06
1016,10811,196-14-4-2-1,6.21841047478808e-06_6.21841047478808e-06_6.21841047478808e-06_6.21841047478808e-06_6.21841047478808e-06
1016,10812,13-6-6-2-1,0.000138670553587774_0.000138670553587774_0.000138670553587774_0.000138670553587774_0.000138670553587774
1016,10813,7-4-4-2-1,5.59656942730927e-06_5.59656942730927e-06_5.59656942730927e-06_5.59656942730927e-06_5.59656942730927e-06
1016,10814,51-22-8-1-1,5.59656942730927e-06_5.59656942730927e-06_5.59656942730927e-06_5.59656942730927e-06_5.59656942730927e-06
1016,10815,62-3-3-1-1,0.000244383531659171_0.000244383531659171_0.000244383531659171_0.000244383531659171_0.000244383531659171
1016,10816,36-6-6-2-1,3.10920523739404e-05_3.10920523739404e-05_3.10920523739404e-05_3.10920523739404e-05_3.10920523739404e-05
1016,10817,161-36-10-1-1,4.35288733235165e-06_4.35288733235165e-06_4.35288733235165e-06_4.35288733235165e-06_4.35288733235165e-06
1016,10818,151-19-9-2-1,1.24368209495762e-05_1.24368209495762e-05_1.24368209495762e-05_1.24368209495762e-05_1.24368209495762e-05
1016,10819,45-5-5-1-1,6.84025152226688e-06_6.84025152226688e-06_6.84025152226688e-06_6.84025152226688e-06_6.84025152226688e-06
1016,10820,26-15-9-2-1,7.46209256974569e-06_7.46209256974569e-06_7.46209256974569e-06_7.46209256974569e-06_7.46209256974569e-06
1016,10821,29-17-10-1-1,1.24368209495762e-05_1.24368209495762e-05_1.24368209495762e-05_1.24368209495762e-05_1.24368209495762e-05
1016,10822,79-32-10-1-1,3.73104628487285e-06_3.73104628487285e-06_3.73104628487285e-06_3.73104628487285e-06_3.73104628487285e-06
1016,10823,133-12-8-1-1,1.05712978071397e-05_1.05712978071397e-05_1.05712978071397e-05_1.05712978071397e-05_1.05712978071397e-05
1016,10824,200-15-9-2-1,7.46209256974569e-06_7.46209256974569e-06_7.46209256974569e-06_7.46209256974569e-06_7.46209256974569e-06
1016,10825,114-40-4-2-1,5.59656942730927e-06_5.59656942730927e-06_5.59656942730927e-06_5.59656942730927e-06_5.59656942730927e-06
1016,10826,167-18-4-2-1,8.51922235045966e-05_8.51922235045966e-05_8.51922235045966e-05_8.51922235045966e-05_8.51922235045966e-05
1016,10827,167-18-4-2-1,4.35288733235165e-06_4.35288733235165e-06_4.35288733235165e-06_4.35288733235165e-06_4.35288733235165e-06
1016,10828,35-20-9-2-1,2.54954829466311e-05_2.54954829466311e-05_2.54954829466311e-05_2.54954829466311e-05_2.54954829466311e-05
1016,10829,199-19-9-2-1,5.65875353205715e-05_5.65875353205715e-05_5.65875353205715e-05_5.65875353205715e-05_5.65875353205715e-05
1016,10831,34-19-9-2-1,4.35288733235165e-06_4.35288733235165e-06_4.35288733235165e-06_4.35288733235165e-06_4.35288733235165e-06
1016,10832,236-42-12-1-1,1.11931388546185e-05_1.11931388546185e-05_1.11931388546185e-05_1.11931388546185e-05_1.11931388546185e-05
1016,10833,172-40-4-2-1,3.10920523739404e-06_3.10920523739404e-06_3.10920523739404e-06_3.10920523739404e-06_3.10920523739404e-06
1016,10834,142-42-12-1-1,6.84025152226688e-06_6.84025152226688e-06_6.84025152226688e-06_6.84025152226688e-06_6.84025152226688e-06
1016,10836,140-42-12-1-1,7.46209256974569e-06_7.46209256974569e-06_7.46209256974569e-06_7.46209256974569e-06_7.46209256974569e-06
1016,10837,172-40-4-2-1,4.97472837983046e-06_4.97472837983046e-06_4.97472837983046e-06_4.97472837983046e-06_4.97472837983046e-06
1016,10838,185-41-9-2-1,3.73104628487285e-06_3.73104628487285e-06_3.73104628487285e-06_3.73104628487285e-06_3.73104628487285e-06
1016,10839,199-19-9-2-1,3.73104628487285e-06_3.73104628487285e-06_3.73104628487285e-06_3.73104628487285e-06_3.73104628487285e-06
1016,10840,185-41-9-2-1,3.73104628487285e-06_3.73104628487285e-06_3.73104628487285e-06_3.73104628487285e-06_3.73104628487285e-06
1016,10841,185-41-9-2-1,3.10920523739404e-06_3.10920523739404e-06_3.10920523739404e-06_3.10920523739404e-06_3.10920523739404e-06
1016,10842,160-30-1-1-1,5.59656942730927e-06_5.59656942730927e-06_5.59656942730927e-06_5.59656942730927e-06_5.59656942730927e-06
1016,10843,216-19-9-2-1,3.10920523739404e-06_3.10920523739404e-06_3.10920523739404e-06_3.10920523739404e-06_3.10920523739404e-06
1016,10844,55-22-8-1-1,3.10920523739404e-06_3.10920523739404e-06_3.10920523739404e-06_3.10920523739404e-06_3.10920523739404e-06
1016,10846,159-4-4-2-1,3.73104628487285e-06_3.73104628487285e-06_3.73104628487285e-06_3.73104628487285e-06_3.73104628487285e-06
1016,10847,189-12-8-1-1,1.55460261869702e-05_1.55460261869702e-05_1.55460261869702e-05_1.55460261869702e-05_1.55460261869702e-05
1016,10848,140-42-12-1-1,4.97472837983046e-06_4.97472837983046e-06_4.97472837983046e-06_4.97472837983046e-06_4.97472837983046e-06
1016,10849,185-41-9-2-1,2.48736418991523e-06_2.48736418991523e-06_2.48736418991523e-06_2.48736418991523e-06_2.48736418991523e-06
1016,10850,178-44-12-1-1,3.73104628487285e-06_3.73104628487285e-06_3.73104628487285e-06_3.73104628487285e-06_3.73104628487285e-06
1016,10851,196-14-4-2-1,1.3058661997055e-05_1.3058661997055e-05_1.3058661997055e-05_1.3058661997055e-05_1.3058661997055e-05
1016,10852,17-11-4-2-1,1.43023440920126e-05_1.43023440920126e-05_1.43023440920126e-05_1.43023440920126e-05_1.43023440920126e-05
1016,10853,118-36-10-1-1,3.10920523739404e-06_3.10920523739404e-06_3.10920523739404e-06_3.10920523739404e-06_3.10920523739404e-06
1016,10854,185-41-9-2-1,4.97472837983046e-06_4.97472837983046e-06_4.97472837983046e-06_4.97472837983046e-06_4.97472837983046e-06
1016,10855,129-21-4-2-1,3.10920523739404e-06_3.10920523739404e-06_3.10920523739404e-06_3.10920523739404e-06_3.10920523739404e-06
1016,10856,51-22-8-1-1,0.000111931388546185_0.000111931388546185_0.000111931388546185_0.000111931388546185_0.000111931388546185
1016,10858,65-1-1-1-1,4.72599196083894e-05_4.72599196083894e-05_4.72599196083894e-05_4.72599196083894e-05_4.72599196083894e-05
1016,10859,11-4-4-2-1,2.42518008516735e-05_2.42518008516735e-05_2.42518008516735e-05_2.42518008516735e-05_2.42518008516735e-05
1016,10860,133-12-8-1-1,4.97472837983046e-06_4.97472837983046e-06_4.97472837983046e-06_4.97472837983046e-06_4.97472837983046e-06
1016,10861,159-4-4-2-1,1.9277072471843e-05_1.9277072471843e-05_1.9277072471843e-05_1.9277072471843e-05_1.9277072471843e-05
1016,10862,66-29-2-2-1,3.10920523739404e-06_3.10920523739404e-06_3.10920523739404e-06_3.10920523739404e-06_3.10920523739404e-06
1016,10863,70-27-8-1-1,9.94945675966092e-06_9.94945675966092e-06_9.94945675966092e-06_9.94945675966092e-06_9.94945675966092e-06
1016,10864,166-18-4-2-1,8.02174951247662e-05_8.02174951247662e-05_8.02174951247662e-05_8.02174951247662e-05_8.02174951247662e-05
1016,10865,185-41-9-2-1,9.94945675966092e-06_9.94945675966092e-06_9.94945675966092e-06_9.94945675966092e-06_9.94945675966092e-06
1016,10866,49-22-8-1-1,1.55460261869702e-05_1.55460261869702e-05_1.55460261869702e-05_1.55460261869702e-05_1.55460261869702e-05
1016,10867,166-18-4-2-1,7.08898794125841e-05_7.08898794125841e-05_7.08898794125841e-05_7.08898794125841e-05_7.08898794125841e-05
1016,10868,55-22-8-1-1,5.59656942730927e-06_5.59656942730927e-06_5.59656942730927e-06_5.59656942730927e-06_5.59656942730927e-06
1016,10869,129-21-4-2-1,1.36805030445338e-05_1.36805030445338e-05_1.36805030445338e-05_1.36805030445338e-05_1.36805030445338e-05
1016,10870,40-23-8-1-1,3.10920523739404e-06_3.10920523739404e-06_3.10920523739404e-06_3.10920523739404e-06_3.10920523739404e-06
1016,10871,17-11-4-2-1,1.11931388546185e-05_1.11931388546185e-05_1.11931388546185e-05_1.11931388546185e-05_1.11931388546185e-05
1016,10872,127-30-1-1-1,5.59656942730927e-06_5.59656942730927e-06_5.59656942730927e-06_5.59656942730927e-06_5.59656942730927e-06
1016,10873,153-18-4-2-1,5.59656942730927e-06_5.59656942730927e-06_5.59656942730927e-06_5.59656942730927e-06_5.59656942730927e-06
1016,10874,58-13-6-2-1,0.00019836729414574_0.00019836729414574_0.00019836729414574_0.00019836729414574_0.00019836729414574
1016,10875,212-41-9-2-1,4.97472837983046e-06_4.97472837983046e-06_4.97472837983046e-06_4.97472837983046e-06_4.97472837983046e-06
1016,10876,80-11-4-2-1,2.98483702789828e-05_2.98483702789828e-05_2.98483702789828e-05_2.98483702789828e-05_2.98483702789828e-05
1016,10878,177-7-4-2-1,9.32761571218212e-06_9.32761571218212e-06_9.32761571218212e-06_9.32761571218212e-06_9.32761571218212e-06
1016,10879,199-19-9-2-1,8.0839336172245e-06_8.0839336172245e-06_8.0839336172245e-06_8.0839336172245e-06_8.0839336172245e-06
1016,10880,44-13-6-2-1,2.23862777092371e-05_2.23862777092371e-05_2.23862777092371e-05_2.23862777092371e-05_2.23862777092371e-05
1016,10881,122-16-2-2-1,4.35288733235165e-06_4.35288733235165e-06_4.35288733235165e-06_4.35288733235165e-06_4.35288733235165e-06
1016,10882,183-23-8-1-1,1.67897082819278e-05_1.67897082819278e-05_1.67897082819278e-05_1.67897082819278e-05_1.67897082819278e-05
1016,10883,114-40-4-2-1,7.64864488398933e-05_7.64864488398933e-05_7.64864488398933e-05_7.64864488398933e-05_7.64864488398933e-05
1016,10884,114-40-4-2-1,6.1562263700402e-05_6.1562263700402e-05_6.1562263700402e-05_6.1562263700402e-05_6.1562263700402e-05
1016,10885,217-30-1-1-1,0.000231946710709595_0.000231946710709595_0.000231946710709595_0.000231946710709595_0.000231946710709595
1016,10886,88-35-4-2-1,5.59656942730927e-06_5.59656942730927e-06_5.59656942730927e-06_5.59656942730927e-06_5.59656942730927e-06
1016,10887,236-42-12-1-1,3.73104628487285e-06_3.73104628487285e-06_3.73104628487285e-06_3.73104628487285e-06_3.73104628487285e-06
1016,10888,77-28-5-1-1,4.35288733235165e-06_4.35288733235165e-06_4.35288733235165e-06_4.35288733235165e-06_4.35288733235165e-06
1016,10889,141-42-12-1-1,3.73104628487285e-06_3.73104628487285e-06_3.73104628487285e-06_3.73104628487285e-06_3.73104628487285e-06
1016,10890,126-29-2-2-1,5.09909658932622e-05_5.09909658932622e-05_5.09909658932622e-05_5.09909658932622e-05_5.09909658932622e-05
1016,10891,160-30-1-1-1,3.10920523739404e-06_3.10920523739404e-06_3.10920523739404e-06_3.10920523739404e-06_3.10920523739404e-06
1016,10892,128-7-4-2-1,3.73104628487285e-06_3.73104628487285e-06_3.73104628487285e-06_3.73104628487285e-06_3.73104628487285e-06
1016,10893,120-16-2-2-1,4.72599196083894e-05_4.72599196083894e-05_4.72599196083894e-05_4.72599196083894e-05_4.72599196083894e-05
1016,10894,200-15-9-2-1,7.46209256974569e-06_7.46209256974569e-06_7.46209256974569e-06_7.46209256974569e-06_7.46209256974569e-06
1016,10895,180-40-4-2-1,4.78817606558682e-05_4.78817606558682e-05_4.78817606558682e-05_4.78817606558682e-05_4.78817606558682e-05
1016,10896,140-42-12-1-1,6.21841047478808e-06_6.21841047478808e-06_6.21841047478808e-06_6.21841047478808e-06_6.21841047478808e-06
1016,10897,185-41-9-2-1,4.35288733235165e-06_4.35288733235165e-06_4.35288733235165e-06_4.35288733235165e-06_4.35288733235165e-06
1016,10898,153-18-4-2-1,4.35288733235165e-06_4.35288733235165e-06_4.35288733235165e-06_4.35288733235165e-06_4.35288733235165e-06
1016,10899,151-19-9-2-1,1.24368209495762e-05_1.24368209495762e-05_1.24368209495762e-05_1.24368209495762e-05_1.24368209495762e-05
1016,10900,212-41-9-2-1,3.73104628487285e-06_3.73104628487285e-06_3.73104628487285e-06_3.73104628487285e-06_3.73104628487285e-06
1016,10901,180-40-4-2-1,1.55460261869702e-05_1.55460261869702e-05_1.55460261869702e-05_1.55460261869702e-05_1.55460261869702e-05
1016,10902,23-10-2-2-1,2.36299598041947e-05_2.36299598041947e-05_2.36299598041947e-05_2.36299598041947e-05_2.36299598041947e-05
1016,10903,8-7-4-2-1,3.73104628487285e-06_3.73104628487285e-06_3.73104628487285e-06_3.73104628487285e-06_3.73104628487285e-06
1016,10904,208-30-1-1-1,3.10920523739404e-06_3.10920523739404e-06_3.10920523739404e-06_3.10920523739404e-06_3.10920523739404e-06
1016,10905,172-40-4-2-1,5.59656942730927e-06_5.59656942730927e-06_5.59656942730927e-06_5.59656942730927e-06_5.59656942730927e-06
1016,10906,138-23-8-1-1,4.35288733235165e-06_4.35288733235165e-06_4.35288733235165e-06_4.35288733235165e-06_4.35288733235165e-06
1016,10907,17-11-4-2-1,2.05207545668007e-05_2.05207545668007e-05_2.05207545668007e-05_2.05207545668007e-05_2.05207545668007e-05
1016,10908,172-40-4-2-1,3.10920523739404e-06_3.10920523739404e-06_3.10920523739404e-06_3.10920523739404e-06_3.10920523739404e-06
1016,10909,116-36-10-1-1,1.11931388546185e-05_1.11931388546185e-05_1.11931388546185e-05_1.11931388546185e-05_1.11931388546185e-05
1016,10910,210-29-2-2-1,0.000235677756994468_0.000235677756994468_0.000235677756994468_0.000235677756994468_0.000235677756994468
1016,10911,172-40-4-2-1,4.35288733235165e-06_4.35288733235165e-06_4.35288733235165e-06_4.35288733235165e-06_4.35288733235165e-06
1016,10912,237-44-12-1-1,4.66380785609106e-05_4.66380785609106e-05_4.66380785609106e-05_4.66380785609106e-05_4.66380785609106e-05
1016,10913,63-27-8-1-1,1.49241851394914e-05_1.49241851394914e-05_1.49241851394914e-05_1.49241851394914e-05_1.49241851394914e-05
1016,10914,95-37-4-2-1,6.03185816054443e-05_6.03185816054443e-05_6.03185816054443e-05_6.03185816054443e-05_6.03185816054443e-05
1016,10915,205-12-8-1-1,1.24368209495762e-05_1.24368209495762e-05_1.24368209495762e-05_1.24368209495762e-05_1.24368209495762e-05
1016,10916,133-12-8-1-1,6.84025152226688e-06_6.84025152226688e-06_6.84025152226688e-06_6.84025152226688e-06_6.84025152226688e-06
1016,10917,205-12-8-1-1,0.000460162375134318_0.000460162375134318_0.000460162375134318_0.000460162375134318_0.000460162375134318
1016,10918,205-12-8-1-1,1.36805030445338e-05_1.36805030445338e-05_1.36805030445338e-05_1.36805030445338e-05_1.36805030445338e-05
1016,10919,99-28-5-1-1,0.00016167867234449_0.00016167867234449_0.00016167867234449_0.00016167867234449_0.00016167867234449
1016,10920,95-37-4-2-1,7.46209256974569e-06_7.46209256974569e-06_7.46209256974569e-06_7.46209256974569e-06_7.46209256974569e-06
1016,10921,128-7-4-2-1,1.80333903768854e-05_1.80333903768854e-05_1.80333903768854e-05_1.80333903768854e-05_1.80333903768854e-05
1016,10922,8-7-4-2-1,1.9277072471843e-05_1.9277072471843e-05_1.9277072471843e-05_1.9277072471843e-05_1.9277072471843e-05
1016,10923,218-7-4-2-1,2.48736418991523e-05_2.48736418991523e-05_2.48736418991523e-05_2.48736418991523e-05_2.48736418991523e-05
1016,10924,138-23-8-1-1,6.21841047478808e-06_6.21841047478808e-06_6.21841047478808e-06_6.21841047478808e-06_6.21841047478808e-06
1016,10925,26-15-9-2-1,6.21841047478808e-06_6.21841047478808e-06_6.21841047478808e-06_6.21841047478808e-06_6.21841047478808e-06
1016,10926,138-23-8-1-1,6.21841047478808e-06_6.21841047478808e-06_6.21841047478808e-06_6.21841047478808e-06_6.21841047478808e-06
1016,10927,112-14-4-2-1,0.00038056672105703_0.00038056672105703_0.00038056672105703_0.00038056672105703_0.00038056672105703
1016,10928,112-14-4-2-1,0.000117527957973495_0.000117527957973495_0.000117527957973495_0.000117527957973495_0.000117527957973495
1016,10929,201-17-10-1-1,1.80333903768854e-05_1.80333903768854e-05_1.80333903768854e-05_1.80333903768854e-05_1.80333903768854e-05
1016,10930,57-7-4-2-1,6.21841047478808e-06_6.21841047478808e-06_6.21841047478808e-06_6.21841047478808e-06_6.21841047478808e-06
1016,10931,87-34-11-1-1,0.000840729096191348_0.000840729096191348_0.000840729096191348_0.000840729096191348_0.000840729096191348
1016,10932,80-11-4-2-1,0.000160434990249532_0.000160434990249532_0.000160434990249532_0.000160434990249532_0.000160434990249532
1016,10933,80-11-4-2-1,3.2335734468898e-05_3.2335734468898e-05_3.2335734468898e-05_3.2335734468898e-05_3.2335734468898e-05
1016,10934,140-42-12-1-1,6.21841047478808e-06_6.21841047478808e-06_6.21841047478808e-06_6.21841047478808e-06_6.21841047478808e-06
1016,10935,200-15-9-2-1,2.48736418991523e-06_2.48736418991523e-06_2.48736418991523e-06_2.48736418991523e-06_2.48736418991523e-06
1016,10936,197-30-1-1-1,1.55460261869702e-05_1.55460261869702e-05_1.55460261869702e-05_1.55460261869702e-05_1.55460261869702e-05
1016,10937,186-15-9-2-1,2.23862777092371e-05_2.23862777092371e-05_2.23862777092371e-05_2.23862777092371e-05_2.23862777092371e-05
1016,10938,26-15-9-2-1,3.10920523739404e-06_3.10920523739404e-06_3.10920523739404e-06_3.10920523739404e-06_3.10920523739404e-06
1016,10939,237-44-12-1-1,2.23862777092371e-05_2.23862777092371e-05_2.23862777092371e-05_2.23862777092371e-05_2.23862777092371e-05
1016,10940,213-15-9-2-1,8.70577466470331e-06_8.70577466470331e-06_8.70577466470331e-06_8.70577466470331e-06_8.70577466470331e-06
1016,10941,185-41-9-2-1,2.48736418991523e-06_2.48736418991523e-06_2.48736418991523e-06_2.48736418991523e-06_2.48736418991523e-06
1016,10942,221-35-4-2-1,4.35288733235165e-06_4.35288733235165e-06_4.35288733235165e-06_4.35288733235165e-06_4.35288733235165e-06
1016,10943,130-12-8-1-1,0.00016167867234449_0.00016167867234449_0.00016167867234449_0.00016167867234449_0.00016167867234449
1016,10944,130-12-8-1-1,2.42518008516735e-05_2.42518008516735e-05_2.42518008516735e-05_2.42518008516735e-05_2.42518008516735e-05
1016,10945,179-26-4-2-1,5.59656942730927e-06_5.59656942730927e-06_5.59656942730927e-06_5.59656942730927e-06_5.59656942730927e-06
1016,10946,191-37-4-2-1,3.10920523739404e-06_3.10920523739404e-06_3.10920523739404e-06_3.10920523739404e-06_3.10920523739404e-06
1016,10947,177-7-4-2-1,4.97472837983046e-06_4.97472837983046e-06_4.97472837983046e-06_4.97472837983046e-06_4.97472837983046e-06
1016,10948,63-27-8-1-1,8.70577466470331e-05_8.70577466470331e-05_8.70577466470331e-05_8.70577466470331e-05_8.70577466470331e-05
1016,10949,71-29-2-2-1,4.8503601703347e-05_4.8503601703347e-05_4.8503601703347e-05_4.8503601703347e-05_4.8503601703347e-05
1016,10950,161-36-10-1-1,7.46209256974569e-06_7.46209256974569e-06_7.46209256974569e-06_7.46209256974569e-06_7.46209256974569e-06
1016,10951,172-40-4-2-1,3.10920523739404e-06_3.10920523739404e-06_3.10920523739404e-06_3.10920523739404e-06_3.10920523739404e-06
1016,10952,128-7-4-2-1,1.11931388546185e-05_1.11931388546185e-05_1.11931388546185e-05_1.11931388546185e-05_1.11931388546185e-05
1016,10954,199-19-9-2-1,3.10920523739404e-06_3.10920523739404e-06_3.10920523739404e-06_3.10920523739404e-06_3.10920523739404e-06
1016,10955,4-4-4-2-1,2.98483702789828e-05_2.98483702789828e-05_2.98483702789828e-05_2.98483702789828e-05_2.98483702789828e-05
1016,10956,213-15-9-2-1,4.97472837983046e-06_4.97472837983046e-06_4.97472837983046e-06_4.97472837983046e-06_4.97472837983046e-06
1016,10957,185-41-9-2-1,4.97472837983046e-06_4.97472837983046e-06_4.97472837983046e-06_4.97472837983046e-06_4.97472837983046e-06
1016,10958,172-40-4-2-1,1.86552314243642e-05_1.86552314243642e-05_1.86552314243642e-05_1.86552314243642e-05_1.86552314243642e-05
1016,10959,177-7-4-2-1,1.24368209495762e-05_1.24368209495762e-05_1.24368209495762e-05_1.24368209495762e-05_1.24368209495762e-05
1016,10960,42-13-6-2-1,3.5444939706292e-05_3.5444939706292e-05_3.5444939706292e-05_3.5444939706292e-05_3.5444939706292e-05
1016,10961,102-13-6-2-1,1.55460261869702e-05_1.55460261869702e-05_1.55460261869702e-05_1.55460261869702e-05_1.55460261869702e-05
1016,10962,200-15-9-2-1,4.35288733235165e-06_4.35288733235165e-06_4.35288733235165e-06_4.35288733235165e-06_4.35288733235165e-06
1016,10963,115-8-3-1-1,0.000721957456122896_0.000721957456122896_0.000721957456122896_0.000721957456122896_0.000721957456122896
1016,10964,133-12-8-1-1,6.21841047478808e-06_6.21841047478808e-06_6.21841047478808e-06_6.21841047478808e-06_6.21841047478808e-06
1016,10965,45-5-5-1-1,4.35288733235165e-06_4.35288733235165e-06_4.35288733235165e-06_4.35288733235165e-06_4.35288733235165e-06
1016,10966,80-11-4-2-1,2.42518008516735e-05_2.42518008516735e-05_2.42518008516735e-05_2.42518008516735e-05_2.42518008516735e-05
1016,10967,208-30-1-1-1,4.97472837983046e-06_4.97472837983046e-06_4.97472837983046e-06_4.97472837983046e-06_4.97472837983046e-06
1016,10969,47-22-8-1-1,1.11931388546185e-05_1.11931388546185e-05_1.11931388546185e-05_1.11931388546185e-05_1.11931388546185e-05
1016,10970,34-19-9-2-1,9.94945675966092e-06_9.94945675966092e-06_9.94945675966092e-06_9.94945675966092e-06_9.94945675966092e-06
1016,10971,125-30-1-1-1,0.00013058661997055_0.00013058661997055_0.00013058661997055_0.00013058661997055_0.00013058661997055
1016,10972,8-7-4-2-1,6.21841047478808e-06_6.21841047478808e-06_6.21841047478808e-06_6.21841047478808e-06_6.21841047478808e-06
1016,10973,197-30-1-1-1,4.8503601703347e-05_4.8503601703347e-05_4.8503601703347e-05_4.8503601703347e-05_4.8503601703347e-05
1016,10974,125-30-1-1-1,0.000115662434831058_0.000115662434831058_0.000115662434831058_0.000115662434831058_0.000115662434831058
1016,10975,213-15-9-2-1,3.73104628487285e-06_3.73104628487285e-06_3.73104628487285e-06_3.73104628487285e-06_3.73104628487285e-06
1016,10976,185-41-9-2-1,8.70577466470331e-06_8.70577466470331e-06_8.70577466470331e-06_8.70577466470331e-06_8.70577466470331e-06
1016,10977,151-19-9-2-1,4.35288733235165e-06_4.35288733235165e-06_4.35288733235165e-06_4.35288733235165e-06_4.35288733235165e-06
1016,10978,201-17-10-1-1,6.65369920802324e-05_6.65369920802324e-05_6.65369920802324e-05_6.65369920802324e-05_6.65369920802324e-05
1016,10979,134-29-2-2-1,2.98483702789828e-05_2.98483702789828e-05_2.98483702789828e-05_2.98483702789828e-05_2.98483702789828e-05
1016,10980,178-44-12-1-1,6.84025152226688e-06_6.84025152226688e-06_6.84025152226688e-06_6.84025152226688e-06_6.84025152226688e-06
1016,10981,114-40-4-2-1,1.24368209495762e-05_1.24368209495762e-05_1.24368209495762e-05_1.24368209495762e-05_1.24368209495762e-05
1016,10982,222-35-4-2-1,4.35288733235165e-06_4.35288733235165e-06_4.35288733235165e-06_4.35288733235165e-06_4.35288733235165e-06
1016,10983,138-23-8-1-1,4.04196680861225e-05_4.04196680861225e-05_4.04196680861225e-05_4.04196680861225e-05_4.04196680861225e-05
1016,10984,203-11-4-2-1,4.35288733235165e-06_4.35288733235165e-06_4.35288733235165e-06_4.35288733235165e-06_4.35288733235165e-06
1016,10985,177-7-4-2-1,4.35288733235165e-06_4.35288733235165e-06_4.35288733235165e-06_4.35288733235165e-06_4.35288733235165e-06
1016,10986,140-42-12-1-1,5.59656942730927e-06_5.59656942730927e-06_5.59656942730927e-06_5.59656942730927e-06_5.59656942730927e-06
1016,10987,34-19-9-2-1,6.21841047478808e-06_6.21841047478808e-06_6.21841047478808e-06_6.21841047478808e-06_6.21841047478808e-06
1016,10988,118-36-10-1-1,6.84025152226688e-06_6.84025152226688e-06_6.84025152226688e-06_6.84025152226688e-06_6.84025152226688e-06
1016,10989,68-30-1-1-1,1.86552314243642e-05_1.86552314243642e-05_1.86552314243642e-05_1.86552314243642e-05_1.86552314243642e-05
1016,10990,58-13-6-2-1,0.000307189477454531_0.000307189477454531_0.000307189477454531_0.000307189477454531_0.000307189477454531
1016,10991,172-40-4-2-1,3.10920523739404e-06_3.10920523739404e-06_3.10920523739404e-06_3.10920523739404e-06_3.10920523739404e-06
1016,10992,163-43-4-2-1,3.79323038962073e-05_3.79323038962073e-05_3.79323038962073e-05_3.79323038962073e-05_3.79323038962073e-05
1016,10993,205-12-8-1-1,7.46209256974569e-06_7.46209256974569e-06_7.46209256974569e-06_7.46209256974569e-06_7.46209256974569e-06
1016,10994,58-13-6-2-1,0.000159813149202054_0.000159813149202054_0.000159813149202054_0.000159813149202054_0.000159813149202054
1016,10995,186-15-9-2-1,2.48736418991523e-06_2.48736418991523e-06_2.48736418991523e-06_2.48736418991523e-06_2.48736418991523e-06
1016,10996,66-29-2-2-1,6.21841047478808e-06_6.21841047478808e-06_6.21841047478808e-06_6.21841047478808e-06_6.21841047478808e-06
1016,10997,96-13-6-2-1,6.40496278903172e-05_6.40496278903172e-05_6.40496278903172e-05_6.40496278903172e-05_6.40496278903172e-05
1016,10998,148-29-2-2-1,2.11425956142795e-05_2.11425956142795e-05_2.11425956142795e-05_2.11425956142795e-05_2.11425956142795e-05
1016,10999,95-37-4-2-1,1.49241851394914e-05_1.49241851394914e-05_1.49241851394914e-05_1.49241851394914e-05_1.49241851394914e-05
1016,11000,44-13-6-2-1,3.10920523739404e-05_3.10920523739404e-05_3.10920523739404e-05_3.10920523739404e-05_3.10920523739404e-05
1016,11001,98-27-8-1-1,1.49241851394914e-05_1.49241851394914e-05_1.49241851394914e-05_1.49241851394914e-05_1.49241851394914e-05
1016,11002,208-30-1-1-1,3.73104628487285e-06_3.73104628487285e-06_3.73104628487285e-06_3.73104628487285e-06_3.73104628487285e-06
1016,11003,208-30-1-1-1,2.05207545668007e-05_2.05207545668007e-05_2.05207545668007e-05_2.05207545668007e-05_2.05207545668007e-05
1016,11004,44-13-6-2-1,2.36299598041947e-05_2.36299598041947e-05_2.36299598041947e-05_2.36299598041947e-05_2.36299598041947e-05
1016,11005,8-7-4-2-1,1.98989135193218e-05_1.98989135193218e-05_1.98989135193218e-05_1.98989135193218e-05_1.98989135193218e-05
1016,11006,234-24-7-1-1,8.89232697894695e-05_8.89232697894695e-05_8.89232697894695e-05_8.89232697894695e-05_8.89232697894695e-05
1016,11007,214-26-4-2-1,8.0839336172245e-06_8.0839336172245e-06_8.0839336172245e-06_8.0839336172245e-06_8.0839336172245e-06
1016,11008,102-13-6-2-1,5.84530584630079e-05_5.84530584630079e-05_5.84530584630079e-05_5.84530584630079e-05_5.84530584630079e-05
1016,11009,186-15-9-2-1,4.04196680861225e-05_4.04196680861225e-05_4.04196680861225e-05_4.04196680861225e-05_4.04196680861225e-05
1016,11010,128-7-4-2-1,3.73104628487285e-06_3.73104628487285e-06_3.73104628487285e-06_3.73104628487285e-06_3.73104628487285e-06
1016,11011,166-18-4-2-1,4.35288733235165e-06_4.35288733235165e-06_4.35288733235165e-06_4.35288733235165e-06_4.35288733235165e-06
1016,11012,47-22-8-1-1,1.86552314243642e-05_1.86552314243642e-05_1.86552314243642e-05_1.86552314243642e-05_1.86552314243642e-05
1016,11013,152-32-10-1-1,3.73104628487285e-06_3.73104628487285e-06_3.73104628487285e-06_3.73104628487285e-06_3.73104628487285e-06
1016,11014,185-41-9-2-1,3.10920523739404e-06_3.10920523739404e-06_3.10920523739404e-06_3.10920523739404e-06_3.10920523739404e-06
1016,11015,185-41-9-2-1,2.48736418991523e-05_2.48736418991523e-05_2.48736418991523e-05_2.48736418991523e-05_2.48736418991523e-05
1016,11017,172-40-4-2-1,2.48736418991523e-06_2.48736418991523e-06_2.48736418991523e-06_2.48736418991523e-06_2.48736418991523e-06
1016,11018,227-41-9-2-1,7.46209256974569e-06_7.46209256974569e-06_7.46209256974569e-06_7.46209256974569e-06_7.46209256974569e-06
1016,11019,201-17-10-1-1,1.43023440920126e-05_1.43023440920126e-05_1.43023440920126e-05_1.43023440920126e-05_1.43023440920126e-05
1016,11020,42-13-6-2-1,0.00014613264615752_0.00014613264615752_0.00014613264615752_0.00014613264615752_0.00014613264615752
1016,11021,177-7-4-2-1,3.10920523739404e-06_3.10920523739404e-06_3.10920523739404e-06_3.10920523739404e-06_3.10920523739404e-06
1016,11022,166-18-4-2-1,4.16633501810801e-05_4.16633501810801e-05_4.16633501810801e-05_4.16633501810801e-05_4.16633501810801e-05
1016,11023,69-29-2-2-1,2.98483702789828e-05_2.98483702789828e-05_2.98483702789828e-05_2.98483702789828e-05_2.98483702789828e-05
1016,11024,32-18-4-2-1,2.54954829466311e-05_2.54954829466311e-05_2.54954829466311e-05_2.54954829466311e-05_2.54954829466311e-05
1016,11025,57-7-4-2-1,6.59151510327536e-05_6.59151510327536e-05_6.59151510327536e-05_6.59151510327536e-05_6.59151510327536e-05
1016,11026,114-40-4-2-1,7.64864488398933e-05_7.64864488398933e-05_7.64864488398933e-05_7.64864488398933e-05_7.64864488398933e-05
1016,11027,151-19-9-2-1,1.36805030445338e-05_1.36805030445338e-05_1.36805030445338e-05_1.36805030445338e-05_1.36805030445338e-05
1016,11028,95-37-4-2-1,3.73104628487285e-06_3.73104628487285e-06_3.73104628487285e-06_3.73104628487285e-06_3.73104628487285e-06
1016,11029,8-7-4-2-1,4.97472837983046e-06_4.97472837983046e-06_4.97472837983046e-06_4.97472837983046e-06_4.97472837983046e-06
1016,11030,71-29-2-2-1,1.24368209495762e-05_1.24368209495762e-05_1.24368209495762e-05_1.24368209495762e-05_1.24368209495762e-05
1016,11031,226-32-10-1-1,0.000127477414733156_0.000127477414733156_0.000127477414733156_0.000127477414733156_0.000127477414733156
1016,11032,90-36-10-1-1,7.33772436024993e-05_7.33772436024993e-05_7.33772436024993e-05_7.33772436024993e-05_7.33772436024993e-05
1016,11033,138-23-8-1-1,2.86046881840252e-05_2.86046881840252e-05_2.86046881840252e-05_2.86046881840252e-05_2.86046881840252e-05
1016,11034,83-33-5-1-1,9.32761571218212e-06_9.32761571218212e-06_9.32761571218212e-06_9.32761571218212e-06_9.32761571218212e-06
1016,11035,138-23-8-1-1,2.79828471365463e-05_2.79828471365463e-05_2.79828471365463e-05_2.79828471365463e-05_2.79828471365463e-05
1016,11036,205-12-8-1-1,9.32761571218212e-06_9.32761571218212e-06_9.32761571218212e-06_9.32761571218212e-06_9.32761571218212e-06
1016,11037,74-31-9-2-1,1.6167867234449e-05_1.6167867234449e-05_1.6167867234449e-05_1.6167867234449e-05_1.6167867234449e-05
1016,11038,228-17-10-1-1,3.73104628487285e-06_3.73104628487285e-06_3.73104628487285e-06_3.73104628487285e-06_3.73104628487285e-06
1016,11039,51-22-8-1-1,4.10415091336013e-05_4.10415091336013e-05_4.10415091336013e-05_4.10415091336013e-05_4.10415091336013e-05
1016,11040,118-36-10-1-1,1.86552314243642e-05_1.86552314243642e-05_1.86552314243642e-05_1.86552314243642e-05_1.86552314243642e-05
1016,11041,80-11-4-2-1,0.000313407887929319_0.000313407887929319_0.000313407887929319_0.000313407887929319_0.000313407887929319
1016,11042,103-13-6-2-1,6.90243562701477e-05_6.90243562701477e-05_6.90243562701477e-05_6.90243562701477e-05_6.90243562701477e-05
1016,11043,221-35-4-2-1,2.79828471365463e-05_2.79828471365463e-05_2.79828471365463e-05_2.79828471365463e-05_2.79828471365463e-05
1016,11044,172-40-4-2-1,9.94945675966092e-06_9.94945675966092e-06_9.94945675966092e-06_9.94945675966092e-06_9.94945675966092e-06
1016,11045,221-35-4-2-1,3.5444939706292e-05_3.5444939706292e-05_3.5444939706292e-05_3.5444939706292e-05_3.5444939706292e-05
1016,11046,80-11-4-2-1,0.000226971982329765_0.000226971982329765_0.000226971982329765_0.000226971982329765_0.000226971982329765
1016,11047,58-13-6-2-1,4.60162375134318e-05_4.60162375134318e-05_4.60162375134318e-05_4.60162375134318e-05_4.60162375134318e-05
1016,11048,205-12-8-1-1,0.000498094679030525_0.000498094679030525_0.000498094679030525_0.000498094679030525_0.000498094679030525
1016,11049,205-12-8-1-1,8.70577466470331e-06_8.70577466470331e-06_8.70577466470331e-06_8.70577466470331e-06_8.70577466470331e-06
1016,11050,163-43-4-2-1,6.84025152226688e-06_6.84025152226688e-06_6.84025152226688e-06_6.84025152226688e-06_6.84025152226688e-06
1016,11051,96-13-6-2-1,2.17644366617583e-05_2.17644366617583e-05_2.17644366617583e-05_2.17644366617583e-05_2.17644366617583e-05
1016,11052,40-23-8-1-1,3.42012576113344e-05_3.42012576113344e-05_3.42012576113344e-05_3.42012576113344e-05_3.42012576113344e-05
1016,11053,205-12-8-1-1,1.24368209495762e-05_1.24368209495762e-05_1.24368209495762e-05_1.24368209495762e-05_1.24368209495762e-05
1016,11054,70-27-8-1-1,5.22346479882198e-05_5.22346479882198e-05_5.22346479882198e-05_5.22346479882198e-05_5.22346479882198e-05
1016,11055,168-2-2-2-1,0.000843838301428742_0.000843838301428742_0.000843838301428742_0.000843838301428742_0.000843838301428742
1016,11056,214-26-4-2-1,3.10920523739404e-06_3.10920523739404e-06_3.10920523739404e-06_3.10920523739404e-06_3.10920523739404e-06
1016,11057,168-2-2-2-1,0.000103847454928961_0.000103847454928961_0.000103847454928961_0.000103847454928961_0.000103847454928961
1016,11058,168-2-2-2-1,0.000350718350778048_0.000350718350778048_0.000350718350778048_0.000350718350778048_0.000350718350778048
1016,11059,8-7-4-2-1,2.86046881840252e-05_2.86046881840252e-05_2.86046881840252e-05_2.86046881840252e-05_2.86046881840252e-05
1016,11060,8-7-4-2-1,6.84025152226688e-06_6.84025152226688e-06_6.84025152226688e-06_6.84025152226688e-06_6.84025152226688e-06
1016,11061,140-42-12-1-1,6.90243562701477e-05_6.90243562701477e-05_6.90243562701477e-05_6.90243562701477e-05_6.90243562701477e-05
1016,11062,55-22-8-1-1,1.11931388546185e-05_1.11931388546185e-05_1.11931388546185e-05_1.11931388546185e-05_1.11931388546185e-05
1016,11063,51-22-8-1-1,1.05712978071397e-05_1.05712978071397e-05_1.05712978071397e-05_1.05712978071397e-05_1.05712978071397e-05
1016,11064,153-18-4-2-1,3.97978270386437e-05_3.97978270386437e-05_3.97978270386437e-05_3.97978270386437e-05_3.97978270386437e-05
1016,11065,172-40-4-2-1,3.73104628487285e-06_3.73104628487285e-06_3.73104628487285e-06_3.73104628487285e-06_3.73104628487285e-06
1016,11066,148-29-2-2-1,8.45703824571178e-05_8.45703824571178e-05_8.45703824571178e-05_8.45703824571178e-05_8.45703824571178e-05
1016,11067,185-41-9-2-1,2.48736418991523e-06_2.48736418991523e-06_2.48736418991523e-06_2.48736418991523e-06_2.48736418991523e-06
1016,11069,93-16-2-2-1,2.73610060890675e-05_2.73610060890675e-05_2.73610060890675e-05_2.73610060890675e-05_2.73610060890675e-05
1016,11070,40-23-8-1-1,3.73104628487285e-06_3.73104628487285e-06_3.73104628487285e-06_3.73104628487285e-06_3.73104628487285e-06
1016,11071,153-18-4-2-1,1.98989135193218e-05_1.98989135193218e-05_1.98989135193218e-05_1.98989135193218e-05_1.98989135193218e-05
1016,11072,6-6-6-2-1,0.00109568392565766_0.00109568392565766_0.00109568392565766_0.00109568392565766_0.00109568392565766
1016,11073,167-18-4-2-1,8.0839336172245e-06_8.0839336172245e-06_8.0839336172245e-06_8.0839336172245e-06_8.0839336172245e-06
1016,11074,34-19-9-2-1,4.97472837983046e-06_4.97472837983046e-06_4.97472837983046e-06_4.97472837983046e-06_4.97472837983046e-06
1016,11075,161-36-10-1-1,4.97472837983046e-06_4.97472837983046e-06_4.97472837983046e-06_4.97472837983046e-06_4.97472837983046e-06
1016,11076,135-41-9-2-1,0.00010446929597644_0.00010446929597644_0.00010446929597644_0.00010446929597644_0.00010446929597644
1016,11077,191-37-4-2-1,7.46209256974569e-06_7.46209256974569e-06_7.46209256974569e-06_7.46209256974569e-06_7.46209256974569e-06
1016,11078,58-13-6-2-1,0.000305323954312095_0.000305323954312095_0.000305323954312095_0.000305323954312095_0.000305323954312095
1016,11079,234-24-7-1-1,5.96967405579655e-05_5.96967405579655e-05_5.96967405579655e-05_5.96967405579655e-05_5.96967405579655e-05
1016,11080,178-44-12-1-1,4.97472837983046e-06_4.97472837983046e-06_4.97472837983046e-06_4.97472837983046e-06_4.97472837983046e-06
1016,11081,180-40-4-2-1,3.73104628487285e-06_3.73104628487285e-06_3.73104628487285e-06_3.73104628487285e-06_3.73104628487285e-06
1016,11082,39-22-8-1-1,5.59656942730927e-06_5.59656942730927e-06_5.59656942730927e-06_5.59656942730927e-06_5.59656942730927e-06
1016,11083,163-43-4-2-1,1.36805030445338e-05_1.36805030445338e-05_1.36805030445338e-05_1.36805030445338e-05_1.36805030445338e-05
1016,11084,35-20-9-2-1,2.48736418991523e-06_2.48736418991523e-06_2.48736418991523e-06_2.48736418991523e-06_2.48736418991523e-06
1016,11085,96-13-6-2-1,9.63853623592152e-05_9.63853623592152e-05_9.63853623592152e-05_9.63853623592152e-05_9.63853623592152e-05
1016,11086,174-15-9-2-1,2.17644366617583e-05_2.17644366617583e-05_2.17644366617583e-05_2.17644366617583e-05_2.17644366617583e-05
1016,11087,201-17-10-1-1,1.11931388546185e-05_1.11931388546185e-05_1.11931388546185e-05_1.11931388546185e-05_1.11931388546185e-05
1016,11088,17-11-4-2-1,2.86046881840252e-05_2.86046881840252e-05_2.86046881840252e-05_2.86046881840252e-05_2.86046881840252e-05
1016,11090,95-37-4-2-1,6.21841047478808e-06_6.21841047478808e-06_6.21841047478808e-06_6.21841047478808e-06_6.21841047478808e-06
1016,11091,5-5-5-1-1,5.59656942730927e-06_5.59656942730927e-06_5.59656942730927e-06_5.59656942730927e-06_5.59656942730927e-06
1016,11092,96-13-6-2-1,5.53438532256139e-05_5.53438532256139e-05_5.53438532256139e-05_5.53438532256139e-05_5.53438532256139e-05
1016,11093,32-18-4-2-1,9.32761571218212e-06_9.32761571218212e-06_9.32761571218212e-06_9.32761571218212e-06_9.32761571218212e-06
1016,11094,36-6-6-2-1,8.83014287419907e-05_8.83014287419907e-05_8.83014287419907e-05_8.83014287419907e-05_8.83014287419907e-05
1016,11095,185-41-9-2-1,4.97472837983046e-06_4.97472837983046e-06_4.97472837983046e-06_4.97472837983046e-06_4.97472837983046e-06
1016,11096,222-35-4-2-1,4.41507143709953e-05_4.41507143709953e-05_4.41507143709953e-05_4.41507143709953e-05_4.41507143709953e-05
1016,11097,148-29-2-2-1,1.9277072471843e-05_1.9277072471843e-05_1.9277072471843e-05_1.9277072471843e-05_1.9277072471843e-05
1016,11098,201-17-10-1-1,1.43023440920126e-05_1.43023440920126e-05_1.43023440920126e-05_1.43023440920126e-05_1.43023440920126e-05
1016,11099,44-13-6-2-1,5.03691248457834e-05_5.03691248457834e-05_5.03691248457834e-05_5.03691248457834e-05_5.03691248457834e-05
1016,11100,122-16-2-2-1,3.91759859911649e-05_3.91759859911649e-05_3.91759859911649e-05_3.91759859911649e-05_3.91759859911649e-05
1016,11101,201-17-10-1-1,2.79828471365463e-05_2.79828471365463e-05_2.79828471365463e-05_2.79828471365463e-05_2.79828471365463e-05
1016,11102,122-16-2-2-1,2.79828471365463e-05_2.79828471365463e-05_2.79828471365463e-05_2.79828471365463e-05_2.79828471365463e-05
1016,11103,172-40-4-2-1,4.97472837983046e-06_4.97472837983046e-06_4.97472837983046e-06_4.97472837983046e-06_4.97472837983046e-06
1016,11104,188-14-4-2-1,6.21841047478808e-06_6.21841047478808e-06_6.21841047478808e-06_6.21841047478808e-06_6.21841047478808e-06
1016,11105,216-19-9-2-1,1.86552314243642e-05_1.86552314243642e-05_1.86552314243642e-05_1.86552314243642e-05_1.86552314243642e-05
1016,11106,122-16-2-2-1,6.21841047478808e-06_6.21841047478808e-06_6.21841047478808e-06_6.21841047478808e-06_6.21841047478808e-06
1016,11108,194-31-9-2-1,2.98483702789828e-05_2.98483702789828e-05_2.98483702789828e-05_2.98483702789828e-05_2.98483702789828e-05
1016,11109,55-22-8-1-1,2.48736418991523e-06_2.48736418991523e-06_2.48736418991523e-06_2.48736418991523e-06_2.48736418991523e-06
1016,11110,214-26-4-2-1,4.35288733235165e-06_4.35288733235165e-06_4.35288733235165e-06_4.35288733235165e-06_4.35288733235165e-06
1016,11111,148-29-2-2-1,1.05712978071397e-05_1.05712978071397e-05_1.05712978071397e-05_1.05712978071397e-05_1.05712978071397e-05
1016,11112,208-30-1-1-1,7.21335615075417e-05_7.21335615075417e-05_7.21335615075417e-05_7.21335615075417e-05_7.21335615075417e-05
1016,11113,208-30-1-1-1,9.94945675966092e-06_9.94945675966092e-06_9.94945675966092e-06_9.94945675966092e-06_9.94945675966092e-06
1016,11114,102-13-6-2-1,1.43023440920126e-05_1.43023440920126e-05_1.43023440920126e-05_1.43023440920126e-05_1.43023440920126e-05
1016,11115,222-35-4-2-1,7.46209256974569e-06_7.46209256974569e-06_7.46209256974569e-06_7.46209256974569e-06_7.46209256974569e-06
1016,11116,153-18-4-2-1,9.94945675966092e-06_9.94945675966092e-06_9.94945675966092e-06_9.94945675966092e-06_9.94945675966092e-06
1016,11118,230-14-4-2-1,1.43023440920126e-05_1.43023440920126e-05_1.43023440920126e-05_1.43023440920126e-05_1.43023440920126e-05
1016,11119,4-4-4-2-1,9.32761571218212e-06_9.32761571218212e-06_9.32761571218212e-06_9.32761571218212e-06_9.32761571218212e-06
1016,11120,221-35-4-2-1,6.84025152226688e-06_6.84025152226688e-06_6.84025152226688e-06_6.84025152226688e-06_6.84025152226688e-06
1016,11121,216-19-9-2-1,6.21841047478808e-06_6.21841047478808e-06_6.21841047478808e-06_6.21841047478808e-06_6.21841047478808e-06
1016,11122,166-18-4-2-1,2.48736418991523e-06_2.48736418991523e-06_2.48736418991523e-06_2.48736418991523e-06_2.48736418991523e-06
1016,11124,156-37-4-2-1,5.59656942730927e-06_5.59656942730927e-06_5.59656942730927e-06_5.59656942730927e-06_5.59656942730927e-06
1016,11126,188-14-4-2-1,7.46209256974569e-06_7.46209256974569e-06_7.46209256974569e-06_7.46209256974569e-06_7.46209256974569e-06
1016,11127,45-5-5-1-1,3.10920523739404e-06_3.10920523739404e-06_3.10920523739404e-06_3.10920523739404e-06_3.10920523739404e-06
1016,11128,128-7-4-2-1,7.46209256974569e-06_7.46209256974569e-06_7.46209256974569e-06_7.46209256974569e-06_7.46209256974569e-06
1016,11129,25-10-2-2-1,8.70577466470331e-06_8.70577466470331e-06_8.70577466470331e-06_8.70577466470331e-06_8.70577466470331e-06
1016,11130,234-24-7-1-1,8.33267003621602e-05_8.33267003621602e-05_8.33267003621602e-05_8.33267003621602e-05_8.33267003621602e-05
1016,11131,221-35-4-2-1,5.65875353205715e-05_5.65875353205715e-05_5.65875353205715e-05_5.65875353205715e-05_5.65875353205715e-05
1016,11132,221-35-4-2-1,0.000125611891590719_0.000125611891590719_0.000125611891590719_0.000125611891590719_0.000125611891590719
1016,11133,83-33-5-1-1,0.000197745453098261_0.000197745453098261_0.000197745453098261_0.000197745453098261_0.000197745453098261
1016,11134,63-27-8-1-1,9.94945675966092e-06_9.94945675966092e-06_9.94945675966092e-06_9.94945675966092e-06_9.94945675966092e-06
1016,11135,236-42-12-1-1,6.84025152226688e-06_6.84025152226688e-06_6.84025152226688e-06_6.84025152226688e-06_6.84025152226688e-06
1016,11136,83-33-5-1-1,5.96967405579655e-05_5.96967405579655e-05_5.96967405579655e-05_5.96967405579655e-05_5.96967405579655e-05
1016,11137,157-12-8-1-1,0.00013556134835038_0.00013556134835038_0.00013556134835038_0.00013556134835038_0.00013556134835038
1016,11138,154-25-8-1-1,8.70577466470331e-06_8.70577466470331e-06_8.70577466470331e-06_8.70577466470331e-06_8.70577466470331e-06
1016,11139,199-19-9-2-1,4.35288733235165e-06_4.35288733235165e-06_4.35288733235165e-06_4.35288733235165e-06_4.35288733235165e-06
1016,11140,185-41-9-2-1,2.48736418991523e-06_2.48736418991523e-06_2.48736418991523e-06_2.48736418991523e-06_2.48736418991523e-06
1016,11141,42-13-6-2-1,0.000394247224101564_0.000394247224101564_0.000394247224101564_0.000394247224101564_0.000394247224101564
1016,11142,185-41-9-2-1,3.10920523739404e-06_3.10920523739404e-06_3.10920523739404e-06_3.10920523739404e-06_3.10920523739404e-06
1016,11143,176-20-9-2-1,0.000114418752736101_0.000114418752736101_0.000114418752736101_0.000114418752736101_0.000114418752736101
1016,11144,109-28-5-1-1,8.0839336172245e-06_8.0839336172245e-06_8.0839336172245e-06_8.0839336172245e-06_8.0839336172245e-06
1016,11145,205-12-8-1-1,3.73104628487285e-06_3.73104628487285e-06_3.73104628487285e-06_3.73104628487285e-06_3.73104628487285e-06
1016,11146,153-18-4-2-1,1.05712978071397e-05_1.05712978071397e-05_1.05712978071397e-05_1.05712978071397e-05_1.05712978071397e-05
1016,11147,227-41-9-2-1,1.74115493294066e-05_1.74115493294066e-05_1.74115493294066e-05_1.74115493294066e-05_1.74115493294066e-05
1016,11148,122-16-2-2-1,4.29070322760377e-05_4.29070322760377e-05_4.29070322760377e-05_4.29070322760377e-05_4.29070322760377e-05
1016,11149,196-14-4-2-1,4.97472837983046e-06_4.97472837983046e-06_4.97472837983046e-06_4.97472837983046e-06_4.97472837983046e-06
1016,11150,66-29-2-2-1,3.73104628487285e-06_3.73104628487285e-06_3.73104628487285e-06_3.73104628487285e-06_3.73104628487285e-06
1016,11152,154-25-8-1-1,1.05712978071397e-05_1.05712978071397e-05_1.05712978071397e-05_1.05712978071397e-05_1.05712978071397e-05
1016,11153,122-16-2-2-1,9.32761571218212e-06_9.32761571218212e-06_9.32761571218212e-06_9.32761571218212e-06_9.32761571218212e-06
1016,11154,202-37-4-2-1,4.97472837983046e-06_4.97472837983046e-06_4.97472837983046e-06_4.97472837983046e-06_4.97472837983046e-06
1016,11155,161-36-10-1-1,9.32761571218212e-06_9.32761571218212e-06_9.32761571218212e-06_9.32761571218212e-06_9.32761571218212e-06
1016,11156,70-27-8-1-1,6.21841047478808e-06_6.21841047478808e-06_6.21841047478808e-06_6.21841047478808e-06_6.21841047478808e-06
1016,11157,45-5-5-1-1,4.97472837983046e-06_4.97472837983046e-06_4.97472837983046e-06_4.97472837983046e-06_4.97472837983046e-06
1016,11158,67-2-2-2-1,2.67391650415887e-05_2.67391650415887e-05_2.67391650415887e-05_2.67391650415887e-05_2.67391650415887e-05
1016,11159,114-40-4-2-1,1.3058661997055e-05_1.3058661997055e-05_1.3058661997055e-05_1.3058661997055e-05_1.3058661997055e-05
1016,11160,185-41-9-2-1,6.21841047478808e-06_6.21841047478808e-06_6.21841047478808e-06_6.21841047478808e-06_6.21841047478808e-06
1016,11161,95-37-4-2-1,6.84025152226688e-06_6.84025152226688e-06_6.84025152226688e-06_6.84025152226688e-06_6.84025152226688e-06
1016,11162,95-37-4-2-1,2.23862777092371e-05_2.23862777092371e-05_2.23862777092371e-05_2.23862777092371e-05_2.23862777092371e-05
1016,11163,145-25-8-1-1,1.49241851394914e-05_1.49241851394914e-05_1.49241851394914e-05_1.49241851394914e-05_1.49241851394914e-05
1016,11164,205-12-8-1-1,2.17644366617583e-05_2.17644366617583e-05_2.17644366617583e-05_2.17644366617583e-05_2.17644366617583e-05
1016,11165,152-32-10-1-1,3.73104628487285e-06_3.73104628487285e-06_3.73104628487285e-06_3.73104628487285e-06_3.73104628487285e-06
1016,11166,227-41-9-2-1,3.10920523739404e-06_3.10920523739404e-06_3.10920523739404e-06_3.10920523739404e-06_3.10920523739404e-06
1016,11167,166-18-4-2-1,3.10920523739404e-06_3.10920523739404e-06_3.10920523739404e-06_3.10920523739404e-06_3.10920523739404e-06
1016,11168,166-18-4-2-1,6.34277868428384e-05_6.34277868428384e-05_6.34277868428384e-05_6.34277868428384e-05_6.34277868428384e-05
1016,11169,166-18-4-2-1,2.48736418991523e-05_2.48736418991523e-05_2.48736418991523e-05_2.48736418991523e-05_2.48736418991523e-05
1016,11171,167-18-4-2-1,3.10920523739404e-06_3.10920523739404e-06_3.10920523739404e-06_3.10920523739404e-06_3.10920523739404e-06
1016,11172,160-30-1-1-1,1.74115493294066e-05_1.74115493294066e-05_1.74115493294066e-05_1.74115493294066e-05_1.74115493294066e-05
1016,11174,184-31-9-2-1,7.39990846499781e-05_7.39990846499781e-05_7.39990846499781e-05_7.39990846499781e-05_7.39990846499781e-05
1016,11175,184-31-9-2-1,0.000179090221673897_0.000179090221673897_0.000179090221673897_0.000179090221673897_0.000179090221673897
1016,11177,166-18-4-2-1,5.59656942730927e-06_5.59656942730927e-06_5.59656942730927e-06_5.59656942730927e-06_5.59656942730927e-06
1016,11178,221-35-4-2-1,0.000169140764914236_0.000169140764914236_0.000169140764914236_0.000169140764914236_0.000169140764914236
1016,11179,156-37-4-2-1,1.11931388546185e-05_1.11931388546185e-05_1.11931388546185e-05_1.11931388546185e-05_1.11931388546185e-05
1016,11180,221-35-4-2-1,0.000312164205834361_0.000312164205834361_0.000312164205834361_0.000312164205834361_0.000312164205834361
1016,11181,83-33-5-1-1,3.17138934214192e-05_3.17138934214192e-05_3.17138934214192e-05_3.17138934214192e-05_3.17138934214192e-05
1016,11182,221-35-4-2-1,2.05207545668007e-05_2.05207545668007e-05_2.05207545668007e-05_2.05207545668007e-05_2.05207545668007e-05
1016,11183,214-26-4-2-1,8.0839336172245e-06_8.0839336172245e-06_8.0839336172245e-06_8.0839336172245e-06_8.0839336172245e-06
1016,11184,193-40-4-2-1,6.84025152226688e-06_6.84025152226688e-06_6.84025152226688e-06_6.84025152226688e-06_6.84025152226688e-06
1016,11185,98-27-8-1-1,1.3058661997055e-05_1.3058661997055e-05_1.3058661997055e-05_1.3058661997055e-05_1.3058661997055e-05
1016,11186,200-15-9-2-1,1.86552314243642e-05_1.86552314243642e-05_1.86552314243642e-05_1.86552314243642e-05_1.86552314243642e-05
1016,11187,70-27-8-1-1,1.3058661997055e-05_1.3058661997055e-05_1.3058661997055e-05_1.3058661997055e-05_1.3058661997055e-05
1016,11188,185-41-9-2-1,4.97472837983046e-06_4.97472837983046e-06_4.97472837983046e-06_4.97472837983046e-06_4.97472837983046e-06
1016,11189,63-27-8-1-1,4.35288733235165e-06_4.35288733235165e-06_4.35288733235165e-06_4.35288733235165e-06_4.35288733235165e-06
1016,11190,58-13-6-2-1,6.28059457953596e-05_6.28059457953596e-05_6.28059457953596e-05_6.28059457953596e-05_6.28059457953596e-05
1016,11191,205-12-8-1-1,1.86552314243642e-05_1.86552314243642e-05_1.86552314243642e-05_1.86552314243642e-05_1.86552314243642e-05
1016,11192,150-30-1-1-1,3.10920523739404e-06_3.10920523739404e-06_3.10920523739404e-06_3.10920523739404e-06_3.10920523739404e-06
1016,11193,83-33-5-1-1,2.98483702789828e-05_2.98483702789828e-05_2.98483702789828e-05_2.98483702789828e-05_2.98483702789828e-05
1016,11194,199-19-9-2-1,6.21841047478808e-06_6.21841047478808e-06_6.21841047478808e-06_6.21841047478808e-06_6.21841047478808e-06
1016,11195,162-8-3-1-1,0.0015875601942134_0.0015875601942134_0.0015875601942134_0.0015875601942134_0.0015875601942134
1016,11196,174-15-9-2-1,7.46209256974569e-06_7.46209256974569e-06_7.46209256974569e-06_7.46209256974569e-06_7.46209256974569e-06
1016,11198,47-22-8-1-1,3.10920523739404e-06_3.10920523739404e-06_3.10920523739404e-06_3.10920523739404e-06_3.10920523739404e-06
1016,11199,194-31-9-2-1,6.21841047478808e-06_6.21841047478808e-06_6.21841047478808e-06_6.21841047478808e-06_6.21841047478808e-06
1016,11200,229-5-5-1-1,8.27048593146814e-05_8.27048593146814e-05_8.27048593146814e-05_8.27048593146814e-05_8.27048593146814e-05
1016,11201,199-19-9-2-1,9.94945675966092e-06_9.94945675966092e-06_9.94945675966092e-06_9.94945675966092e-06_9.94945675966092e-06
1016,11202,8-7-4-2-1,3.10920523739404e-06_3.10920523739404e-06_3.10920523739404e-06_3.10920523739404e-06_3.10920523739404e-06
1016,11203,2-2-2-2-1,0.000110687706451228_0.000110687706451228_0.000110687706451228_0.000110687706451228_0.000110687706451228
1016,11204,180-40-4-2-1,4.35288733235165e-06_4.35288733235165e-06_4.35288733235165e-06_4.35288733235165e-06_4.35288733235165e-06
1016,11205,61-13-6-2-1,2.17644366617583e-05_2.17644366617583e-05_2.17644366617583e-05_2.17644366617583e-05_2.17644366617583e-05
1016,11206,31-6-6-2-1,8.14611772197238e-05_8.14611772197238e-05_8.14611772197238e-05_8.14611772197238e-05_8.14611772197238e-05
1016,11207,201-17-10-1-1,4.10415091336013e-05_4.10415091336013e-05_4.10415091336013e-05_4.10415091336013e-05_4.10415091336013e-05
1016,11208,191-37-4-2-1,2.79828471365463e-05_2.79828471365463e-05_2.79828471365463e-05_2.79828471365463e-05_2.79828471365463e-05
1016,11209,148-29-2-2-1,2.23862777092371e-05_2.23862777092371e-05_2.23862777092371e-05_2.23862777092371e-05_2.23862777092371e-05
1016,11210,230-14-4-2-1,0.000549085644923787_0.000549085644923787_0.000549085644923787_0.000549085644923787_0.000549085644923787
1016,11211,163-43-4-2-1,3.73104628487285e-06_3.73104628487285e-06_3.73104628487285e-06_3.73104628487285e-06_3.73104628487285e-06
1016,11212,208-30-1-1-1,3.73104628487285e-06_3.73104628487285e-06_3.73104628487285e-06_3.73104628487285e-06_3.73104628487285e-06
1016,11213,160-30-1-1-1,1.55460261869702e-05_1.55460261869702e-05_1.55460261869702e-05_1.55460261869702e-05_1.55460261869702e-05
1016,11215,110-3-3-1-1,3.10920523739404e-05_3.10920523739404e-05_3.10920523739404e-05_3.10920523739404e-05_3.10920523739404e-05
1016,11216,83-33-5-1-1,1.43023440920126e-05_1.43023440920126e-05_1.43023440920126e-05_1.43023440920126e-05_1.43023440920126e-05
1016,11217,175-20-9-2-1,2.17644366617583e-05_2.17644366617583e-05_2.17644366617583e-05_2.17644366617583e-05_2.17644366617583e-05
1016,11218,185-41-9-2-1,3.10920523739404e-06_3.10920523739404e-06_3.10920523739404e-06_3.10920523739404e-06_3.10920523739404e-06
1016,11219,230-14-4-2-1,0.00032335734468898_0.00032335734468898_0.00032335734468898_0.00032335734468898_0.00032335734468898
1016,11220,36-6-6-2-1,2.36299598041947e-05_2.36299598041947e-05_2.36299598041947e-05_2.36299598041947e-05_2.36299598041947e-05
1016,11221,134-29-2-2-1,4.97472837983046e-06_4.97472837983046e-06_4.97472837983046e-06_4.97472837983046e-06_4.97472837983046e-06
1016,11222,25-10-2-2-1,9.94945675966092e-06_9.94945675966092e-06_9.94945675966092e-06_9.94945675966092e-06_9.94945675966092e-06
1016,11223,10-3-3-1-1,0.000124368209495762_0.000124368209495762_0.000124368209495762_0.000124368209495762_0.000124368209495762
1016,11224,71-29-2-2-1,8.70577466470331e-06_8.70577466470331e-06_8.70577466470331e-06_8.70577466470331e-06_8.70577466470331e-06
1016,11225,149-16-2-2-1,1.3058661997055e-05_1.3058661997055e-05_1.3058661997055e-05_1.3058661997055e-05_1.3058661997055e-05
1016,11226,7-4-4-2-1,2.42518008516735e-05_2.42518008516735e-05_2.42518008516735e-05_2.42518008516735e-05_2.42518008516735e-05
1016,11227,213-15-9-2-1,8.70577466470331e-06_8.70577466470331e-06_8.70577466470331e-06_8.70577466470331e-06_8.70577466470331e-06
1016,11228,68-30-1-1-1,1.67897082819278e-05_1.67897082819278e-05_1.67897082819278e-05_1.67897082819278e-05_1.67897082819278e-05
1016,11229,180-40-4-2-1,6.21841047478808e-06_6.21841047478808e-06_6.21841047478808e-06_6.21841047478808e-06_6.21841047478808e-06
1016,11230,221-35-4-2-1,5.59656942730927e-06_5.59656942730927e-06_5.59656942730927e-06_5.59656942730927e-06_5.59656942730927e-06
1016,11231,102-13-6-2-1,5.59656942730927e-06_5.59656942730927e-06_5.59656942730927e-06_5.59656942730927e-06_5.59656942730927e-06
1016,11232,156-37-4-2-1,5.03691248457834e-05_5.03691248457834e-05_5.03691248457834e-05_5.03691248457834e-05_5.03691248457834e-05
1016,11233,122-16-2-2-1,1.3058661997055e-05_1.3058661997055e-05_1.3058661997055e-05_1.3058661997055e-05_1.3058661997055e-05
1016,11234,230-14-4-2-1,0.000207073068810443_0.000207073068810443_0.000207073068810443_0.000207073068810443_0.000207073068810443
1016,11235,148-29-2-2-1,8.70577466470331e-06_8.70577466470331e-06_8.70577466470331e-06_8.70577466470331e-06_8.70577466470331e-06
1016,11236,92-2-2-2-1,0.000253089306323875_0.000253089306323875_0.000253089306323875_0.000253089306323875_0.000253089306323875
1016,11237,159-4-4-2-1,2.42518008516735e-05_2.42518008516735e-05_2.42518008516735e-05_2.42518008516735e-05_2.42518008516735e-05
1016,11238,134-29-2-2-1,6.09404226529231e-05_6.09404226529231e-05_6.09404226529231e-05_6.09404226529231e-05_6.09404226529231e-05
1016,11239,128-7-4-2-1,3.73104628487285e-06_3.73104628487285e-06_3.73104628487285e-06_3.73104628487285e-06_3.73104628487285e-06
1016,11240,196-14-4-2-1,5.59656942730927e-06_5.59656942730927e-06_5.59656942730927e-06_5.59656942730927e-06_5.59656942730927e-06
1016,11241,185-41-9-2-1,1.11931388546185e-05_1.11931388546185e-05_1.11931388546185e-05_1.11931388546185e-05_1.11931388546185e-05
1016,11242,142-42-12-1-1,4.97472837983046e-06_4.97472837983046e-06_4.97472837983046e-06_4.97472837983046e-06_4.97472837983046e-06
1016,11243,188-14-4-2-1,8.70577466470331e-06_8.70577466470331e-06_8.70577466470331e-06_8.70577466470331e-06_8.70577466470331e-06
1016,11245,188-14-4-2-1,0.00094395471007283_0.00094395471007283_0.00094395471007283_0.00094395471007283_0.00094395471007283
1016,11246,142-42-12-1-1,1.18149799020973e-05_1.18149799020973e-05_1.18149799020973e-05_1.18149799020973e-05_1.18149799020973e-05
1016,11247,71-29-2-2-1,3.66886218012497e-05_3.66886218012497e-05_3.66886218012497e-05_3.66886218012497e-05_3.66886218012497e-05
1016,11248,138-23-8-1-1,1.18149799020973e-05_1.18149799020973e-05_1.18149799020973e-05_1.18149799020973e-05_1.18149799020973e-05
1016,11249,205-12-8-1-1,2.48736418991523e-06_2.48736418991523e-06_2.48736418991523e-06_2.48736418991523e-06_2.48736418991523e-06
1016,11250,104-38-11-1-1,0.000688999880606519_0.000688999880606519_0.000688999880606519_0.000688999880606519_0.000688999880606519
1016,11251,7-4-4-2-1,8.70577466470331e-06_8.70577466470331e-06_8.70577466470331e-06_8.70577466470331e-06_8.70577466470331e-06
1016,11252,4-4-4-2-1,3.73104628487285e-06_3.73104628487285e-06_3.73104628487285e-06_3.73104628487285e-06_3.73104628487285e-06
1016,11253,185-41-9-2-1,6.84025152226688e-06_6.84025152226688e-06_6.84025152226688e-06_6.84025152226688e-06_6.84025152226688e-06
1016,11254,185-41-9-2-1,4.35288733235165e-06_4.35288733235165e-06_4.35288733235165e-06_4.35288733235165e-06_4.35288733235165e-06
1016,11255,148-29-2-2-1,1.55460261869702e-05_1.55460261869702e-05_1.55460261869702e-05_1.55460261869702e-05_1.55460261869702e-05
1016,11256,75-1-1-1-1,0.000537892506069169_0.000537892506069169_0.000537892506069169_0.000537892506069169_0.000537892506069169
1016,11257,89-13-6-2-1,7.21335615075417e-05_7.21335615075417e-05_7.21335615075417e-05_7.21335615075417e-05_7.21335615075417e-05
1016,11258,53-21-4-2-1,4.5394396465953e-05_4.5394396465953e-05_4.5394396465953e-05_4.5394396465953e-05_4.5394396465953e-05
1016,11259,166-18-4-2-1,1.6167867234449e-05_1.6167867234449e-05_1.6167867234449e-05_1.6167867234449e-05_1.6167867234449e-05
1016,11260,94-9-7-1-1,0.000591992677199825_0.000591992677199825_0.000591992677199825_0.000591992677199825_0.000591992677199825
1016,11261,222-35-4-2-1,8.70577466470331e-06_8.70577466470331e-06_8.70577466470331e-06_8.70577466470331e-06_8.70577466470331e-06
1016,11263,17-11-4-2-1,9.32761571218212e-06_9.32761571218212e-06_9.32761571218212e-06_9.32761571218212e-06_9.32761571218212e-06
1016,11264,201-17-10-1-1,3.91759859911649e-05_3.91759859911649e-05_3.91759859911649e-05_3.91759859911649e-05_3.91759859911649e-05
1016,11265,79-32-10-1-1,8.0839336172245e-06_8.0839336172245e-06_8.0839336172245e-06_8.0839336172245e-06_8.0839336172245e-06
1016,11266,203-11-4-2-1,9.94945675966092e-06_9.94945675966092e-06_9.94945675966092e-06_9.94945675966092e-06_9.94945675966092e-06
1016,11267,1-1-1-1-1,3.10920523739404e-06_3.10920523739404e-06_3.10920523739404e-06_3.10920523739404e-06_3.10920523739404e-06
1016,11268,8-7-4-2-1,6.21841047478808e-06_6.21841047478808e-06_6.21841047478808e-06_6.21841047478808e-06_6.21841047478808e-06
1016,11269,181-40-4-2-1,2.73610060890675e-05_2.73610060890675e-05_2.73610060890675e-05_2.73610060890675e-05_2.73610060890675e-05
1016,11270,128-7-4-2-1,4.35288733235165e-06_4.35288733235165e-06_4.35288733235165e-06_4.35288733235165e-06_4.35288733235165e-06
1016,11271,8-7-4-2-1,4.35288733235165e-06_4.35288733235165e-06_4.35288733235165e-06_4.35288733235165e-06_4.35288733235165e-06
1016,11272,128-7-4-2-1,1.80333903768854e-05_1.80333903768854e-05_1.80333903768854e-05_1.80333903768854e-05_1.80333903768854e-05
1016,11273,177-7-4-2-1,1.36805030445338e-05_1.36805030445338e-05_1.36805030445338e-05_1.36805030445338e-05_1.36805030445338e-05
1016,11274,95-37-4-2-1,4.35288733235165e-06_4.35288733235165e-06_4.35288733235165e-06_4.35288733235165e-06_4.35288733235165e-06
1016,11275,81-9-7-1-1,0.000583286902535122_0.000583286902535122_0.000583286902535122_0.000583286902535122_0.000583286902535122
1016,11276,64-28-5-1-1,0.000205829386715485_0.000205829386715485_0.000205829386715485_0.000205829386715485_0.000205829386715485
1016,11277,152-32-10-1-1,0.000143023440920126_0.000143023440920126_0.000143023440920126_0.000143023440920126_0.000143023440920126
1016,11278,227-41-9-2-1,1.74115493294066e-05_1.74115493294066e-05_1.74115493294066e-05_1.74115493294066e-05_1.74115493294066e-05
1016,11279,203-11-4-2-1,6.84025152226688e-06_6.84025152226688e-06_6.84025152226688e-06_6.84025152226688e-06_6.84025152226688e-06
1016,11280,203-11-4-2-1,3.10920523739404e-06_3.10920523739404e-06_3.10920523739404e-06_3.10920523739404e-06_3.10920523739404e-06
1016,11281,152-32-10-1-1,8.51922235045966e-05_8.51922235045966e-05_8.51922235045966e-05_8.51922235045966e-05_8.51922235045966e-05
1016,11282,4-4-4-2-1,4.35288733235165e-06_4.35288733235165e-06_4.35288733235165e-06_4.35288733235165e-06_4.35288733235165e-06
1016,11283,142-42-12-1-1,3.10920523739404e-06_3.10920523739404e-06_3.10920523739404e-06_3.10920523739404e-06_3.10920523739404e-06
1016,11284,157-12-8-1-1,5.09909658932622e-05_5.09909658932622e-05_5.09909658932622e-05_5.09909658932622e-05_5.09909658932622e-05
1016,11285,234-24-7-1-1,0.000110687706451228_0.000110687706451228_0.000110687706451228_0.000110687706451228_0.000110687706451228
1016,11286,17-11-4-2-1,6.34277868428384e-05_6.34277868428384e-05_6.34277868428384e-05_6.34277868428384e-05_6.34277868428384e-05
1016,11287,114-40-4-2-1,3.48230986588132e-05_3.48230986588132e-05_3.48230986588132e-05_3.48230986588132e-05_3.48230986588132e-05
1016,11288,185-41-9-2-1,5.59656942730927e-06_5.59656942730927e-06_5.59656942730927e-06_5.59656942730927e-06_5.59656942730927e-06
1016,11289,65-1-1-1-1,6.21841047478808e-06_6.21841047478808e-06_6.21841047478808e-06_6.21841047478808e-06_6.21841047478808e-06
1016,11290,8-7-4-2-1,1.43023440920126e-05_1.43023440920126e-05_1.43023440920126e-05_1.43023440920126e-05_1.43023440920126e-05
1016,11291,31-6-6-2-1,0.000390516177816691_0.000390516177816691_0.000390516177816691_0.000390516177816691_0.000390516177816691
1016,11292,185-41-9-2-1,3.10920523739404e-06_3.10920523739404e-06_3.10920523739404e-06_3.10920523739404e-06_3.10920523739404e-06
1016,11293,184-31-9-2-1,1.18149799020973e-05_1.18149799020973e-05_1.18149799020973e-05_1.18149799020973e-05_1.18149799020973e-05
1016,11294,161-36-10-1-1,3.73104628487285e-06_3.73104628487285e-06_3.73104628487285e-06_3.73104628487285e-06_3.73104628487285e-06
1016,11295,188-14-4-2-1,6.21841047478808e-06_6.21841047478808e-06_6.21841047478808e-06_6.21841047478808e-06_6.21841047478808e-06
1016,11296,200-15-9-2-1,4.35288733235165e-06_4.35288733235165e-06_4.35288733235165e-06_4.35288733235165e-06_4.35288733235165e-06
1016,11297,76-4-4-2-1,1.43023440920126e-05_1.43023440920126e-05_1.43023440920126e-05_1.43023440920126e-05_1.43023440920126e-05
1016,11298,189-12-8-1-1,1.05712978071397e-05_1.05712978071397e-05_1.05712978071397e-05_1.05712978071397e-05_1.05712978071397e-05
1016,11299,40-23-8-1-1,3.97978270386437e-05_3.97978270386437e-05_3.97978270386437e-05_3.97978270386437e-05_3.97978270386437e-05
1016,11300,209-35-4-2-1,4.35288733235165e-06_4.35288733235165e-06_4.35288733235165e-06_4.35288733235165e-06_4.35288733235165e-06
1016,11301,63-27-8-1-1,9.32761571218212e-06_9.32761571218212e-06_9.32761571218212e-06_9.32761571218212e-06_9.32761571218212e-06
1016,11302,150-30-1-1-1,1.05712978071397e-05_1.05712978071397e-05_1.05712978071397e-05_1.05712978071397e-05_1.05712978071397e-05
1016,11303,153-18-4-2-1,1.24368209495762e-06_1.24368209495762e-06_1.24368209495762e-06_1.24368209495762e-06_1.24368209495762e-06
1016,11304,185-41-9-2-1,3.10920523739404e-06_3.10920523739404e-06_3.10920523739404e-06_3.10920523739404e-06_3.10920523739404e-06
1016,11305,200-15-9-2-1,3.10920523739404e-06_3.10920523739404e-06_3.10920523739404e-06_3.10920523739404e-06_3.10920523739404e-06
1016,11306,133-12-8-1-1,7.46209256974569e-06_7.46209256974569e-06_7.46209256974569e-06_7.46209256974569e-06_7.46209256974569e-06
1016,11307,105-8-3-1-1,0.0028903171886815_0.0028903171886815_0.0028903171886815_0.0028903171886815_0.0028903171886815
1016,11308,129-21-4-2-1,3.73104628487285e-06_3.73104628487285e-06_3.73104628487285e-06_3.73104628487285e-06_3.73104628487285e-06
1016,11309,138-23-8-1-1,1.05712978071397e-05_1.05712978071397e-05_1.05712978071397e-05_1.05712978071397e-05_1.05712978071397e-05
1016,11310,52-25-8-1-1,0.000584530584630079_0.000584530584630079_0.000584530584630079_0.000584530584630079_0.000584530584630079
1016,11311,35-20-9-2-1,3.73104628487285e-06_3.73104628487285e-06_3.73104628487285e-06_3.73104628487285e-06_3.73104628487285e-06
1016,11312,66-29-2-2-1,4.35288733235165e-06_4.35288733235165e-06_4.35288733235165e-06_4.35288733235165e-06_4.35288733235165e-06
1016,11313,122-16-2-2-1,2.48736418991523e-05_2.48736418991523e-05_2.48736418991523e-05_2.48736418991523e-05_2.48736418991523e-05
1016,11314,185-41-9-2-1,1.3058661997055e-05_1.3058661997055e-05_1.3058661997055e-05_1.3058661997055e-05_1.3058661997055e-05
1016,11315,161-36-10-1-1,0.000843838301428742_0.000843838301428742_0.000843838301428742_0.000843838301428742_0.000843838301428742
1016,11316,161-36-10-1-1,7.46209256974569e-06_7.46209256974569e-06_7.46209256974569e-06_7.46209256974569e-06_7.46209256974569e-06
1016,11318,172-40-4-2-1,3.10920523739404e-06_3.10920523739404e-06_3.10920523739404e-06_3.10920523739404e-06_3.10920523739404e-06
1016,11319,161-36-10-1-1,5.59656942730927e-06_5.59656942730927e-06_5.59656942730927e-06_5.59656942730927e-06_5.59656942730927e-06
1016,11320,67-2-2-2-1,3.73104628487285e-06_3.73104628487285e-06_3.73104628487285e-06_3.73104628487285e-06_3.73104628487285e-06
1016,11321,78-3-3-1-1,0.00039113801886417_0.00039113801886417_0.00039113801886417_0.00039113801886417_0.00039113801886417
1016,11322,172-40-4-2-1,3.10920523739404e-06_3.10920523739404e-06_3.10920523739404e-06_3.10920523739404e-06_3.10920523739404e-06
1016,11323,227-41-9-2-1,1.05712978071397e-05_1.05712978071397e-05_1.05712978071397e-05_1.05712978071397e-05_1.05712978071397e-05
1016,11324,44-13-6-2-1,3.73104628487285e-06_3.73104628487285e-06_3.73104628487285e-06_3.73104628487285e-06_3.73104628487285e-06
1016,11325,52-25-8-1-1,0.00150609901699367_0.00150609901699367_0.00150609901699367_0.00150609901699367_0.00150609901699367
1016,11326,25-10-2-2-1,3.73104628487285e-06_3.73104628487285e-06_3.73104628487285e-06_3.73104628487285e-06_3.73104628487285e-06
1016,11327,186-15-9-2-1,1.36805030445338e-05_1.36805030445338e-05_1.36805030445338e-05_1.36805030445338e-05_1.36805030445338e-05
1016,11328,140-42-12-1-1,3.10920523739404e-06_3.10920523739404e-06_3.10920523739404e-06_3.10920523739404e-06_3.10920523739404e-06
1016,11329,185-41-9-2-1,3.73104628487285e-06_3.73104628487285e-06_3.73104628487285e-06_3.73104628487285e-06_3.73104628487285e-06
1016,11330,47-22-8-1-1,3.73104628487285e-06_3.73104628487285e-06_3.73104628487285e-06_3.73104628487285e-06_3.73104628487285e-06
1016,11331,236-42-12-1-1,1.80333903768854e-05_1.80333903768854e-05_1.80333903768854e-05_1.80333903768854e-05_1.80333903768854e-05
1016,11332,140-42-12-1-1,3.73104628487285e-06_3.73104628487285e-06_3.73104628487285e-06_3.73104628487285e-06_3.73104628487285e-06
1016,11333,121-39-11-1-1,3.73104628487285e-06_3.73104628487285e-06_3.73104628487285e-06_3.73104628487285e-06_3.73104628487285e-06
1016,11334,191-37-4-2-1,8.0839336172245e-06_8.0839336172245e-06_8.0839336172245e-06_8.0839336172245e-06_8.0839336172245e-06
1016,11335,70-27-8-1-1,3.10920523739404e-06_3.10920523739404e-06_3.10920523739404e-06_3.10920523739404e-06_3.10920523739404e-06
1016,11336,7-4-4-2-1,2.67391650415887e-05_2.67391650415887e-05_2.67391650415887e-05_2.67391650415887e-05_2.67391650415887e-05
1016,11337,74-31-9-2-1,2.48736418991523e-06_2.48736418991523e-06_2.48736418991523e-06_2.48736418991523e-06_2.48736418991523e-06
1016,11338,26-15-9-2-1,6.21841047478808e-06_6.21841047478808e-06_6.21841047478808e-06_6.21841047478808e-06_6.21841047478808e-06
1016,11339,8-7-4-2-1,6.84025152226688e-06_6.84025152226688e-06_6.84025152226688e-06_6.84025152226688e-06_6.84025152226688e-06
1016,11340,142-42-12-1-1,8.70577466470331e-06_8.70577466470331e-06_8.70577466470331e-06_8.70577466470331e-06_8.70577466470331e-06
1016,11341,118-36-10-1-1,4.97472837983046e-06_4.97472837983046e-06_4.97472837983046e-06_4.97472837983046e-06_4.97472837983046e-06
1016,11342,172-40-4-2-1,8.70577466470331e-06_8.70577466470331e-06_8.70577466470331e-06_8.70577466470331e-06_8.70577466470331e-06
1016,11343,142-42-12-1-1,4.35288733235165e-06_4.35288733235165e-06_4.35288733235165e-06_4.35288733235165e-06_4.35288733235165e-06
1016,11345,213-15-9-2-1,1.36805030445338e-05_1.36805030445338e-05_1.36805030445338e-05_1.36805030445338e-05_1.36805030445338e-05
1016,11346,22-13-6-2-1,9.82508855016516e-05_9.82508855016516e-05_9.82508855016516e-05_9.82508855016516e-05_9.82508855016516e-05
1016,11347,153-18-4-2-1,1.86552314243642e-05_1.86552314243642e-05_1.86552314243642e-05_1.86552314243642e-05_1.86552314243642e-05
1016,11348,6-6-6-2-1,3.2335734468898e-05_3.2335734468898e-05_3.2335734468898e-05_3.2335734468898e-05_3.2335734468898e-05
1016,11349,10-3-3-1-1,0.000115040593783579_0.000115040593783579_0.000115040593783579_0.000115040593783579_0.000115040593783579
1016,11351,129-21-4-2-1,0.000105091137023918_0.000105091137023918_0.000105091137023918_0.000105091137023918_0.000105091137023918
1016,11352,214-26-4-2-1,3.2335734468898e-05_3.2335734468898e-05_3.2335734468898e-05_3.2335734468898e-05_3.2335734468898e-05
1016,11353,40-23-8-1-1,3.10920523739404e-06_3.10920523739404e-06_3.10920523739404e-06_3.10920523739404e-06_3.10920523739404e-06
1016,11354,151-19-9-2-1,3.73104628487285e-06_3.73104628487285e-06_3.73104628487285e-06_3.73104628487285e-06_3.73104628487285e-06
1016,11355,185-41-9-2-1,1.67897082819278e-05_1.67897082819278e-05_1.67897082819278e-05_1.67897082819278e-05_1.67897082819278e-05
1016,11356,203-11-4-2-1,6.21841047478808e-06_6.21841047478808e-06_6.21841047478808e-06_6.21841047478808e-06_6.21841047478808e-06
1016,11357,26-15-9-2-1,5.59656942730927e-06_5.59656942730927e-06_5.59656942730927e-06_5.59656942730927e-06_5.59656942730927e-06
1016,11358,199-19-9-2-1,7.46209256974569e-06_7.46209256974569e-06_7.46209256974569e-06_7.46209256974569e-06_7.46209256974569e-06
1016,11359,12-3-3-1-1,0.00127726151152147_0.00127726151152147_0.00127726151152147_0.00127726151152147_0.00127726151152147
1016,11360,34-19-9-2-1,3.73104628487285e-06_3.73104628487285e-06_3.73104628487285e-06_3.73104628487285e-06_3.73104628487285e-06
1016,11362,49-22-8-1-1,6.84025152226688e-06_6.84025152226688e-06_6.84025152226688e-06_6.84025152226688e-06_6.84025152226688e-06
1016,11363,98-27-8-1-1,7.15117204600629e-05_7.15117204600629e-05_7.15117204600629e-05_7.15117204600629e-05_7.15117204600629e-05
1016,11364,21-8-3-1-1,0.000246249054801608_0.000246249054801608_0.000246249054801608_0.000246249054801608_0.000246249054801608
1016,11365,131-13-6-2-1,2.61173239941099e-05_2.61173239941099e-05_2.61173239941099e-05_2.61173239941099e-05_2.61173239941099e-05
1016,11366,16-10-2-2-1,0.000196501771003303_0.000196501771003303_0.000196501771003303_0.000196501771003303_0.000196501771003303
1016,11367,114-40-4-2-1,4.35288733235165e-06_4.35288733235165e-06_4.35288733235165e-06_4.35288733235165e-06_4.35288733235165e-06
1016,11368,12-3-3-1-1,0.000542867234448999_0.000542867234448999_0.000542867234448999_0.000542867234448999_0.000542867234448999
1016,11369,207-29-2-2-1,0.000302214749074701_0.000302214749074701_0.000302214749074701_0.000302214749074701_0.000302214749074701
1016,11370,95-37-4-2-1,3.10920523739404e-06_3.10920523739404e-06_3.10920523739404e-06_3.10920523739404e-06_3.10920523739404e-06
1016,11371,31-6-6-2-1,0.000162922354439448_0.000162922354439448_0.000162922354439448_0.000162922354439448_0.000162922354439448
1016,11372,35-20-9-2-1,3.10920523739404e-06_3.10920523739404e-06_3.10920523739404e-06_3.10920523739404e-06_3.10920523739404e-06
1016,11373,14-9-7-1-1,0.000541001711306563_0.000541001711306563_0.000541001711306563_0.000541001711306563_0.000541001711306563
1016,11374,14-9-7-1-1,3.10920523739404e-05_3.10920523739404e-05_3.10920523739404e-05_3.10920523739404e-05_3.10920523739404e-05
1016,11375,6-6-6-2-1,0.000133695825207944_0.000133695825207944_0.000133695825207944_0.000133695825207944_0.000133695825207944
1016,11376,153-18-4-2-1,1.49241851394914e-05_1.49241851394914e-05_1.49241851394914e-05_1.49241851394914e-05_1.49241851394914e-05
1016,11377,11-4-4-2-1,1.74115493294066e-05_1.74115493294066e-05_1.74115493294066e-05_1.74115493294066e-05_1.74115493294066e-05
1016,11378,7-4-4-2-1,1.67897082819278e-05_1.67897082819278e-05_1.67897082819278e-05_1.67897082819278e-05_1.67897082819278e-05
1016,11380,123-41-9-2-1,2.11425956142795e-05_2.11425956142795e-05_2.11425956142795e-05_2.11425956142795e-05_2.11425956142795e-05
1016,11381,142-42-12-1-1,5.59656942730927e-06_5.59656942730927e-06_5.59656942730927e-06_5.59656942730927e-06_5.59656942730927e-06
1016,11382,138-23-8-1-1,2.11425956142795e-05_2.11425956142795e-05_2.11425956142795e-05_2.11425956142795e-05_2.11425956142795e-05
1016,11383,8-7-4-2-1,1.67897082819278e-05_1.67897082819278e-05_1.67897082819278e-05_1.67897082819278e-05_1.67897082819278e-05
1016,11384,228-17-10-1-1,5.47220121781351e-05_5.47220121781351e-05_5.47220121781351e-05_5.47220121781351e-05_5.47220121781351e-05
1016,11385,228-17-10-1-1,1.80333903768854e-05_1.80333903768854e-05_1.80333903768854e-05_1.80333903768854e-05_1.80333903768854e-05
1016,11386,83-33-5-1-1,2.86046881840252e-05_2.86046881840252e-05_2.86046881840252e-05_2.86046881840252e-05_2.86046881840252e-05
1016,11387,227-41-9-2-1,3.10920523739404e-06_3.10920523739404e-06_3.10920523739404e-06_3.10920523739404e-06_3.10920523739404e-06
1016,11388,154-25-8-1-1,1.11931388546185e-05_1.11931388546185e-05_1.11931388546185e-05_1.11931388546185e-05_1.11931388546185e-05
1016,11389,40-23-8-1-1,6.21841047478808e-06_6.21841047478808e-06_6.21841047478808e-06_6.21841047478808e-06_6.21841047478808e-06
1016,11390,26-15-9-2-1,9.94945675966092e-06_9.94945675966092e-06_9.94945675966092e-06_9.94945675966092e-06_9.94945675966092e-06
1016,11391,77-28-5-1-1,4.91254427508258e-05_4.91254427508258e-05_4.91254427508258e-05_4.91254427508258e-05_4.91254427508258e-05
1016,11392,221-35-4-2-1,1.3058661997055e-05_1.3058661997055e-05_1.3058661997055e-05_1.3058661997055e-05_1.3058661997055e-05
1016,11393,77-28-5-1-1,1.18149799020973e-05_1.18149799020973e-05_1.18149799020973e-05_1.18149799020973e-05_1.18149799020973e-05
1016,11394,109-28-5-1-1,9.94945675966092e-06_9.94945675966092e-06_9.94945675966092e-06_9.94945675966092e-06_9.94945675966092e-06
1016,11395,158-2-2-2-1,2.79828471365463e-05_2.79828471365463e-05_2.79828471365463e-05_2.79828471365463e-05_2.79828471365463e-05
1016,11396,213-15-9-2-1,1.36805030445338e-05_1.36805030445338e-05_1.36805030445338e-05_1.36805030445338e-05_1.36805030445338e-05
1016,11397,98-27-8-1-1,4.97472837983046e-06_4.97472837983046e-06_4.97472837983046e-06_4.97472837983046e-06_4.97472837983046e-06
1016,11398,222-35-4-2-1,1.43023440920126e-05_1.43023440920126e-05_1.43023440920126e-05_1.43023440920126e-05_1.43023440920126e-05
1016,11399,166-18-4-2-1,3.73104628487285e-06_3.73104628487285e-06_3.73104628487285e-06_3.73104628487285e-06_3.73104628487285e-06
1016,11400,32-18-4-2-1,2.86046881840252e-05_2.86046881840252e-05_2.86046881840252e-05_2.86046881840252e-05_2.86046881840252e-05
1016,11401,17-11-4-2-1,5.59656942730927e-06_5.59656942730927e-06_5.59656942730927e-06_5.59656942730927e-06_5.59656942730927e-06
1016,11402,57-7-4-2-1,2.23862777092371e-05_2.23862777092371e-05_2.23862777092371e-05_2.23862777092371e-05_2.23862777092371e-05
1016,11403,196-14-4-2-1,7.46209256974569e-06_7.46209256974569e-06_7.46209256974569e-06_7.46209256974569e-06_7.46209256974569e-06
1016,11404,188-14-4-2-1,3.73104628487285e-06_3.73104628487285e-06_3.73104628487285e-06_3.73104628487285e-06_3.73104628487285e-06
1016,11405,128-7-4-2-1,3.73104628487285e-06_3.73104628487285e-06_3.73104628487285e-06_3.73104628487285e-06_3.73104628487285e-06
1016,11406,155-10-2-2-1,0.000264904286225972_0.000264904286225972_0.000264904286225972_0.000264904286225972_0.000264904286225972
1016,11407,151-19-9-2-1,1.05712978071397e-05_1.05712978071397e-05_1.05712978071397e-05_1.05712978071397e-05_1.05712978071397e-05
1016,11408,112-14-4-2-1,3.10920523739404e-06_3.10920523739404e-06_3.10920523739404e-06_3.10920523739404e-06_3.10920523739404e-06
1016,11409,34-19-9-2-1,3.73104628487285e-06_3.73104628487285e-06_3.73104628487285e-06_3.73104628487285e-06_3.73104628487285e-06
1016,11410,67-2-2-2-1,3.10920523739404e-06_3.10920523739404e-06_3.10920523739404e-06_3.10920523739404e-06_3.10920523739404e-06
1016,11411,41-8-3-1-1,0.00768657718788554_0.00768657718788554_0.00768657718788554_0.00768657718788554_0.00768657718788554
1016,11412,174-15-9-2-1,4.97472837983046e-06_4.97472837983046e-06_4.97472837983046e-06_4.97472837983046e-06_4.97472837983046e-06
1016,11413,67-2-2-2-1,5.72093763680503e-05_5.72093763680503e-05_5.72093763680503e-05_5.72093763680503e-05_5.72093763680503e-05
1016,11414,41-8-3-1-1,4.16633501810801e-05_4.16633501810801e-05_4.16633501810801e-05_4.16633501810801e-05_4.16633501810801e-05
1016,11415,114-40-4-2-1,4.97472837983046e-06_4.97472837983046e-06_4.97472837983046e-06_4.97472837983046e-06_4.97472837983046e-06
1016,11416,41-8-3-1-1,0.000303458431169658_0.000303458431169658_0.000303458431169658_0.000303458431169658_0.000303458431169658
1016,11417,185-41-9-2-1,3.10920523739404e-06_3.10920523739404e-06_3.10920523739404e-06_3.10920523739404e-06_3.10920523739404e-06
1016,11418,234-24-7-1-1,5.59656942730927e-05_5.59656942730927e-05_5.59656942730927e-05_5.59656942730927e-05_5.59656942730927e-05
1016,11419,8-7-4-2-1,6.21841047478808e-06_6.21841047478808e-06_6.21841047478808e-06_6.21841047478808e-06_6.21841047478808e-06
1016,11420,234-24-7-1-1,5.96967405579655e-05_5.96967405579655e-05_5.96967405579655e-05_5.96967405579655e-05_5.96967405579655e-05
1016,11421,180-40-4-2-1,3.10920523739404e-06_3.10920523739404e-06_3.10920523739404e-06_3.10920523739404e-06_3.10920523739404e-06
1016,11422,128-7-4-2-1,1.18149799020973e-05_1.18149799020973e-05_1.18149799020973e-05_1.18149799020973e-05_1.18149799020973e-05
1016,11423,25-10-2-2-1,2.30081187567159e-05_2.30081187567159e-05_2.30081187567159e-05_2.30081187567159e-05_2.30081187567159e-05
1016,11424,25-10-2-2-1,8.45703824571178e-05_8.45703824571178e-05_8.45703824571178e-05_8.45703824571178e-05_8.45703824571178e-05
1016,11425,174-15-9-2-1,3.73104628487285e-06_3.73104628487285e-06_3.73104628487285e-06_3.73104628487285e-06_3.73104628487285e-06
1016,11426,8-7-4-2-1,6.21841047478808e-06_6.21841047478808e-06_6.21841047478808e-06_6.21841047478808e-06_6.21841047478808e-06
1016,11427,91-33-5-1-1,1.49241851394914e-05_1.49241851394914e-05_1.49241851394914e-05_1.49241851394914e-05_1.49241851394914e-05
1016,11429,172-40-4-2-1,3.10920523739404e-06_3.10920523739404e-06_3.10920523739404e-06_3.10920523739404e-06_3.10920523739404e-06
1016,11430,204-35-4-2-1,1.98989135193218e-05_1.98989135193218e-05_1.98989135193218e-05_1.98989135193218e-05_1.98989135193218e-05
1016,11431,159-4-4-2-1,1.05712978071397e-05_1.05712978071397e-05_1.05712978071397e-05_1.05712978071397e-05_1.05712978071397e-05
1016,11432,28-16-2-2-1,0.000735016118119951_0.000735016118119951_0.000735016118119951_0.000735016118119951_0.000735016118119951
1016,11433,26-15-9-2-1,3.60667807537708e-05_3.60667807537708e-05_3.60667807537708e-05_3.60667807537708e-05_3.60667807537708e-05
1016,11434,26-15-9-2-1,9.32761571218212e-06_9.32761571218212e-06_9.32761571218212e-06_9.32761571218212e-06_9.32761571218212e-06
1016,11435,71-29-2-2-1,1.05712978071397e-05_1.05712978071397e-05_1.05712978071397e-05_1.05712978071397e-05_1.05712978071397e-05
1016,11436,163-43-4-2-1,3.10920523739404e-06_3.10920523739404e-06_3.10920523739404e-06_3.10920523739404e-06_3.10920523739404e-06
1016,11437,151-19-9-2-1,4.97472837983046e-06_4.97472837983046e-06_4.97472837983046e-06_4.97472837983046e-06_4.97472837983046e-06
1016,11438,188-14-4-2-1,9.14106339793847e-05_9.14106339793847e-05_9.14106339793847e-05_9.14106339793847e-05_9.14106339793847e-05
1016,11439,175-20-9-2-1,4.35288733235165e-06_4.35288733235165e-06_4.35288733235165e-06_4.35288733235165e-06_4.35288733235165e-06
1016,11440,57-7-4-2-1,9.94945675966092e-06_9.94945675966092e-06_9.94945675966092e-06_9.94945675966092e-06_9.94945675966092e-06
1016,11441,114-40-4-2-1,5.65875353205715e-05_5.65875353205715e-05_5.65875353205715e-05_5.65875353205715e-05_5.65875353205715e-05
1016,11442,128-7-4-2-1,6.21841047478808e-06_6.21841047478808e-06_6.21841047478808e-06_6.21841047478808e-06_6.21841047478808e-06
1016,11443,51-22-8-1-1,3.73104628487285e-06_3.73104628487285e-06_3.73104628487285e-06_3.73104628487285e-06_3.73104628487285e-06
1016,11444,8-7-4-2-1,8.70577466470331e-06_8.70577466470331e-06_8.70577466470331e-06_8.70577466470331e-06_8.70577466470331e-06
1016,11445,167-18-4-2-1,4.35288733235165e-06_4.35288733235165e-06_4.35288733235165e-06_4.35288733235165e-06_4.35288733235165e-06
1016,11446,186-15-9-2-1,5.41001711306563e-05_5.41001711306563e-05_5.41001711306563e-05_5.41001711306563e-05_5.41001711306563e-05
1016,11447,227-41-9-2-1,3.10920523739404e-06_3.10920523739404e-06_3.10920523739404e-06_3.10920523739404e-06_3.10920523739404e-06
1016,11448,199-19-9-2-1,4.35288733235165e-06_4.35288733235165e-06_4.35288733235165e-06_4.35288733235165e-06_4.35288733235165e-06
1016,11449,26-15-9-2-1,1.11931388546185e-05_1.11931388546185e-05_1.11931388546185e-05_1.11931388546185e-05_1.11931388546185e-05
1016,11450,7-4-4-2-1,2.48736418991523e-06_2.48736418991523e-06_2.48736418991523e-06_2.48736418991523e-06_2.48736418991523e-06
1016,11451,135-41-9-2-1,3.42012576113344e-05_3.42012576113344e-05_3.42012576113344e-05_3.42012576113344e-05_3.42012576113344e-05
1016,11452,36-6-6-2-1,0.000154216579774744_0.000154216579774744_0.000154216579774744_0.000154216579774744_0.000154216579774744
1016,11453,174-15-9-2-1,1.05712978071397e-05_1.05712978071397e-05_1.05712978071397e-05_1.05712978071397e-05_1.05712978071397e-05
1016,11454,174-15-9-2-1,8.0839336172245e-06_8.0839336172245e-06_8.0839336172245e-06_8.0839336172245e-06_8.0839336172245e-06
1016,11455,136-26-4-2-1,9.94945675966092e-06_9.94945675966092e-06_9.94945675966092e-06_9.94945675966092e-06_9.94945675966092e-06
1016,11456,58-13-6-2-1,0.00013058661997055_0.00013058661997055_0.00013058661997055_0.00013058661997055_0.00013058661997055
1016,11457,85-33-5-1-1,0.000121259004258367_0.000121259004258367_0.000121259004258367_0.000121259004258367_0.000121259004258367
1016,11458,214-26-4-2-1,1.24368209495762e-05_1.24368209495762e-05_1.24368209495762e-05_1.24368209495762e-05_1.24368209495762e-05
1016,11459,91-33-5-1-1,0.00072506666136029_0.00072506666136029_0.00072506666136029_0.00072506666136029_0.00072506666136029
1016,11460,162-8-3-1-1,0.00195817745851077_0.00195817745851077_0.00195817745851077_0.00195817745851077_0.00195817745851077
1016,11461,94-9-7-1-1,0.000805905997532535_0.000805905997532535_0.000805905997532535_0.000805905997532535_0.000805905997532535
1016,11462,222-35-4-2-1,1.3058661997055e-05_1.3058661997055e-05_1.3058661997055e-05_1.3058661997055e-05_1.3058661997055e-05
1016,11463,225-31-9-2-1,4.35288733235165e-06_4.35288733235165e-06_4.35288733235165e-06_4.35288733235165e-06_4.35288733235165e-06
1016,11464,163-43-4-2-1,0.000268013491463366_0.000268013491463366_0.000268013491463366_0.000268013491463366_0.000268013491463366
1016,11465,144-43-4-2-1,9.94945675966092e-06_9.94945675966092e-06_9.94945675966092e-06_9.94945675966092e-06_9.94945675966092e-06
1016,11466,163-43-4-2-1,5.59656942730927e-06_5.59656942730927e-06_5.59656942730927e-06_5.59656942730927e-06_5.59656942730927e-06
1016,11467,163-43-4-2-1,3.79323038962073e-05_3.79323038962073e-05_3.79323038962073e-05_3.79323038962073e-05_3.79323038962073e-05
1016,11468,185-41-9-2-1,3.10920523739404e-06_3.10920523739404e-06_3.10920523739404e-06_3.10920523739404e-06_3.10920523739404e-06
1016,11469,201-17-10-1-1,1.55460261869702e-05_1.55460261869702e-05_1.55460261869702e-05_1.55460261869702e-05_1.55460261869702e-05
1016,11470,177-7-4-2-1,3.73104628487285e-06_3.73104628487285e-06_3.73104628487285e-06_3.73104628487285e-06_3.73104628487285e-06
1016,11471,142-42-12-1-1,3.10920523739404e-06_3.10920523739404e-06_3.10920523739404e-06_3.10920523739404e-06_3.10920523739404e-06
1016,11472,186-15-9-2-1,0.00010446929597644_0.00010446929597644_0.00010446929597644_0.00010446929597644_0.00010446929597644
1016,11474,110-3-3-1-1,0.00197123612050782_0.00197123612050782_0.00197123612050782_0.00197123612050782_0.00197123612050782
1016,11475,142-42-12-1-1,3.10920523739404e-06_3.10920523739404e-06_3.10920523739404e-06_3.10920523739404e-06_3.10920523739404e-06
1016,11476,110-3-3-1-1,0.000180333903768854_0.000180333903768854_0.000180333903768854_0.000180333903768854_0.000180333903768854
1016,11477,161-36-10-1-1,4.35288733235165e-06_4.35288733235165e-06_4.35288733235165e-06_4.35288733235165e-06_4.35288733235165e-06
1016,11478,105-8-3-1-1,0.000246249054801608_0.000246249054801608_0.000246249054801608_0.000246249054801608_0.000246249054801608
1016,11479,74-31-9-2-1,1.67897082819278e-05_1.67897082819278e-05_1.67897082819278e-05_1.67897082819278e-05_1.67897082819278e-05
1016,11480,79-32-10-1-1,3.35794165638556e-05_3.35794165638556e-05_3.35794165638556e-05_3.35794165638556e-05_3.35794165638556e-05
1016,11481,114-40-4-2-1,8.95451108369483e-05_8.95451108369483e-05_8.95451108369483e-05_8.95451108369483e-05_8.95451108369483e-05
1016,11482,177-7-4-2-1,4.60162375134318e-05_4.60162375134318e-05_4.60162375134318e-05_4.60162375134318e-05_4.60162375134318e-05
1016,11483,42-13-6-2-1,0.000488767063318343_0.000488767063318343_0.000488767063318343_0.000488767063318343_0.000488767063318343
1016,11484,234-24-7-1-1,5.59656942730927e-05_5.59656942730927e-05_5.59656942730927e-05_5.59656942730927e-05_5.59656942730927e-05
1016,11485,186-15-9-2-1,3.10920523739404e-06_3.10920523739404e-06_3.10920523739404e-06_3.10920523739404e-06_3.10920523739404e-06
1016,11486,42-13-6-2-1,0.000188417837386079_0.000188417837386079_0.000188417837386079_0.000188417837386079_0.000188417837386079
1016,11487,177-7-4-2-1,1.18149799020973e-05_1.18149799020973e-05_1.18149799020973e-05_1.18149799020973e-05_1.18149799020973e-05
1016,11488,212-41-9-2-1,8.70577466470331e-06_8.70577466470331e-06_8.70577466470331e-06_8.70577466470331e-06_8.70577466470331e-06
1016,11489,42-13-6-2-1,3.35794165638556e-05_3.35794165638556e-05_3.35794165638556e-05_3.35794165638556e-05_3.35794165638556e-05
1016,11490,152-32-10-1-1,4.97472837983046e-06_4.97472837983046e-06_4.97472837983046e-06_4.97472837983046e-06_4.97472837983046e-06
1016,11491,122-16-2-2-1,3.10920523739404e-06_3.10920523739404e-06_3.10920523739404e-06_3.10920523739404e-06_3.10920523739404e-06
1016,11492,57-7-4-2-1,9.32761571218212e-06_9.32761571218212e-06_9.32761571218212e-06_9.32761571218212e-06_9.32761571218212e-06
1016,11493,126-29-2-2-1,1.05712978071397e-05_1.05712978071397e-05_1.05712978071397e-05_1.05712978071397e-05_1.05712978071397e-05
1016,11494,109-28-5-1-1,5.59656942730927e-06_5.59656942730927e-06_5.59656942730927e-06_5.59656942730927e-06_5.59656942730927e-06
1016,11495,189-12-8-1-1,9.94945675966092e-06_9.94945675966092e-06_9.94945675966092e-06_9.94945675966092e-06_9.94945675966092e-06
1016,11496,185-41-9-2-1,3.10920523739404e-06_3.10920523739404e-06_3.10920523739404e-06_3.10920523739404e-06_3.10920523739404e-06
1016,11497,76-4-4-2-1,3.73104628487285e-06_3.73104628487285e-06_3.73104628487285e-06_3.73104628487285e-06_3.73104628487285e-06
1016,11499,8-7-4-2-1,3.10920523739404e-06_3.10920523739404e-06_3.10920523739404e-06_3.10920523739404e-06_3.10920523739404e-06
1016,11500,221-35-4-2-1,2.11425956142795e-05_2.11425956142795e-05_2.11425956142795e-05_2.11425956142795e-05_2.11425956142795e-05
1016,11501,185-41-9-2-1,3.10920523739404e-06_3.10920523739404e-06_3.10920523739404e-06_3.10920523739404e-06_3.10920523739404e-06
1016,11502,185-41-9-2-1,4.97472837983046e-06_4.97472837983046e-06_4.97472837983046e-06_4.97472837983046e-06_4.97472837983046e-06
1016,11503,60-22-8-1-1,1.86552314243642e-05_1.86552314243642e-05_1.86552314243642e-05_1.86552314243642e-05_1.86552314243642e-05
1016,11504,180-40-4-2-1,0.000136805030445338_0.000136805030445338_0.000136805030445338_0.000136805030445338_0.000136805030445338
1016,11505,185-41-9-2-1,5.59656942730927e-06_5.59656942730927e-06_5.59656942730927e-06_5.59656942730927e-06_5.59656942730927e-06
1016,11506,172-40-4-2-1,1.24368209495762e-06_1.24368209495762e-06_1.24368209495762e-06_1.24368209495762e-06_1.24368209495762e-06
1016,11507,177-7-4-2-1,6.21841047478808e-06_6.21841047478808e-06_6.21841047478808e-06_6.21841047478808e-06_6.21841047478808e-06
1016,11508,237-44-12-1-1,4.97472837983046e-06_4.97472837983046e-06_4.97472837983046e-06_4.97472837983046e-06_4.97472837983046e-06
1016,11509,206-30-1-1-1,0.000421608230190632_0.000421608230190632_0.000421608230190632_0.000421608230190632_0.000421608230190632
1016,11510,6-6-6-2-1,6.52933099852748e-05_6.52933099852748e-05_6.52933099852748e-05_6.52933099852748e-05_6.52933099852748e-05
1016,11511,103-13-6-2-1,0.000159813149202054_0.000159813149202054_0.000159813149202054_0.000159813149202054_0.000159813149202054
1016,11512,226-32-10-1-1,5.59656942730927e-06_5.59656942730927e-06_5.59656942730927e-06_5.59656942730927e-06_5.59656942730927e-06
1016,11513,167-18-4-2-1,4.35288733235165e-06_4.35288733235165e-06_4.35288733235165e-06_4.35288733235165e-06_4.35288733235165e-06
1016,11514,188-14-4-2-1,7.46209256974569e-06_7.46209256974569e-06_7.46209256974569e-06_7.46209256974569e-06_7.46209256974569e-06
1016,11515,63-27-8-1-1,7.46209256974569e-06_7.46209256974569e-06_7.46209256974569e-06_7.46209256974569e-06_7.46209256974569e-06
1016,11516,95-37-4-2-1,8.20830182672026e-05_8.20830182672026e-05_8.20830182672026e-05_8.20830182672026e-05_8.20830182672026e-05
1016,11517,95-37-4-2-1,4.97472837983046e-06_4.97472837983046e-06_4.97472837983046e-06_4.97472837983046e-06_4.97472837983046e-06
1016,11518,213-15-9-2-1,1.11931388546185e-05_1.11931388546185e-05_1.11931388546185e-05_1.11931388546185e-05_1.11931388546185e-05
1016,11520,140-42-12-1-1,4.97472837983046e-06_4.97472837983046e-06_4.97472837983046e-06_4.97472837983046e-06_4.97472837983046e-06
1016,11521,142-42-12-1-1,8.70577466470331e-06_8.70577466470331e-06_8.70577466470331e-06_8.70577466470331e-06_8.70577466470331e-06
1016,11522,214-26-4-2-1,9.32761571218212e-06_9.32761571218212e-06_9.32761571218212e-06_9.32761571218212e-06_9.32761571218212e-06
1016,11523,200-15-9-2-1,1.49241851394914e-05_1.49241851394914e-05_1.49241851394914e-05_1.49241851394914e-05_1.49241851394914e-05
1016,11524,142-42-12-1-1,8.51922235045966e-05_8.51922235045966e-05_8.51922235045966e-05_8.51922235045966e-05_8.51922235045966e-05
1016,11525,44-13-6-2-1,4.35288733235165e-06_4.35288733235165e-06_4.35288733235165e-06_4.35288733235165e-06_4.35288733235165e-06
1016,11526,192-19-9-2-1,0.000250601942133959_0.000250601942133959_0.000250601942133959_0.000250601942133959_0.000250601942133959
1016,11527,151-19-9-2-1,1.49241851394914e-05_1.49241851394914e-05_1.49241851394914e-05_1.49241851394914e-05_1.49241851394914e-05
1016,11528,120-16-2-2-1,1.6167867234449e-05_1.6167867234449e-05_1.6167867234449e-05_1.6167867234449e-05_1.6167867234449e-05
1016,11529,199-19-9-2-1,3.73104628487285e-06_3.73104628487285e-06_3.73104628487285e-06_3.73104628487285e-06_3.73104628487285e-06
1016,11530,45-5-5-1-1,1.55460261869702e-05_1.55460261869702e-05_1.55460261869702e-05_1.55460261869702e-05_1.55460261869702e-05
1016,11531,163-43-4-2-1,1.80333903768854e-05_1.80333903768854e-05_1.80333903768854e-05_1.80333903768854e-05_1.80333903768854e-05
1016,11532,185-41-9-2-1,3.10920523739404e-06_3.10920523739404e-06_3.10920523739404e-06_3.10920523739404e-06_3.10920523739404e-06
1016,11533,44-13-6-2-1,4.97472837983046e-06_4.97472837983046e-06_4.97472837983046e-06_4.97472837983046e-06_4.97472837983046e-06
1016,11534,26-15-9-2-1,3.73104628487285e-06_3.73104628487285e-06_3.73104628487285e-06_3.73104628487285e-06_3.73104628487285e-06
1016,11535,25-10-2-2-1,2.17644366617583e-05_2.17644366617583e-05_2.17644366617583e-05_2.17644366617583e-05_2.17644366617583e-05
1016,11536,122-16-2-2-1,1.49241851394914e-05_1.49241851394914e-05_1.49241851394914e-05_1.49241851394914e-05_1.49241851394914e-05
1016,11537,74-31-9-2-1,9.32761571218212e-06_9.32761571218212e-06_9.32761571218212e-06_9.32761571218212e-06_9.32761571218212e-06
1016,11538,95-37-4-2-1,2.9226529231504e-05_2.9226529231504e-05_2.9226529231504e-05_2.9226529231504e-05_2.9226529231504e-05
1016,11539,150-30-1-1-1,4.35288733235165e-06_4.35288733235165e-06_4.35288733235165e-06_4.35288733235165e-06_4.35288733235165e-06
1016,11540,185-41-9-2-1,4.97472837983046e-06_4.97472837983046e-06_4.97472837983046e-06_4.97472837983046e-06_4.97472837983046e-06
1016,11541,55-22-8-1-1,3.10920523739404e-06_3.10920523739404e-06_3.10920523739404e-06_3.10920523739404e-06_3.10920523739404e-06
1016,11542,237-44-12-1-1,1.11931388546185e-05_1.11931388546185e-05_1.11931388546185e-05_1.11931388546185e-05_1.11931388546185e-05
1016,11543,35-20-9-2-1,6.21841047478808e-05_6.21841047478808e-05_6.21841047478808e-05_6.21841047478808e-05_6.21841047478808e-05
1016,11544,205-12-8-1-1,2.48736418991523e-06_2.48736418991523e-06_2.48736418991523e-06_2.48736418991523e-06_2.48736418991523e-06
1016,11545,118-36-10-1-1,1.86552314243642e-06_1.86552314243642e-06_1.86552314243642e-06_1.86552314243642e-06_1.86552314243642e-06
1016,11548,112-14-4-2-1,1.36805030445338e-05_1.36805030445338e-05_1.36805030445338e-05_1.36805030445338e-05_1.36805030445338e-05
1016,11549,8-7-4-2-1,5.78312174155291e-05_5.78312174155291e-05_5.78312174155291e-05_5.78312174155291e-05_5.78312174155291e-05
1016,11552,152-32-10-1-1,1.24368209495762e-05_1.24368209495762e-05_1.24368209495762e-05_1.24368209495762e-05_1.24368209495762e-05
1016,11553,26-15-9-2-1,1.86552314243642e-06_1.86552314243642e-06_1.86552314243642e-06_1.86552314243642e-06_1.86552314243642e-06
1016,11554,133-12-8-1-1,3.73104628487285e-06_3.73104628487285e-06_3.73104628487285e-06_3.73104628487285e-06_3.73104628487285e-06
1016,11555,98-27-8-1-1,5.59656942730927e-06_5.59656942730927e-06_5.59656942730927e-06_5.59656942730927e-06_5.59656942730927e-06
1016,11556,218-7-4-2-1,4.35288733235165e-06_4.35288733235165e-06_4.35288733235165e-06_4.35288733235165e-06_4.35288733235165e-06
1016,11557,154-25-8-1-1,2.48736418991523e-06_2.48736418991523e-06_2.48736418991523e-06_2.48736418991523e-06_2.48736418991523e-06
1016,11558,152-32-10-1-1,1.86552314243642e-06_1.86552314243642e-06_1.86552314243642e-06_1.86552314243642e-06_1.86552314243642e-06
1016,11559,236-42-12-1-1,1.55460261869702e-05_1.55460261869702e-05_1.55460261869702e-05_1.55460261869702e-05_1.55460261869702e-05
1016,11560,196-14-4-2-1,1.49241851394914e-05_1.49241851394914e-05_1.49241851394914e-05_1.49241851394914e-05_1.49241851394914e-05
1016,11561,188-14-4-2-1,2.17644366617583e-05_2.17644366617583e-05_2.17644366617583e-05_2.17644366617583e-05_2.17644366617583e-05
1016,11562,236-42-12-1-1,6.84025152226688e-06_6.84025152226688e-06_6.84025152226688e-06_6.84025152226688e-06_6.84025152226688e-06
1016,11563,185-41-9-2-1,4.97472837983046e-06_4.97472837983046e-06_4.97472837983046e-06_4.97472837983046e-06_4.97472837983046e-06
1016,11564,112-14-4-2-1,1.6167867234449e-05_1.6167867234449e-05_1.6167867234449e-05_1.6167867234449e-05_1.6167867234449e-05
1016,11565,222-35-4-2-1,2.30081187567159e-05_2.30081187567159e-05_2.30081187567159e-05_2.30081187567159e-05_2.30081187567159e-05
1016,11566,8-7-4-2-1,3.10920523739404e-06_3.10920523739404e-06_3.10920523739404e-06_3.10920523739404e-06_3.10920523739404e-06
1016,11567,222-35-4-2-1,6.84025152226688e-06_6.84025152226688e-06_6.84025152226688e-06_6.84025152226688e-06_6.84025152226688e-06
1016,11568,8-7-4-2-1,8.70577466470331e-06_8.70577466470331e-06_8.70577466470331e-06_8.70577466470331e-06_8.70577466470331e-06
1016,11569,236-42-12-1-1,3.10920523739404e-06_3.10920523739404e-06_3.10920523739404e-06_3.10920523739404e-06_3.10920523739404e-06
1016,11570,60-22-8-1-1,2.73610060890675e-05_2.73610060890675e-05_2.73610060890675e-05_2.73610060890675e-05_2.73610060890675e-05
1016,11571,29-17-10-1-1,1.55460261869702e-05_1.55460261869702e-05_1.55460261869702e-05_1.55460261869702e-05_1.55460261869702e-05
1016,11572,216-19-9-2-1,2.61173239941099e-05_2.61173239941099e-05_2.61173239941099e-05_2.61173239941099e-05_2.61173239941099e-05
1016,11574,188-14-4-2-1,9.94945675966092e-06_9.94945675966092e-06_9.94945675966092e-06_9.94945675966092e-06_9.94945675966092e-06
1016,11575,130-12-8-1-1,5.09909658932622e-05_5.09909658932622e-05_5.09909658932622e-05_5.09909658932622e-05_5.09909658932622e-05
1016,11576,37-11-4-2-1,6.21841047478808e-06_6.21841047478808e-06_6.21841047478808e-06_6.21841047478808e-06_6.21841047478808e-06
1016,11577,34-19-9-2-1,3.79323038962073e-05_3.79323038962073e-05_3.79323038962073e-05_3.79323038962073e-05_3.79323038962073e-05
1016,11578,26-15-9-2-1,5.59656942730927e-06_5.59656942730927e-06_5.59656942730927e-06_5.59656942730927e-06_5.59656942730927e-06
1016,11579,122-16-2-2-1,3.73104628487285e-06_3.73104628487285e-06_3.73104628487285e-06_3.73104628487285e-06_3.73104628487285e-06
1016,11580,88-35-4-2-1,0.000170384447009193_0.000170384447009193_0.000170384447009193_0.000170384447009193_0.000170384447009193
1016,11581,98-27-8-1-1,9.94945675966092e-06_9.94945675966092e-06_9.94945675966092e-06_9.94945675966092e-06_9.94945675966092e-06
1016,11582,17-11-4-2-1,9.20324750268635e-05_9.20324750268635e-05_9.20324750268635e-05_9.20324750268635e-05_9.20324750268635e-05
1016,11583,185-41-9-2-1,6.84025152226688e-06_6.84025152226688e-06_6.84025152226688e-06_6.84025152226688e-06_6.84025152226688e-06
1016,11584,160-30-1-1-1,9.32761571218212e-06_9.32761571218212e-06_9.32761571218212e-06_9.32761571218212e-06_9.32761571218212e-06
1016,11585,51-22-8-1-1,8.70577466470331e-05_8.70577466470331e-05_8.70577466470331e-05_8.70577466470331e-05_8.70577466470331e-05
1016,11586,141-42-12-1-1,3.10920523739404e-06_3.10920523739404e-06_3.10920523739404e-06_3.10920523739404e-06_3.10920523739404e-06
1016,11587,185-41-9-2-1,2.48736418991523e-06_2.48736418991523e-06_2.48736418991523e-06_2.48736418991523e-06_2.48736418991523e-06
1016,11588,114-40-4-2-1,9.07887929319059e-05_9.07887929319059e-05_9.07887929319059e-05_9.07887929319059e-05_9.07887929319059e-05
1016,11589,114-40-4-2-1,6.84025152226688e-06_6.84025152226688e-06_6.84025152226688e-06_6.84025152226688e-06_6.84025152226688e-06
1016,11590,29-17-10-1-1,1.05712978071397e-05_1.05712978071397e-05_1.05712978071397e-05_1.05712978071397e-05_1.05712978071397e-05
1016,11591,185-41-9-2-1,2.48736418991523e-06_2.48736418991523e-06_2.48736418991523e-06_2.48736418991523e-06_2.48736418991523e-06
1016,11592,174-15-9-2-1,4.97472837983046e-06_4.97472837983046e-06_4.97472837983046e-06_4.97472837983046e-06_4.97472837983046e-06
1016,11593,138-23-8-1-1,2.30081187567159e-05_2.30081187567159e-05_2.30081187567159e-05_2.30081187567159e-05_2.30081187567159e-05
1016,11594,95-37-4-2-1,8.70577466470331e-06_8.70577466470331e-06_8.70577466470331e-06_8.70577466470331e-06_8.70577466470331e-06
1016,11595,199-19-9-2-1,4.35288733235165e-06_4.35288733235165e-06_4.35288733235165e-06_4.35288733235165e-06_4.35288733235165e-06
1016,11596,186-15-9-2-1,3.10920523739404e-06_3.10920523739404e-06_3.10920523739404e-06_3.10920523739404e-06_3.10920523739404e-06
1016,11597,196-14-4-2-1,2.79828471365463e-05_2.79828471365463e-05_2.79828471365463e-05_2.79828471365463e-05_2.79828471365463e-05
1016,11598,57-7-4-2-1,3.73104628487285e-06_3.73104628487285e-06_3.73104628487285e-06_3.73104628487285e-06_3.73104628487285e-06
1016,11599,184-31-9-2-1,1.86552314243642e-05_1.86552314243642e-05_1.86552314243642e-05_1.86552314243642e-05_1.86552314243642e-05
1016,11600,74-31-9-2-1,4.91254427508258e-05_4.91254427508258e-05_4.91254427508258e-05_4.91254427508258e-05_4.91254427508258e-05
1016,11601,201-17-10-1-1,1.49241851394914e-05_1.49241851394914e-05_1.49241851394914e-05_1.49241851394914e-05_1.49241851394914e-05
1016,11602,133-12-8-1-1,1.11931388546185e-05_1.11931388546185e-05_1.11931388546185e-05_1.11931388546185e-05_1.11931388546185e-05
1016,11603,177-7-4-2-1,4.97472837983046e-06_4.97472837983046e-06_4.97472837983046e-06_4.97472837983046e-06_4.97472837983046e-06
1016,11604,142-42-12-1-1,3.73104628487285e-06_3.73104628487285e-06_3.73104628487285e-06_3.73104628487285e-06_3.73104628487285e-06
1016,11605,126-29-2-2-1,1.11931388546185e-05_1.11931388546185e-05_1.11931388546185e-05_1.11931388546185e-05_1.11931388546185e-05
1016,11606,126-29-2-2-1,5.59656942730927e-06_5.59656942730927e-06_5.59656942730927e-06_5.59656942730927e-06_5.59656942730927e-06
1016,11607,126-29-2-2-1,2.48736418991523e-06_2.48736418991523e-06_2.48736418991523e-06_2.48736418991523e-06_2.48736418991523e-06
1016,11608,126-29-2-2-1,4.35288733235165e-06_4.35288733235165e-06_4.35288733235165e-06_4.35288733235165e-06_4.35288733235165e-06
1016,11609,160-30-1-1-1,4.97472837983046e-06_4.97472837983046e-06_4.97472837983046e-06_4.97472837983046e-06_4.97472837983046e-06
1016,11610,138-23-8-1-1,6.21841047478808e-06_6.21841047478808e-06_6.21841047478808e-06_6.21841047478808e-06_6.21841047478808e-06
1016,11611,172-40-4-2-1,4.35288733235165e-06_4.35288733235165e-06_4.35288733235165e-06_4.35288733235165e-06_4.35288733235165e-06
1016,11612,26-15-9-2-1,7.46209256974569e-06_7.46209256974569e-06_7.46209256974569e-06_7.46209256974569e-06_7.46209256974569e-06
1016,11613,179-26-4-2-1,6.21841047478808e-06_6.21841047478808e-06_6.21841047478808e-06_6.21841047478808e-06_6.21841047478808e-06
1016,11614,8-7-4-2-1,1.05712978071397e-05_1.05712978071397e-05_1.05712978071397e-05_1.05712978071397e-05_1.05712978071397e-05
1016,11615,172-40-4-2-1,4.97472837983046e-06_4.97472837983046e-06_4.97472837983046e-06_4.97472837983046e-06_4.97472837983046e-06
1016,11616,35-20-9-2-1,3.10920523739404e-06_3.10920523739404e-06_3.10920523739404e-06_3.10920523739404e-06_3.10920523739404e-06
1016,11617,203-11-4-2-1,5.59656942730927e-06_5.59656942730927e-06_5.59656942730927e-06_5.59656942730927e-06_5.59656942730927e-06
1016,11618,37-11-4-2-1,4.97472837983046e-06_4.97472837983046e-06_4.97472837983046e-06_4.97472837983046e-06_4.97472837983046e-06
1016,11619,180-40-4-2-1,5.59656942730927e-06_5.59656942730927e-06_5.59656942730927e-06_5.59656942730927e-06_5.59656942730927e-06
1016,11621,122-16-2-2-1,6.21841047478808e-06_6.21841047478808e-06_6.21841047478808e-06_6.21841047478808e-06_6.21841047478808e-06
1016,11623,64-28-5-1-1,0.000175981016436503_0.000175981016436503_0.000175981016436503_0.000175981016436503_0.000175981016436503
1016,11624,83-33-5-1-1,1.6167867234449e-05_1.6167867234449e-05_1.6167867234449e-05_1.6167867234449e-05_1.6167867234449e-05
1016,11625,221-35-4-2-1,9.94945675966092e-06_9.94945675966092e-06_9.94945675966092e-06_9.94945675966092e-06_9.94945675966092e-06
1016,11626,55-22-8-1-1,5.59656942730927e-06_5.59656942730927e-06_5.59656942730927e-06_5.59656942730927e-06_5.59656942730927e-06
1016,11627,153-18-4-2-1,4.35288733235165e-06_4.35288733235165e-06_4.35288733235165e-06_4.35288733235165e-06_4.35288733235165e-06
1016,11628,160-30-1-1-1,3.73104628487285e-06_3.73104628487285e-06_3.73104628487285e-06_3.73104628487285e-06_3.73104628487285e-06
1016,11629,42-13-6-2-1,0.000411658773430971_0.000411658773430971_0.000411658773430971_0.000411658773430971_0.000411658773430971
1016,11630,167-18-4-2-1,1.18149799020973e-05_1.18149799020973e-05_1.18149799020973e-05_1.18149799020973e-05_1.18149799020973e-05
1016,11631,185-41-9-2-1,4.35288733235165e-06_4.35288733235165e-06_4.35288733235165e-06_4.35288733235165e-06_4.35288733235165e-06
1016,11632,122-16-2-2-1,8.0839336172245e-06_8.0839336172245e-06_8.0839336172245e-06_8.0839336172245e-06_8.0839336172245e-06
1016,11633,138-23-8-1-1,8.70577466470331e-06_8.70577466470331e-06_8.70577466470331e-06_8.70577466470331e-06_8.70577466470331e-06
1016,11634,127-30-1-1-1,3.35794165638556e-05_3.35794165638556e-05_3.35794165638556e-05_3.35794165638556e-05_3.35794165638556e-05
1016,11635,148-29-2-2-1,6.96461973176265e-05_6.96461973176265e-05_6.96461973176265e-05_6.96461973176265e-05_6.96461973176265e-05
1016,11636,237-44-12-1-1,1.67897082819278e-05_1.67897082819278e-05_1.67897082819278e-05_1.67897082819278e-05_1.67897082819278e-05
1016,11637,44-13-6-2-1,2.30081187567159e-05_2.30081187567159e-05_2.30081187567159e-05_2.30081187567159e-05_2.30081187567159e-05
1016,11638,75-1-1-1-1,6.84025152226688e-06_6.84025152226688e-06_6.84025152226688e-06_6.84025152226688e-06_6.84025152226688e-06
1016,11639,96-13-6-2-1,6.28059457953596e-05_6.28059457953596e-05_6.28059457953596e-05_6.28059457953596e-05_6.28059457953596e-05
1016,11640,154-25-8-1-1,2.48736418991523e-06_2.48736418991523e-06_2.48736418991523e-06_2.48736418991523e-06_2.48736418991523e-06
1016,11641,37-11-4-2-1,4.97472837983046e-06_4.97472837983046e-06_4.97472837983046e-06_4.97472837983046e-06_4.97472837983046e-06
1016,11642,35-20-9-2-1,3.10920523739404e-06_3.10920523739404e-06_3.10920523739404e-06_3.10920523739404e-06_3.10920523739404e-06
1016,11643,112-14-4-2-1,3.10920523739404e-06_3.10920523739404e-06_3.10920523739404e-06_3.10920523739404e-06_3.10920523739404e-06
1016,11644,118-36-10-1-1,4.97472837983046e-06_4.97472837983046e-06_4.97472837983046e-06_4.97472837983046e-06_4.97472837983046e-06
1016,11645,42-13-6-2-1,0.000343878099255781_0.000343878099255781_0.000343878099255781_0.000343878099255781_0.000343878099255781
1016,11646,47-22-8-1-1,1.74115493294066e-05_1.74115493294066e-05_1.74115493294066e-05_1.74115493294066e-05_1.74115493294066e-05
1016,11647,14-9-7-1-1,0.00017722469853146_0.00017722469853146_0.00017722469853146_0.00017722469853146_0.00017722469853146
1016,11648,4-4-4-2-1,7.46209256974569e-06_7.46209256974569e-06_7.46209256974569e-06_7.46209256974569e-06_7.46209256974569e-06
1016,11649,76-4-4-2-1,7.46209256974569e-06_7.46209256974569e-06_7.46209256974569e-06_7.46209256974569e-06_7.46209256974569e-06
1016,11650,34-19-9-2-1,1.74115493294066e-05_1.74115493294066e-05_1.74115493294066e-05_1.74115493294066e-05_1.74115493294066e-05
1016,11651,160-30-1-1-1,1.36805030445338e-05_1.36805030445338e-05_1.36805030445338e-05_1.36805030445338e-05_1.36805030445338e-05
1016,11652,119-6-6-2-1,0.000532917777689338_0.000532917777689338_0.000532917777689338_0.000532917777689338_0.000532917777689338
1016,11653,113-31-9-2-1,2.36299598041947e-05_2.36299598041947e-05_2.36299598041947e-05_2.36299598041947e-05_2.36299598041947e-05
1016,11655,199-19-9-2-1,4.35288733235165e-06_4.35288733235165e-06_4.35288733235165e-06_4.35288733235165e-06_4.35288733235165e-06
1016,11656,192-19-9-2-1,1.74115493294066e-05_1.74115493294066e-05_1.74115493294066e-05_1.74115493294066e-05_1.74115493294066e-05
1016,11657,199-19-9-2-1,9.94945675966092e-06_9.94945675966092e-06_9.94945675966092e-06_9.94945675966092e-06_9.94945675966092e-06
1016,11658,126-29-2-2-1,8.70577466470331e-06_8.70577466470331e-06_8.70577466470331e-06_8.70577466470331e-06_8.70577466470331e-06
1016,11659,122-16-2-2-1,6.21841047478808e-06_6.21841047478808e-06_6.21841047478808e-06_6.21841047478808e-06_6.21841047478808e-06
1016,11660,61-13-6-2-1,0.000246249054801608_0.000246249054801608_0.000246249054801608_0.000246249054801608_0.000246249054801608
1016,11661,153-18-4-2-1,1.55460261869702e-05_1.55460261869702e-05_1.55460261869702e-05_1.55460261869702e-05_1.55460261869702e-05
1016,11662,66-29-2-2-1,5.59656942730927e-06_5.59656942730927e-06_5.59656942730927e-06_5.59656942730927e-06_5.59656942730927e-06
1016,11663,185-41-9-2-1,3.10920523739404e-06_3.10920523739404e-06_3.10920523739404e-06_3.10920523739404e-06_3.10920523739404e-06
1016,11664,218-7-4-2-1,7.95956540772874e-05_7.95956540772874e-05_7.95956540772874e-05_7.95956540772874e-05_7.95956540772874e-05
1016,11665,177-7-4-2-1,1.86552314243642e-05_1.86552314243642e-05_1.86552314243642e-05_1.86552314243642e-05_1.86552314243642e-05
1016,11666,8-7-4-2-1,3.10920523739404e-06_3.10920523739404e-06_3.10920523739404e-06_3.10920523739404e-06_3.10920523739404e-06
1016,11667,185-41-9-2-1,3.10920523739404e-06_3.10920523739404e-06_3.10920523739404e-06_3.10920523739404e-06_3.10920523739404e-06
1016,11668,40-23-8-1-1,5.59656942730927e-06_5.59656942730927e-06_5.59656942730927e-06_5.59656942730927e-06_5.59656942730927e-06
1016,11669,68-30-1-1-1,2.30081187567159e-05_2.30081187567159e-05_2.30081187567159e-05_2.30081187567159e-05_2.30081187567159e-05
1016,11670,66-29-2-2-1,3.10920523739404e-06_3.10920523739404e-06_3.10920523739404e-06_3.10920523739404e-06_3.10920523739404e-06
1016,11671,199-19-9-2-1,7.46209256974569e-06_7.46209256974569e-06_7.46209256974569e-06_7.46209256974569e-06_7.46209256974569e-06
1016,11673,44-13-6-2-1,1.80333903768854e-05_1.80333903768854e-05_1.80333903768854e-05_1.80333903768854e-05_1.80333903768854e-05
1016,11674,92-2-2-2-1,0.000122502686353325_0.000122502686353325_0.000122502686353325_0.000122502686353325_0.000122502686353325
1016,11675,128-7-4-2-1,9.32761571218212e-06_9.32761571218212e-06_9.32761571218212e-06_9.32761571218212e-06_9.32761571218212e-06
1016,11676,36-6-6-2-1,0.000225106459187328_0.000225106459187328_0.000225106459187328_0.000225106459187328_0.000225106459187328
1016,11677,55-22-8-1-1,0.000210182274047837_0.000210182274047837_0.000210182274047837_0.000210182274047837_0.000210182274047837
1016,11678,136-26-4-2-1,0.000251845624228917_0.000251845624228917_0.000251845624228917_0.000251845624228917_0.000251845624228917
1016,11679,137-26-4-2-1,3.10920523739404e-06_3.10920523739404e-06_3.10920523739404e-06_3.10920523739404e-06_3.10920523739404e-06
1016,11680,137-26-4-2-1,5.41001711306563e-05_5.41001711306563e-05_5.41001711306563e-05_5.41001711306563e-05_5.41001711306563e-05
1016,11681,206-30-1-1-1,1.36805030445338e-05_1.36805030445338e-05_1.36805030445338e-05_1.36805030445338e-05_1.36805030445338e-05
1016,11682,183-23-8-1-1,3.91759859911649e-05_3.91759859911649e-05_3.91759859911649e-05_3.91759859911649e-05_3.91759859911649e-05
1016,11683,161-36-10-1-1,9.38979981693e-05_9.38979981693e-05_9.38979981693e-05_9.38979981693e-05_9.38979981693e-05
1016,11684,80-11-4-2-1,3.04702113264616e-05_3.04702113264616e-05_3.04702113264616e-05_3.04702113264616e-05_3.04702113264616e-05
1016,11686,66-29-2-2-1,7.46209256974569e-06_7.46209256974569e-06_7.46209256974569e-06_7.46209256974569e-06_7.46209256974569e-06
1016,11687,45-5-5-1-1,4.97472837983046e-06_4.97472837983046e-06_4.97472837983046e-06_4.97472837983046e-06_4.97472837983046e-06
1016,11688,158-2-2-2-1,5.1612806940741e-05_5.1612806940741e-05_5.1612806940741e-05_5.1612806940741e-05_5.1612806940741e-05
1016,11689,7-4-4-2-1,2.48736418991523e-06_2.48736418991523e-06_2.48736418991523e-06_2.48736418991523e-06_2.48736418991523e-06
1016,11690,196-14-4-2-1,2.48736418991523e-06_2.48736418991523e-06_2.48736418991523e-06_2.48736418991523e-06_2.48736418991523e-06
1016,11691,142-42-12-1-1,1.86552314243642e-05_1.86552314243642e-05_1.86552314243642e-05_1.86552314243642e-05_1.86552314243642e-05
1016,11692,185-41-9-2-1,4.35288733235165e-06_4.35288733235165e-06_4.35288733235165e-06_4.35288733235165e-06_4.35288733235165e-06
1016,11693,216-19-9-2-1,5.59656942730927e-06_5.59656942730927e-06_5.59656942730927e-06_5.59656942730927e-06_5.59656942730927e-06
1016,11694,185-41-9-2-1,6.21841047478808e-06_6.21841047478808e-06_6.21841047478808e-06_6.21841047478808e-06_6.21841047478808e-06
1016,11695,177-7-4-2-1,6.84025152226688e-06_6.84025152226688e-06_6.84025152226688e-06_6.84025152226688e-06_6.84025152226688e-06
1016,11696,138-23-8-1-1,3.73104628487285e-06_3.73104628487285e-06_3.73104628487285e-06_3.73104628487285e-06_3.73104628487285e-06
1016,11697,186-15-9-2-1,3.10920523739404e-06_3.10920523739404e-06_3.10920523739404e-06_3.10920523739404e-06_3.10920523739404e-06
1016,11698,172-40-4-2-1,4.35288733235165e-06_4.35288733235165e-06_4.35288733235165e-06_4.35288733235165e-06_4.35288733235165e-06
1016,11699,167-18-4-2-1,5.59656942730927e-06_5.59656942730927e-06_5.59656942730927e-06_5.59656942730927e-06_5.59656942730927e-06
1016,11700,153-18-4-2-1,5.59656942730927e-06_5.59656942730927e-06_5.59656942730927e-06_5.59656942730927e-06_5.59656942730927e-06
1016,11701,55-22-8-1-1,5.59656942730927e-06_5.59656942730927e-06_5.59656942730927e-06_5.59656942730927e-06_5.59656942730927e-06
1016,11703,26-15-9-2-1,9.45198392167788e-05_9.45198392167788e-05_9.45198392167788e-05_9.45198392167788e-05_9.45198392167788e-05
1016,11704,29-17-10-1-1,9.94945675966092e-06_9.94945675966092e-06_9.94945675966092e-06_9.94945675966092e-06_9.94945675966092e-06
1016,11705,75-1-1-1-1,5.59656942730927e-06_5.59656942730927e-06_5.59656942730927e-06_5.59656942730927e-06_5.59656942730927e-06
1016,11706,44-13-6-2-1,4.16633501810801e-05_4.16633501810801e-05_4.16633501810801e-05_4.16633501810801e-05_4.16633501810801e-05
1016,11707,34-19-9-2-1,8.0839336172245e-06_8.0839336172245e-06_8.0839336172245e-06_8.0839336172245e-06_8.0839336172245e-06
1016,11708,186-15-9-2-1,8.0839336172245e-06_8.0839336172245e-06_8.0839336172245e-06_8.0839336172245e-06_8.0839336172245e-06
1016,11710,112-14-4-2-1,3.10920523739404e-06_3.10920523739404e-06_3.10920523739404e-06_3.10920523739404e-06_3.10920523739404e-06
1016,11711,160-30-1-1-1,1.55460261869702e-05_1.55460261869702e-05_1.55460261869702e-05_1.55460261869702e-05_1.55460261869702e-05
1016,11712,223-40-4-2-1,3.73104628487285e-06_3.73104628487285e-06_3.73104628487285e-06_3.73104628487285e-06_3.73104628487285e-06
1016,11713,8-7-4-2-1,5.59656942730927e-06_5.59656942730927e-06_5.59656942730927e-06_5.59656942730927e-06_5.59656942730927e-06
1016,11714,218-7-4-2-1,3.73104628487285e-06_3.73104628487285e-06_3.73104628487285e-06_3.73104628487285e-06_3.73104628487285e-06
1016,11715,180-40-4-2-1,9.94945675966092e-06_9.94945675966092e-06_9.94945675966092e-06_9.94945675966092e-06_9.94945675966092e-06
1016,11716,174-15-9-2-1,4.35288733235165e-06_4.35288733235165e-06_4.35288733235165e-06_4.35288733235165e-06_4.35288733235165e-06
1016,11717,126-29-2-2-1,4.35288733235165e-06_4.35288733235165e-06_4.35288733235165e-06_4.35288733235165e-06_4.35288733235165e-06
1016,11718,80-11-4-2-1,5.59656942730927e-06_5.59656942730927e-06_5.59656942730927e-06_5.59656942730927e-06_5.59656942730927e-06
1016,11719,221-35-4-2-1,5.78312174155291e-05_5.78312174155291e-05_5.78312174155291e-05_5.78312174155291e-05_5.78312174155291e-05
1016,11720,222-35-4-2-1,1.6167867234449e-05_1.6167867234449e-05_1.6167867234449e-05_1.6167867234449e-05_1.6167867234449e-05
1016,11721,209-35-4-2-1,5.59656942730927e-06_5.59656942730927e-06_5.59656942730927e-06_5.59656942730927e-06_5.59656942730927e-06
1016,11722,180-40-4-2-1,7.46209256974569e-06_7.46209256974569e-06_7.46209256974569e-06_7.46209256974569e-06_7.46209256974569e-06
1016,11723,194-31-9-2-1,8.70577466470331e-06_8.70577466470331e-06_8.70577466470331e-06_8.70577466470331e-06_8.70577466470331e-06
1016,11724,172-40-4-2-1,3.73104628487285e-06_3.73104628487285e-06_3.73104628487285e-06_3.73104628487285e-06_3.73104628487285e-06
1016,11725,172-40-4-2-1,1.55460261869702e-05_1.55460261869702e-05_1.55460261869702e-05_1.55460261869702e-05_1.55460261869702e-05
1016,11726,67-2-2-2-1,0.000266769809368408_0.000266769809368408_0.000266769809368408_0.000266769809368408_0.000266769809368408
1016,11727,151-19-9-2-1,8.70577466470331e-06_8.70577466470331e-06_8.70577466470331e-06_8.70577466470331e-06_8.70577466470331e-06
1016,11728,185-41-9-2-1,3.10920523739404e-06_3.10920523739404e-06_3.10920523739404e-06_3.10920523739404e-06_3.10920523739404e-06
1016,11729,112-14-4-2-1,4.97472837983046e-06_4.97472837983046e-06_4.97472837983046e-06_4.97472837983046e-06_4.97472837983046e-06
1016,11730,236-42-12-1-1,0.000274853742985633_0.000274853742985633_0.000274853742985633_0.000274853742985633_0.000274853742985633
1016,11731,112-14-4-2-1,3.73104628487285e-06_3.73104628487285e-06_3.73104628487285e-06_3.73104628487285e-06_3.73104628487285e-06
1016,11733,134-29-2-2-1,3.29575755163768e-05_3.29575755163768e-05_3.29575755163768e-05_3.29575755163768e-05_3.29575755163768e-05
1016,11734,140-42-12-1-1,4.97472837983046e-06_4.97472837983046e-06_4.97472837983046e-06_4.97472837983046e-06_4.97472837983046e-06
1016,11735,116-36-10-1-1,2.23862777092371e-05_2.23862777092371e-05_2.23862777092371e-05_2.23862777092371e-05_2.23862777092371e-05
1016,11736,201-17-10-1-1,1.67897082819278e-05_1.67897082819278e-05_1.67897082819278e-05_1.67897082819278e-05_1.67897082819278e-05
1016,11737,161-36-10-1-1,4.97472837983046e-06_4.97472837983046e-06_4.97472837983046e-06_4.97472837983046e-06_4.97472837983046e-06
1016,11738,84-2-2-2-1,0.00040170931667131_0.00040170931667131_0.00040170931667131_0.00040170931667131_0.00040170931667131
1016,11739,167-18-4-2-1,4.97472837983046e-06_4.97472837983046e-06_4.97472837983046e-06_4.97472837983046e-06_4.97472837983046e-06
1016,11740,40-23-8-1-1,6.84025152226688e-06_6.84025152226688e-06_6.84025152226688e-06_6.84025152226688e-06_6.84025152226688e-06
1016,11741,142-42-12-1-1,8.0839336172245e-06_8.0839336172245e-06_8.0839336172245e-06_8.0839336172245e-06_8.0839336172245e-06
1016,11742,55-22-8-1-1,3.73104628487285e-06_3.73104628487285e-06_3.73104628487285e-06_3.73104628487285e-06_3.73104628487285e-06
1016,11743,149-16-2-2-1,1.6167867234449e-05_1.6167867234449e-05_1.6167867234449e-05_1.6167867234449e-05_1.6167867234449e-05
1016,11744,180-40-4-2-1,4.97472837983046e-06_4.97472837983046e-06_4.97472837983046e-06_4.97472837983046e-06_4.97472837983046e-06
1016,11745,142-42-12-1-1,4.97472837983046e-06_4.97472837983046e-06_4.97472837983046e-06_4.97472837983046e-06_4.97472837983046e-06
1016,11746,140-42-12-1-1,3.73104628487285e-06_3.73104628487285e-06_3.73104628487285e-06_3.73104628487285e-06_3.73104628487285e-06
1016,11747,76-4-4-2-1,5.59656942730927e-06_5.59656942730927e-06_5.59656942730927e-06_5.59656942730927e-06_5.59656942730927e-06
1016,11748,8-7-4-2-1,6.21841047478808e-06_6.21841047478808e-06_6.21841047478808e-06_6.21841047478808e-06_6.21841047478808e-06
1016,11749,133-12-8-1-1,3.10920523739404e-06_3.10920523739404e-06_3.10920523739404e-06_3.10920523739404e-06_3.10920523739404e-06
1016,11750,18-12-8-1-1,3.73104628487285e-06_3.73104628487285e-06_3.73104628487285e-06_3.73104628487285e-06_3.73104628487285e-06
1016,11752,68-30-1-1-1,2.05207545668007e-05_2.05207545668007e-05_2.05207545668007e-05_2.05207545668007e-05_2.05207545668007e-05
1016,11753,212-41-9-2-1,1.11931388546185e-05_1.11931388546185e-05_1.11931388546185e-05_1.11931388546185e-05_1.11931388546185e-05
1016,11754,44-13-6-2-1,8.0839336172245e-06_8.0839336172245e-06_8.0839336172245e-06_8.0839336172245e-06_8.0839336172245e-06
1016,11755,26-15-9-2-1,8.0839336172245e-06_8.0839336172245e-06_8.0839336172245e-06_8.0839336172245e-06_8.0839336172245e-06
1016,11756,17-11-4-2-1,6.21841047478808e-06_6.21841047478808e-06_6.21841047478808e-06_6.21841047478808e-06_6.21841047478808e-06
1016,11757,113-31-9-2-1,3.35794165638556e-05_3.35794165638556e-05_3.35794165638556e-05_3.35794165638556e-05_3.35794165638556e-05
1016,11758,201-17-10-1-1,1.3058661997055e-05_1.3058661997055e-05_1.3058661997055e-05_1.3058661997055e-05_1.3058661997055e-05
1016,11759,124-29-2-2-1,0.00010944402435627_0.00010944402435627_0.00010944402435627_0.00010944402435627_0.00010944402435627
1016,11760,98-27-8-1-1,4.16633501810801e-05_4.16633501810801e-05_4.16633501810801e-05_4.16633501810801e-05_4.16633501810801e-05
1016,11761,57-7-4-2-1,8.0839336172245e-06_8.0839336172245e-06_8.0839336172245e-06_8.0839336172245e-06_8.0839336172245e-06
1016,11762,236-42-12-1-1,9.32761571218212e-06_9.32761571218212e-06_9.32761571218212e-06_9.32761571218212e-06_9.32761571218212e-06
1016,11763,201-17-10-1-1,0.000759889760019103_0.000759889760019103_0.000759889760019103_0.000759889760019103_0.000759889760019103
1016,11764,142-42-12-1-1,1.05712978071397e-05_1.05712978071397e-05_1.05712978071397e-05_1.05712978071397e-05_1.05712978071397e-05
1016,11765,98-27-8-1-1,3.73104628487285e-06_3.73104628487285e-06_3.73104628487285e-06_3.73104628487285e-06_3.73104628487285e-06
1016,11766,49-22-8-1-1,0.000147998169299956_0.000147998169299956_0.000147998169299956_0.000147998169299956_0.000147998169299956
1016,11767,55-22-8-1-1,3.73104628487285e-06_3.73104628487285e-06_3.73104628487285e-06_3.73104628487285e-06_3.73104628487285e-06
1016,11768,117-27-8-1-1,5.78312174155291e-05_5.78312174155291e-05_5.78312174155291e-05_5.78312174155291e-05_5.78312174155291e-05
1016,11769,201-17-10-1-1,0.000315273411071755_0.000315273411071755_0.000315273411071755_0.000315273411071755_0.000315273411071755
1016,11770,8-7-4-2-1,3.10920523739404e-06_3.10920523739404e-06_3.10920523739404e-06_3.10920523739404e-06_3.10920523739404e-06
1016,11771,29-17-10-1-1,3.17138934214192e-05_3.17138934214192e-05_3.17138934214192e-05_3.17138934214192e-05_3.17138934214192e-05
1016,11772,212-41-9-2-1,9.32761571218212e-06_9.32761571218212e-06_9.32761571218212e-06_9.32761571218212e-06_9.32761571218212e-06
1016,11773,8-7-4-2-1,1.80333903768854e-05_1.80333903768854e-05_1.80333903768854e-05_1.80333903768854e-05_1.80333903768854e-05
1016,11774,126-29-2-2-1,5.53438532256139e-05_5.53438532256139e-05_5.53438532256139e-05_5.53438532256139e-05_5.53438532256139e-05
1016,11775,34-19-9-2-1,4.35288733235165e-06_4.35288733235165e-06_4.35288733235165e-06_4.35288733235165e-06_4.35288733235165e-06
1016,11776,186-15-9-2-1,4.97472837983046e-06_4.97472837983046e-06_4.97472837983046e-06_4.97472837983046e-06_4.97472837983046e-06
1016,11777,141-42-12-1-1,3.10920523739404e-06_3.10920523739404e-06_3.10920523739404e-06_3.10920523739404e-06_3.10920523739404e-06
1016,11778,177-7-4-2-1,4.35288733235165e-06_4.35288733235165e-06_4.35288733235165e-06_4.35288733235165e-06_4.35288733235165e-06
1016,11779,26-15-9-2-1,1.55460261869702e-05_1.55460261869702e-05_1.55460261869702e-05_1.55460261869702e-05_1.55460261869702e-05
1016,11780,172-40-4-2-1,5.59656942730927e-06_5.59656942730927e-06_5.59656942730927e-06_5.59656942730927e-06_5.59656942730927e-06
1016,11781,141-42-12-1-1,3.10920523739404e-06_3.10920523739404e-06_3.10920523739404e-06_3.10920523739404e-06_3.10920523739404e-06
1016,11782,80-11-4-2-1,3.60667807537708e-05_3.60667807537708e-05_3.60667807537708e-05_3.60667807537708e-05_3.60667807537708e-05
1016,11783,186-15-9-2-1,8.89232697894695e-05_8.89232697894695e-05_8.89232697894695e-05_8.89232697894695e-05_8.89232697894695e-05
1016,11784,79-32-10-1-1,9.32761571218211e-05_9.32761571218211e-05_9.32761571218211e-05_9.32761571218211e-05_9.32761571218211e-05
1016,11785,228-17-10-1-1,8.70577466470331e-06_8.70577466470331e-06_8.70577466470331e-06_8.70577466470331e-06_8.70577466470331e-06
1016,11786,8-7-4-2-1,7.46209256974569e-06_7.46209256974569e-06_7.46209256974569e-06_7.46209256974569e-06_7.46209256974569e-06
1016,11787,200-15-9-2-1,3.10920523739404e-06_3.10920523739404e-06_3.10920523739404e-06_3.10920523739404e-06_3.10920523739404e-06
1016,11788,138-23-8-1-1,3.73104628487285e-06_3.73104628487285e-06_3.73104628487285e-06_3.73104628487285e-06_3.73104628487285e-06
1016,11789,1-1-1-1-1,1.9277072471843e-05_1.9277072471843e-05_1.9277072471843e-05_1.9277072471843e-05_1.9277072471843e-05
1016,11790,122-16-2-2-1,4.35288733235165e-06_4.35288733235165e-06_4.35288733235165e-06_4.35288733235165e-06_4.35288733235165e-06
1016,11791,227-41-9-2-1,4.97472837983046e-06_4.97472837983046e-06_4.97472837983046e-06_4.97472837983046e-06_4.97472837983046e-06
1016,11792,191-37-4-2-1,2.17644366617583e-05_2.17644366617583e-05_2.17644366617583e-05_2.17644366617583e-05_2.17644366617583e-05
1016,11793,185-41-9-2-1,2.36299598041947e-05_2.36299598041947e-05_2.36299598041947e-05_2.36299598041947e-05_2.36299598041947e-05
1016,11794,185-41-9-2-1,2.48736418991523e-06_2.48736418991523e-06_2.48736418991523e-06_2.48736418991523e-06_2.48736418991523e-06
1016,11795,47-22-8-1-1,4.97472837983046e-06_4.97472837983046e-06_4.97472837983046e-06_4.97472837983046e-06_4.97472837983046e-06
1016,11796,201-17-10-1-1,2.61173239941099e-05_2.61173239941099e-05_2.61173239941099e-05_2.61173239941099e-05_2.61173239941099e-05
1016,11797,203-11-4-2-1,3.10920523739404e-06_3.10920523739404e-06_3.10920523739404e-06_3.10920523739404e-06_3.10920523739404e-06
1016,11798,237-44-12-1-1,4.35288733235165e-06_4.35288733235165e-06_4.35288733235165e-06_4.35288733235165e-06_4.35288733235165e-06
1016,11799,8-7-4-2-1,3.10920523739404e-06_3.10920523739404e-06_3.10920523739404e-06_3.10920523739404e-06_3.10920523739404e-06
1016,11800,212-41-9-2-1,3.04702113264616e-05_3.04702113264616e-05_3.04702113264616e-05_3.04702113264616e-05_3.04702113264616e-05
1016,11801,212-41-9-2-1,1.80333903768854e-05_1.80333903768854e-05_1.80333903768854e-05_1.80333903768854e-05_1.80333903768854e-05
1016,11802,122-16-2-2-1,2.9226529231504e-05_2.9226529231504e-05_2.9226529231504e-05_2.9226529231504e-05_2.9226529231504e-05
1016,11803,200-15-9-2-1,1.18149799020973e-05_1.18149799020973e-05_1.18149799020973e-05_1.18149799020973e-05_1.18149799020973e-05
1016,11805,47-22-8-1-1,2.48736418991523e-06_2.48736418991523e-06_2.48736418991523e-06_2.48736418991523e-06_2.48736418991523e-06
1016,11807,34-19-9-2-1,1.98989135193218e-05_1.98989135193218e-05_1.98989135193218e-05_1.98989135193218e-05_1.98989135193218e-05
1016,11808,208-30-1-1-1,4.97472837983046e-06_4.97472837983046e-06_4.97472837983046e-06_4.97472837983046e-06_4.97472837983046e-06
1016,11809,8-7-4-2-1,3.10920523739404e-06_3.10920523739404e-06_3.10920523739404e-06_3.10920523739404e-06_3.10920523739404e-06
1016,11810,151-19-9-2-1,1.18149799020973e-05_1.18149799020973e-05_1.18149799020973e-05_1.18149799020973e-05_1.18149799020973e-05
1016,11811,185-41-9-2-1,3.10920523739404e-06_3.10920523739404e-06_3.10920523739404e-06_3.10920523739404e-06_3.10920523739404e-06
1016,11812,142-42-12-1-1,3.73104628487285e-06_3.73104628487285e-06_3.73104628487285e-06_3.73104628487285e-06_3.73104628487285e-06
1016,11813,193-40-4-2-1,0.000268013491463366_0.000268013491463366_0.000268013491463366_0.000268013491463366_0.000268013491463366
1016,11814,193-40-4-2-1,1.05712978071397e-05_1.05712978071397e-05_1.05712978071397e-05_1.05712978071397e-05_1.05712978071397e-05
1016,11815,57-7-4-2-1,3.73104628487285e-06_3.73104628487285e-06_3.73104628487285e-06_3.73104628487285e-06_3.73104628487285e-06
1016,11816,193-40-4-2-1,0.000284181358697815_0.000284181358697815_0.000284181358697815_0.000284181358697815_0.000284181358697815
1016,11817,199-19-9-2-1,3.73104628487285e-06_3.73104628487285e-06_3.73104628487285e-06_3.73104628487285e-06_3.73104628487285e-06
1016,11818,69-29-2-2-1,6.71588331277112e-05_6.71588331277112e-05_6.71588331277112e-05_6.71588331277112e-05_6.71588331277112e-05
1016,11819,33-16-2-2-1,5.59656942730927e-05_5.59656942730927e-05_5.59656942730927e-05_5.59656942730927e-05_5.59656942730927e-05
1016,11820,26-15-9-2-1,3.10920523739404e-06_3.10920523739404e-06_3.10920523739404e-06_3.10920523739404e-06_3.10920523739404e-06
1016,11821,128-7-4-2-1,4.97472837983046e-06_4.97472837983046e-06_4.97472837983046e-06_4.97472837983046e-06_4.97472837983046e-06
1016,11822,114-40-4-2-1,6.84025152226688e-06_6.84025152226688e-06_6.84025152226688e-06_6.84025152226688e-06_6.84025152226688e-06
1016,11823,31-6-6-2-1,0.00026055139889362_0.00026055139889362_0.00026055139889362_0.00026055139889362_0.00026055139889362
1016,11824,13-6-6-2-1,3.97978270386437e-05_3.97978270386437e-05_3.97978270386437e-05_3.97978270386437e-05_3.97978270386437e-05
1016,11825,185-41-9-2-1,3.10920523739404e-06_3.10920523739404e-06_3.10920523739404e-06_3.10920523739404e-06_3.10920523739404e-06
1016,11826,47-22-8-1-1,8.70577466470331e-05_8.70577466470331e-05_8.70577466470331e-05_8.70577466470331e-05_8.70577466470331e-05
1016,11827,49-22-8-1-1,4.29070322760377e-05_4.29070322760377e-05_4.29070322760377e-05_4.29070322760377e-05_4.29070322760377e-05
1016,11828,88-35-4-2-1,8.70577466470331e-06_8.70577466470331e-06_8.70577466470331e-06_8.70577466470331e-06_8.70577466470331e-06
1016,11829,8-7-4-2-1,3.10920523739404e-06_3.10920523739404e-06_3.10920523739404e-06_3.10920523739404e-06_3.10920523739404e-06
1016,11830,29-17-10-1-1,1.43023440920126e-05_1.43023440920126e-05_1.43023440920126e-05_1.43023440920126e-05_1.43023440920126e-05
1016,11831,60-22-8-1-1,0.000161056831297011_0.000161056831297011_0.000161056831297011_0.000161056831297011_0.000161056831297011
1016,11832,141-42-12-1-1,4.35288733235165e-06_4.35288733235165e-06_4.35288733235165e-06_4.35288733235165e-06_4.35288733235165e-06
1016,11833,90-36-10-1-1,0.000227593823377244_0.000227593823377244_0.000227593823377244_0.000227593823377244_0.000227593823377244
1016,11834,140-42-12-1-1,3.73104628487285e-06_3.73104628487285e-06_3.73104628487285e-06_3.73104628487285e-06_3.73104628487285e-06
1016,11835,17-11-4-2-1,8.0839336172245e-06_8.0839336172245e-06_8.0839336172245e-06_8.0839336172245e-06_8.0839336172245e-06
1016,11836,90-36-10-1-1,0.000105712978071397_0.000105712978071397_0.000105712978071397_0.000105712978071397_0.000105712978071397
1016,11837,37-11-4-2-1,2.17644366617583e-05_2.17644366617583e-05_2.17644366617583e-05_2.17644366617583e-05_2.17644366617583e-05
1016,11838,234-24-7-1-1,6.1562263700402e-05_6.1562263700402e-05_6.1562263700402e-05_6.1562263700402e-05_6.1562263700402e-05
1016,11839,113-31-9-2-1,0.000227593823377244_0.000227593823377244_0.000227593823377244_0.000227593823377244_0.000227593823377244
1016,11840,213-15-9-2-1,9.32761571218212e-06_9.32761571218212e-06_9.32761571218212e-06_9.32761571218212e-06_9.32761571218212e-06
1016,11841,127-30-1-1-1,5.65875353205715e-05_5.65875353205715e-05_5.65875353205715e-05_5.65875353205715e-05_5.65875353205715e-05
1016,11842,91-33-5-1-1,4.35288733235165e-06_4.35288733235165e-06_4.35288733235165e-06_4.35288733235165e-06_4.35288733235165e-06
1016,11843,98-27-8-1-1,4.04196680861225e-05_4.04196680861225e-05_4.04196680861225e-05_4.04196680861225e-05_4.04196680861225e-05
1016,11844,44-13-6-2-1,3.73104628487285e-06_3.73104628487285e-06_3.73104628487285e-06_3.73104628487285e-06_3.73104628487285e-06
1016,11845,214-26-4-2-1,7.46209256974569e-06_7.46209256974569e-06_7.46209256974569e-06_7.46209256974569e-06_7.46209256974569e-06
1016,11846,110-3-3-1-1,0.000271744537748239_0.000271744537748239_0.000271744537748239_0.000271744537748239_0.000271744537748239
1016,11847,49-22-8-1-1,3.17138934214192e-05_3.17138934214192e-05_3.17138934214192e-05_3.17138934214192e-05_3.17138934214192e-05
1016,11848,49-22-8-1-1,8.0839336172245e-06_8.0839336172245e-06_8.0839336172245e-06_8.0839336172245e-06_8.0839336172245e-06
1016,11849,51-22-8-1-1,1.49241851394914e-05_1.49241851394914e-05_1.49241851394914e-05_1.49241851394914e-05_1.49241851394914e-05
1016,11850,51-22-8-1-1,7.89738130298086e-05_7.89738130298086e-05_7.89738130298086e-05_7.89738130298086e-05_7.89738130298086e-05
1016,11851,116-36-10-1-1,5.59656942730927e-06_5.59656942730927e-06_5.59656942730927e-06_5.59656942730927e-06_5.59656942730927e-06
1016,11852,141-42-12-1-1,4.97472837983046e-06_4.97472837983046e-06_4.97472837983046e-06_4.97472837983046e-06_4.97472837983046e-06
1016,11853,79-32-10-1-1,4.97472837983046e-06_4.97472837983046e-06_4.97472837983046e-06_4.97472837983046e-06_4.97472837983046e-06
1016,11854,191-37-4-2-1,4.97472837983046e-06_4.97472837983046e-06_4.97472837983046e-06_4.97472837983046e-06_4.97472837983046e-06
1016,11855,7-4-4-2-1,1.3058661997055e-05_1.3058661997055e-05_1.3058661997055e-05_1.3058661997055e-05_1.3058661997055e-05
1016,11856,13-6-6-2-1,0.000376213833724679_0.000376213833724679_0.000376213833724679_0.000376213833724679_0.000376213833724679
1016,11857,42-13-6-2-1,7.58646077924145e-05_7.58646077924145e-05_7.58646077924145e-05_7.58646077924145e-05_7.58646077924145e-05
1016,11858,128-7-4-2-1,3.73104628487285e-06_3.73104628487285e-06_3.73104628487285e-06_3.73104628487285e-06_3.73104628487285e-06
1016,11859,154-25-8-1-1,3.79323038962073e-05_3.79323038962073e-05_3.79323038962073e-05_3.79323038962073e-05_3.79323038962073e-05
1016,11860,138-23-8-1-1,7.46209256974569e-06_7.46209256974569e-06_7.46209256974569e-06_7.46209256974569e-06_7.46209256974569e-06
1016,11861,49-22-8-1-1,4.22851912285589e-05_4.22851912285589e-05_4.22851912285589e-05_4.22851912285589e-05_4.22851912285589e-05
1016,11862,95-37-4-2-1,8.70577466470331e-06_8.70577466470331e-06_8.70577466470331e-06_8.70577466470331e-06_8.70577466470331e-06
1016,11863,180-40-4-2-1,1.6167867234449e-05_1.6167867234449e-05_1.6167867234449e-05_1.6167867234449e-05_1.6167867234449e-05
1016,11864,10-3-3-1-1,0.000160434990249532_0.000160434990249532_0.000160434990249532_0.000160434990249532_0.000160434990249532
1016,11865,237-44-12-1-1,2.42518008516735e-05_2.42518008516735e-05_2.42518008516735e-05_2.42518008516735e-05_2.42518008516735e-05
1016,11866,76-4-4-2-1,9.32761571218212e-06_9.32761571218212e-06_9.32761571218212e-06_9.32761571218212e-06_9.32761571218212e-06
1016,11867,185-41-9-2-1,3.10920523739404e-06_3.10920523739404e-06_3.10920523739404e-06_3.10920523739404e-06_3.10920523739404e-06
1016,11868,84-2-2-2-1,7.83519719823298e-05_7.83519719823298e-05_7.83519719823298e-05_7.83519719823298e-05_7.83519719823298e-05
1016,11869,142-42-12-1-1,3.10920523739404e-06_3.10920523739404e-06_3.10920523739404e-06_3.10920523739404e-06_3.10920523739404e-06
1016,11870,172-40-4-2-1,3.10920523739404e-06_3.10920523739404e-06_3.10920523739404e-06_3.10920523739404e-06_3.10920523739404e-06
1016,11871,152-32-10-1-1,3.73104628487285e-06_3.73104628487285e-06_3.73104628487285e-06_3.73104628487285e-06_3.73104628487285e-06
1016,11872,116-36-10-1-1,2.30081187567159e-05_2.30081187567159e-05_2.30081187567159e-05_2.30081187567159e-05_2.30081187567159e-05
1016,11873,140-42-12-1-1,3.10920523739404e-06_3.10920523739404e-06_3.10920523739404e-06_3.10920523739404e-06_3.10920523739404e-06
1016,11874,216-19-9-2-1,5.59656942730927e-06_5.59656942730927e-06_5.59656942730927e-06_5.59656942730927e-06_5.59656942730927e-06
1016,11875,177-7-4-2-1,3.79323038962073e-05_3.79323038962073e-05_3.79323038962073e-05_3.79323038962073e-05_3.79323038962073e-05
1016,11876,178-44-12-1-1,8.0839336172245e-06_8.0839336172245e-06_8.0839336172245e-06_8.0839336172245e-06_8.0839336172245e-06
1016,11877,159-4-4-2-1,7.46209256974569e-06_7.46209256974569e-06_7.46209256974569e-06_7.46209256974569e-06_7.46209256974569e-06
1016,11878,196-14-4-2-1,1.6167867234449e-05_1.6167867234449e-05_1.6167867234449e-05_1.6167867234449e-05_1.6167867234449e-05
1016,11879,51-22-8-1-1,6.21841047478808e-06_6.21841047478808e-06_6.21841047478808e-06_6.21841047478808e-06_6.21841047478808e-06
1016,11880,133-12-8-1-1,6.84025152226688e-06_6.84025152226688e-06_6.84025152226688e-06_6.84025152226688e-06_6.84025152226688e-06
1016,11881,51-22-8-1-1,1.18149799020973e-05_1.18149799020973e-05_1.18149799020973e-05_1.18149799020973e-05_1.18149799020973e-05
1016,11882,133-12-8-1-1,2.05207545668007e-05_2.05207545668007e-05_2.05207545668007e-05_2.05207545668007e-05_2.05207545668007e-05
1016,11883,228-17-10-1-1,5.59656942730927e-06_5.59656942730927e-06_5.59656942730927e-06_5.59656942730927e-06_5.59656942730927e-06
1016,11884,34-19-9-2-1,1.11931388546185e-05_1.11931388546185e-05_1.11931388546185e-05_1.11931388546185e-05_1.11931388546185e-05
1016,11885,142-42-12-1-1,1.18149799020973e-05_1.18149799020973e-05_1.18149799020973e-05_1.18149799020973e-05_1.18149799020973e-05
1016,11886,185-41-9-2-1,3.10920523739404e-06_3.10920523739404e-06_3.10920523739404e-06_3.10920523739404e-06_3.10920523739404e-06
1016,11888,177-7-4-2-1,2.23862777092371e-05_2.23862777092371e-05_2.23862777092371e-05_2.23862777092371e-05_2.23862777092371e-05
1016,11889,138-23-8-1-1,2.9226529231504e-05_2.9226529231504e-05_2.9226529231504e-05_2.9226529231504e-05_2.9226529231504e-05
1016,11891,199-19-9-2-1,5.59656942730927e-06_5.59656942730927e-06_5.59656942730927e-06_5.59656942730927e-06_5.59656942730927e-06
1016,11892,226-32-10-1-1,1.67897082819278e-05_1.67897082819278e-05_1.67897082819278e-05_1.67897082819278e-05_1.67897082819278e-05
1016,11893,23-10-2-2-1,1.18149799020973e-05_1.18149799020973e-05_1.18149799020973e-05_1.18149799020973e-05_1.18149799020973e-05
1016,11894,152-32-10-1-1,3.10920523739404e-06_3.10920523739404e-06_3.10920523739404e-06_3.10920523739404e-06_3.10920523739404e-06
1016,11896,49-22-8-1-1,8.0839336172245e-06_8.0839336172245e-06_8.0839336172245e-06_8.0839336172245e-06_8.0839336172245e-06
1016,11897,126-29-2-2-1,1.11931388546185e-05_1.11931388546185e-05_1.11931388546185e-05_1.11931388546185e-05_1.11931388546185e-05
1016,11898,150-30-1-1-1,4.35288733235165e-06_4.35288733235165e-06_4.35288733235165e-06_4.35288733235165e-06_4.35288733235165e-06
1016,11900,68-30-1-1-1,1.11931388546185e-05_1.11931388546185e-05_1.11931388546185e-05_1.11931388546185e-05_1.11931388546185e-05
1016,11901,199-19-9-2-1,0.000159813149202054_0.000159813149202054_0.000159813149202054_0.000159813149202054_0.000159813149202054
1016,11902,192-19-9-2-1,0.000101981931786524_0.000101981931786524_0.000101981931786524_0.000101981931786524_0.000101981931786524
1016,11903,71-29-2-2-1,3.73104628487285e-06_3.73104628487285e-06_3.73104628487285e-06_3.73104628487285e-06_3.73104628487285e-06
1016,11904,36-6-6-2-1,0.000131830302065507_0.000131830302065507_0.000131830302065507_0.000131830302065507_0.000131830302065507
1016,11905,25-10-2-2-1,1.74115493294066e-05_1.74115493294066e-05_1.74115493294066e-05_1.74115493294066e-05_1.74115493294066e-05
1016,11906,44-13-6-2-1,8.70577466470331e-06_8.70577466470331e-06_8.70577466470331e-06_8.70577466470331e-06_8.70577466470331e-06
1016,11907,13-6-6-2-1,0.00044834739523222_0.00044834739523222_0.00044834739523222_0.00044834739523222_0.00044834739523222
1016,11908,36-6-6-2-1,0.000179712062721375_0.000179712062721375_0.000179712062721375_0.000179712062721375_0.000179712062721375
1016,11909,179-26-4-2-1,4.35288733235165e-05_4.35288733235165e-05_4.35288733235165e-05_4.35288733235165e-05_4.35288733235165e-05
1016,11910,45-5-5-1-1,7.46209256974569e-06_7.46209256974569e-06_7.46209256974569e-06_7.46209256974569e-06_7.46209256974569e-06
1016,11911,69-29-2-2-1,3.5444939706292e-05_3.5444939706292e-05_3.5444939706292e-05_3.5444939706292e-05_3.5444939706292e-05
1016,11912,114-40-4-2-1,1.18149799020973e-05_1.18149799020973e-05_1.18149799020973e-05_1.18149799020973e-05_1.18149799020973e-05
1016,11913,230-14-4-2-1,7.46209256974569e-06_7.46209256974569e-06_7.46209256974569e-06_7.46209256974569e-06_7.46209256974569e-06
1016,11914,127-30-1-1-1,1.3058661997055e-05_1.3058661997055e-05_1.3058661997055e-05_1.3058661997055e-05_1.3058661997055e-05
1016,11915,45-5-5-1-1,9.38979981693e-05_9.38979981693e-05_9.38979981693e-05_9.38979981693e-05_9.38979981693e-05
1016,11916,126-29-2-2-1,8.0839336172245e-06_8.0839336172245e-06_8.0839336172245e-06_8.0839336172245e-06_8.0839336172245e-06
1016,11917,216-19-9-2-1,0.000151729215584829_0.000151729215584829_0.000151729215584829_0.000151729215584829_0.000151729215584829
1016,11919,216-19-9-2-1,1.74115493294066e-05_1.74115493294066e-05_1.74115493294066e-05_1.74115493294066e-05_1.74115493294066e-05
1016,11920,216-19-9-2-1,3.73104628487285e-06_3.73104628487285e-06_3.73104628487285e-06_3.73104628487285e-06_3.73104628487285e-06
1016,11921,98-27-8-1-1,2.36299598041947e-05_2.36299598041947e-05_2.36299598041947e-05_2.36299598041947e-05_2.36299598041947e-05
1016,11922,196-14-4-2-1,5.84530584630079e-05_5.84530584630079e-05_5.84530584630079e-05_5.84530584630079e-05_5.84530584630079e-05
1016,11923,49-22-8-1-1,3.2335734468898e-05_3.2335734468898e-05_3.2335734468898e-05_3.2335734468898e-05_3.2335734468898e-05
1016,11924,196-14-4-2-1,3.73104628487285e-06_3.73104628487285e-06_3.73104628487285e-06_3.73104628487285e-06_3.73104628487285e-06
1016,11925,196-14-4-2-1,2.17644366617583e-05_2.17644366617583e-05_2.17644366617583e-05_2.17644366617583e-05_2.17644366617583e-05
1016,11926,214-26-4-2-1,9.94945675966092e-06_9.94945675966092e-06_9.94945675966092e-06_9.94945675966092e-06_9.94945675966092e-06
1016,11927,203-11-4-2-1,3.73104628487285e-06_3.73104628487285e-06_3.73104628487285e-06_3.73104628487285e-06_3.73104628487285e-06
1016,11929,4-4-4-2-1,1.6167867234449e-05_1.6167867234449e-05_1.6167867234449e-05_1.6167867234449e-05_1.6167867234449e-05
1016,11930,212-41-9-2-1,3.10920523739404e-06_3.10920523739404e-06_3.10920523739404e-06_3.10920523739404e-06_3.10920523739404e-06
1016,11931,5-5-5-1-1,3.73104628487285e-06_3.73104628487285e-06_3.73104628487285e-06_3.73104628487285e-06_3.73104628487285e-06
1016,11932,210-29-2-2-1,0.000396734588291479_0.000396734588291479_0.000396734588291479_0.000396734588291479_0.000396734588291479
1016,11933,185-41-9-2-1,3.10920523739404e-06_3.10920523739404e-06_3.10920523739404e-06_3.10920523739404e-06_3.10920523739404e-06
1016,11934,71-29-2-2-1,1.67897082819278e-05_1.67897082819278e-05_1.67897082819278e-05_1.67897082819278e-05_1.67897082819278e-05
1016,11935,209-35-4-2-1,3.73104628487285e-06_3.73104628487285e-06_3.73104628487285e-06_3.73104628487285e-06_3.73104628487285e-06
1016,11936,205-12-8-1-1,8.0839336172245e-06_8.0839336172245e-06_8.0839336172245e-06_8.0839336172245e-06_8.0839336172245e-06
1016,11937,4-4-4-2-1,6.84025152226688e-06_6.84025152226688e-06_6.84025152226688e-06_6.84025152226688e-06_6.84025152226688e-06
1016,11938,112-14-4-2-1,3.73104628487285e-06_3.73104628487285e-06_3.73104628487285e-06_3.73104628487285e-06_3.73104628487285e-06
1016,11939,59-5-5-1-1,0.000268013491463366_0.000268013491463366_0.000268013491463366_0.000268013491463366_0.000268013491463366
1016,11940,45-5-5-1-1,6.21841047478808e-06_6.21841047478808e-06_6.21841047478808e-06_6.21841047478808e-06_6.21841047478808e-06
1016,11941,4-4-4-2-1,6.40496278903172e-05_6.40496278903172e-05_6.40496278903172e-05_6.40496278903172e-05_6.40496278903172e-05
1016,11942,4-4-4-2-1,6.21841047478808e-06_6.21841047478808e-06_6.21841047478808e-06_6.21841047478808e-06_6.21841047478808e-06
1016,11943,4-4-4-2-1,5.47220121781351e-05_5.47220121781351e-05_5.47220121781351e-05_5.47220121781351e-05_5.47220121781351e-05
1016,11944,4-4-4-2-1,1.36805030445338e-05_1.36805030445338e-05_1.36805030445338e-05_1.36805030445338e-05_1.36805030445338e-05
1016,11945,203-11-4-2-1,6.21841047478808e-06_6.21841047478808e-06_6.21841047478808e-06_6.21841047478808e-06_6.21841047478808e-06
1016,11946,76-4-4-2-1,4.97472837983046e-05_4.97472837983046e-05_4.97472837983046e-05_4.97472837983046e-05_4.97472837983046e-05
1016,11947,76-4-4-2-1,1.05712978071397e-05_1.05712978071397e-05_1.05712978071397e-05_1.05712978071397e-05_1.05712978071397e-05
1016,11948,185-41-9-2-1,3.10920523739404e-06_3.10920523739404e-06_3.10920523739404e-06_3.10920523739404e-06_3.10920523739404e-06
1016,11949,29-17-10-1-1,1.3058661997055e-05_1.3058661997055e-05_1.3058661997055e-05_1.3058661997055e-05_1.3058661997055e-05
1016,11950,122-16-2-2-1,8.70577466470331e-06_8.70577466470331e-06_8.70577466470331e-06_8.70577466470331e-06_8.70577466470331e-06
1016,11951,153-18-4-2-1,1.18149799020973e-05_1.18149799020973e-05_1.18149799020973e-05_1.18149799020973e-05_1.18149799020973e-05
1016,11952,199-19-9-2-1,5.59656942730927e-06_5.59656942730927e-06_5.59656942730927e-06_5.59656942730927e-06_5.59656942730927e-06
1016,11953,42-13-6-2-1,7.21335615075417e-05_7.21335615075417e-05_7.21335615075417e-05_7.21335615075417e-05_7.21335615075417e-05
1016,11955,159-4-4-2-1,1.36805030445338e-05_1.36805030445338e-05_1.36805030445338e-05_1.36805030445338e-05_1.36805030445338e-05
1016,11957,4-4-4-2-1,2.48736418991523e-05_2.48736418991523e-05_2.48736418991523e-05_2.48736418991523e-05_2.48736418991523e-05
1016,11958,7-4-4-2-1,3.10920523739404e-06_3.10920523739404e-06_3.10920523739404e-06_3.10920523739404e-06_3.10920523739404e-06
1016,11959,25-10-2-2-1,0.000716982727743065_0.000716982727743065_0.000716982727743065_0.000716982727743065_0.000716982727743065
1016,11960,101-9-7-1-1,0.000291643451267561_0.000291643451267561_0.000291643451267561_0.000291643451267561_0.000291643451267561
1016,11961,61-13-6-2-1,4.72599196083894e-05_4.72599196083894e-05_4.72599196083894e-05_4.72599196083894e-05_4.72599196083894e-05
1016,11962,61-13-6-2-1,2.73610060890675e-05_2.73610060890675e-05_2.73610060890675e-05_2.73610060890675e-05_2.73610060890675e-05
1016,11963,25-10-2-2-1,7.89738130298086e-05_7.89738130298086e-05_7.89738130298086e-05_7.89738130298086e-05_7.89738130298086e-05
1016,11964,57-7-4-2-1,1.24368209495762e-05_1.24368209495762e-05_1.24368209495762e-05_1.24368209495762e-05_1.24368209495762e-05
1016,11965,25-10-2-2-1,3.79323038962073e-05_3.79323038962073e-05_3.79323038962073e-05_3.79323038962073e-05_3.79323038962073e-05
1016,11966,17-11-4-2-1,1.36805030445338e-05_1.36805030445338e-05_1.36805030445338e-05_1.36805030445338e-05_1.36805030445338e-05
1016,11967,116-36-10-1-1,6.84025152226688e-06_6.84025152226688e-06_6.84025152226688e-06_6.84025152226688e-06_6.84025152226688e-06
1016,11968,40-23-8-1-1,4.97472837983046e-06_4.97472837983046e-06_4.97472837983046e-06_4.97472837983046e-06_4.97472837983046e-06
1016,11969,229-5-5-1-1,6.90243562701477e-05_6.90243562701477e-05_6.90243562701477e-05_6.90243562701477e-05_6.90243562701477e-05
1016,11970,114-40-4-2-1,1.11931388546185e-05_1.11931388546185e-05_1.11931388546185e-05_1.11931388546185e-05_1.11931388546185e-05
1016,11971,142-42-12-1-1,1.74115493294066e-05_1.74115493294066e-05_1.74115493294066e-05_1.74115493294066e-05_1.74115493294066e-05
1016,11973,82-6-6-2-1,0.000165409718629363_0.000165409718629363_0.000165409718629363_0.000165409718629363_0.000165409718629363
1016,11974,194-31-9-2-1,3.73104628487285e-06_3.73104628487285e-06_3.73104628487285e-06_3.73104628487285e-06_3.73104628487285e-06
1016,11975,44-13-6-2-1,4.97472837983046e-06_4.97472837983046e-06_4.97472837983046e-06_4.97472837983046e-06_4.97472837983046e-06
1016,11976,50-9-7-1-1,0.00457177538106419_0.00457177538106419_0.00457177538106419_0.00457177538106419_0.00457177538106419
1016,11977,178-44-12-1-1,1.67897082819278e-05_1.67897082819278e-05_1.67897082819278e-05_1.67897082819278e-05_1.67897082819278e-05
1016,11978,68-30-1-1-1,7.46209256974569e-05_7.46209256974569e-05_7.46209256974569e-05_7.46209256974569e-05_7.46209256974569e-05
1016,11979,180-40-4-2-1,3.73104628487285e-06_3.73104628487285e-06_3.73104628487285e-06_3.73104628487285e-06_3.73104628487285e-06
1016,11980,37-11-4-2-1,1.6167867234449e-05_1.6167867234449e-05_1.6167867234449e-05_1.6167867234449e-05_1.6167867234449e-05
1016,11981,185-41-9-2-1,5.59656942730927e-06_5.59656942730927e-06_5.59656942730927e-06_5.59656942730927e-06_5.59656942730927e-06
1016,11982,180-40-4-2-1,1.49241851394914e-05_1.49241851394914e-05_1.49241851394914e-05_1.49241851394914e-05_1.49241851394914e-05
1016,11983,75-1-1-1-1,8.70577466470331e-06_8.70577466470331e-06_8.70577466470331e-06_8.70577466470331e-06_8.70577466470331e-06
1016,11984,194-31-9-2-1,1.74115493294066e-05_1.74115493294066e-05_1.74115493294066e-05_1.74115493294066e-05_1.74115493294066e-05
1016,11985,86-10-2-2-1,8.45703824571178e-05_8.45703824571178e-05_8.45703824571178e-05_8.45703824571178e-05_8.45703824571178e-05
1016,11986,71-29-2-2-1,8.0839336172245e-06_8.0839336172245e-06_8.0839336172245e-06_8.0839336172245e-06_8.0839336172245e-06
1016,11987,82-6-6-2-1,5.53438532256139e-05_5.53438532256139e-05_5.53438532256139e-05_5.53438532256139e-05_5.53438532256139e-05
1016,11988,167-18-4-2-1,8.0839336172245e-06_8.0839336172245e-06_8.0839336172245e-06_8.0839336172245e-06_8.0839336172245e-06
1016,11989,210-29-2-2-1,5.1612806940741e-05_5.1612806940741e-05_5.1612806940741e-05_5.1612806940741e-05_5.1612806940741e-05
1016,11990,222-35-4-2-1,4.35288733235165e-06_4.35288733235165e-06_4.35288733235165e-06_4.35288733235165e-06_4.35288733235165e-06
1016,11991,57-7-4-2-1,1.05712978071397e-05_1.05712978071397e-05_1.05712978071397e-05_1.05712978071397e-05_1.05712978071397e-05
1016,11992,114-40-4-2-1,4.97472837983046e-06_4.97472837983046e-06_4.97472837983046e-06_4.97472837983046e-06_4.97472837983046e-06
1016,11993,26-15-9-2-1,9.32761571218212e-06_9.32761571218212e-06_9.32761571218212e-06_9.32761571218212e-06_9.32761571218212e-06
1016,11994,114-40-4-2-1,8.0839336172245e-06_8.0839336172245e-06_8.0839336172245e-06_8.0839336172245e-06_8.0839336172245e-06
1016,11995,221-35-4-2-1,1.24368209495762e-05_1.24368209495762e-05_1.24368209495762e-05_1.24368209495762e-05_1.24368209495762e-05
1016,11996,57-7-4-2-1,3.10920523739404e-06_3.10920523739404e-06_3.10920523739404e-06_3.10920523739404e-06_3.10920523739404e-06
1016,11997,191-37-4-2-1,0.000140536076730211_0.000140536076730211_0.000140536076730211_0.000140536076730211_0.000140536076730211
1016,11998,191-37-4-2-1,1.11931388546185e-05_1.11931388546185e-05_1.11931388546185e-05_1.11931388546185e-05_1.11931388546185e-05
1016,11999,1-1-1-1-1,3.10920523739404e-06_3.10920523739404e-06_3.10920523739404e-06_3.10920523739404e-06_3.10920523739404e-06
1016,12000,45-5-5-1-1,3.10920523739404e-06_3.10920523739404e-06_3.10920523739404e-06_3.10920523739404e-06_3.10920523739404e-06
1016,12001,166-18-4-2-1,9.94945675966092e-06_9.94945675966092e-06_9.94945675966092e-06_9.94945675966092e-06_9.94945675966092e-06
1016,12002,61-13-6-2-1,1.74115493294066e-05_1.74115493294066e-05_1.74115493294066e-05_1.74115493294066e-05_1.74115493294066e-05
1016,12003,166-18-4-2-1,9.94945675966092e-06_9.94945675966092e-06_9.94945675966092e-06_9.94945675966092e-06_9.94945675966092e-06
1016,12004,152-32-10-1-1,3.10920523739404e-06_3.10920523739404e-06_3.10920523739404e-06_3.10920523739404e-06_3.10920523739404e-06
1016,12005,199-19-9-2-1,1.74115493294066e-05_1.74115493294066e-05_1.74115493294066e-05_1.74115493294066e-05_1.74115493294066e-05
1016,12006,209-35-4-2-1,2.17644366617583e-05_2.17644366617583e-05_2.17644366617583e-05_2.17644366617583e-05_2.17644366617583e-05
1016,12007,185-41-9-2-1,4.35288733235165e-06_4.35288733235165e-06_4.35288733235165e-06_4.35288733235165e-06_4.35288733235165e-06
1016,12008,114-40-4-2-1,5.09909658932622e-05_5.09909658932622e-05_5.09909658932622e-05_5.09909658932622e-05_5.09909658932622e-05
1016,12009,177-7-4-2-1,8.02174951247662e-05_8.02174951247662e-05_8.02174951247662e-05_8.02174951247662e-05_8.02174951247662e-05
1016,12010,123-41-9-2-1,4.97472837983046e-06_4.97472837983046e-06_4.97472837983046e-06_4.97472837983046e-06_4.97472837983046e-06
1016,12011,125-30-1-1-1,9.51416802642576e-05_9.51416802642576e-05_9.51416802642576e-05_9.51416802642576e-05_9.51416802642576e-05
1016,12012,118-36-10-1-1,4.35288733235165e-06_4.35288733235165e-06_4.35288733235165e-06_4.35288733235165e-06_4.35288733235165e-06
1016,12013,160-30-1-1-1,3.29575755163768e-05_3.29575755163768e-05_3.29575755163768e-05_3.29575755163768e-05_3.29575755163768e-05
1016,12014,229-5-5-1-1,4.78817606558682e-05_4.78817606558682e-05_4.78817606558682e-05_4.78817606558682e-05_4.78817606558682e-05
1016,12016,59-5-5-1-1,0.000351962032873005_0.000351962032873005_0.000351962032873005_0.000351962032873005_0.000351962032873005
1016,12017,229-5-5-1-1,7.27554025550205e-05_7.27554025550205e-05_7.27554025550205e-05_7.27554025550205e-05_7.27554025550205e-05
1016,12018,57-7-4-2-1,1.9277072471843e-05_1.9277072471843e-05_1.9277072471843e-05_1.9277072471843e-05_1.9277072471843e-05
1016,12019,102-13-6-2-1,6.09404226529231e-05_6.09404226529231e-05_6.09404226529231e-05_6.09404226529231e-05_6.09404226529231e-05
1016,12020,6-6-6-2-1,0.000184686791101206_0.000184686791101206_0.000184686791101206_0.000184686791101206_0.000184686791101206
1016,12021,107-6-6-2-1,0.000216400684522625_0.000216400684522625_0.000216400684522625_0.000216400684522625_0.000216400684522625
1016,12022,98-27-8-1-1,2.36299598041947e-05_2.36299598041947e-05_2.36299598041947e-05_2.36299598041947e-05_2.36299598041947e-05
1016,12023,61-13-6-2-1,3.04702113264616e-05_3.04702113264616e-05_3.04702113264616e-05_3.04702113264616e-05_3.04702113264616e-05
1016,12025,55-22-8-1-1,1.67897082819278e-05_1.67897082819278e-05_1.67897082819278e-05_1.67897082819278e-05_1.67897082819278e-05
1016,12026,32-18-4-2-1,3.73104628487285e-06_3.73104628487285e-06_3.73104628487285e-06_3.73104628487285e-06_3.73104628487285e-06
1016,12027,49-22-8-1-1,3.73104628487285e-06_3.73104628487285e-06_3.73104628487285e-06_3.73104628487285e-06_3.73104628487285e-06
1016,12028,199-19-9-2-1,0.000108822183308791_0.000108822183308791_0.000108822183308791_0.000108822183308791_0.000108822183308791
1016,12029,11-4-4-2-1,1.43023440920126e-05_1.43023440920126e-05_1.43023440920126e-05_1.43023440920126e-05_1.43023440920126e-05
1016,12030,199-19-9-2-1,3.10920523739404e-06_3.10920523739404e-06_3.10920523739404e-06_3.10920523739404e-06_3.10920523739404e-06
1016,12031,199-19-9-2-1,1.80333903768854e-05_1.80333903768854e-05_1.80333903768854e-05_1.80333903768854e-05_1.80333903768854e-05
1016,12033,196-14-4-2-1,1.24368209495762e-05_1.24368209495762e-05_1.24368209495762e-05_1.24368209495762e-05_1.24368209495762e-05
1016,12034,70-27-8-1-1,2.17644366617583e-05_2.17644366617583e-05_2.17644366617583e-05_2.17644366617583e-05_2.17644366617583e-05
1016,12035,70-27-8-1-1,1.24368209495762e-05_1.24368209495762e-05_1.24368209495762e-05_1.24368209495762e-05_1.24368209495762e-05
1016,12036,163-43-4-2-1,5.59656942730927e-06_5.59656942730927e-06_5.59656942730927e-06_5.59656942730927e-06_5.59656942730927e-06
1016,12037,70-27-8-1-1,6.84025152226688e-06_6.84025152226688e-06_6.84025152226688e-06_6.84025152226688e-06_6.84025152226688e-06
1016,12038,175-20-9-2-1,5.59656942730927e-06_5.59656942730927e-06_5.59656942730927e-06_5.59656942730927e-06_5.59656942730927e-06
1016,12039,209-35-4-2-1,6.84025152226688e-06_6.84025152226688e-06_6.84025152226688e-06_6.84025152226688e-06_6.84025152226688e-06
1016,12040,237-44-12-1-1,1.05712978071397e-05_1.05712978071397e-05_1.05712978071397e-05_1.05712978071397e-05_1.05712978071397e-05
1016,12041,112-14-4-2-1,1.55460261869702e-05_1.55460261869702e-05_1.55460261869702e-05_1.55460261869702e-05_1.55460261869702e-05
1016,12042,128-7-4-2-1,9.32761571218212e-06_9.32761571218212e-06_9.32761571218212e-06_9.32761571218212e-06_9.32761571218212e-06
1016,12043,185-41-9-2-1,3.10920523739404e-06_3.10920523739404e-06_3.10920523739404e-06_3.10920523739404e-06_3.10920523739404e-06
1016,12044,112-14-4-2-1,1.05712978071397e-05_1.05712978071397e-05_1.05712978071397e-05_1.05712978071397e-05_1.05712978071397e-05
1016,12045,44-13-6-2-1,9.32761571218212e-06_9.32761571218212e-06_9.32761571218212e-06_9.32761571218212e-06_9.32761571218212e-06
1016,12047,35-20-9-2-1,3.10920523739404e-06_3.10920523739404e-06_3.10920523739404e-06_3.10920523739404e-06_3.10920523739404e-06
1016,12048,140-42-12-1-1,7.46209256974569e-06_7.46209256974569e-06_7.46209256974569e-06_7.46209256974569e-06_7.46209256974569e-06
1016,12049,140-42-12-1-1,4.35288733235165e-06_4.35288733235165e-06_4.35288733235165e-06_4.35288733235165e-06_4.35288733235165e-06
1016,12050,188-14-4-2-1,1.74115493294066e-05_1.74115493294066e-05_1.74115493294066e-05_1.74115493294066e-05_1.74115493294066e-05
1016,12051,172-40-4-2-1,3.73104628487285e-06_3.73104628487285e-06_3.73104628487285e-06_3.73104628487285e-06_3.73104628487285e-06
1016,12052,65-1-1-1-1,3.73104628487285e-06_3.73104628487285e-06_3.73104628487285e-06_3.73104628487285e-06_3.73104628487285e-06
1016,12053,177-7-4-2-1,2.9226529231504e-05_2.9226529231504e-05_2.9226529231504e-05_2.9226529231504e-05_2.9226529231504e-05
1016,12054,200-15-9-2-1,8.70577466470331e-06_8.70577466470331e-06_8.70577466470331e-06_8.70577466470331e-06_8.70577466470331e-06
1016,12055,161-36-10-1-1,9.94945675966092e-06_9.94945675966092e-06_9.94945675966092e-06_9.94945675966092e-06_9.94945675966092e-06
1016,12056,185-41-9-2-1,5.59656942730927e-06_5.59656942730927e-06_5.59656942730927e-06_5.59656942730927e-06_5.59656942730927e-06
1016,12057,57-7-4-2-1,2.67391650415887e-05_2.67391650415887e-05_2.67391650415887e-05_2.67391650415887e-05_2.67391650415887e-05
1016,12058,40-23-8-1-1,3.73104628487285e-06_3.73104628487285e-06_3.73104628487285e-06_3.73104628487285e-06_3.73104628487285e-06
1016,12059,98-27-8-1-1,3.10920523739404e-06_3.10920523739404e-06_3.10920523739404e-06_3.10920523739404e-06_3.10920523739404e-06
1016,12060,185-41-9-2-1,2.48736418991523e-06_2.48736418991523e-06_2.48736418991523e-06_2.48736418991523e-06_2.48736418991523e-06
1016,12061,36-6-6-2-1,8.27048593146814e-05_8.27048593146814e-05_8.27048593146814e-05_8.27048593146814e-05_8.27048593146814e-05
1016,12062,85-33-5-1-1,0.000541623552354041_0.000541623552354041_0.000541623552354041_0.000541623552354041_0.000541623552354041
1016,12063,119-6-6-2-1,3.29575755163768e-05_3.29575755163768e-05_3.29575755163768e-05_3.29575755163768e-05_3.29575755163768e-05
1016,12064,139-43-4-2-1,8.3948541409639e-05_8.3948541409639e-05_8.3948541409639e-05_8.3948541409639e-05_8.3948541409639e-05
1016,12065,55-22-8-1-1,3.2335734468898e-05_3.2335734468898e-05_3.2335734468898e-05_3.2335734468898e-05_3.2335734468898e-05
1016,12066,102-13-6-2-1,2.61173239941099e-05_2.61173239941099e-05_2.61173239941099e-05_2.61173239941099e-05_2.61173239941099e-05
1016,12068,8-7-4-2-1,2.17644366617583e-05_2.17644366617583e-05_2.17644366617583e-05_2.17644366617583e-05_2.17644366617583e-05
1016,12069,220-22-8-1-1,8.0839336172245e-06_8.0839336172245e-06_8.0839336172245e-06_8.0839336172245e-06_8.0839336172245e-06
1016,12071,25-10-2-2-1,1.24368209495762e-05_1.24368209495762e-05_1.24368209495762e-05_1.24368209495762e-05_1.24368209495762e-05
1016,12072,177-7-4-2-1,2.73610060890675e-05_2.73610060890675e-05_2.73610060890675e-05_2.73610060890675e-05_2.73610060890675e-05
1016,12073,103-13-6-2-1,0.000221997253949934_0.000221997253949934_0.000221997253949934_0.000221997253949934_0.000221997253949934
1016,12074,76-4-4-2-1,4.35288733235165e-06_4.35288733235165e-06_4.35288733235165e-06_4.35288733235165e-06_4.35288733235165e-06
1016,12075,98-27-8-1-1,0.000115662434831058_0.000115662434831058_0.000115662434831058_0.000115662434831058_0.000115662434831058
1016,12076,118-36-10-1-1,6.84025152226688e-06_6.84025152226688e-06_6.84025152226688e-06_6.84025152226688e-06_6.84025152226688e-06
1016,12077,213-15-9-2-1,1.11931388546185e-05_1.11931388546185e-05_1.11931388546185e-05_1.11931388546185e-05_1.11931388546185e-05
1016,12078,8-7-4-2-1,3.73104628487285e-06_3.73104628487285e-06_3.73104628487285e-06_3.73104628487285e-06_3.73104628487285e-06
1016,12079,189-12-8-1-1,5.22346479882198e-05_5.22346479882198e-05_5.22346479882198e-05_5.22346479882198e-05_5.22346479882198e-05
1016,12080,237-44-12-1-1,4.97472837983046e-06_4.97472837983046e-06_4.97472837983046e-06_4.97472837983046e-06_4.97472837983046e-06
1016,12081,6-6-6-2-1,4.60162375134318e-05_4.60162375134318e-05_4.60162375134318e-05_4.60162375134318e-05_4.60162375134318e-05
1016,12082,153-18-4-2-1,1.3058661997055e-05_1.3058661997055e-05_1.3058661997055e-05_1.3058661997055e-05_1.3058661997055e-05
1016,12083,40-23-8-1-1,4.35288733235165e-06_4.35288733235165e-06_4.35288733235165e-06_4.35288733235165e-06_4.35288733235165e-06
1016,12084,89-13-6-2-1,5.90748995104867e-05_5.90748995104867e-05_5.90748995104867e-05_5.90748995104867e-05_5.90748995104867e-05
1016,12085,51-22-8-1-1,4.5394396465953e-05_4.5394396465953e-05_4.5394396465953e-05_4.5394396465953e-05_4.5394396465953e-05
1016,12086,4-4-4-2-1,3.73104628487285e-06_3.73104628487285e-06_3.73104628487285e-06_3.73104628487285e-06_3.73104628487285e-06
1016,12087,208-30-1-1-1,3.10920523739404e-06_3.10920523739404e-06_3.10920523739404e-06_3.10920523739404e-06_3.10920523739404e-06
1016,12088,176-20-9-2-1,2.23862777092371e-05_2.23862777092371e-05_2.23862777092371e-05_2.23862777092371e-05_2.23862777092371e-05
1016,12089,112-14-4-2-1,7.39990846499781e-05_7.39990846499781e-05_7.39990846499781e-05_7.39990846499781e-05_7.39990846499781e-05
1016,12091,104-38-11-1-1,0.000704545906793489_0.000704545906793489_0.000704545906793489_0.000704545906793489_0.000704545906793489
1016,12092,172-40-4-2-1,3.10920523739404e-06_3.10920523739404e-06_3.10920523739404e-06_3.10920523739404e-06_3.10920523739404e-06
1016,12093,26-15-9-2-1,6.21841047478808e-06_6.21841047478808e-06_6.21841047478808e-06_6.21841047478808e-06_6.21841047478808e-06
1016,12094,70-27-8-1-1,4.35288733235165e-06_4.35288733235165e-06_4.35288733235165e-06_4.35288733235165e-06_4.35288733235165e-06
1016,12095,14-9-7-1-1,7.08898794125841e-05_7.08898794125841e-05_7.08898794125841e-05_7.08898794125841e-05_7.08898794125841e-05
1016,12096,188-14-4-2-1,3.73104628487285e-06_3.73104628487285e-06_3.73104628487285e-06_3.73104628487285e-06_3.73104628487285e-06
1016,12097,87-34-11-1-1,0.00041725534285828_0.00041725534285828_0.00041725534285828_0.00041725534285828_0.00041725534285828
1016,12098,122-16-2-2-1,3.73104628487285e-06_3.73104628487285e-06_3.73104628487285e-06_3.73104628487285e-06_3.73104628487285e-06
1016,12099,185-41-9-2-1,1.86552314243642e-06_1.86552314243642e-06_1.86552314243642e-06_1.86552314243642e-06_1.86552314243642e-06
1016,12100,199-19-9-2-1,2.30081187567159e-05_2.30081187567159e-05_2.30081187567159e-05_2.30081187567159e-05_2.30081187567159e-05
1016,12101,199-19-9-2-1,1.67897082819278e-05_1.67897082819278e-05_1.67897082819278e-05_1.67897082819278e-05_1.67897082819278e-05
1016,12102,172-40-4-2-1,6.84025152226688e-06_6.84025152226688e-06_6.84025152226688e-06_6.84025152226688e-06_6.84025152226688e-06
1016,12103,172-40-4-2-1,7.46209256974569e-06_7.46209256974569e-06_7.46209256974569e-06_7.46209256974569e-06_7.46209256974569e-06
1016,12104,70-27-8-1-1,3.10920523739404e-06_3.10920523739404e-06_3.10920523739404e-06_3.10920523739404e-06_3.10920523739404e-06
1016,12105,122-16-2-2-1,4.97472837983046e-06_4.97472837983046e-06_4.97472837983046e-06_4.97472837983046e-06_4.97472837983046e-06
1016,12106,4-4-4-2-1,4.35288733235165e-06_4.35288733235165e-06_4.35288733235165e-06_4.35288733235165e-06_4.35288733235165e-06
1016,12107,216-19-9-2-1,1.80333903768854e-05_1.80333903768854e-05_1.80333903768854e-05_1.80333903768854e-05_1.80333903768854e-05
1016,12109,152-32-10-1-1,1.67897082819278e-05_1.67897082819278e-05_1.67897082819278e-05_1.67897082819278e-05_1.67897082819278e-05
1016,12110,138-23-8-1-1,1.49241851394914e-05_1.49241851394914e-05_1.49241851394914e-05_1.49241851394914e-05_1.49241851394914e-05
1016,12111,66-29-2-2-1,3.2335734468898e-05_3.2335734468898e-05_3.2335734468898e-05_3.2335734468898e-05_3.2335734468898e-05
1016,12112,194-31-9-2-1,9.32761571218212e-06_9.32761571218212e-06_9.32761571218212e-06_9.32761571218212e-06_9.32761571218212e-06
1016,12113,185-41-9-2-1,3.10920523739404e-06_3.10920523739404e-06_3.10920523739404e-06_3.10920523739404e-06_3.10920523739404e-06
1016,12115,128-7-4-2-1,5.59656942730927e-06_5.59656942730927e-06_5.59656942730927e-06_5.59656942730927e-06_5.59656942730927e-06
1016,12116,40-23-8-1-1,5.59656942730927e-06_5.59656942730927e-06_5.59656942730927e-06_5.59656942730927e-06_5.59656942730927e-06
1016,12117,183-23-8-1-1,3.10920523739404e-06_3.10920523739404e-06_3.10920523739404e-06_3.10920523739404e-06_3.10920523739404e-06
1016,12118,194-31-9-2-1,2.30081187567159e-05_2.30081187567159e-05_2.30081187567159e-05_2.30081187567159e-05_2.30081187567159e-05
1016,12119,185-41-9-2-1,4.35288733235165e-06_4.35288733235165e-06_4.35288733235165e-06_4.35288733235165e-06_4.35288733235165e-06
1016,12120,40-23-8-1-1,8.70577466470331e-06_8.70577466470331e-06_8.70577466470331e-06_8.70577466470331e-06_8.70577466470331e-06
1016,12121,185-41-9-2-1,3.10920523739404e-06_3.10920523739404e-06_3.10920523739404e-06_3.10920523739404e-06_3.10920523739404e-06
1016,12122,185-41-9-2-1,7.46209256974569e-06_7.46209256974569e-06_7.46209256974569e-06_7.46209256974569e-06_7.46209256974569e-06
1016,12123,55-22-8-1-1,1.67897082819278e-05_1.67897082819278e-05_1.67897082819278e-05_1.67897082819278e-05_1.67897082819278e-05
1016,12124,98-27-8-1-1,2.30081187567159e-05_2.30081187567159e-05_2.30081187567159e-05_2.30081187567159e-05_2.30081187567159e-05
1016,12125,152-32-10-1-1,1.86552314243642e-06_1.86552314243642e-06_1.86552314243642e-06_1.86552314243642e-06_1.86552314243642e-06
1016,12126,146-2-2-2-1,0.00031838261630915_0.00031838261630915_0.00031838261630915_0.00031838261630915_0.00031838261630915
1016,12127,66-29-2-2-1,2.48736418991523e-05_2.48736418991523e-05_2.48736418991523e-05_2.48736418991523e-05_2.48736418991523e-05
1016,12128,6-6-6-2-1,0.00036502069487006_0.00036502069487006_0.00036502069487006_0.00036502069487006_0.00036502069487006
1016,12129,176-20-9-2-1,5.59656942730927e-06_5.59656942730927e-06_5.59656942730927e-06_5.59656942730927e-06_5.59656942730927e-06
1016,12130,26-15-9-2-1,3.73104628487285e-06_3.73104628487285e-06_3.73104628487285e-06_3.73104628487285e-06_3.73104628487285e-06
1016,12131,177-7-4-2-1,1.3058661997055e-05_1.3058661997055e-05_1.3058661997055e-05_1.3058661997055e-05_1.3058661997055e-05
1016,12132,27-8-3-1-1,0.000105091137023918_0.000105091137023918_0.000105091137023918_0.000105091137023918_0.000105091137023918
1016,12133,234-24-7-1-1,3.10920523739404e-05_3.10920523739404e-05_3.10920523739404e-05_3.10920523739404e-05_3.10920523739404e-05
1016,12134,163-43-4-2-1,3.10920523739404e-06_3.10920523739404e-06_3.10920523739404e-06_3.10920523739404e-06_3.10920523739404e-06
1016,12135,185-41-9-2-1,6.21841047478808e-06_6.21841047478808e-06_6.21841047478808e-06_6.21841047478808e-06_6.21841047478808e-06
1016,12136,147-11-4-2-1,3.10920523739404e-06_3.10920523739404e-06_3.10920523739404e-06_3.10920523739404e-06_3.10920523739404e-06
1016,12137,166-18-4-2-1,1.3058661997055e-05_1.3058661997055e-05_1.3058661997055e-05_1.3058661997055e-05_1.3058661997055e-05
1016,12139,152-32-10-1-1,2.48736418991523e-06_2.48736418991523e-06_2.48736418991523e-06_2.48736418991523e-06_2.48736418991523e-06
1016,12140,91-33-5-1-1,1.36805030445338e-05_1.36805030445338e-05_1.36805030445338e-05_1.36805030445338e-05_1.36805030445338e-05
1016,12141,227-41-9-2-1,5.59656942730927e-06_5.59656942730927e-06_5.59656942730927e-06_5.59656942730927e-06_5.59656942730927e-06
1016,12142,172-40-4-2-1,6.84025152226688e-06_6.84025152226688e-06_6.84025152226688e-06_6.84025152226688e-06_6.84025152226688e-06
1016,12143,225-31-9-2-1,8.70577466470331e-06_8.70577466470331e-06_8.70577466470331e-06_8.70577466470331e-06_8.70577466470331e-06
1016,12144,147-11-4-2-1,1.67897082819278e-05_1.67897082819278e-05_1.67897082819278e-05_1.67897082819278e-05_1.67897082819278e-05
1016,12145,37-11-4-2-1,1.18149799020973e-05_1.18149799020973e-05_1.18149799020973e-05_1.18149799020973e-05_1.18149799020973e-05
1016,12146,147-11-4-2-1,6.21841047478808e-06_6.21841047478808e-06_6.21841047478808e-06_6.21841047478808e-06_6.21841047478808e-06
1016,12147,49-22-8-1-1,4.35288733235165e-06_4.35288733235165e-06_4.35288733235165e-06_4.35288733235165e-06_4.35288733235165e-06
1016,12148,147-11-4-2-1,1.74115493294066e-05_1.74115493294066e-05_1.74115493294066e-05_1.74115493294066e-05_1.74115493294066e-05
1016,12149,147-11-4-2-1,4.35288733235165e-06_4.35288733235165e-06_4.35288733235165e-06_4.35288733235165e-06_4.35288733235165e-06
1016,12150,45-5-5-1-1,1.11931388546185e-05_1.11931388546185e-05_1.11931388546185e-05_1.11931388546185e-05_1.11931388546185e-05
1016,12151,188-14-4-2-1,3.10920523739404e-06_3.10920523739404e-06_3.10920523739404e-06_3.10920523739404e-06_3.10920523739404e-06
1016,12152,199-19-9-2-1,1.05712978071397e-05_1.05712978071397e-05_1.05712978071397e-05_1.05712978071397e-05_1.05712978071397e-05
1016,12153,161-36-10-1-1,4.35288733235165e-06_4.35288733235165e-06_4.35288733235165e-06_4.35288733235165e-06_4.35288733235165e-06
1016,12154,45-5-5-1-1,5.96967405579655e-05_5.96967405579655e-05_5.96967405579655e-05_5.96967405579655e-05_5.96967405579655e-05
1016,12155,228-17-10-1-1,3.10920523739404e-06_3.10920523739404e-06_3.10920523739404e-06_3.10920523739404e-06_3.10920523739404e-06
1016,12156,225-31-9-2-1,9.32761571218212e-06_9.32761571218212e-06_9.32761571218212e-06_9.32761571218212e-06_9.32761571218212e-06
1016,12157,8-7-4-2-1,4.97472837983046e-06_4.97472837983046e-06_4.97472837983046e-06_4.97472837983046e-06_4.97472837983046e-06
1016,12158,122-16-2-2-1,6.71588331277112e-05_6.71588331277112e-05_6.71588331277112e-05_6.71588331277112e-05_6.71588331277112e-05
1016,12159,172-40-4-2-1,3.73104628487285e-06_3.73104628487285e-06_3.73104628487285e-06_3.73104628487285e-06_3.73104628487285e-06
1016,12160,9-8-3-1-1,6.34277868428384e-05_6.34277868428384e-05_6.34277868428384e-05_6.34277868428384e-05_6.34277868428384e-05
1016,12161,148-29-2-2-1,8.0839336172245e-06_8.0839336172245e-06_8.0839336172245e-06_8.0839336172245e-06_8.0839336172245e-06
1016,12162,40-23-8-1-1,3.10920523739404e-06_3.10920523739404e-06_3.10920523739404e-06_3.10920523739404e-06_3.10920523739404e-06
1016,12163,212-41-9-2-1,8.45703824571178e-05_8.45703824571178e-05_8.45703824571178e-05_8.45703824571178e-05_8.45703824571178e-05
1016,12164,151-19-9-2-1,9.57635213117364e-05_9.57635213117364e-05_9.57635213117364e-05_9.57635213117364e-05_9.57635213117364e-05
1016,12166,44-13-6-2-1,6.84025152226688e-06_6.84025152226688e-06_6.84025152226688e-06_6.84025152226688e-06_6.84025152226688e-06
1016,12167,151-19-9-2-1,3.10920523739404e-06_3.10920523739404e-06_3.10920523739404e-06_3.10920523739404e-06_3.10920523739404e-06
1016,12168,216-19-9-2-1,4.35288733235165e-06_4.35288733235165e-06_4.35288733235165e-06_4.35288733235165e-06_4.35288733235165e-06
1016,12169,33-16-2-2-1,2.86046881840252e-05_2.86046881840252e-05_2.86046881840252e-05_2.86046881840252e-05_2.86046881840252e-05
1016,12170,40-23-8-1-1,6.84025152226688e-06_6.84025152226688e-06_6.84025152226688e-06_6.84025152226688e-06_6.84025152226688e-06
1016,12171,8-7-4-2-1,5.59656942730927e-06_5.59656942730927e-06_5.59656942730927e-06_5.59656942730927e-06_5.59656942730927e-06
1016,12172,122-16-2-2-1,3.73104628487285e-06_3.73104628487285e-06_3.73104628487285e-06_3.73104628487285e-06_3.73104628487285e-06
1016,12174,66-29-2-2-1,0.00013556134835038_0.00013556134835038_0.00013556134835038_0.00013556134835038_0.00013556134835038
1016,12175,172-40-4-2-1,3.73104628487285e-06_3.73104628487285e-06_3.73104628487285e-06_3.73104628487285e-06_3.73104628487285e-06
1016,12176,89-13-6-2-1,5.22346479882198e-05_5.22346479882198e-05_5.22346479882198e-05_5.22346479882198e-05_5.22346479882198e-05
1016,12177,194-31-9-2-1,4.35288733235165e-06_4.35288733235165e-06_4.35288733235165e-06_4.35288733235165e-06_4.35288733235165e-06
1016,12178,26-15-9-2-1,3.10920523739404e-06_3.10920523739404e-06_3.10920523739404e-06_3.10920523739404e-06_3.10920523739404e-06
1016,12179,95-37-4-2-1,4.35288733235165e-06_4.35288733235165e-06_4.35288733235165e-06_4.35288733235165e-06_4.35288733235165e-06
1016,12180,186-15-9-2-1,4.35288733235165e-06_4.35288733235165e-06_4.35288733235165e-06_4.35288733235165e-06_4.35288733235165e-06
1016,12181,9-8-3-1-1,0.000127477414733156_0.000127477414733156_0.000127477414733156_0.000127477414733156_0.000127477414733156
1016,12182,216-19-9-2-1,1.3058661997055e-05_1.3058661997055e-05_1.3058661997055e-05_1.3058661997055e-05_1.3058661997055e-05
1016,12183,12-3-3-1-1,0.000788494448203128_0.000788494448203128_0.000788494448203128_0.000788494448203128_0.000788494448203128
1016,12184,25-10-2-2-1,5.96967405579655e-05_5.96967405579655e-05_5.96967405579655e-05_5.96967405579655e-05_5.96967405579655e-05
1016,12185,175-20-9-2-1,2.05207545668007e-05_2.05207545668007e-05_2.05207545668007e-05_2.05207545668007e-05_2.05207545668007e-05
1016,12186,4-4-4-2-1,4.35288733235165e-06_4.35288733235165e-06_4.35288733235165e-06_4.35288733235165e-06_4.35288733235165e-06
1016,12187,144-43-4-2-1,1.49241851394914e-05_1.49241851394914e-05_1.49241851394914e-05_1.49241851394914e-05_1.49241851394914e-05
1016,12188,71-29-2-2-1,1.98989135193218e-05_1.98989135193218e-05_1.98989135193218e-05_1.98989135193218e-05_1.98989135193218e-05
1016,12189,203-11-4-2-1,1.55460261869702e-05_1.55460261869702e-05_1.55460261869702e-05_1.55460261869702e-05_1.55460261869702e-05
1016,12190,107-6-6-2-1,0.00033890337087595_0.00033890337087595_0.00033890337087595_0.00033890337087595_0.00033890337087595
1016,12191,175-20-9-2-1,3.10920523739404e-06_3.10920523739404e-06_3.10920523739404e-06_3.10920523739404e-06_3.10920523739404e-06
1016,12193,190-20-9-2-1,6.21841047478808e-06_6.21841047478808e-06_6.21841047478808e-06_6.21841047478808e-06_6.21841047478808e-06
1016,12195,150-30-1-1-1,2.17644366617583e-05_2.17644366617583e-05_2.17644366617583e-05_2.17644366617583e-05_2.17644366617583e-05
1016,12196,149-16-2-2-1,6.21841047478808e-06_6.21841047478808e-06_6.21841047478808e-06_6.21841047478808e-06_6.21841047478808e-06
1016,12197,66-29-2-2-1,4.97472837983046e-06_4.97472837983046e-06_4.97472837983046e-06_4.97472837983046e-06_4.97472837983046e-06
1016,12198,113-31-9-2-1,6.09404226529231e-05_6.09404226529231e-05_6.09404226529231e-05_6.09404226529231e-05_6.09404226529231e-05
1016,12199,185-41-9-2-1,2.48736418991523e-06_2.48736418991523e-06_2.48736418991523e-06_2.48736418991523e-06_2.48736418991523e-06
1016,12200,185-41-9-2-1,2.48736418991523e-06_2.48736418991523e-06_2.48736418991523e-06_2.48736418991523e-06_2.48736418991523e-06
1016,12201,119-6-6-2-1,5.22346479882198e-05_5.22346479882198e-05_5.22346479882198e-05_5.22346479882198e-05_5.22346479882198e-05
1016,12202,160-30-1-1-1,4.97472837983046e-06_4.97472837983046e-06_4.97472837983046e-06_4.97472837983046e-06_4.97472837983046e-06
1016,12203,70-27-8-1-1,3.73104628487285e-06_3.73104628487285e-06_3.73104628487285e-06_3.73104628487285e-06_3.73104628487285e-06
1016,12204,193-40-4-2-1,2.36299598041947e-05_2.36299598041947e-05_2.36299598041947e-05_2.36299598041947e-05_2.36299598041947e-05
1016,12205,185-41-9-2-1,4.35288733235165e-06_4.35288733235165e-06_4.35288733235165e-06_4.35288733235165e-06_4.35288733235165e-06
1016,12206,129-21-4-2-1,8.70577466470331e-06_8.70577466470331e-06_8.70577466470331e-06_8.70577466470331e-06_8.70577466470331e-06
1016,12207,45-5-5-1-1,3.73104628487285e-06_3.73104628487285e-06_3.73104628487285e-06_3.73104628487285e-06_3.73104628487285e-06
1016,12208,179-26-4-2-1,0.000175981016436503_0.000175981016436503_0.000175981016436503_0.000175981016436503_0.000175981016436503
1016,12209,126-29-2-2-1,3.29575755163768e-05_3.29575755163768e-05_3.29575755163768e-05_3.29575755163768e-05_3.29575755163768e-05
1016,12210,177-7-4-2-1,3.10920523739404e-06_3.10920523739404e-06_3.10920523739404e-06_3.10920523739404e-06_3.10920523739404e-06
1016,12212,66-29-2-2-1,7.83519719823298e-05_7.83519719823298e-05_7.83519719823298e-05_7.83519719823298e-05_7.83519719823298e-05
1016,12213,66-29-2-2-1,3.10920523739404e-06_3.10920523739404e-06_3.10920523739404e-06_3.10920523739404e-06_3.10920523739404e-06
1016,12214,209-35-4-2-1,1.18149799020973e-05_1.18149799020973e-05_1.18149799020973e-05_1.18149799020973e-05_1.18149799020973e-05
1016,12215,127-30-1-1-1,6.21841047478808e-06_6.21841047478808e-06_6.21841047478808e-06_6.21841047478808e-06_6.21841047478808e-06
1016,12216,45-5-5-1-1,3.10920523739404e-06_3.10920523739404e-06_3.10920523739404e-06_3.10920523739404e-06_3.10920523739404e-06
1016,12217,196-14-4-2-1,9.32761571218211e-05_9.32761571218211e-05_9.32761571218211e-05_9.32761571218211e-05_9.32761571218211e-05
1016,12218,147-11-4-2-1,6.21841047478808e-06_6.21841047478808e-06_6.21841047478808e-06_6.21841047478808e-06_6.21841047478808e-06
1016,12219,147-11-4-2-1,2.73610060890675e-05_2.73610060890675e-05_2.73610060890675e-05_2.73610060890675e-05_2.73610060890675e-05
1016,12220,227-41-9-2-1,6.21841047478808e-06_6.21841047478808e-06_6.21841047478808e-06_6.21841047478808e-06_6.21841047478808e-06
1016,12221,184-31-9-2-1,3.73104628487285e-06_3.73104628487285e-06_3.73104628487285e-06_3.73104628487285e-06_3.73104628487285e-06
1016,12222,9-8-3-1-1,0.000236921439089426_0.000236921439089426_0.000236921439089426_0.000236921439089426_0.000236921439089426
1016,12223,203-11-4-2-1,1.80333903768854e-05_1.80333903768854e-05_1.80333903768854e-05_1.80333903768854e-05_1.80333903768854e-05
1016,12224,177-7-4-2-1,1.43023440920126e-05_1.43023440920126e-05_1.43023440920126e-05_1.43023440920126e-05_1.43023440920126e-05
1016,12225,9-8-3-1-1,0.000321491821546544_0.000321491821546544_0.000321491821546544_0.000321491821546544_0.000321491821546544
1016,12226,9-8-3-1-1,0.000894829267322004_0.000894829267322004_0.000894829267322004_0.000894829267322004_0.000894829267322004
1016,12227,91-33-5-1-1,1.55460261869702e-05_1.55460261869702e-05_1.55460261869702e-05_1.55460261869702e-05_1.55460261869702e-05
1016,12228,5-5-5-1-1,4.35288733235165e-06_4.35288733235165e-06_4.35288733235165e-06_4.35288733235165e-06_4.35288733235165e-06
1016,12229,200-15-9-2-1,6.84025152226688e-06_6.84025152226688e-06_6.84025152226688e-06_6.84025152226688e-06_6.84025152226688e-06
1016,12230,196-14-4-2-1,4.78817606558682e-05_4.78817606558682e-05_4.78817606558682e-05_4.78817606558682e-05_4.78817606558682e-05
1016,12231,196-14-4-2-1,1.6167867234449e-05_1.6167867234449e-05_1.6167867234449e-05_1.6167867234449e-05_1.6167867234449e-05
1016,12232,186-15-9-2-1,8.0839336172245e-06_8.0839336172245e-06_8.0839336172245e-06_8.0839336172245e-06_8.0839336172245e-06
1016,12233,199-19-9-2-1,3.73104628487285e-06_3.73104628487285e-06_3.73104628487285e-06_3.73104628487285e-06_3.73104628487285e-06
1016,12234,49-22-8-1-1,4.35288733235165e-06_4.35288733235165e-06_4.35288733235165e-06_4.35288733235165e-06_4.35288733235165e-06
1016,12235,137-26-4-2-1,6.21841047478808e-06_6.21841047478808e-06_6.21841047478808e-06_6.21841047478808e-06_6.21841047478808e-06
1016,12236,122-16-2-2-1,3.10920523739404e-06_3.10920523739404e-06_3.10920523739404e-06_3.10920523739404e-06_3.10920523739404e-06
1016,12237,185-41-9-2-1,4.97472837983046e-06_4.97472837983046e-06_4.97472837983046e-06_4.97472837983046e-06_4.97472837983046e-06
1016,12238,31-6-6-2-1,3.5444939706292e-05_3.5444939706292e-05_3.5444939706292e-05_3.5444939706292e-05_3.5444939706292e-05
1016,12239,122-16-2-2-1,3.73104628487285e-06_3.73104628487285e-06_3.73104628487285e-06_3.73104628487285e-06_3.73104628487285e-06
1016,12240,123-41-9-2-1,1.49241851394914e-05_1.49241851394914e-05_1.49241851394914e-05_1.49241851394914e-05_1.49241851394914e-05
1016,12241,8-7-4-2-1,5.59656942730927e-06_5.59656942730927e-06_5.59656942730927e-06_5.59656942730927e-06_5.59656942730927e-06
1016,12242,229-5-5-1-1,4.16633501810801e-05_4.16633501810801e-05_4.16633501810801e-05_4.16633501810801e-05_4.16633501810801e-05
1016,12243,8-7-4-2-1,4.35288733235165e-06_4.35288733235165e-06_4.35288733235165e-06_4.35288733235165e-06_4.35288733235165e-06
1016,12244,153-18-4-2-1,1.43023440920126e-05_1.43023440920126e-05_1.43023440920126e-05_1.43023440920126e-05_1.43023440920126e-05
1016,12245,167-18-4-2-1,3.73104628487285e-06_3.73104628487285e-06_3.73104628487285e-06_3.73104628487285e-06_3.73104628487285e-06
1016,12246,199-19-9-2-1,3.10920523739404e-06_3.10920523739404e-06_3.10920523739404e-06_3.10920523739404e-06_3.10920523739404e-06
1016,12247,122-16-2-2-1,7.46209256974569e-06_7.46209256974569e-06_7.46209256974569e-06_7.46209256974569e-06_7.46209256974569e-06
1016,12248,114-40-4-2-1,0.000299105543837306_0.000299105543837306_0.000299105543837306_0.000299105543837306_0.000299105543837306
1016,12249,22-13-6-2-1,0.000200854658335655_0.000200854658335655_0.000200854658335655_0.000200854658335655_0.000200854658335655
1016,12250,112-14-4-2-1,1.80333903768854e-05_1.80333903768854e-05_1.80333903768854e-05_1.80333903768854e-05_1.80333903768854e-05
1016,12251,126-29-2-2-1,0.000315273411071755_0.000315273411071755_0.000315273411071755_0.000315273411071755_0.000315273411071755
1016,12252,32-18-4-2-1,3.73104628487285e-05_3.73104628487285e-05_3.73104628487285e-05_3.73104628487285e-05_3.73104628487285e-05
1016,12253,8-7-4-2-1,3.10920523739404e-06_3.10920523739404e-06_3.10920523739404e-06_3.10920523739404e-06_3.10920523739404e-06
1016,12254,113-31-9-2-1,2.98483702789828e-05_2.98483702789828e-05_2.98483702789828e-05_2.98483702789828e-05_2.98483702789828e-05
1016,12255,228-17-10-1-1,6.21841047478808e-06_6.21841047478808e-06_6.21841047478808e-06_6.21841047478808e-06_6.21841047478808e-06
1016,12256,36-6-6-2-1,9.01669518844271e-05_9.01669518844271e-05_9.01669518844271e-05_9.01669518844271e-05_9.01669518844271e-05
1016,12257,83-33-5-1-1,1.24368209495762e-05_1.24368209495762e-05_1.24368209495762e-05_1.24368209495762e-05_1.24368209495762e-05
1016,12258,185-41-9-2-1,3.10920523739404e-06_3.10920523739404e-06_3.10920523739404e-06_3.10920523739404e-06_3.10920523739404e-06
1016,12259,61-13-6-2-1,4.29070322760377e-05_4.29070322760377e-05_4.29070322760377e-05_4.29070322760377e-05_4.29070322760377e-05
1016,12260,76-4-4-2-1,3.73104628487285e-06_3.73104628487285e-06_3.73104628487285e-06_3.73104628487285e-06_3.73104628487285e-06
1016,12261,112-14-4-2-1,5.59656942730927e-06_5.59656942730927e-06_5.59656942730927e-06_5.59656942730927e-06_5.59656942730927e-06
1016,12262,44-13-6-2-1,3.73104628487285e-06_3.73104628487285e-06_3.73104628487285e-06_3.73104628487285e-06_3.73104628487285e-06
1016,12263,214-26-4-2-1,4.35288733235165e-06_4.35288733235165e-06_4.35288733235165e-06_4.35288733235165e-06_4.35288733235165e-06
1016,12264,208-30-1-1-1,1.24368209495762e-05_1.24368209495762e-05_1.24368209495762e-05_1.24368209495762e-05_1.24368209495762e-05
1016,12265,142-42-12-1-1,1.55460261869702e-05_1.55460261869702e-05_1.55460261869702e-05_1.55460261869702e-05_1.55460261869702e-05
1016,12266,55-22-8-1-1,3.10920523739404e-06_3.10920523739404e-06_3.10920523739404e-06_3.10920523739404e-06_3.10920523739404e-06
1016,12267,222-35-4-2-1,9.32761571218212e-06_9.32761571218212e-06_9.32761571218212e-06_9.32761571218212e-06_9.32761571218212e-06
1016,12268,222-35-4-2-1,3.10920523739404e-06_3.10920523739404e-06_3.10920523739404e-06_3.10920523739404e-06_3.10920523739404e-06
1016,12269,196-14-4-2-1,5.59656942730927e-06_5.59656942730927e-06_5.59656942730927e-06_5.59656942730927e-06_5.59656942730927e-06
1016,12270,125-30-1-1-1,0.000148620010347435_0.000148620010347435_0.000148620010347435_0.000148620010347435_0.000148620010347435
1016,12271,86-10-2-2-1,0.000108822183308791_0.000108822183308791_0.000108822183308791_0.000108822183308791_0.000108822183308791
1016,12272,180-40-4-2-1,6.21841047478808e-06_6.21841047478808e-06_6.21841047478808e-06_6.21841047478808e-06_6.21841047478808e-06
1016,12273,180-40-4-2-1,3.10920523739404e-06_3.10920523739404e-06_3.10920523739404e-06_3.10920523739404e-06_3.10920523739404e-06
1016,12274,177-7-4-2-1,3.10920523739404e-06_3.10920523739404e-06_3.10920523739404e-06_3.10920523739404e-06_3.10920523739404e-06
1016,12275,127-30-1-1-1,1.55460261869702e-05_1.55460261869702e-05_1.55460261869702e-05_1.55460261869702e-05_1.55460261869702e-05
1016,12276,176-20-9-2-1,2.05207545668007e-05_2.05207545668007e-05_2.05207545668007e-05_2.05207545668007e-05_2.05207545668007e-05
1016,12277,147-11-4-2-1,9.32761571218212e-06_9.32761571218212e-06_9.32761571218212e-06_9.32761571218212e-06_9.32761571218212e-06
1016,12278,185-41-9-2-1,3.10920523739404e-06_3.10920523739404e-06_3.10920523739404e-06_3.10920523739404e-06_3.10920523739404e-06
1016,12280,55-22-8-1-1,4.97472837983046e-06_4.97472837983046e-06_4.97472837983046e-06_4.97472837983046e-06_4.97472837983046e-06
1016,12281,147-11-4-2-1,6.84025152226688e-06_6.84025152226688e-06_6.84025152226688e-06_6.84025152226688e-06_6.84025152226688e-06
1016,12282,70-27-8-1-1,4.97472837983046e-06_4.97472837983046e-06_4.97472837983046e-06_4.97472837983046e-06_4.97472837983046e-06
1016,12283,191-37-4-2-1,1.55460261869702e-05_1.55460261869702e-05_1.55460261869702e-05_1.55460261869702e-05_1.55460261869702e-05
1016,12284,185-41-9-2-1,3.10920523739404e-06_3.10920523739404e-06_3.10920523739404e-06_3.10920523739404e-06_3.10920523739404e-06
1016,12285,152-32-10-1-1,3.10920523739404e-06_3.10920523739404e-06_3.10920523739404e-06_3.10920523739404e-06_3.10920523739404e-06
1016,12287,122-16-2-2-1,2.54954829466311e-05_2.54954829466311e-05_2.54954829466311e-05_2.54954829466311e-05_2.54954829466311e-05
1016,12288,40-23-8-1-1,3.73104628487285e-06_3.73104628487285e-06_3.73104628487285e-06_3.73104628487285e-06_3.73104628487285e-06
1016,12289,185-41-9-2-1,2.23862777092371e-05_2.23862777092371e-05_2.23862777092371e-05_2.23862777092371e-05_2.23862777092371e-05
1016,12290,88-35-4-2-1,0.000300349225932264_0.000300349225932264_0.000300349225932264_0.000300349225932264_0.000300349225932264
1016,12291,66-29-2-2-1,4.35288733235165e-06_4.35288733235165e-06_4.35288733235165e-06_4.35288733235165e-06_4.35288733235165e-06
1016,12292,161-36-10-1-1,4.97472837983046e-06_4.97472837983046e-06_4.97472837983046e-06_4.97472837983046e-06_4.97472837983046e-06
1016,12293,61-13-6-2-1,2.73610060890675e-05_2.73610060890675e-05_2.73610060890675e-05_2.73610060890675e-05_2.73610060890675e-05
1016,12294,177-7-4-2-1,1.67897082819278e-05_1.67897082819278e-05_1.67897082819278e-05_1.67897082819278e-05_1.67897082819278e-05
1016,12295,44-13-6-2-1,5.59656942730927e-06_5.59656942730927e-06_5.59656942730927e-06_5.59656942730927e-06_5.59656942730927e-06
1016,12296,66-29-2-2-1,9.32761571218212e-06_9.32761571218212e-06_9.32761571218212e-06_9.32761571218212e-06_9.32761571218212e-06
1016,12297,166-18-4-2-1,4.35288733235165e-05_4.35288733235165e-05_4.35288733235165e-05_4.35288733235165e-05_4.35288733235165e-05
1016,12298,75-1-1-1-1,3.73104628487285e-06_3.73104628487285e-06_3.73104628487285e-06_3.73104628487285e-06_3.73104628487285e-06
1016,12299,26-15-9-2-1,6.21841047478808e-06_6.21841047478808e-06_6.21841047478808e-06_6.21841047478808e-06_6.21841047478808e-06
1016,12300,123-41-9-2-1,4.60162375134318e-05_4.60162375134318e-05_4.60162375134318e-05_4.60162375134318e-05_4.60162375134318e-05
1016,12301,17-11-4-2-1,0.000134939507302901_0.000134939507302901_0.000134939507302901_0.000134939507302901_0.000134939507302901
1016,12302,159-4-4-2-1,8.0839336172245e-06_8.0839336172245e-06_8.0839336172245e-06_8.0839336172245e-06_8.0839336172245e-06
1016,12303,55-22-8-1-1,1.36805030445338e-05_1.36805030445338e-05_1.36805030445338e-05_1.36805030445338e-05_1.36805030445338e-05
1016,12304,225-31-9-2-1,4.10415091336013e-05_4.10415091336013e-05_4.10415091336013e-05_4.10415091336013e-05_4.10415091336013e-05
1016,12305,133-12-8-1-1,3.48230986588132e-05_3.48230986588132e-05_3.48230986588132e-05_3.48230986588132e-05_3.48230986588132e-05
1016,12307,175-20-9-2-1,2.73610060890675e-05_2.73610060890675e-05_2.73610060890675e-05_2.73610060890675e-05_2.73610060890675e-05
1016,12308,229-5-5-1-1,1.74115493294066e-05_1.74115493294066e-05_1.74115493294066e-05_1.74115493294066e-05_1.74115493294066e-05
1016,12309,199-19-9-2-1,1.18149799020973e-05_1.18149799020973e-05_1.18149799020973e-05_1.18149799020973e-05_1.18149799020973e-05
1016,12310,229-5-5-1-1,1.98989135193218e-05_1.98989135193218e-05_1.98989135193218e-05_1.98989135193218e-05_1.98989135193218e-05
1016,12311,37-11-4-2-1,4.35288733235165e-06_4.35288733235165e-06_4.35288733235165e-06_4.35288733235165e-06_4.35288733235165e-06
1016,12312,166-18-4-2-1,7.46209256974569e-06_7.46209256974569e-06_7.46209256974569e-06_7.46209256974569e-06_7.46209256974569e-06
1016,12313,116-36-10-1-1,0.00014613264615752_0.00014613264615752_0.00014613264615752_0.00014613264615752_0.00014613264615752
1016,12314,75-1-1-1-1,1.74115493294066e-05_1.74115493294066e-05_1.74115493294066e-05_1.74115493294066e-05_1.74115493294066e-05
1016,12315,122-16-2-2-1,1.24368209495762e-05_1.24368209495762e-05_1.24368209495762e-05_1.24368209495762e-05_1.24368209495762e-05
1016,12317,189-12-8-1-1,3.73104628487285e-06_3.73104628487285e-06_3.73104628487285e-06_3.73104628487285e-06_3.73104628487285e-06
1016,12318,66-29-2-2-1,8.0839336172245e-06_8.0839336172245e-06_8.0839336172245e-06_8.0839336172245e-06_8.0839336172245e-06
1016,12319,63-27-8-1-1,5.59656942730927e-06_5.59656942730927e-06_5.59656942730927e-06_5.59656942730927e-06_5.59656942730927e-06
1016,12320,101-9-7-1-1,2.98483702789828e-05_2.98483702789828e-05_2.98483702789828e-05_2.98483702789828e-05_2.98483702789828e-05
1016,12321,166-18-4-2-1,9.57635213117364e-05_9.57635213117364e-05_9.57635213117364e-05_9.57635213117364e-05_9.57635213117364e-05
1016,12322,185-41-9-2-1,8.0839336172245e-06_8.0839336172245e-06_8.0839336172245e-06_8.0839336172245e-06_8.0839336172245e-06
1016,12323,47-22-8-1-1,8.0839336172245e-06_8.0839336172245e-06_8.0839336172245e-06_8.0839336172245e-06_8.0839336172245e-06
1016,12324,236-42-12-1-1,3.10920523739404e-06_3.10920523739404e-06_3.10920523739404e-06_3.10920523739404e-06_3.10920523739404e-06
1016,12325,199-19-9-2-1,3.73104628487285e-06_3.73104628487285e-06_3.73104628487285e-06_3.73104628487285e-06_3.73104628487285e-06
1016,12326,172-40-4-2-1,3.73104628487285e-06_3.73104628487285e-06_3.73104628487285e-06_3.73104628487285e-06_3.73104628487285e-06
1016,12327,216-19-9-2-1,4.35288733235165e-06_4.35288733235165e-06_4.35288733235165e-06_4.35288733235165e-06_4.35288733235165e-06
1016,12328,175-20-9-2-1,4.35288733235165e-06_4.35288733235165e-06_4.35288733235165e-06_4.35288733235165e-06_4.35288733235165e-06
1016,12329,185-41-9-2-1,3.73104628487285e-06_3.73104628487285e-06_3.73104628487285e-06_3.73104628487285e-06_3.73104628487285e-06
1016,12330,183-23-8-1-1,1.80333903768854e-05_1.80333903768854e-05_1.80333903768854e-05_1.80333903768854e-05_1.80333903768854e-05
1016,12331,4-4-4-2-1,4.97472837983046e-06_4.97472837983046e-06_4.97472837983046e-06_4.97472837983046e-06_4.97472837983046e-06
1016,12332,45-5-5-1-1,3.10920523739404e-06_3.10920523739404e-06_3.10920523739404e-06_3.10920523739404e-06_3.10920523739404e-06
1016,12333,4-4-4-2-1,9.94945675966092e-06_9.94945675966092e-06_9.94945675966092e-06_9.94945675966092e-06_9.94945675966092e-06
1016,12334,199-19-9-2-1,5.59656942730927e-06_5.59656942730927e-06_5.59656942730927e-06_5.59656942730927e-06_5.59656942730927e-06
1016,12335,29-17-10-1-1,8.70577466470331e-06_8.70577466470331e-06_8.70577466470331e-06_8.70577466470331e-06_8.70577466470331e-06
1016,12336,181-40-4-2-1,4.91254427508258e-05_4.91254427508258e-05_4.91254427508258e-05_4.91254427508258e-05_4.91254427508258e-05
1016,12337,119-6-6-2-1,0.000656664146137621_0.000656664146137621_0.000656664146137621_0.000656664146137621_0.000656664146137621
1016,12338,184-31-9-2-1,3.79323038962073e-05_3.79323038962073e-05_3.79323038962073e-05_3.79323038962073e-05_3.79323038962073e-05
1016,12339,166-18-4-2-1,7.46209256974569e-06_7.46209256974569e-06_7.46209256974569e-06_7.46209256974569e-06_7.46209256974569e-06
1016,12340,174-15-9-2-1,4.41507143709953e-05_4.41507143709953e-05_4.41507143709953e-05_4.41507143709953e-05_4.41507143709953e-05
1016,12341,142-42-12-1-1,9.32761571218212e-06_9.32761571218212e-06_9.32761571218212e-06_9.32761571218212e-06_9.32761571218212e-06
1016,12342,128-7-4-2-1,6.84025152226688e-06_6.84025152226688e-06_6.84025152226688e-06_6.84025152226688e-06_6.84025152226688e-06
1016,12343,35-20-9-2-1,3.10920523739404e-06_3.10920523739404e-06_3.10920523739404e-06_3.10920523739404e-06_3.10920523739404e-06
1016,12344,5-5-5-1-1,4.97472837983046e-06_4.97472837983046e-06_4.97472837983046e-06_4.97472837983046e-06_4.97472837983046e-06
1016,12345,47-22-8-1-1,0.00016167867234449_0.00016167867234449_0.00016167867234449_0.00016167867234449_0.00016167867234449
1016,12346,75-1-1-1-1,4.97472837983046e-06_4.97472837983046e-06_4.97472837983046e-06_4.97472837983046e-06_4.97472837983046e-06
1016,12347,27-8-3-1-1,0.000433423210092729_0.000433423210092729_0.000433423210092729_0.000433423210092729_0.000433423210092729
1016,12348,216-19-9-2-1,5.59656942730927e-06_5.59656942730927e-06_5.59656942730927e-06_5.59656942730927e-06_5.59656942730927e-06
1016,12349,199-19-9-2-1,1.05712978071397e-05_1.05712978071397e-05_1.05712978071397e-05_1.05712978071397e-05_1.05712978071397e-05
1016,12350,109-28-5-1-1,4.97472837983046e-06_4.97472837983046e-06_4.97472837983046e-06_4.97472837983046e-06_4.97472837983046e-06
1016,12351,160-30-1-1-1,8.70577466470331e-06_8.70577466470331e-06_8.70577466470331e-06_8.70577466470331e-06_8.70577466470331e-06
1016,12352,97-26-4-2-1,0.00136929398654833_0.00136929398654833_0.00136929398654833_0.00136929398654833_0.00136929398654833
1016,12353,194-31-9-2-1,4.35288733235165e-06_4.35288733235165e-06_4.35288733235165e-06_4.35288733235165e-06_4.35288733235165e-06
1016,12354,179-26-4-2-1,3.10920523739404e-06_3.10920523739404e-06_3.10920523739404e-06_3.10920523739404e-06_3.10920523739404e-06
1016,12355,229-5-5-1-1,5.84530584630079e-05_5.84530584630079e-05_5.84530584630079e-05_5.84530584630079e-05_5.84530584630079e-05
1016,12356,140-42-12-1-1,6.21841047478808e-06_6.21841047478808e-06_6.21841047478808e-06_6.21841047478808e-06_6.21841047478808e-06
1016,12357,152-32-10-1-1,3.73104628487285e-06_3.73104628487285e-06_3.73104628487285e-06_3.73104628487285e-06_3.73104628487285e-06
1016,12358,18-12-8-1-1,5.72093763680503e-05_5.72093763680503e-05_5.72093763680503e-05_5.72093763680503e-05_5.72093763680503e-05
1016,12359,203-11-4-2-1,5.59656942730927e-06_5.59656942730927e-06_5.59656942730927e-06_5.59656942730927e-06_5.59656942730927e-06
1016,12360,5-5-5-1-1,1.80333903768854e-05_1.80333903768854e-05_1.80333903768854e-05_1.80333903768854e-05_1.80333903768854e-05
1016,12361,63-27-8-1-1,1.05712978071397e-05_1.05712978071397e-05_1.05712978071397e-05_1.05712978071397e-05_1.05712978071397e-05
1016,12362,8-7-4-2-1,6.84025152226688e-06_6.84025152226688e-06_6.84025152226688e-06_6.84025152226688e-06_6.84025152226688e-06
1016,12363,186-15-9-2-1,2.36299598041947e-05_2.36299598041947e-05_2.36299598041947e-05_2.36299598041947e-05_2.36299598041947e-05
1016,12364,45-5-5-1-1,9.32761571218212e-06_9.32761571218212e-06_9.32761571218212e-06_9.32761571218212e-06_9.32761571218212e-06
1016,12365,236-42-12-1-1,8.0839336172245e-06_8.0839336172245e-06_8.0839336172245e-06_8.0839336172245e-06_8.0839336172245e-06
1016,12367,172-40-4-2-1,2.48736418991523e-06_2.48736418991523e-06_2.48736418991523e-06_2.48736418991523e-06_2.48736418991523e-06
1016,12368,140-42-12-1-1,3.10920523739404e-06_3.10920523739404e-06_3.10920523739404e-06_3.10920523739404e-06_3.10920523739404e-06
1016,12369,177-7-4-2-1,1.74115493294066e-05_1.74115493294066e-05_1.74115493294066e-05_1.74115493294066e-05_1.74115493294066e-05
1016,12371,142-42-12-1-1,1.3058661997055e-05_1.3058661997055e-05_1.3058661997055e-05_1.3058661997055e-05_1.3058661997055e-05
1016,12372,185-41-9-2-1,1.18149799020973e-05_1.18149799020973e-05_1.18149799020973e-05_1.18149799020973e-05_1.18149799020973e-05
1016,12373,166-18-4-2-1,3.10920523739404e-06_3.10920523739404e-06_3.10920523739404e-06_3.10920523739404e-06_3.10920523739404e-06
1016,12374,177-7-4-2-1,6.21841047478808e-06_6.21841047478808e-06_6.21841047478808e-06_6.21841047478808e-06_6.21841047478808e-06
1016,12375,38-21-4-2-1,0.00144888964062562_0.00144888964062562_0.00144888964062562_0.00144888964062562_0.00144888964062562
1016,12376,205-12-8-1-1,2.17644366617583e-05_2.17644366617583e-05_2.17644366617583e-05_2.17644366617583e-05_2.17644366617583e-05
1016,12377,202-37-4-2-1,0.000139292394635253_0.000139292394635253_0.000139292394635253_0.000139292394635253_0.000139292394635253
1016,12378,38-21-4-2-1,0.00172498706570621_0.00172498706570621_0.00172498706570621_0.00172498706570621_0.00172498706570621
1016,12379,185-41-9-2-1,3.73104628487285e-06_3.73104628487285e-06_3.73104628487285e-06_3.73104628487285e-06_3.73104628487285e-06
1016,12381,212-41-9-2-1,1.6167867234449e-05_1.6167867234449e-05_1.6167867234449e-05_1.6167867234449e-05_1.6167867234449e-05
1016,12382,167-18-4-2-1,4.35288733235165e-06_4.35288733235165e-06_4.35288733235165e-06_4.35288733235165e-06_4.35288733235165e-06
1016,12383,8-7-4-2-1,4.97472837983046e-06_4.97472837983046e-06_4.97472837983046e-06_4.97472837983046e-06_4.97472837983046e-06
1016,12384,185-41-9-2-1,3.10920523739404e-06_3.10920523739404e-06_3.10920523739404e-06_3.10920523739404e-06_3.10920523739404e-06
1016,12385,216-19-9-2-1,3.10920523739404e-06_3.10920523739404e-06_3.10920523739404e-06_3.10920523739404e-06_3.10920523739404e-06
1016,12386,102-13-6-2-1,3.66886218012497e-05_3.66886218012497e-05_3.66886218012497e-05_3.66886218012497e-05_3.66886218012497e-05
1016,12387,174-15-9-2-1,4.97472837983046e-06_4.97472837983046e-06_4.97472837983046e-06_4.97472837983046e-06_4.97472837983046e-06
1016,12388,174-15-9-2-1,1.36805030445338e-05_1.36805030445338e-05_1.36805030445338e-05_1.36805030445338e-05_1.36805030445338e-05
1016,12389,118-36-10-1-1,3.10920523739404e-06_3.10920523739404e-06_3.10920523739404e-06_3.10920523739404e-06_3.10920523739404e-06
1016,12390,213-15-9-2-1,4.78817606558682e-05_4.78817606558682e-05_4.78817606558682e-05_4.78817606558682e-05_4.78817606558682e-05
1016,12391,68-30-1-1-1,3.10920523739404e-05_3.10920523739404e-05_3.10920523739404e-05_3.10920523739404e-05_3.10920523739404e-05
1016,12392,128-7-4-2-1,4.97472837983046e-06_4.97472837983046e-06_4.97472837983046e-06_4.97472837983046e-06_4.97472837983046e-06
1016,12393,142-42-12-1-1,9.32761571218212e-06_9.32761571218212e-06_9.32761571218212e-06_9.32761571218212e-06_9.32761571218212e-06
1016,12394,8-7-4-2-1,2.48736418991523e-06_2.48736418991523e-06_2.48736418991523e-06_2.48736418991523e-06_2.48736418991523e-06
1016,12395,8-7-4-2-1,4.97472837983046e-06_4.97472837983046e-06_4.97472837983046e-06_4.97472837983046e-06_4.97472837983046e-06
1016,12396,112-14-4-2-1,1.67897082819278e-05_1.67897082819278e-05_1.67897082819278e-05_1.67897082819278e-05_1.67897082819278e-05
1016,12397,68-30-1-1-1,9.32761571218212e-06_9.32761571218212e-06_9.32761571218212e-06_9.32761571218212e-06_9.32761571218212e-06
1016,12398,188-14-4-2-1,1.49241851394914e-05_1.49241851394914e-05_1.49241851394914e-05_1.49241851394914e-05_1.49241851394914e-05
1016,12399,51-22-8-1-1,3.73104628487285e-06_3.73104628487285e-06_3.73104628487285e-06_3.73104628487285e-06_3.73104628487285e-06
1016,12400,4-4-4-2-1,3.73104628487285e-06_3.73104628487285e-06_3.73104628487285e-06_3.73104628487285e-06_3.73104628487285e-06
1016,12401,122-16-2-2-1,1.36805030445338e-05_1.36805030445338e-05_1.36805030445338e-05_1.36805030445338e-05_1.36805030445338e-05
1016,12402,8-7-4-2-1,3.10920523739404e-06_3.10920523739404e-06_3.10920523739404e-06_3.10920523739404e-06_3.10920523739404e-06
1016,12403,138-23-8-1-1,3.10920523739404e-06_3.10920523739404e-06_3.10920523739404e-06_3.10920523739404e-06_3.10920523739404e-06
1016,12404,126-29-2-2-1,9.94945675966092e-06_9.94945675966092e-06_9.94945675966092e-06_9.94945675966092e-06_9.94945675966092e-06
1016,12405,122-16-2-2-1,4.97472837983046e-06_4.97472837983046e-06_4.97472837983046e-06_4.97472837983046e-06_4.97472837983046e-06
1016,12406,170-43-4-2-1,2.05207545668007e-05_2.05207545668007e-05_2.05207545668007e-05_2.05207545668007e-05_2.05207545668007e-05
1016,12407,57-7-4-2-1,6.84025152226688e-06_6.84025152226688e-06_6.84025152226688e-06_6.84025152226688e-06_6.84025152226688e-06
1016,12408,126-29-2-2-1,8.70577466470331e-06_8.70577466470331e-06_8.70577466470331e-06_8.70577466470331e-06_8.70577466470331e-06
1016,12409,185-41-9-2-1,3.73104628487285e-06_3.73104628487285e-06_3.73104628487285e-06_3.73104628487285e-06_3.73104628487285e-06
1016,12410,133-12-8-1-1,6.21841047478808e-06_6.21841047478808e-06_6.21841047478808e-06_6.21841047478808e-06_6.21841047478808e-06
1016,12411,205-12-8-1-1,4.35288733235165e-06_4.35288733235165e-06_4.35288733235165e-06_4.35288733235165e-06_4.35288733235165e-06
1016,12412,212-41-9-2-1,3.10920523739404e-06_3.10920523739404e-06_3.10920523739404e-06_3.10920523739404e-06_3.10920523739404e-06
1016,12414,122-16-2-2-1,6.21841047478808e-06_6.21841047478808e-06_6.21841047478808e-06_6.21841047478808e-06_6.21841047478808e-06
1016,12416,112-14-4-2-1,1.05712978071397e-05_1.05712978071397e-05_1.05712978071397e-05_1.05712978071397e-05_1.05712978071397e-05
1016,12417,205-12-8-1-1,3.73104628487285e-06_3.73104628487285e-06_3.73104628487285e-06_3.73104628487285e-06_3.73104628487285e-06
1016,12418,194-31-9-2-1,5.59656942730927e-06_5.59656942730927e-06_5.59656942730927e-06_5.59656942730927e-06_5.59656942730927e-06
1016,12419,45-5-5-1-1,2.48736418991523e-06_2.48736418991523e-06_2.48736418991523e-06_2.48736418991523e-06_2.48736418991523e-06
1016,12420,185-41-9-2-1,4.97472837983046e-06_4.97472837983046e-06_4.97472837983046e-06_4.97472837983046e-06_4.97472837983046e-06
1016,12421,186-15-9-2-1,4.35288733235165e-06_4.35288733235165e-06_4.35288733235165e-06_4.35288733235165e-06_4.35288733235165e-06
1016,12422,115-8-3-1-1,0.000980021490826601_0.000980021490826601_0.000980021490826601_0.000980021490826601_0.000980021490826601
1016,12423,9-8-3-1-1,4.5394396465953e-05_4.5394396465953e-05_4.5394396465953e-05_4.5394396465953e-05_4.5394396465953e-05
1016,12424,26-15-9-2-1,3.42012576113344e-05_3.42012576113344e-05_3.42012576113344e-05_3.42012576113344e-05_3.42012576113344e-05
1016,12425,112-14-4-2-1,9.32761571218212e-06_9.32761571218212e-06_9.32761571218212e-06_9.32761571218212e-06_9.32761571218212e-06
1016,12426,185-41-9-2-1,2.48736418991523e-06_2.48736418991523e-06_2.48736418991523e-06_2.48736418991523e-06_2.48736418991523e-06
1016,12427,180-40-4-2-1,8.0839336172245e-06_8.0839336172245e-06_8.0839336172245e-06_8.0839336172245e-06_8.0839336172245e-06
1016,12428,8-7-4-2-1,3.73104628487285e-06_3.73104628487285e-06_3.73104628487285e-06_3.73104628487285e-06_3.73104628487285e-06
1016,12430,186-15-9-2-1,6.21841047478808e-06_6.21841047478808e-06_6.21841047478808e-06_6.21841047478808e-06_6.21841047478808e-06
1016,12431,66-29-2-2-1,4.8503601703347e-05_4.8503601703347e-05_4.8503601703347e-05_4.8503601703347e-05_4.8503601703347e-05
1016,12432,177-7-4-2-1,7.46209256974569e-06_7.46209256974569e-06_7.46209256974569e-06_7.46209256974569e-06_7.46209256974569e-06
1016,12433,70-27-8-1-1,7.46209256974569e-06_7.46209256974569e-06_7.46209256974569e-06_7.46209256974569e-06_7.46209256974569e-06
1016,12434,186-15-9-2-1,3.73104628487285e-06_3.73104628487285e-06_3.73104628487285e-06_3.73104628487285e-06_3.73104628487285e-06
1016,12435,152-32-10-1-1,3.10920523739404e-06_3.10920523739404e-06_3.10920523739404e-06_3.10920523739404e-06_3.10920523739404e-06
1016,12436,45-5-5-1-1,1.11931388546185e-05_1.11931388546185e-05_1.11931388546185e-05_1.11931388546185e-05_1.11931388546185e-05
1016,12437,70-27-8-1-1,1.11931388546185e-05_1.11931388546185e-05_1.11931388546185e-05_1.11931388546185e-05_1.11931388546185e-05
1016,12438,129-21-4-2-1,7.89738130298086e-05_7.89738130298086e-05_7.89738130298086e-05_7.89738130298086e-05_7.89738130298086e-05
1016,12439,214-26-4-2-1,8.70577466470331e-06_8.70577466470331e-06_8.70577466470331e-06_8.70577466470331e-06_8.70577466470331e-06
1016,12440,212-41-9-2-1,1.05712978071397e-05_1.05712978071397e-05_1.05712978071397e-05_1.05712978071397e-05_1.05712978071397e-05
1016,12441,32-18-4-2-1,5.59656942730927e-06_5.59656942730927e-06_5.59656942730927e-06_5.59656942730927e-06_5.59656942730927e-06
1016,12442,152-32-10-1-1,4.97472837983046e-06_4.97472837983046e-06_4.97472837983046e-06_4.97472837983046e-06_4.97472837983046e-06
1016,12443,186-15-9-2-1,2.17644366617583e-05_2.17644366617583e-05_2.17644366617583e-05_2.17644366617583e-05_2.17644366617583e-05
1016,12444,223-40-4-2-1,1.3058661997055e-05_1.3058661997055e-05_1.3058661997055e-05_1.3058661997055e-05_1.3058661997055e-05
1016,12445,142-42-12-1-1,3.10920523739404e-06_3.10920523739404e-06_3.10920523739404e-06_3.10920523739404e-06_3.10920523739404e-06
1016,12446,213-15-9-2-1,5.59656942730927e-06_5.59656942730927e-06_5.59656942730927e-06_5.59656942730927e-06_5.59656942730927e-06
1016,12448,26-15-9-2-1,1.11931388546185e-05_1.11931388546185e-05_1.11931388546185e-05_1.11931388546185e-05_1.11931388546185e-05
1016,12449,161-36-10-1-1,8.70577466470331e-06_8.70577466470331e-06_8.70577466470331e-06_8.70577466470331e-06_8.70577466470331e-06
1016,12450,196-14-4-2-1,6.21841047478808e-06_6.21841047478808e-06_6.21841047478808e-06_6.21841047478808e-06_6.21841047478808e-06
1016,12451,225-31-9-2-1,6.84025152226688e-06_6.84025152226688e-06_6.84025152226688e-06_6.84025152226688e-06_6.84025152226688e-06
1016,12452,95-37-4-2-1,3.10920523739404e-06_3.10920523739404e-06_3.10920523739404e-06_3.10920523739404e-06_3.10920523739404e-06
1016,12453,180-40-4-2-1,3.73104628487285e-06_3.73104628487285e-06_3.73104628487285e-06_3.73104628487285e-06_3.73104628487285e-06
1016,12454,103-13-6-2-1,0.000141779758825168_0.000141779758825168_0.000141779758825168_0.000141779758825168_0.000141779758825168
1016,12455,160-30-1-1-1,1.55460261869702e-05_1.55460261869702e-05_1.55460261869702e-05_1.55460261869702e-05_1.55460261869702e-05
1016,12456,18-12-8-1-1,8.70577466470331e-06_8.70577466470331e-06_8.70577466470331e-06_8.70577466470331e-06_8.70577466470331e-06
1016,12457,172-40-4-2-1,6.84025152226688e-06_6.84025152226688e-06_6.84025152226688e-06_6.84025152226688e-06_6.84025152226688e-06
1016,12458,228-17-10-1-1,1.36805030445338e-05_1.36805030445338e-05_1.36805030445338e-05_1.36805030445338e-05_1.36805030445338e-05
1016,12459,8-7-4-2-1,8.0839336172245e-06_8.0839336172245e-06_8.0839336172245e-06_8.0839336172245e-06_8.0839336172245e-06
1016,12460,125-30-1-1-1,8.45703824571178e-05_8.45703824571178e-05_8.45703824571178e-05_8.45703824571178e-05_8.45703824571178e-05
1016,12461,177-7-4-2-1,4.97472837983046e-06_4.97472837983046e-06_4.97472837983046e-06_4.97472837983046e-06_4.97472837983046e-06
1016,12462,191-37-4-2-1,4.97472837983046e-06_4.97472837983046e-06_4.97472837983046e-06_4.97472837983046e-06_4.97472837983046e-06
1016,12463,147-11-4-2-1,1.86552314243642e-05_1.86552314243642e-05_1.86552314243642e-05_1.86552314243642e-05_1.86552314243642e-05
1016,12464,55-22-8-1-1,2.30081187567159e-05_2.30081187567159e-05_2.30081187567159e-05_2.30081187567159e-05_2.30081187567159e-05
1016,12465,220-22-8-1-1,3.10920523739404e-06_3.10920523739404e-06_3.10920523739404e-06_3.10920523739404e-06_3.10920523739404e-06
1016,12466,75-1-1-1-1,4.35288733235165e-06_4.35288733235165e-06_4.35288733235165e-06_4.35288733235165e-06_4.35288733235165e-06
1016,12467,185-41-9-2-1,3.10920523739404e-06_3.10920523739404e-06_3.10920523739404e-06_3.10920523739404e-06_3.10920523739404e-06
1016,12468,185-41-9-2-1,3.73104628487285e-06_3.73104628487285e-06_3.73104628487285e-06_3.73104628487285e-06_3.73104628487285e-06
1016,12469,185-41-9-2-1,1.86552314243642e-06_1.86552314243642e-06_1.86552314243642e-06_1.86552314243642e-06_1.86552314243642e-06
1016,12470,156-37-4-2-1,3.04702113264616e-05_3.04702113264616e-05_3.04702113264616e-05_3.04702113264616e-05_3.04702113264616e-05
1016,12471,221-35-4-2-1,5.65875353205715e-05_5.65875353205715e-05_5.65875353205715e-05_5.65875353205715e-05_5.65875353205715e-05
1016,12472,128-7-4-2-1,1.24368209495762e-05_1.24368209495762e-05_1.24368209495762e-05_1.24368209495762e-05_1.24368209495762e-05
1016,12473,24-14-4-2-1,6.1562263700402e-05_6.1562263700402e-05_6.1562263700402e-05_6.1562263700402e-05_6.1562263700402e-05
1016,12474,112-14-4-2-1,1.18149799020973e-05_1.18149799020973e-05_1.18149799020973e-05_1.18149799020973e-05_1.18149799020973e-05
1016,12475,185-41-9-2-1,4.35288733235165e-06_4.35288733235165e-06_4.35288733235165e-06_4.35288733235165e-06_4.35288733235165e-06
1016,12476,112-14-4-2-1,4.97472837983046e-06_4.97472837983046e-06_4.97472837983046e-06_4.97472837983046e-06_4.97472837983046e-06
1016,12477,172-40-4-2-1,3.73104628487285e-06_3.73104628487285e-06_3.73104628487285e-06_3.73104628487285e-06_3.73104628487285e-06
1016,12478,126-29-2-2-1,3.10920523739404e-06_3.10920523739404e-06_3.10920523739404e-06_3.10920523739404e-06_3.10920523739404e-06
1016,12479,230-14-4-2-1,8.0839336172245e-06_8.0839336172245e-06_8.0839336172245e-06_8.0839336172245e-06_8.0839336172245e-06
1016,12480,172-40-4-2-1,3.73104628487285e-06_3.73104628487285e-06_3.73104628487285e-06_3.73104628487285e-06_3.73104628487285e-06
1016,12481,161-36-10-1-1,3.73104628487285e-06_3.73104628487285e-06_3.73104628487285e-06_3.73104628487285e-06_3.73104628487285e-06
1016,12482,112-14-4-2-1,2.11425956142795e-05_2.11425956142795e-05_2.11425956142795e-05_2.11425956142795e-05_2.11425956142795e-05
1016,12483,8-7-4-2-1,4.35288733235165e-06_4.35288733235165e-06_4.35288733235165e-06_4.35288733235165e-06_4.35288733235165e-06
1016,12484,152-32-10-1-1,3.10920523739404e-06_3.10920523739404e-06_3.10920523739404e-06_3.10920523739404e-06_3.10920523739404e-06
1016,12485,183-23-8-1-1,5.53438532256139e-05_5.53438532256139e-05_5.53438532256139e-05_5.53438532256139e-05_5.53438532256139e-05
1016,12486,7-4-4-2-1,3.73104628487285e-06_3.73104628487285e-06_3.73104628487285e-06_3.73104628487285e-06_3.73104628487285e-06
1016,12487,138-23-8-1-1,4.97472837983046e-06_4.97472837983046e-06_4.97472837983046e-06_4.97472837983046e-06_4.97472837983046e-06
1016,12488,185-41-9-2-1,5.59656942730927e-06_5.59656942730927e-06_5.59656942730927e-06_5.59656942730927e-06_5.59656942730927e-06
1016,12489,218-7-4-2-1,5.28564890356987e-05_5.28564890356987e-05_5.28564890356987e-05_5.28564890356987e-05_5.28564890356987e-05
1016,12490,218-7-4-2-1,6.65369920802324e-05_6.65369920802324e-05_6.65369920802324e-05_6.65369920802324e-05_6.65369920802324e-05
1016,12491,26-15-9-2-1,9.94945675966092e-05_9.94945675966092e-05_9.94945675966092e-05_9.94945675966092e-05_9.94945675966092e-05
1016,12492,204-35-4-2-1,1.67897082819278e-05_1.67897082819278e-05_1.67897082819278e-05_1.67897082819278e-05_1.67897082819278e-05
1016,12493,172-40-4-2-1,5.59656942730927e-06_5.59656942730927e-06_5.59656942730927e-06_5.59656942730927e-06_5.59656942730927e-06
1016,12494,126-29-2-2-1,9.94945675966092e-06_9.94945675966092e-06_9.94945675966092e-06_9.94945675966092e-06_9.94945675966092e-06
1016,12495,98-27-8-1-1,3.04702113264616e-05_3.04702113264616e-05_3.04702113264616e-05_3.04702113264616e-05_3.04702113264616e-05
1016,12496,140-42-12-1-1,4.35288733235165e-06_4.35288733235165e-06_4.35288733235165e-06_4.35288733235165e-06_4.35288733235165e-06
1016,12497,45-5-5-1-1,0.000103225613881482_0.000103225613881482_0.000103225613881482_0.000103225613881482_0.000103225613881482
1016,12498,8-7-4-2-1,3.10920523739404e-06_3.10920523739404e-06_3.10920523739404e-06_3.10920523739404e-06_3.10920523739404e-06
1016,12499,44-13-6-2-1,8.0839336172245e-06_8.0839336172245e-06_8.0839336172245e-06_8.0839336172245e-06_8.0839336172245e-06
1016,12500,142-42-12-1-1,4.35288733235165e-06_4.35288733235165e-06_4.35288733235165e-06_4.35288733235165e-06_4.35288733235165e-06
1016,12501,52-25-8-1-1,0.0014495114816731_0.0014495114816731_0.0014495114816731_0.0014495114816731_0.0014495114816731
1016,12502,119-6-6-2-1,0.00122191765829586_0.00122191765829586_0.00122191765829586_0.00122191765829586_0.00122191765829586
1016,12503,203-11-4-2-1,6.21841047478808e-06_6.21841047478808e-06_6.21841047478808e-06_6.21841047478808e-06_6.21841047478808e-06
1016,12504,167-18-4-2-1,7.46209256974569e-05_7.46209256974569e-05_7.46209256974569e-05_7.46209256974569e-05_7.46209256974569e-05
1016,12505,229-5-5-1-1,6.96461973176265e-05_6.96461973176265e-05_6.96461973176265e-05_6.96461973176265e-05_6.96461973176265e-05
1016,12506,196-14-4-2-1,7.46209256974569e-06_7.46209256974569e-06_7.46209256974569e-06_7.46209256974569e-06_7.46209256974569e-06
1016,12507,205-12-8-1-1,1.67897082819278e-05_1.67897082819278e-05_1.67897082819278e-05_1.67897082819278e-05_1.67897082819278e-05
1016,12508,22-13-6-2-1,3.60667807537708e-05_3.60667807537708e-05_3.60667807537708e-05_3.60667807537708e-05_3.60667807537708e-05
1016,12509,201-17-10-1-1,0.000157947626059617_0.000157947626059617_0.000157947626059617_0.000157947626059617_0.000157947626059617
1016,12510,201-17-10-1-1,0.000121880845305846_0.000121880845305846_0.000121880845305846_0.000121880845305846_0.000121880845305846
1016,12511,142-42-12-1-1,3.10920523739404e-06_3.10920523739404e-06_3.10920523739404e-06_3.10920523739404e-06_3.10920523739404e-06
1016,12512,52-25-8-1-1,0.00160434990249532_0.00160434990249532_0.00160434990249532_0.00160434990249532_0.00160434990249532
1016,12513,175-20-9-2-1,4.35288733235165e-06_4.35288733235165e-06_4.35288733235165e-06_4.35288733235165e-06_4.35288733235165e-06
1016,12514,163-43-4-2-1,6.21841047478808e-06_6.21841047478808e-06_6.21841047478808e-06_6.21841047478808e-06_6.21841047478808e-06
1016,12515,63-27-8-1-1,3.73104628487285e-06_3.73104628487285e-06_3.73104628487285e-06_3.73104628487285e-06_3.73104628487285e-06
1016,12516,67-2-2-2-1,9.32761571218212e-06_9.32761571218212e-06_9.32761571218212e-06_9.32761571218212e-06_9.32761571218212e-06
1016,12517,66-29-2-2-1,2.42518008516735e-05_2.42518008516735e-05_2.42518008516735e-05_2.42518008516735e-05_2.42518008516735e-05
1016,12518,167-18-4-2-1,5.59656942730927e-06_5.59656942730927e-06_5.59656942730927e-06_5.59656942730927e-06_5.59656942730927e-06
1016,12519,98-27-8-1-1,6.84025152226688e-06_6.84025152226688e-06_6.84025152226688e-06_6.84025152226688e-06_6.84025152226688e-06
1016,12521,172-40-4-2-1,6.84025152226688e-06_6.84025152226688e-06_6.84025152226688e-06_6.84025152226688e-06_6.84025152226688e-06
1016,12522,177-7-4-2-1,8.0839336172245e-06_8.0839336172245e-06_8.0839336172245e-06_8.0839336172245e-06_8.0839336172245e-06
1016,12523,51-22-8-1-1,6.84025152226688e-06_6.84025152226688e-06_6.84025152226688e-06_6.84025152226688e-06_6.84025152226688e-06
1016,12524,65-1-1-1-1,6.21841047478808e-06_6.21841047478808e-06_6.21841047478808e-06_6.21841047478808e-06_6.21841047478808e-06
1016,12525,4-4-4-2-1,8.70577466470331e-06_8.70577466470331e-06_8.70577466470331e-06_8.70577466470331e-06_8.70577466470331e-06
1016,12526,126-29-2-2-1,2.79828471365463e-05_2.79828471365463e-05_2.79828471365463e-05_2.79828471365463e-05_2.79828471365463e-05
1016,12527,191-37-4-2-1,3.10920523739404e-06_3.10920523739404e-06_3.10920523739404e-06_3.10920523739404e-06_3.10920523739404e-06
1016,12528,55-22-8-1-1,1.05712978071397e-05_1.05712978071397e-05_1.05712978071397e-05_1.05712978071397e-05_1.05712978071397e-05
1016,12529,160-30-1-1-1,9.94945675966092e-06_9.94945675966092e-06_9.94945675966092e-06_9.94945675966092e-06_9.94945675966092e-06
1016,12530,47-22-8-1-1,6.21841047478808e-06_6.21841047478808e-06_6.21841047478808e-06_6.21841047478808e-06_6.21841047478808e-06
1016,12531,18-12-8-1-1,4.35288733235165e-06_4.35288733235165e-06_4.35288733235165e-06_4.35288733235165e-06_4.35288733235165e-06
1016,12532,218-7-4-2-1,7.64864488398933e-05_7.64864488398933e-05_7.64864488398933e-05_7.64864488398933e-05_7.64864488398933e-05
1016,12533,172-40-4-2-1,4.97472837983046e-06_4.97472837983046e-06_4.97472837983046e-06_4.97472837983046e-06_4.97472837983046e-06
1016,12535,140-42-12-1-1,3.73104628487285e-06_3.73104628487285e-06_3.73104628487285e-06_3.73104628487285e-06_3.73104628487285e-06
1016,12536,191-37-4-2-1,1.67897082819278e-05_1.67897082819278e-05_1.67897082819278e-05_1.67897082819278e-05_1.67897082819278e-05
1016,12537,4-4-4-2-1,4.35288733235165e-06_4.35288733235165e-06_4.35288733235165e-06_4.35288733235165e-06_4.35288733235165e-06
1016,12538,185-41-9-2-1,3.10920523739404e-06_3.10920523739404e-06_3.10920523739404e-06_3.10920523739404e-06_3.10920523739404e-06
1016,12539,45-5-5-1-1,3.10920523739404e-06_3.10920523739404e-06_3.10920523739404e-06_3.10920523739404e-06_3.10920523739404e-06
1016,12540,123-41-9-2-1,1.55460261869702e-05_1.55460261869702e-05_1.55460261869702e-05_1.55460261869702e-05_1.55460261869702e-05
1016,12541,79-32-10-1-1,6.21841047478808e-06_6.21841047478808e-06_6.21841047478808e-06_6.21841047478808e-06_6.21841047478808e-06
1016,12542,167-18-4-2-1,3.10920523739404e-06_3.10920523739404e-06_3.10920523739404e-06_3.10920523739404e-06_3.10920523739404e-06
1016,12543,70-27-8-1-1,3.10920523739404e-06_3.10920523739404e-06_3.10920523739404e-06_3.10920523739404e-06_3.10920523739404e-06
1016,12544,151-19-9-2-1,1.11931388546185e-05_1.11931388546185e-05_1.11931388546185e-05_1.11931388546185e-05_1.11931388546185e-05
1016,12545,120-16-2-2-1,1.9277072471843e-05_1.9277072471843e-05_1.9277072471843e-05_1.9277072471843e-05_1.9277072471843e-05
1016,12546,185-41-9-2-1,4.35288733235165e-06_4.35288733235165e-06_4.35288733235165e-06_4.35288733235165e-06_4.35288733235165e-06
1016,12547,122-16-2-2-1,3.10920523739404e-06_3.10920523739404e-06_3.10920523739404e-06_3.10920523739404e-06_3.10920523739404e-06
1016,12548,172-40-4-2-1,4.97472837983046e-06_4.97472837983046e-06_4.97472837983046e-06_4.97472837983046e-06_4.97472837983046e-06
1016,12549,216-19-9-2-1,2.48736418991523e-06_2.48736418991523e-06_2.48736418991523e-06_2.48736418991523e-06_2.48736418991523e-06
1016,12550,40-23-8-1-1,5.59656942730927e-06_5.59656942730927e-06_5.59656942730927e-06_5.59656942730927e-06_5.59656942730927e-06
1016,12551,70-27-8-1-1,2.48736418991523e-06_2.48736418991523e-06_2.48736418991523e-06_2.48736418991523e-06_2.48736418991523e-06
1016,12552,26-15-9-2-1,4.29070322760377e-05_4.29070322760377e-05_4.29070322760377e-05_4.29070322760377e-05_4.29070322760377e-05
1016,12553,147-11-4-2-1,1.67897082819278e-05_1.67897082819278e-05_1.67897082819278e-05_1.67897082819278e-05_1.67897082819278e-05
1016,12554,177-7-4-2-1,6.84025152226688e-06_6.84025152226688e-06_6.84025152226688e-06_6.84025152226688e-06_6.84025152226688e-06
1016,12555,17-11-4-2-1,3.10920523739404e-06_3.10920523739404e-06_3.10920523739404e-06_3.10920523739404e-06_3.10920523739404e-06
1016,12556,31-6-6-2-1,0.000274853742985633_0.000274853742985633_0.000274853742985633_0.000274853742985633_0.000274853742985633
1016,12557,71-29-2-2-1,7.46209256974569e-06_7.46209256974569e-06_7.46209256974569e-06_7.46209256974569e-06_7.46209256974569e-06
1016,12558,102-13-6-2-1,0.00022945934651968_0.00022945934651968_0.00022945934651968_0.00022945934651968_0.00022945934651968
1016,12559,63-27-8-1-1,1.67897082819278e-05_1.67897082819278e-05_1.67897082819278e-05_1.67897082819278e-05_1.67897082819278e-05
1016,12560,74-31-9-2-1,9.94945675966092e-06_9.94945675966092e-06_9.94945675966092e-06_9.94945675966092e-06_9.94945675966092e-06
1016,12561,153-18-4-2-1,3.10920523739404e-06_3.10920523739404e-06_3.10920523739404e-06_3.10920523739404e-06_3.10920523739404e-06
1016,12562,139-43-4-2-1,2.05207545668007e-05_2.05207545668007e-05_2.05207545668007e-05_2.05207545668007e-05_2.05207545668007e-05
1016,12563,128-7-4-2-1,3.73104628487285e-06_3.73104628487285e-06_3.73104628487285e-06_3.73104628487285e-06_3.73104628487285e-06
1016,12564,203-11-4-2-1,1.05712978071397e-05_1.05712978071397e-05_1.05712978071397e-05_1.05712978071397e-05_1.05712978071397e-05
1016,12565,140-42-12-1-1,7.46209256974569e-06_7.46209256974569e-06_7.46209256974569e-06_7.46209256974569e-06_7.46209256974569e-06
1016,12566,180-40-4-2-1,4.35288733235165e-06_4.35288733235165e-06_4.35288733235165e-06_4.35288733235165e-06_4.35288733235165e-06
1016,12567,172-40-4-2-1,2.48736418991523e-06_2.48736418991523e-06_2.48736418991523e-06_2.48736418991523e-06_2.48736418991523e-06
1016,12568,228-17-10-1-1,6.21841047478808e-06_6.21841047478808e-06_6.21841047478808e-06_6.21841047478808e-06_6.21841047478808e-06
1016,12569,177-7-4-2-1,9.94945675966092e-06_9.94945675966092e-06_9.94945675966092e-06_9.94945675966092e-06_9.94945675966092e-06
1016,12570,70-27-8-1-1,7.46209256974569e-06_7.46209256974569e-06_7.46209256974569e-06_7.46209256974569e-06_7.46209256974569e-06
1016,12571,212-41-9-2-1,5.03691248457834e-05_5.03691248457834e-05_5.03691248457834e-05_5.03691248457834e-05_5.03691248457834e-05
1016,12572,167-18-4-2-1,1.86552314243642e-05_1.86552314243642e-05_1.86552314243642e-05_1.86552314243642e-05_1.86552314243642e-05
1016,12573,213-15-9-2-1,4.35288733235165e-06_4.35288733235165e-06_4.35288733235165e-06_4.35288733235165e-06_4.35288733235165e-06
1016,12574,172-40-4-2-1,4.35288733235165e-06_4.35288733235165e-06_4.35288733235165e-06_4.35288733235165e-06_4.35288733235165e-06
1016,12575,8-7-4-2-1,3.10920523739404e-06_3.10920523739404e-06_3.10920523739404e-06_3.10920523739404e-06_3.10920523739404e-06
1016,12576,185-41-9-2-1,9.94945675966092e-06_9.94945675966092e-06_9.94945675966092e-06_9.94945675966092e-06_9.94945675966092e-06
1016,12577,8-7-4-2-1,1.49241851394914e-05_1.49241851394914e-05_1.49241851394914e-05_1.49241851394914e-05_1.49241851394914e-05
1016,12578,172-40-4-2-1,5.59656942730927e-06_5.59656942730927e-06_5.59656942730927e-06_5.59656942730927e-06_5.59656942730927e-06
1016,12579,185-41-9-2-1,3.10920523739404e-06_3.10920523739404e-06_3.10920523739404e-06_3.10920523739404e-06_3.10920523739404e-06
1016,12580,70-27-8-1-1,9.32761571218212e-06_9.32761571218212e-06_9.32761571218212e-06_9.32761571218212e-06_9.32761571218212e-06
1016,12581,70-27-8-1-1,4.35288733235165e-06_4.35288733235165e-06_4.35288733235165e-06_4.35288733235165e-06_4.35288733235165e-06
1016,12582,122-16-2-2-1,2.30081187567159e-05_2.30081187567159e-05_2.30081187567159e-05_2.30081187567159e-05_2.30081187567159e-05
1016,12583,191-37-4-2-1,2.05207545668007e-05_2.05207545668007e-05_2.05207545668007e-05_2.05207545668007e-05_2.05207545668007e-05
1016,12584,4-4-4-2-1,7.46209256974569e-06_7.46209256974569e-06_7.46209256974569e-06_7.46209256974569e-06_7.46209256974569e-06
1016,12585,180-40-4-2-1,4.35288733235165e-06_4.35288733235165e-06_4.35288733235165e-06_4.35288733235165e-06_4.35288733235165e-06
1016,12586,116-36-10-1-1,0.000279828471365463_0.000279828471365463_0.000279828471365463_0.000279828471365463_0.000279828471365463
1016,12587,116-36-10-1-1,9.7007203406694e-05_9.7007203406694e-05_9.7007203406694e-05_9.7007203406694e-05_9.7007203406694e-05
1016,12588,216-19-9-2-1,1.3058661997055e-05_1.3058661997055e-05_1.3058661997055e-05_1.3058661997055e-05_1.3058661997055e-05
1016,12589,74-31-9-2-1,2.54954829466311e-05_2.54954829466311e-05_2.54954829466311e-05_2.54954829466311e-05_2.54954829466311e-05
1016,12590,152-32-10-1-1,0.000981887013969037_0.000981887013969037_0.000981887013969037_0.000981887013969037_0.000981887013969037
1016,12591,201-17-10-1-1,7.08898794125841e-05_7.08898794125841e-05_7.08898794125841e-05_7.08898794125841e-05_7.08898794125841e-05
1016,12592,161-36-10-1-1,3.73104628487285e-06_3.73104628487285e-06_3.73104628487285e-06_3.73104628487285e-06_3.73104628487285e-06
1016,12593,25-10-2-2-1,2.79828471365463e-05_2.79828471365463e-05_2.79828471365463e-05_2.79828471365463e-05_2.79828471365463e-05
1016,12594,152-32-10-1-1,3.66886218012497e-05_3.66886218012497e-05_3.66886218012497e-05_3.66886218012497e-05_3.66886218012497e-05
1016,12595,128-7-4-2-1,3.10920523739404e-05_3.10920523739404e-05_3.10920523739404e-05_3.10920523739404e-05_3.10920523739404e-05
1016,12596,153-18-4-2-1,1.6167867234449e-05_1.6167867234449e-05_1.6167867234449e-05_1.6167867234449e-05_1.6167867234449e-05
1016,12598,221-35-4-2-1,8.70577466470331e-06_8.70577466470331e-06_8.70577466470331e-06_8.70577466470331e-06_8.70577466470331e-06
1016,12599,216-19-9-2-1,5.59656942730927e-06_5.59656942730927e-06_5.59656942730927e-06_5.59656942730927e-06_5.59656942730927e-06
1016,12600,40-23-8-1-1,4.35288733235165e-06_4.35288733235165e-06_4.35288733235165e-06_4.35288733235165e-06_4.35288733235165e-06
1016,12601,122-16-2-2-1,3.10920523739404e-06_3.10920523739404e-06_3.10920523739404e-06_3.10920523739404e-06_3.10920523739404e-06
1016,12603,112-14-4-2-1,3.10920523739404e-06_3.10920523739404e-06_3.10920523739404e-06_3.10920523739404e-06_3.10920523739404e-06
1016,12604,199-19-9-2-1,5.59656942730927e-06_5.59656942730927e-06_5.59656942730927e-06_5.59656942730927e-06_5.59656942730927e-06
1016,12605,159-4-4-2-1,4.47725554184741e-05_4.47725554184741e-05_4.47725554184741e-05_4.47725554184741e-05_4.47725554184741e-05
1016,12606,25-10-2-2-1,3.73104628487285e-06_3.73104628487285e-06_3.73104628487285e-06_3.73104628487285e-06_3.73104628487285e-06
1016,12607,40-23-8-1-1,3.10920523739404e-06_3.10920523739404e-06_3.10920523739404e-06_3.10920523739404e-06_3.10920523739404e-06
1016,12608,122-16-2-2-1,4.35288733235165e-06_4.35288733235165e-06_4.35288733235165e-06_4.35288733235165e-06_4.35288733235165e-06
1016,12609,126-29-2-2-1,1.98989135193218e-05_1.98989135193218e-05_1.98989135193218e-05_1.98989135193218e-05_1.98989135193218e-05
1016,12610,214-26-4-2-1,2.17644366617583e-05_2.17644366617583e-05_2.17644366617583e-05_2.17644366617583e-05_2.17644366617583e-05
1016,12611,88-35-4-2-1,0.000261795080988578_0.000261795080988578_0.000261795080988578_0.000261795080988578_0.000261795080988578
1016,12612,172-40-4-2-1,5.59656942730927e-06_5.59656942730927e-06_5.59656942730927e-06_5.59656942730927e-06_5.59656942730927e-06
1016,12613,112-14-4-2-1,4.35288733235165e-06_4.35288733235165e-06_4.35288733235165e-06_4.35288733235165e-06_4.35288733235165e-06
1016,12614,185-41-9-2-1,3.10920523739404e-06_3.10920523739404e-06_3.10920523739404e-06_3.10920523739404e-06_3.10920523739404e-06
1016,12616,102-13-6-2-1,1.05712978071397e-05_1.05712978071397e-05_1.05712978071397e-05_1.05712978071397e-05_1.05712978071397e-05
1016,12617,126-29-2-2-1,2.61173239941099e-05_2.61173239941099e-05_2.61173239941099e-05_2.61173239941099e-05_2.61173239941099e-05
1016,12618,228-17-10-1-1,8.70577466470331e-06_8.70577466470331e-06_8.70577466470331e-06_8.70577466470331e-06_8.70577466470331e-06
1016,12619,8-7-4-2-1,3.73104628487285e-06_3.73104628487285e-06_3.73104628487285e-06_3.73104628487285e-06_3.73104628487285e-06
1016,12620,140-42-12-1-1,6.84025152226688e-06_6.84025152226688e-06_6.84025152226688e-06_6.84025152226688e-06_6.84025152226688e-06
1016,12621,185-41-9-2-1,3.10920523739404e-06_3.10920523739404e-06_3.10920523739404e-06_3.10920523739404e-06_3.10920523739404e-06
1016,12623,227-41-9-2-1,3.10920523739404e-06_3.10920523739404e-06_3.10920523739404e-06_3.10920523739404e-06_3.10920523739404e-06
1016,12624,227-41-9-2-1,3.73104628487285e-06_3.73104628487285e-06_3.73104628487285e-06_3.73104628487285e-06_3.73104628487285e-06
1016,12625,191-37-4-2-1,2.48736418991523e-06_2.48736418991523e-06_2.48736418991523e-06_2.48736418991523e-06_2.48736418991523e-06
1016,12626,185-41-9-2-1,3.10920523739404e-06_3.10920523739404e-06_3.10920523739404e-06_3.10920523739404e-06_3.10920523739404e-06
1016,12628,193-40-4-2-1,1.98989135193218e-05_1.98989135193218e-05_1.98989135193218e-05_1.98989135193218e-05_1.98989135193218e-05
1016,12629,128-7-4-2-1,5.59656942730927e-06_5.59656942730927e-06_5.59656942730927e-06_5.59656942730927e-06_5.59656942730927e-06
1016,12630,109-28-5-1-1,9.94945675966092e-06_9.94945675966092e-06_9.94945675966092e-06_9.94945675966092e-06_9.94945675966092e-06
1016,12631,153-18-4-2-1,3.10920523739404e-06_3.10920523739404e-06_3.10920523739404e-06_3.10920523739404e-06_3.10920523739404e-06
1016,12632,212-41-9-2-1,8.0839336172245e-06_8.0839336172245e-06_8.0839336172245e-06_8.0839336172245e-06_8.0839336172245e-06
1016,12633,172-40-4-2-1,3.73104628487285e-06_3.73104628487285e-06_3.73104628487285e-06_3.73104628487285e-06_3.73104628487285e-06
1016,12634,91-33-5-1-1,1.86552314243642e-05_1.86552314243642e-05_1.86552314243642e-05_1.86552314243642e-05_1.86552314243642e-05
1016,12635,141-42-12-1-1,8.0839336172245e-06_8.0839336172245e-06_8.0839336172245e-06_8.0839336172245e-06_8.0839336172245e-06
1016,12636,225-31-9-2-1,2.61173239941099e-05_2.61173239941099e-05_2.61173239941099e-05_2.61173239941099e-05_2.61173239941099e-05
1016,12637,185-41-9-2-1,3.10920523739404e-06_3.10920523739404e-06_3.10920523739404e-06_3.10920523739404e-06_3.10920523739404e-06
1016,12638,125-30-1-1-1,7.46209256974569e-05_7.46209256974569e-05_7.46209256974569e-05_7.46209256974569e-05_7.46209256974569e-05
1016,12639,148-29-2-2-1,2.73610060890675e-05_2.73610060890675e-05_2.73610060890675e-05_2.73610060890675e-05_2.73610060890675e-05
1016,12640,7-4-4-2-1,4.35288733235165e-06_4.35288733235165e-06_4.35288733235165e-06_4.35288733235165e-06_4.35288733235165e-06
1016,12641,185-41-9-2-1,3.10920523739404e-06_3.10920523739404e-06_3.10920523739404e-06_3.10920523739404e-06_3.10920523739404e-06
1016,12642,203-11-4-2-1,1.80333903768854e-05_1.80333903768854e-05_1.80333903768854e-05_1.80333903768854e-05_1.80333903768854e-05
1016,12643,150-30-1-1-1,8.33267003621602e-05_8.33267003621602e-05_8.33267003621602e-05_8.33267003621602e-05_8.33267003621602e-05
1016,12644,128-7-4-2-1,0.000108822183308791_0.000108822183308791_0.000108822183308791_0.000108822183308791_0.000108822183308791
1016,12645,128-7-4-2-1,9.32761571218212e-06_9.32761571218212e-06_9.32761571218212e-06_9.32761571218212e-06_9.32761571218212e-06
1016,12646,17-11-4-2-1,1.18149799020973e-05_1.18149799020973e-05_1.18149799020973e-05_1.18149799020973e-05_1.18149799020973e-05
1016,12647,109-28-5-1-1,7.46209256974569e-06_7.46209256974569e-06_7.46209256974569e-06_7.46209256974569e-06_7.46209256974569e-06
1016,12648,216-19-9-2-1,1.05712978071397e-05_1.05712978071397e-05_1.05712978071397e-05_1.05712978071397e-05_1.05712978071397e-05
1016,12649,220-22-8-1-1,3.10920523739404e-06_3.10920523739404e-06_3.10920523739404e-06_3.10920523739404e-06_3.10920523739404e-06
1016,12650,148-29-2-2-1,1.18149799020973e-05_1.18149799020973e-05_1.18149799020973e-05_1.18149799020973e-05_1.18149799020973e-05
1016,12651,55-22-8-1-1,3.10920523739404e-06_3.10920523739404e-06_3.10920523739404e-06_3.10920523739404e-06_3.10920523739404e-06
1016,12652,27-8-3-1-1,1.11931388546185e-05_1.11931388546185e-05_1.11931388546185e-05_1.11931388546185e-05_1.11931388546185e-05
1016,12653,112-14-4-2-1,3.10920523739404e-06_3.10920523739404e-06_3.10920523739404e-06_3.10920523739404e-06_3.10920523739404e-06
1016,12654,34-19-9-2-1,3.10920523739404e-06_3.10920523739404e-06_3.10920523739404e-06_3.10920523739404e-06_3.10920523739404e-06
1016,12655,167-18-4-2-1,4.97472837983046e-06_4.97472837983046e-06_4.97472837983046e-06_4.97472837983046e-06_4.97472837983046e-06
1016,12656,63-27-8-1-1,6.84025152226688e-06_6.84025152226688e-06_6.84025152226688e-06_6.84025152226688e-06_6.84025152226688e-06
1016,12657,44-13-6-2-1,7.46209256974569e-06_7.46209256974569e-06_7.46209256974569e-06_7.46209256974569e-06_7.46209256974569e-06
1016,12658,161-36-10-1-1,3.73104628487285e-06_3.73104628487285e-06_3.73104628487285e-06_3.73104628487285e-06_3.73104628487285e-06
1016,12660,141-42-12-1-1,8.0839336172245e-06_8.0839336172245e-06_8.0839336172245e-06_8.0839336172245e-06_8.0839336172245e-06
1016,12661,166-18-4-2-1,1.43023440920126e-05_1.43023440920126e-05_1.43023440920126e-05_1.43023440920126e-05_1.43023440920126e-05
1016,12663,98-27-8-1-1,4.35288733235165e-06_4.35288733235165e-06_4.35288733235165e-06_4.35288733235165e-06_4.35288733235165e-06
1016,12664,44-13-6-2-1,5.65875353205715e-05_5.65875353205715e-05_5.65875353205715e-05_5.65875353205715e-05_5.65875353205715e-05
1016,12665,47-22-8-1-1,2.05207545668007e-05_2.05207545668007e-05_2.05207545668007e-05_2.05207545668007e-05_2.05207545668007e-05
1016,12666,140-42-12-1-1,6.21841047478808e-06_6.21841047478808e-06_6.21841047478808e-06_6.21841047478808e-06_6.21841047478808e-06
1016,12667,5-5-5-1-1,7.46209256974569e-06_7.46209256974569e-06_7.46209256974569e-06_7.46209256974569e-06_7.46209256974569e-06
1016,12668,176-20-9-2-1,4.04196680861225e-05_4.04196680861225e-05_4.04196680861225e-05_4.04196680861225e-05_4.04196680861225e-05
1016,12669,191-37-4-2-1,3.10920523739404e-06_3.10920523739404e-06_3.10920523739404e-06_3.10920523739404e-06_3.10920523739404e-06
1016,12670,74-31-9-2-1,3.10920523739404e-06_3.10920523739404e-06_3.10920523739404e-06_3.10920523739404e-06_3.10920523739404e-06
1016,12671,35-20-9-2-1,6.52933099852748e-05_6.52933099852748e-05_6.52933099852748e-05_6.52933099852748e-05_6.52933099852748e-05
1016,12672,185-41-9-2-1,3.10920523739404e-06_3.10920523739404e-06_3.10920523739404e-06_3.10920523739404e-06_3.10920523739404e-06
1016,12673,66-29-2-2-1,0.000396734588291479_0.000396734588291479_0.000396734588291479_0.000396734588291479_0.000396734588291479
1016,12674,185-41-9-2-1,6.84025152226688e-06_6.84025152226688e-06_6.84025152226688e-06_6.84025152226688e-06_6.84025152226688e-06
1016,12675,167-18-4-2-1,3.10920523739404e-06_3.10920523739404e-06_3.10920523739404e-06_3.10920523739404e-06_3.10920523739404e-06
1016,12676,147-11-4-2-1,1.18149799020973e-05_1.18149799020973e-05_1.18149799020973e-05_1.18149799020973e-05_1.18149799020973e-05
1016,12677,142-42-12-1-1,8.70577466470331e-06_8.70577466470331e-06_8.70577466470331e-06_8.70577466470331e-06_8.70577466470331e-06
1016,12678,35-20-9-2-1,3.17138934214192e-05_3.17138934214192e-05_3.17138934214192e-05_3.17138934214192e-05_3.17138934214192e-05
1016,12679,98-27-8-1-1,1.86552314243642e-05_1.86552314243642e-05_1.86552314243642e-05_1.86552314243642e-05_1.86552314243642e-05
1016,12680,80-11-4-2-1,7.83519719823298e-05_7.83519719823298e-05_7.83519719823298e-05_7.83519719823298e-05_7.83519719823298e-05
1016,12681,167-18-4-2-1,9.94945675966092e-06_9.94945675966092e-06_9.94945675966092e-06_9.94945675966092e-06_9.94945675966092e-06
1016,12682,227-41-9-2-1,3.10920523739404e-06_3.10920523739404e-06_3.10920523739404e-06_3.10920523739404e-06_3.10920523739404e-06
1016,12683,185-41-9-2-1,3.10920523739404e-06_3.10920523739404e-06_3.10920523739404e-06_3.10920523739404e-06_3.10920523739404e-06
1016,12684,116-36-10-1-1,0.000116906116926016_0.000116906116926016_0.000116906116926016_0.000116906116926016_0.000116906116926016
1016,12685,6-6-6-2-1,4.66380785609106e-05_4.66380785609106e-05_4.66380785609106e-05_4.66380785609106e-05_4.66380785609106e-05
1016,12686,110-3-3-1-1,0.000180955744816333_0.000180955744816333_0.000180955744816333_0.000180955744816333_0.000180955744816333
1016,12687,149-16-2-2-1,3.10920523739404e-06_3.10920523739404e-06_3.10920523739404e-06_3.10920523739404e-06_3.10920523739404e-06
1016,12690,159-4-4-2-1,4.97472837983046e-06_4.97472837983046e-06_4.97472837983046e-06_4.97472837983046e-06_4.97472837983046e-06
1016,12691,39-22-8-1-1,4.35288733235165e-06_4.35288733235165e-06_4.35288733235165e-06_4.35288733235165e-06_4.35288733235165e-06
1016,12692,45-5-5-1-1,3.73104628487285e-06_3.73104628487285e-06_3.73104628487285e-06_3.73104628487285e-06_3.73104628487285e-06
1016,12693,185-41-9-2-1,4.97472837983046e-06_4.97472837983046e-06_4.97472837983046e-06_4.97472837983046e-06_4.97472837983046e-06
1016,12694,185-41-9-2-1,3.73104628487285e-06_3.73104628487285e-06_3.73104628487285e-06_3.73104628487285e-06_3.73104628487285e-06
1016,12695,172-40-4-2-1,3.10920523739404e-06_3.10920523739404e-06_3.10920523739404e-06_3.10920523739404e-06_3.10920523739404e-06
1016,12696,185-41-9-2-1,4.35288733235165e-06_4.35288733235165e-06_4.35288733235165e-06_4.35288733235165e-06_4.35288733235165e-06
1016,12697,13-6-6-2-1,3.2335734468898e-05_3.2335734468898e-05_3.2335734468898e-05_3.2335734468898e-05_3.2335734468898e-05
1016,12698,213-15-9-2-1,1.36805030445338e-05_1.36805030445338e-05_1.36805030445338e-05_1.36805030445338e-05_1.36805030445338e-05
1016,12699,180-40-4-2-1,6.84025152226688e-06_6.84025152226688e-06_6.84025152226688e-06_6.84025152226688e-06_6.84025152226688e-06
1016,12700,32-18-4-2-1,1.86552314243642e-05_1.86552314243642e-05_1.86552314243642e-05_1.86552314243642e-05_1.86552314243642e-05
1016,12701,34-19-9-2-1,5.59656942730927e-06_5.59656942730927e-06_5.59656942730927e-06_5.59656942730927e-06_5.59656942730927e-06
1016,12702,153-18-4-2-1,1.43023440920126e-05_1.43023440920126e-05_1.43023440920126e-05_1.43023440920126e-05_1.43023440920126e-05
1016,12703,185-41-9-2-1,4.35288733235165e-06_4.35288733235165e-06_4.35288733235165e-06_4.35288733235165e-06_4.35288733235165e-06
1016,12704,112-14-4-2-1,9.94945675966092e-06_9.94945675966092e-06_9.94945675966092e-06_9.94945675966092e-06_9.94945675966092e-06
1016,12705,226-32-10-1-1,1.9277072471843e-05_1.9277072471843e-05_1.9277072471843e-05_1.9277072471843e-05_1.9277072471843e-05
1016,12707,133-12-8-1-1,0.000208938591952879_0.000208938591952879_0.000208938591952879_0.000208938591952879_0.000208938591952879
1016,12708,133-12-8-1-1,3.10920523739404e-06_3.10920523739404e-06_3.10920523739404e-06_3.10920523739404e-06_3.10920523739404e-06
1016,12709,209-35-4-2-1,0.000108200342261313_0.000108200342261313_0.000108200342261313_0.000108200342261313_0.000108200342261313
1016,12710,205-12-8-1-1,8.0839336172245e-06_8.0839336172245e-06_8.0839336172245e-06_8.0839336172245e-06_8.0839336172245e-06
1016,12711,235-34-11-1-1,4.97472837983046e-05_4.97472837983046e-05_4.97472837983046e-05_4.97472837983046e-05_4.97472837983046e-05
1016,12712,140-42-12-1-1,9.32761571218212e-06_9.32761571218212e-06_9.32761571218212e-06_9.32761571218212e-06_9.32761571218212e-06
1016,12713,44-13-6-2-1,1.36805030445338e-05_1.36805030445338e-05_1.36805030445338e-05_1.36805030445338e-05_1.36805030445338e-05
1016,12715,105-8-3-1-1,0.000292887133362518_0.000292887133362518_0.000292887133362518_0.000292887133362518_0.000292887133362518
1016,12716,122-16-2-2-1,1.11931388546185e-05_1.11931388546185e-05_1.11931388546185e-05_1.11931388546185e-05_1.11931388546185e-05
1016,12717,120-16-2-2-1,5.78312174155291e-05_5.78312174155291e-05_5.78312174155291e-05_5.78312174155291e-05_5.78312174155291e-05
1016,12718,32-18-4-2-1,1.36805030445338e-05_1.36805030445338e-05_1.36805030445338e-05_1.36805030445338e-05_1.36805030445338e-05
1016,12719,161-36-10-1-1,4.35288733235165e-06_4.35288733235165e-06_4.35288733235165e-06_4.35288733235165e-06_4.35288733235165e-06
1016,12720,132-42-12-1-1,3.73104628487285e-06_3.73104628487285e-06_3.73104628487285e-06_3.73104628487285e-06_3.73104628487285e-06
1016,12721,10-3-3-1-1,2.30081187567159e-05_2.30081187567159e-05_2.30081187567159e-05_2.30081187567159e-05_2.30081187567159e-05
1016,12722,191-37-4-2-1,3.73104628487285e-06_3.73104628487285e-06_3.73104628487285e-06_3.73104628487285e-06_3.73104628487285e-06
1016,12723,74-31-9-2-1,6.65369920802324e-05_6.65369920802324e-05_6.65369920802324e-05_6.65369920802324e-05_6.65369920802324e-05
1016,12724,154-25-8-1-1,1.43023440920126e-05_1.43023440920126e-05_1.43023440920126e-05_1.43023440920126e-05_1.43023440920126e-05
1016,12725,22-13-6-2-1,1.18149799020973e-05_1.18149799020973e-05_1.18149799020973e-05_1.18149799020973e-05_1.18149799020973e-05
1016,12726,44-13-6-2-1,5.34783300831775e-05_5.34783300831775e-05_5.34783300831775e-05_5.34783300831775e-05_5.34783300831775e-05
1016,12727,160-30-1-1-1,1.11931388546185e-05_1.11931388546185e-05_1.11931388546185e-05_1.11931388546185e-05_1.11931388546185e-05
1016,12729,70-27-8-1-1,3.73104628487285e-06_3.73104628487285e-06_3.73104628487285e-06_3.73104628487285e-06_3.73104628487285e-06
1016,12730,172-40-4-2-1,3.73104628487285e-06_3.73104628487285e-06_3.73104628487285e-06_3.73104628487285e-06_3.73104628487285e-06
1016,12731,76-4-4-2-1,8.0839336172245e-06_8.0839336172245e-06_8.0839336172245e-06_8.0839336172245e-06_8.0839336172245e-06
1016,12732,63-27-8-1-1,6.21841047478808e-06_6.21841047478808e-06_6.21841047478808e-06_6.21841047478808e-06_6.21841047478808e-06
1016,12733,52-25-8-1-1,2.42518008516735e-05_2.42518008516735e-05_2.42518008516735e-05_2.42518008516735e-05_2.42518008516735e-05
1016,12734,223-40-4-2-1,6.84025152226688e-06_6.84025152226688e-06_6.84025152226688e-06_6.84025152226688e-06_6.84025152226688e-06
1016,12735,70-27-8-1-1,3.73104628487285e-06_3.73104628487285e-06_3.73104628487285e-06_3.73104628487285e-06_3.73104628487285e-06
1016,12736,5-5-5-1-1,0.000145510805110041_0.000145510805110041_0.000145510805110041_0.000145510805110041_0.000145510805110041
1016,12737,102-13-6-2-1,1.05712978071397e-05_1.05712978071397e-05_1.05712978071397e-05_1.05712978071397e-05_1.05712978071397e-05
1016,12738,79-32-10-1-1,1.9277072471843e-05_1.9277072471843e-05_1.9277072471843e-05_1.9277072471843e-05_1.9277072471843e-05
1016,12739,45-5-5-1-1,1.24368209495762e-05_1.24368209495762e-05_1.24368209495762e-05_1.24368209495762e-05_1.24368209495762e-05
1016,12740,102-13-6-2-1,9.32761571218212e-06_9.32761571218212e-06_9.32761571218212e-06_9.32761571218212e-06_9.32761571218212e-06
1016,12741,83-33-5-1-1,1.24368209495762e-05_1.24368209495762e-05_1.24368209495762e-05_1.24368209495762e-05_1.24368209495762e-05
1016,12742,185-41-9-2-1,3.10920523739404e-06_3.10920523739404e-06_3.10920523739404e-06_3.10920523739404e-06_3.10920523739404e-06
1016,12743,176-20-9-2-1,6.21841047478808e-06_6.21841047478808e-06_6.21841047478808e-06_6.21841047478808e-06_6.21841047478808e-06
1016,12744,180-40-4-2-1,4.35288733235165e-06_4.35288733235165e-06_4.35288733235165e-06_4.35288733235165e-06_4.35288733235165e-06
1016,12745,96-13-6-2-1,1.3058661997055e-05_1.3058661997055e-05_1.3058661997055e-05_1.3058661997055e-05_1.3058661997055e-05
1016,12746,157-12-8-1-1,4.5394396465953e-05_4.5394396465953e-05_4.5394396465953e-05_4.5394396465953e-05_4.5394396465953e-05
1016,12747,205-12-8-1-1,9.94945675966092e-06_9.94945675966092e-06_9.94945675966092e-06_9.94945675966092e-06_9.94945675966092e-06
1016,12748,157-12-8-1-1,1.6167867234449e-05_1.6167867234449e-05_1.6167867234449e-05_1.6167867234449e-05_1.6167867234449e-05
1016,12749,129-21-4-2-1,1.11931388546185e-05_1.11931388546185e-05_1.11931388546185e-05_1.11931388546185e-05_1.11931388546185e-05
1016,12750,129-21-4-2-1,1.18149799020973e-05_1.18149799020973e-05_1.18149799020973e-05_1.18149799020973e-05_1.18149799020973e-05
1016,12751,163-43-4-2-1,2.17644366617583e-05_2.17644366617583e-05_2.17644366617583e-05_2.17644366617583e-05_2.17644366617583e-05
1016,12752,122-16-2-2-1,5.59656942730927e-05_5.59656942730927e-05_5.59656942730927e-05_5.59656942730927e-05_5.59656942730927e-05
1016,12753,122-16-2-2-1,5.90748995104867e-05_5.90748995104867e-05_5.90748995104867e-05_5.90748995104867e-05_5.90748995104867e-05
1016,12754,40-23-8-1-1,3.73104628487285e-05_3.73104628487285e-05_3.73104628487285e-05_3.73104628487285e-05_3.73104628487285e-05
1016,12755,163-43-4-2-1,8.3948541409639e-05_8.3948541409639e-05_8.3948541409639e-05_8.3948541409639e-05_8.3948541409639e-05
1016,12756,40-23-8-1-1,1.11931388546185e-05_1.11931388546185e-05_1.11931388546185e-05_1.11931388546185e-05_1.11931388546185e-05
1016,12757,120-16-2-2-1,8.45703824571178e-05_8.45703824571178e-05_8.45703824571178e-05_8.45703824571178e-05_8.45703824571178e-05
1016,12758,147-11-4-2-1,3.17138934214192e-05_3.17138934214192e-05_3.17138934214192e-05_3.17138934214192e-05_3.17138934214192e-05
1016,12759,153-18-4-2-1,1.24368209495762e-05_1.24368209495762e-05_1.24368209495762e-05_1.24368209495762e-05_1.24368209495762e-05
1016,12760,163-43-4-2-1,0.000170384447009193_0.000170384447009193_0.000170384447009193_0.000170384447009193_0.000170384447009193
1016,12761,185-41-9-2-1,5.59656942730927e-06_5.59656942730927e-06_5.59656942730927e-06_5.59656942730927e-06_5.59656942730927e-06
1016,12762,142-42-12-1-1,3.10920523739404e-06_3.10920523739404e-06_3.10920523739404e-06_3.10920523739404e-06_3.10920523739404e-06
1016,12763,142-42-12-1-1,3.10920523739404e-06_3.10920523739404e-06_3.10920523739404e-06_3.10920523739404e-06_3.10920523739404e-06
1016,12764,140-42-12-1-1,3.73104628487285e-06_3.73104628487285e-06_3.73104628487285e-06_3.73104628487285e-06_3.73104628487285e-06
1016,12765,225-31-9-2-1,1.18149799020973e-05_1.18149799020973e-05_1.18149799020973e-05_1.18149799020973e-05_1.18149799020973e-05
1016,12766,225-31-9-2-1,1.36805030445338e-05_1.36805030445338e-05_1.36805030445338e-05_1.36805030445338e-05_1.36805030445338e-05
1016,12767,79-32-10-1-1,8.70577466470331e-06_8.70577466470331e-06_8.70577466470331e-06_8.70577466470331e-06_8.70577466470331e-06
1016,12768,141-42-12-1-1,5.59656942730927e-06_5.59656942730927e-06_5.59656942730927e-06_5.59656942730927e-06_5.59656942730927e-06
1016,12769,112-14-4-2-1,1.36805030445338e-05_1.36805030445338e-05_1.36805030445338e-05_1.36805030445338e-05_1.36805030445338e-05
1016,12770,160-30-1-1-1,1.6167867234449e-05_1.6167867234449e-05_1.6167867234449e-05_1.6167867234449e-05_1.6167867234449e-05
1016,12771,199-19-9-2-1,4.35288733235165e-06_4.35288733235165e-06_4.35288733235165e-06_4.35288733235165e-06_4.35288733235165e-06
1016,12772,226-32-10-1-1,1.24368209495762e-05_1.24368209495762e-05_1.24368209495762e-05_1.24368209495762e-05_1.24368209495762e-05
1016,12773,160-30-1-1-1,9.94945675966092e-06_9.94945675966092e-06_9.94945675966092e-06_9.94945675966092e-06_9.94945675966092e-06
1016,12774,149-16-2-2-1,1.43023440920126e-05_1.43023440920126e-05_1.43023440920126e-05_1.43023440920126e-05_1.43023440920126e-05
1016,12775,185-41-9-2-1,3.10920523739404e-06_3.10920523739404e-06_3.10920523739404e-06_3.10920523739404e-06_3.10920523739404e-06
1016,12776,34-19-9-2-1,3.73104628487285e-06_3.73104628487285e-06_3.73104628487285e-06_3.73104628487285e-06_3.73104628487285e-06
1016,12777,172-40-4-2-1,2.05207545668007e-05_2.05207545668007e-05_2.05207545668007e-05_2.05207545668007e-05_2.05207545668007e-05
1016,12778,76-4-4-2-1,9.94945675966092e-06_9.94945675966092e-06_9.94945675966092e-06_9.94945675966092e-06_9.94945675966092e-06
1016,12779,61-13-6-2-1,0.000114418752736101_0.000114418752736101_0.000114418752736101_0.000114418752736101_0.000114418752736101
1016,12780,34-19-9-2-1,3.73104628487285e-06_3.73104628487285e-06_3.73104628487285e-06_3.73104628487285e-06_3.73104628487285e-06
1016,12781,153-18-4-2-1,5.59656942730927e-06_5.59656942730927e-06_5.59656942730927e-06_5.59656942730927e-06_5.59656942730927e-06
1016,12782,200-15-9-2-1,1.55460261869702e-05_1.55460261869702e-05_1.55460261869702e-05_1.55460261869702e-05_1.55460261869702e-05
1016,12783,61-13-6-2-1,6.34277868428384e-05_6.34277868428384e-05_6.34277868428384e-05_6.34277868428384e-05_6.34277868428384e-05
1016,12784,191-37-4-2-1,1.11931388546185e-05_1.11931388546185e-05_1.11931388546185e-05_1.11931388546185e-05_1.11931388546185e-05
1016,12785,133-12-8-1-1,5.96967405579655e-05_5.96967405579655e-05_5.96967405579655e-05_5.96967405579655e-05_5.96967405579655e-05
1016,12787,39-22-8-1-1,3.42012576113344e-05_3.42012576113344e-05_3.42012576113344e-05_3.42012576113344e-05_3.42012576113344e-05
1016,12788,226-32-10-1-1,8.0839336172245e-06_8.0839336172245e-06_8.0839336172245e-06_8.0839336172245e-06_8.0839336172245e-06
1016,12789,182-24-7-1-1,0.00077730130934851_0.00077730130934851_0.00077730130934851_0.00077730130934851_0.00077730130934851
1016,12790,49-22-8-1-1,4.22851912285589e-05_4.22851912285589e-05_4.22851912285589e-05_4.22851912285589e-05_4.22851912285589e-05
1016,12791,234-24-7-1-1,9.45198392167788e-05_9.45198392167788e-05_9.45198392167788e-05_9.45198392167788e-05_9.45198392167788e-05
1016,12792,172-40-4-2-1,2.05207545668007e-05_2.05207545668007e-05_2.05207545668007e-05_2.05207545668007e-05_2.05207545668007e-05
1016,12793,140-42-12-1-1,3.73104628487285e-06_3.73104628487285e-06_3.73104628487285e-06_3.73104628487285e-06_3.73104628487285e-06
1016,12794,229-5-5-1-1,3.04702113264616e-05_3.04702113264616e-05_3.04702113264616e-05_3.04702113264616e-05_3.04702113264616e-05
1016,12795,74-31-9-2-1,2.30081187567159e-05_2.30081187567159e-05_2.30081187567159e-05_2.30081187567159e-05_2.30081187567159e-05
1016,12796,39-22-8-1-1,6.21841047478808e-06_6.21841047478808e-06_6.21841047478808e-06_6.21841047478808e-06_6.21841047478808e-06
1016,12797,44-13-6-2-1,8.70577466470331e-06_8.70577466470331e-06_8.70577466470331e-06_8.70577466470331e-06_8.70577466470331e-06
1016,12798,174-15-9-2-1,3.10920523739404e-06_3.10920523739404e-06_3.10920523739404e-06_3.10920523739404e-06_3.10920523739404e-06
1016,12799,84-2-2-2-1,4.47725554184741e-05_4.47725554184741e-05_4.47725554184741e-05_4.47725554184741e-05_4.47725554184741e-05
1016,12800,213-15-9-2-1,1.05712978071397e-05_1.05712978071397e-05_1.05712978071397e-05_1.05712978071397e-05_1.05712978071397e-05
1016,12801,122-16-2-2-1,5.59656942730927e-06_5.59656942730927e-06_5.59656942730927e-06_5.59656942730927e-06_5.59656942730927e-06
1016,12802,212-41-9-2-1,3.73104628487285e-06_3.73104628487285e-06_3.73104628487285e-06_3.73104628487285e-06_3.73104628487285e-06
1016,12803,188-14-4-2-1,2.17644366617583e-05_2.17644366617583e-05_2.17644366617583e-05_2.17644366617583e-05_2.17644366617583e-05
1016,12804,122-16-2-2-1,2.11425956142795e-05_2.11425956142795e-05_2.11425956142795e-05_2.11425956142795e-05_2.11425956142795e-05
1016,12805,70-27-8-1-1,8.70577466470331e-06_8.70577466470331e-06_8.70577466470331e-06_8.70577466470331e-06_8.70577466470331e-06
1016,12806,17-11-4-2-1,3.35794165638556e-05_3.35794165638556e-05_3.35794165638556e-05_3.35794165638556e-05_3.35794165638556e-05
1016,12807,185-41-9-2-1,6.84025152226688e-06_6.84025152226688e-06_6.84025152226688e-06_6.84025152226688e-06_6.84025152226688e-06
1016,12808,68-30-1-1-1,1.11931388546185e-05_1.11931388546185e-05_1.11931388546185e-05_1.11931388546185e-05_1.11931388546185e-05
1016,12809,134-29-2-2-1,0.00117279221554503_0.00117279221554503_0.00117279221554503_0.00117279221554503_0.00117279221554503
1016,12810,166-18-4-2-1,1.49241851394914e-05_1.49241851394914e-05_1.49241851394914e-05_1.49241851394914e-05_1.49241851394914e-05
1016,12811,8-7-4-2-1,3.73104628487285e-06_3.73104628487285e-06_3.73104628487285e-06_3.73104628487285e-06_3.73104628487285e-06
1016,12812,70-27-8-1-1,4.35288733235165e-06_4.35288733235165e-06_4.35288733235165e-06_4.35288733235165e-06_4.35288733235165e-06
1016,12813,184-31-9-2-1,4.35288733235165e-06_4.35288733235165e-06_4.35288733235165e-06_4.35288733235165e-06_4.35288733235165e-06
1016,12814,226-32-10-1-1,4.35288733235165e-06_4.35288733235165e-06_4.35288733235165e-06_4.35288733235165e-06_4.35288733235165e-06
1016,12815,161-36-10-1-1,3.10920523739404e-06_3.10920523739404e-06_3.10920523739404e-06_3.10920523739404e-06_3.10920523739404e-06
1016,12816,74-31-9-2-1,6.84025152226688e-06_6.84025152226688e-06_6.84025152226688e-06_6.84025152226688e-06_6.84025152226688e-06
1016,12818,8-7-4-2-1,3.35794165638556e-05_3.35794165638556e-05_3.35794165638556e-05_3.35794165638556e-05_3.35794165638556e-05
1016,12819,184-31-9-2-1,1.98989135193218e-05_1.98989135193218e-05_1.98989135193218e-05_1.98989135193218e-05_1.98989135193218e-05
1016,12820,214-26-4-2-1,9.94945675966092e-06_9.94945675966092e-06_9.94945675966092e-06_9.94945675966092e-06_9.94945675966092e-06
1016,12821,142-42-12-1-1,3.10920523739404e-06_3.10920523739404e-06_3.10920523739404e-06_3.10920523739404e-06_3.10920523739404e-06
1016,12822,26-15-9-2-1,3.10920523739404e-06_3.10920523739404e-06_3.10920523739404e-06_3.10920523739404e-06_3.10920523739404e-06
1016,12823,200-15-9-2-1,0.000112553229593664_0.000112553229593664_0.000112553229593664_0.000112553229593664_0.000112553229593664
1016,12825,185-41-9-2-1,6.21841047478808e-06_6.21841047478808e-06_6.21841047478808e-06_6.21841047478808e-06_6.21841047478808e-06
1016,12826,222-35-4-2-1,4.97472837983046e-06_4.97472837983046e-06_4.97472837983046e-06_4.97472837983046e-06_4.97472837983046e-06
1016,12827,226-32-10-1-1,1.6167867234449e-05_1.6167867234449e-05_1.6167867234449e-05_1.6167867234449e-05_1.6167867234449e-05
1016,12828,134-29-2-2-1,8.0839336172245e-06_8.0839336172245e-06_8.0839336172245e-06_8.0839336172245e-06_8.0839336172245e-06
1016,12829,112-14-4-2-1,4.97472837983046e-06_4.97472837983046e-06_4.97472837983046e-06_4.97472837983046e-06_4.97472837983046e-06
1016,12830,49-22-8-1-1,4.35288733235165e-06_4.35288733235165e-06_4.35288733235165e-06_4.35288733235165e-06_4.35288733235165e-06
1016,12831,26-15-9-2-1,6.21841047478808e-06_6.21841047478808e-06_6.21841047478808e-06_6.21841047478808e-06_6.21841047478808e-06
1016,12832,4-4-4-2-1,0.000151729215584829_0.000151729215584829_0.000151729215584829_0.000151729215584829_0.000151729215584829
1016,12833,159-4-4-2-1,1.49241851394914e-05_1.49241851394914e-05_1.49241851394914e-05_1.49241851394914e-05_1.49241851394914e-05
1016,12834,136-26-4-2-1,8.70577466470331e-06_8.70577466470331e-06_8.70577466470331e-06_8.70577466470331e-06_8.70577466470331e-06
1016,12835,149-16-2-2-1,4.35288733235165e-06_4.35288733235165e-06_4.35288733235165e-06_4.35288733235165e-06_4.35288733235165e-06
1016,12836,100-8-3-1-1,0.00139292394635253_0.00139292394635253_0.00139292394635253_0.00139292394635253_0.00139292394635253
1016,12837,125-30-1-1-1,8.83014287419907e-05_8.83014287419907e-05_8.83014287419907e-05_8.83014287419907e-05_8.83014287419907e-05
1016,12838,122-16-2-2-1,4.60162375134318e-05_4.60162375134318e-05_4.60162375134318e-05_4.60162375134318e-05_4.60162375134318e-05
1016,12839,10-3-3-1-1,1.80333903768854e-05_1.80333903768854e-05_1.80333903768854e-05_1.80333903768854e-05_1.80333903768854e-05
1016,12840,70-27-8-1-1,3.5444939706292e-05_3.5444939706292e-05_3.5444939706292e-05_3.5444939706292e-05_3.5444939706292e-05
1016,12841,112-14-4-2-1,9.94945675966092e-06_9.94945675966092e-06_9.94945675966092e-06_9.94945675966092e-06_9.94945675966092e-06
1016,12842,212-41-9-2-1,2.54954829466311e-05_2.54954829466311e-05_2.54954829466311e-05_2.54954829466311e-05_2.54954829466311e-05
1016,12843,156-37-4-2-1,8.70577466470331e-06_8.70577466470331e-06_8.70577466470331e-06_8.70577466470331e-06_8.70577466470331e-06
1016,12844,161-36-10-1-1,4.35288733235165e-06_4.35288733235165e-06_4.35288733235165e-06_4.35288733235165e-06_4.35288733235165e-06
1016,12845,161-36-10-1-1,2.48736418991523e-06_2.48736418991523e-06_2.48736418991523e-06_2.48736418991523e-06_2.48736418991523e-06
1016,12846,1-1-1-1-1,1.18149799020973e-05_1.18149799020973e-05_1.18149799020973e-05_1.18149799020973e-05_1.18149799020973e-05
1016,12847,153-18-4-2-1,9.94945675966092e-06_9.94945675966092e-06_9.94945675966092e-06_9.94945675966092e-06_9.94945675966092e-06
1016,12848,4-4-4-2-1,8.70577466470331e-06_8.70577466470331e-06_8.70577466470331e-06_8.70577466470331e-06_8.70577466470331e-06
1016,12849,218-7-4-2-1,3.10920523739404e-06_3.10920523739404e-06_3.10920523739404e-06_3.10920523739404e-06_3.10920523739404e-06
1016,12850,98-27-8-1-1,5.59656942730927e-06_5.59656942730927e-06_5.59656942730927e-06_5.59656942730927e-06_5.59656942730927e-06
1016,12851,147-11-4-2-1,3.10920523739404e-06_3.10920523739404e-06_3.10920523739404e-06_3.10920523739404e-06_3.10920523739404e-06
1016,12852,177-7-4-2-1,4.97472837983046e-06_4.97472837983046e-06_4.97472837983046e-06_4.97472837983046e-06_4.97472837983046e-06
1016,12853,27-8-3-1-1,0.00181080113025829_0.00181080113025829_0.00181080113025829_0.00181080113025829_0.00181080113025829
1016,12854,151-19-9-2-1,1.05712978071397e-05_1.05712978071397e-05_1.05712978071397e-05_1.05712978071397e-05_1.05712978071397e-05
1016,12855,177-7-4-2-1,3.2335734468898e-05_3.2335734468898e-05_3.2335734468898e-05_3.2335734468898e-05_3.2335734468898e-05
1016,12856,149-16-2-2-1,2.79828471365463e-05_2.79828471365463e-05_2.79828471365463e-05_2.79828471365463e-05_2.79828471365463e-05
1016,12858,175-20-9-2-1,3.10920523739404e-06_3.10920523739404e-06_3.10920523739404e-06_3.10920523739404e-06_3.10920523739404e-06
1016,12859,149-16-2-2-1,7.71082898873721e-05_7.71082898873721e-05_7.71082898873721e-05_7.71082898873721e-05_7.71082898873721e-05
1016,12860,44-13-6-2-1,6.21841047478808e-06_6.21841047478808e-06_6.21841047478808e-06_6.21841047478808e-06_6.21841047478808e-06
1016,12861,145-25-8-1-1,5.65875353205715e-05_5.65875353205715e-05_5.65875353205715e-05_5.65875353205715e-05_5.65875353205715e-05
1016,12862,116-36-10-1-1,8.70577466470331e-06_8.70577466470331e-06_8.70577466470331e-06_8.70577466470331e-06_8.70577466470331e-06
1016,12863,149-16-2-2-1,0.000256820352608748_0.000256820352608748_0.000256820352608748_0.000256820352608748_0.000256820352608748
1016,12864,122-16-2-2-1,6.84025152226688e-06_6.84025152226688e-06_6.84025152226688e-06_6.84025152226688e-06_6.84025152226688e-06
1016,12865,11-4-4-2-1,1.49241851394914e-05_1.49241851394914e-05_1.49241851394914e-05_1.49241851394914e-05_1.49241851394914e-05
1016,12866,76-4-4-2-1,4.35288733235165e-06_4.35288733235165e-06_4.35288733235165e-06_4.35288733235165e-06_4.35288733235165e-06
1016,12867,128-7-4-2-1,3.73104628487285e-06_3.73104628487285e-06_3.73104628487285e-06_3.73104628487285e-06_3.73104628487285e-06
1016,12868,185-41-9-2-1,5.59656942730927e-06_5.59656942730927e-06_5.59656942730927e-06_5.59656942730927e-06_5.59656942730927e-06
1016,12869,136-26-4-2-1,8.70577466470331e-06_8.70577466470331e-06_8.70577466470331e-06_8.70577466470331e-06_8.70577466470331e-06
1016,12870,172-40-4-2-1,4.35288733235165e-06_4.35288733235165e-06_4.35288733235165e-06_4.35288733235165e-06_4.35288733235165e-06
1016,12871,112-14-4-2-1,3.10920523739404e-06_3.10920523739404e-06_3.10920523739404e-06_3.10920523739404e-06_3.10920523739404e-06
1016,12873,186-15-9-2-1,3.10920523739404e-06_3.10920523739404e-06_3.10920523739404e-06_3.10920523739404e-06_3.10920523739404e-06
1016,12874,18-12-8-1-1,3.48230986588132e-05_3.48230986588132e-05_3.48230986588132e-05_3.48230986588132e-05_3.48230986588132e-05
1016,12875,40-23-8-1-1,3.10920523739404e-06_3.10920523739404e-06_3.10920523739404e-06_3.10920523739404e-06_3.10920523739404e-06
1016,12876,196-14-4-2-1,1.36805030445338e-05_1.36805030445338e-05_1.36805030445338e-05_1.36805030445338e-05_1.36805030445338e-05
1016,12877,172-40-4-2-1,3.10920523739404e-06_3.10920523739404e-06_3.10920523739404e-06_3.10920523739404e-06_3.10920523739404e-06
1016,12878,227-41-9-2-1,4.35288733235165e-06_4.35288733235165e-06_4.35288733235165e-06_4.35288733235165e-06_4.35288733235165e-06
1016,12879,112-14-4-2-1,4.35288733235165e-06_4.35288733235165e-06_4.35288733235165e-06_4.35288733235165e-06_4.35288733235165e-06
1016,12880,185-41-9-2-1,7.46209256974569e-06_7.46209256974569e-06_7.46209256974569e-06_7.46209256974569e-06_7.46209256974569e-06
1016,12882,189-12-8-1-1,3.73104628487285e-06_3.73104628487285e-06_3.73104628487285e-06_3.73104628487285e-06_3.73104628487285e-06
1016,12883,226-32-10-1-1,8.70577466470331e-06_8.70577466470331e-06_8.70577466470331e-06_8.70577466470331e-06_8.70577466470331e-06
1016,12884,35-20-9-2-1,1.11931388546185e-05_1.11931388546185e-05_1.11931388546185e-05_1.11931388546185e-05_1.11931388546185e-05
1016,12885,122-16-2-2-1,1.86552314243642e-06_1.86552314243642e-06_1.86552314243642e-06_1.86552314243642e-06_1.86552314243642e-06
1016,12886,172-40-4-2-1,6.21841047478808e-06_6.21841047478808e-06_6.21841047478808e-06_6.21841047478808e-06_6.21841047478808e-06
1016,12887,140-42-12-1-1,1.3058661997055e-05_1.3058661997055e-05_1.3058661997055e-05_1.3058661997055e-05_1.3058661997055e-05
1016,12888,121-39-11-1-1,4.35288733235165e-06_4.35288733235165e-06_4.35288733235165e-06_4.35288733235165e-06_4.35288733235165e-06
1016,12889,163-43-4-2-1,0.000217022525570104_0.000217022525570104_0.000217022525570104_0.000217022525570104_0.000217022525570104
1016,12890,163-43-4-2-1,3.66886218012497e-05_3.66886218012497e-05_3.66886218012497e-05_3.66886218012497e-05_3.66886218012497e-05
1016,12891,145-25-8-1-1,5.34783300831775e-05_5.34783300831775e-05_5.34783300831775e-05_5.34783300831775e-05_5.34783300831775e-05
1016,12892,91-33-5-1-1,7.46209256974569e-06_7.46209256974569e-06_7.46209256974569e-06_7.46209256974569e-06_7.46209256974569e-06
1016,12893,142-42-12-1-1,4.97472837983046e-06_4.97472837983046e-06_4.97472837983046e-06_4.97472837983046e-06_4.97472837983046e-06
1016,12894,32-18-4-2-1,4.35288733235165e-06_4.35288733235165e-06_4.35288733235165e-06_4.35288733235165e-06_4.35288733235165e-06
1016,12895,222-35-4-2-1,1.11931388546185e-05_1.11931388546185e-05_1.11931388546185e-05_1.11931388546185e-05_1.11931388546185e-05
1016,12896,123-41-9-2-1,1.11931388546185e-05_1.11931388546185e-05_1.11931388546185e-05_1.11931388546185e-05_1.11931388546185e-05
1016,12897,18-12-8-1-1,6.21841047478808e-06_6.21841047478808e-06_6.21841047478808e-06_6.21841047478808e-06_6.21841047478808e-06
1016,12898,222-35-4-2-1,5.59656942730927e-06_5.59656942730927e-06_5.59656942730927e-06_5.59656942730927e-06_5.59656942730927e-06
1016,12899,5-5-5-1-1,1.9277072471843e-05_1.9277072471843e-05_1.9277072471843e-05_1.9277072471843e-05_1.9277072471843e-05
1016,12900,216-19-9-2-1,3.10920523739404e-06_3.10920523739404e-06_3.10920523739404e-06_3.10920523739404e-06_3.10920523739404e-06
1016,12901,140-42-12-1-1,5.59656942730927e-06_5.59656942730927e-06_5.59656942730927e-06_5.59656942730927e-06_5.59656942730927e-06
1016,12902,153-18-4-2-1,1.74115493294066e-05_1.74115493294066e-05_1.74115493294066e-05_1.74115493294066e-05_1.74115493294066e-05
1016,12903,176-20-9-2-1,3.73104628487285e-06_3.73104628487285e-06_3.73104628487285e-06_3.73104628487285e-06_3.73104628487285e-06
1016,12905,218-7-4-2-1,1.05712978071397e-05_1.05712978071397e-05_1.05712978071397e-05_1.05712978071397e-05_1.05712978071397e-05
1016,12906,199-19-9-2-1,1.43023440920126e-05_1.43023440920126e-05_1.43023440920126e-05_1.43023440920126e-05_1.43023440920126e-05
1016,12907,199-19-9-2-1,3.10920523739404e-05_3.10920523739404e-05_3.10920523739404e-05_3.10920523739404e-05_3.10920523739404e-05
1016,12908,185-41-9-2-1,4.97472837983046e-06_4.97472837983046e-06_4.97472837983046e-06_4.97472837983046e-06_4.97472837983046e-06
1016,12909,95-37-4-2-1,3.04702113264616e-05_3.04702113264616e-05_3.04702113264616e-05_3.04702113264616e-05_3.04702113264616e-05
1016,12910,150-30-1-1-1,1.24368209495762e-05_1.24368209495762e-05_1.24368209495762e-05_1.24368209495762e-05_1.24368209495762e-05
1016,12911,44-13-6-2-1,2.23862777092371e-05_2.23862777092371e-05_2.23862777092371e-05_2.23862777092371e-05_2.23862777092371e-05
1016,12912,112-14-4-2-1,3.73104628487285e-06_3.73104628487285e-06_3.73104628487285e-06_3.73104628487285e-06_3.73104628487285e-06
1016,12913,185-41-9-2-1,4.35288733235165e-06_4.35288733235165e-06_4.35288733235165e-06_4.35288733235165e-06_4.35288733235165e-06
1016,12914,36-6-6-2-1,2.54954829466311e-05_2.54954829466311e-05_2.54954829466311e-05_2.54954829466311e-05_2.54954829466311e-05
1016,12915,31-6-6-2-1,0.000483170493891034_0.000483170493891034_0.000483170493891034_0.000483170493891034_0.000483170493891034
1016,12916,152-32-10-1-1,4.97472837983046e-06_4.97472837983046e-06_4.97472837983046e-06_4.97472837983046e-06_4.97472837983046e-06
1016,12917,39-22-8-1-1,6.84025152226688e-06_6.84025152226688e-06_6.84025152226688e-06_6.84025152226688e-06_6.84025152226688e-06
1016,12918,70-27-8-1-1,1.6167867234449e-05_1.6167867234449e-05_1.6167867234449e-05_1.6167867234449e-05_1.6167867234449e-05
1016,12919,185-41-9-2-1,4.97472837983046e-06_4.97472837983046e-06_4.97472837983046e-06_4.97472837983046e-06_4.97472837983046e-06
1016,12920,161-36-10-1-1,4.35288733235165e-06_4.35288733235165e-06_4.35288733235165e-06_4.35288733235165e-06_4.35288733235165e-06
1016,12921,33-16-2-2-1,0.000877417717992598_0.000877417717992598_0.000877417717992598_0.000877417717992598_0.000877417717992598
1016,12922,122-16-2-2-1,4.97472837983046e-06_4.97472837983046e-06_4.97472837983046e-06_4.97472837983046e-06_4.97472837983046e-06
1016,12923,112-14-4-2-1,1.36805030445338e-05_1.36805030445338e-05_1.36805030445338e-05_1.36805030445338e-05_1.36805030445338e-05
1016,12924,29-17-10-1-1,9.32761571218212e-06_9.32761571218212e-06_9.32761571218212e-06_9.32761571218212e-06_9.32761571218212e-06
1016,12925,112-14-4-2-1,4.35288733235165e-06_4.35288733235165e-06_4.35288733235165e-06_4.35288733235165e-06_4.35288733235165e-06
1016,12926,68-30-1-1-1,4.41507143709953e-05_4.41507143709953e-05_4.41507143709953e-05_4.41507143709953e-05_4.41507143709953e-05
1016,12927,8-7-4-2-1,7.46209256974569e-06_7.46209256974569e-06_7.46209256974569e-06_7.46209256974569e-06_7.46209256974569e-06
1016,12928,33-16-2-2-1,0.000231324869662116_0.000231324869662116_0.000231324869662116_0.000231324869662116_0.000231324869662116
1016,12929,122-16-2-2-1,3.10920523739404e-06_3.10920523739404e-06_3.10920523739404e-06_3.10920523739404e-06_3.10920523739404e-06
1016,12933,122-16-2-2-1,5.59656942730927e-06_5.59656942730927e-06_5.59656942730927e-06_5.59656942730927e-06_5.59656942730927e-06
1016,12934,141-42-12-1-1,3.10920523739404e-06_3.10920523739404e-06_3.10920523739404e-06_3.10920523739404e-06_3.10920523739404e-06
1016,12935,201-17-10-1-1,2.11425956142795e-05_2.11425956142795e-05_2.11425956142795e-05_2.11425956142795e-05_2.11425956142795e-05
1016,12936,141-42-12-1-1,3.10920523739404e-06_3.10920523739404e-06_3.10920523739404e-06_3.10920523739404e-06_3.10920523739404e-06
1016,12937,122-16-2-2-1,3.73104628487285e-06_3.73104628487285e-06_3.73104628487285e-06_3.73104628487285e-06_3.73104628487285e-06
1016,12938,201-17-10-1-1,1.86552314243642e-05_1.86552314243642e-05_1.86552314243642e-05_1.86552314243642e-05_1.86552314243642e-05
1016,12939,141-42-12-1-1,4.97472837983046e-06_4.97472837983046e-06_4.97472837983046e-06_4.97472837983046e-06_4.97472837983046e-06
1016,12940,128-7-4-2-1,1.11931388546185e-05_1.11931388546185e-05_1.11931388546185e-05_1.11931388546185e-05_1.11931388546185e-05
1016,12941,80-11-4-2-1,1.6167867234449e-05_1.6167867234449e-05_1.6167867234449e-05_1.6167867234449e-05_1.6167867234449e-05
1016,12942,122-16-2-2-1,4.97472837983046e-06_4.97472837983046e-06_4.97472837983046e-06_4.97472837983046e-06_4.97472837983046e-06
1016,12943,161-36-10-1-1,7.46209256974569e-06_7.46209256974569e-06_7.46209256974569e-06_7.46209256974569e-06_7.46209256974569e-06
1016,12944,122-16-2-2-1,2.36299598041947e-05_2.36299598041947e-05_2.36299598041947e-05_2.36299598041947e-05_2.36299598041947e-05
1016,12945,45-5-5-1-1,0.000123124527400804_0.000123124527400804_0.000123124527400804_0.000123124527400804_0.000123124527400804
1016,12946,193-40-4-2-1,6.21841047478808e-06_6.21841047478808e-06_6.21841047478808e-06_6.21841047478808e-06_6.21841047478808e-06
1016,12947,8-7-4-2-1,1.36805030445338e-05_1.36805030445338e-05_1.36805030445338e-05_1.36805030445338e-05_1.36805030445338e-05
1016,12948,18-12-8-1-1,1.24368209495762e-05_1.24368209495762e-05_1.24368209495762e-05_1.24368209495762e-05_1.24368209495762e-05
1016,12949,45-5-5-1-1,4.97472837983046e-06_4.97472837983046e-06_4.97472837983046e-06_4.97472837983046e-06_4.97472837983046e-06
1016,12950,5-5-5-1-1,4.97472837983046e-06_4.97472837983046e-06_4.97472837983046e-06_4.97472837983046e-06_4.97472837983046e-06
1016,12951,174-15-9-2-1,4.97472837983046e-06_4.97472837983046e-06_4.97472837983046e-06_4.97472837983046e-06_4.97472837983046e-06
1016,12952,44-13-6-2-1,1.18149799020973e-05_1.18149799020973e-05_1.18149799020973e-05_1.18149799020973e-05_1.18149799020973e-05
1016,12953,223-40-4-2-1,8.70577466470331e-06_8.70577466470331e-06_8.70577466470331e-06_8.70577466470331e-06_8.70577466470331e-06
1016,12954,7-4-4-2-1,9.32761571218212e-06_9.32761571218212e-06_9.32761571218212e-06_9.32761571218212e-06_9.32761571218212e-06
1016,12955,85-33-5-1-1,0.000358802284395272_0.000358802284395272_0.000358802284395272_0.000358802284395272_0.000358802284395272
1016,12956,172-40-4-2-1,5.59656942730927e-06_5.59656942730927e-06_5.59656942730927e-06_5.59656942730927e-06_5.59656942730927e-06
1016,12957,180-40-4-2-1,3.10920523739404e-06_3.10920523739404e-06_3.10920523739404e-06_3.10920523739404e-06_3.10920523739404e-06
1016,12958,83-33-5-1-1,2.86046881840252e-05_2.86046881840252e-05_2.86046881840252e-05_2.86046881840252e-05_2.86046881840252e-05
1016,12959,160-30-1-1-1,8.51922235045966e-05_8.51922235045966e-05_8.51922235045966e-05_8.51922235045966e-05_8.51922235045966e-05
1016,12960,71-29-2-2-1,3.73104628487285e-06_3.73104628487285e-06_3.73104628487285e-06_3.73104628487285e-06_3.73104628487285e-06
1016,12961,222-35-4-2-1,9.94945675966092e-06_9.94945675966092e-06_9.94945675966092e-06_9.94945675966092e-06_9.94945675966092e-06
1016,12962,186-15-9-2-1,4.35288733235165e-06_4.35288733235165e-06_4.35288733235165e-06_4.35288733235165e-06_4.35288733235165e-06
1016,12963,96-13-6-2-1,0.000429692163807856_0.000429692163807856_0.000429692163807856_0.000429692163807856_0.000429692163807856
1016,12964,207-29-2-2-1,3.48230986588132e-05_3.48230986588132e-05_3.48230986588132e-05_3.48230986588132e-05_3.48230986588132e-05
1016,12965,218-7-4-2-1,9.32761571218212e-06_9.32761571218212e-06_9.32761571218212e-06_9.32761571218212e-06_9.32761571218212e-06
1016,12966,6-6-6-2-1,0.000577690333107812_0.000577690333107812_0.000577690333107812_0.000577690333107812_0.000577690333107812
1016,12967,222-35-4-2-1,2.05207545668007e-05_2.05207545668007e-05_2.05207545668007e-05_2.05207545668007e-05_2.05207545668007e-05
1016,12968,170-43-4-2-1,4.5394396465953e-05_4.5394396465953e-05_4.5394396465953e-05_4.5394396465953e-05_4.5394396465953e-05
1016,12969,11-4-4-2-1,2.67391650415887e-05_2.67391650415887e-05_2.67391650415887e-05_2.67391650415887e-05_2.67391650415887e-05
1016,12970,137-26-4-2-1,8.70577466470331e-06_8.70577466470331e-06_8.70577466470331e-06_8.70577466470331e-06_8.70577466470331e-06
1016,12971,205-12-8-1-1,3.42012576113344e-05_3.42012576113344e-05_3.42012576113344e-05_3.42012576113344e-05_3.42012576113344e-05
1016,12972,11-4-4-2-1,3.10920523739404e-06_3.10920523739404e-06_3.10920523739404e-06_3.10920523739404e-06_3.10920523739404e-06
1016,12973,83-33-5-1-1,2.11425956142795e-05_2.11425956142795e-05_2.11425956142795e-05_2.11425956142795e-05_2.11425956142795e-05
1016,12974,5-5-5-1-1,8.0839336172245e-06_8.0839336172245e-06_8.0839336172245e-06_8.0839336172245e-06_8.0839336172245e-06
1016,12975,58-13-6-2-1,1.80333903768854e-05_1.80333903768854e-05_1.80333903768854e-05_1.80333903768854e-05_1.80333903768854e-05
1016,12976,57-7-4-2-1,6.84025152226688e-06_6.84025152226688e-06_6.84025152226688e-06_6.84025152226688e-06_6.84025152226688e-06
1016,12977,74-31-9-2-1,8.70577466470331e-06_8.70577466470331e-06_8.70577466470331e-06_8.70577466470331e-06_8.70577466470331e-06
1016,12978,71-29-2-2-1,7.46209256974569e-06_7.46209256974569e-06_7.46209256974569e-06_7.46209256974569e-06_7.46209256974569e-06
1016,12979,51-22-8-1-1,9.94945675966092e-06_9.94945675966092e-06_9.94945675966092e-06_9.94945675966092e-06_9.94945675966092e-06
1016,12980,122-16-2-2-1,2.67391650415887e-05_2.67391650415887e-05_2.67391650415887e-05_2.67391650415887e-05_2.67391650415887e-05
1016,12981,49-22-8-1-1,9.94945675966092e-06_9.94945675966092e-06_9.94945675966092e-06_9.94945675966092e-06_9.94945675966092e-06
1016,12982,172-40-4-2-1,3.10920523739404e-06_3.10920523739404e-06_3.10920523739404e-06_3.10920523739404e-06_3.10920523739404e-06
1016,12983,134-29-2-2-1,4.04196680861225e-05_4.04196680861225e-05_4.04196680861225e-05_4.04196680861225e-05_4.04196680861225e-05
1016,12984,152-32-10-1-1,8.70577466470331e-06_8.70577466470331e-06_8.70577466470331e-06_8.70577466470331e-06_8.70577466470331e-06
1016,12985,184-31-9-2-1,9.32761571218212e-06_9.32761571218212e-06_9.32761571218212e-06_9.32761571218212e-06_9.32761571218212e-06
1016,12986,128-7-4-2-1,8.0839336172245e-06_8.0839336172245e-06_8.0839336172245e-06_8.0839336172245e-06_8.0839336172245e-06
1016,12987,141-42-12-1-1,0.000265526127273451_0.000265526127273451_0.000265526127273451_0.000265526127273451_0.000265526127273451
1016,12988,218-7-4-2-1,1.11931388546185e-05_1.11931388546185e-05_1.11931388546185e-05_1.11931388546185e-05_1.11931388546185e-05
1016,12989,153-18-4-2-1,3.73104628487285e-06_3.73104628487285e-06_3.73104628487285e-06_3.73104628487285e-06_3.73104628487285e-06
1016,12990,98-27-8-1-1,3.91759859911649e-05_3.91759859911649e-05_3.91759859911649e-05_3.91759859911649e-05_3.91759859911649e-05
1016,12991,166-18-4-2-1,8.0839336172245e-06_8.0839336172245e-06_8.0839336172245e-06_8.0839336172245e-06_8.0839336172245e-06
1016,12992,37-11-4-2-1,2.67391650415887e-05_2.67391650415887e-05_2.67391650415887e-05_2.67391650415887e-05_2.67391650415887e-05
1016,12993,185-41-9-2-1,3.73104628487285e-06_3.73104628487285e-06_3.73104628487285e-06_3.73104628487285e-06_3.73104628487285e-06
1016,12994,140-42-12-1-1,2.36299598041947e-05_2.36299598041947e-05_2.36299598041947e-05_2.36299598041947e-05_2.36299598041947e-05
1016,12995,172-40-4-2-1,4.35288733235165e-06_4.35288733235165e-06_4.35288733235165e-06_4.35288733235165e-06_4.35288733235165e-06
1016,12996,37-11-4-2-1,6.21841047478808e-06_6.21841047478808e-06_6.21841047478808e-06_6.21841047478808e-06_6.21841047478808e-06
1016,12997,66-29-2-2-1,0.000741856369642217_0.000741856369642217_0.000741856369642217_0.000741856369642217_0.000741856369642217
1016,12999,1-1-1-1-1,4.97472837983046e-06_4.97472837983046e-06_4.97472837983046e-06_4.97472837983046e-06_4.97472837983046e-06
1016,13000,171-18-4-2-1,1.98989135193218e-05_1.98989135193218e-05_1.98989135193218e-05_1.98989135193218e-05_1.98989135193218e-05
1016,13001,188-14-4-2-1,2.48736418991523e-06_2.48736418991523e-06_2.48736418991523e-06_2.48736418991523e-06_2.48736418991523e-06
1016,13003,172-40-4-2-1,3.10920523739404e-06_3.10920523739404e-06_3.10920523739404e-06_3.10920523739404e-06_3.10920523739404e-06
1016,13004,32-18-4-2-1,1.11931388546185e-05_1.11931388546185e-05_1.11931388546185e-05_1.11931388546185e-05_1.11931388546185e-05
1016,13005,225-31-9-2-1,1.11931388546185e-05_1.11931388546185e-05_1.11931388546185e-05_1.11931388546185e-05_1.11931388546185e-05
1016,13006,227-41-9-2-1,2.48736418991523e-06_2.48736418991523e-06_2.48736418991523e-06_2.48736418991523e-06_2.48736418991523e-06
1016,13007,185-41-9-2-1,4.35288733235165e-06_4.35288733235165e-06_4.35288733235165e-06_4.35288733235165e-06_4.35288733235165e-06
1016,13008,216-19-9-2-1,2.48736418991523e-06_2.48736418991523e-06_2.48736418991523e-06_2.48736418991523e-06_2.48736418991523e-06
1016,13009,153-18-4-2-1,1.55460261869702e-05_1.55460261869702e-05_1.55460261869702e-05_1.55460261869702e-05_1.55460261869702e-05
1016,13011,47-22-8-1-1,4.97472837983046e-06_4.97472837983046e-06_4.97472837983046e-06_4.97472837983046e-06_4.97472837983046e-06
1016,13012,76-4-4-2-1,4.97472837983046e-06_4.97472837983046e-06_4.97472837983046e-06_4.97472837983046e-06_4.97472837983046e-06
1016,13013,205-12-8-1-1,3.10920523739404e-06_3.10920523739404e-06_3.10920523739404e-06_3.10920523739404e-06_3.10920523739404e-06
1016,13014,122-16-2-2-1,3.10920523739404e-06_3.10920523739404e-06_3.10920523739404e-06_3.10920523739404e-06_3.10920523739404e-06
1016,13016,58-13-6-2-1,4.97472837983046e-05_4.97472837983046e-05_4.97472837983046e-05_4.97472837983046e-05_4.97472837983046e-05
1016,13017,8-7-4-2-1,4.35288733235165e-06_4.35288733235165e-06_4.35288733235165e-06_4.35288733235165e-06_4.35288733235165e-06
1016,13018,185-41-9-2-1,4.97472837983046e-06_4.97472837983046e-06_4.97472837983046e-06_4.97472837983046e-06_4.97472837983046e-06
1016,13019,203-11-4-2-1,3.10920523739404e-06_3.10920523739404e-06_3.10920523739404e-06_3.10920523739404e-06_3.10920523739404e-06
1016,13020,4-4-4-2-1,8.02174951247662e-05_8.02174951247662e-05_8.02174951247662e-05_8.02174951247662e-05_8.02174951247662e-05
1016,13021,159-4-4-2-1,1.18149799020973e-05_1.18149799020973e-05_1.18149799020973e-05_1.18149799020973e-05_1.18149799020973e-05
1016,13022,8-7-4-2-1,1.18149799020973e-05_1.18149799020973e-05_1.18149799020973e-05_1.18149799020973e-05_1.18149799020973e-05
1016,13023,59-5-5-1-1,5.41001711306563e-05_5.41001711306563e-05_5.41001711306563e-05_5.41001711306563e-05_5.41001711306563e-05
1016,13024,49-22-8-1-1,8.27048593146814e-05_8.27048593146814e-05_8.27048593146814e-05_8.27048593146814e-05_8.27048593146814e-05
1016,13025,67-2-2-2-1,9.32761571218212e-06_9.32761571218212e-06_9.32761571218212e-06_9.32761571218212e-06_9.32761571218212e-06
1016,13027,199-19-9-2-1,4.35288733235165e-06_4.35288733235165e-06_4.35288733235165e-06_4.35288733235165e-06_4.35288733235165e-06
1016,13028,51-22-8-1-1,9.94945675966092e-06_9.94945675966092e-06_9.94945675966092e-06_9.94945675966092e-06_9.94945675966092e-06
1016,13029,131-13-6-2-1,3.42012576113344e-05_3.42012576113344e-05_3.42012576113344e-05_3.42012576113344e-05_3.42012576113344e-05
1016,13030,32-18-4-2-1,6.21841047478808e-06_6.21841047478808e-06_6.21841047478808e-06_6.21841047478808e-06_6.21841047478808e-06
1016,13031,142-42-12-1-1,4.35288733235165e-06_4.35288733235165e-06_4.35288733235165e-06_4.35288733235165e-06_4.35288733235165e-06
1016,13032,122-16-2-2-1,2.42518008516735e-05_2.42518008516735e-05_2.42518008516735e-05_2.42518008516735e-05_2.42518008516735e-05
1016,13033,185-41-9-2-1,4.35288733235165e-06_4.35288733235165e-06_4.35288733235165e-06_4.35288733235165e-06_4.35288733235165e-06
1016,13034,23-10-2-2-1,1.80333903768854e-05_1.80333903768854e-05_1.80333903768854e-05_1.80333903768854e-05_1.80333903768854e-05
1016,13035,23-10-2-2-1,7.71082898873721e-05_7.71082898873721e-05_7.71082898873721e-05_7.71082898873721e-05_7.71082898873721e-05
1016,13036,110-3-3-1-1,7.02680383651053e-05_7.02680383651053e-05_7.02680383651053e-05_7.02680383651053e-05_7.02680383651053e-05
1016,13037,86-10-2-2-1,8.70577466470331e-05_8.70577466470331e-05_8.70577466470331e-05_8.70577466470331e-05_8.70577466470331e-05
1016,13038,212-41-9-2-1,9.94945675966092e-06_9.94945675966092e-06_9.94945675966092e-06_9.94945675966092e-06_9.94945675966092e-06
1016,13039,37-11-4-2-1,3.73104628487285e-06_3.73104628487285e-06_3.73104628487285e-06_3.73104628487285e-06_3.73104628487285e-06
1016,13040,118-36-10-1-1,3.42012576113344e-05_3.42012576113344e-05_3.42012576113344e-05_3.42012576113344e-05_3.42012576113344e-05
1016,13041,122-16-2-2-1,2.23862777092371e-05_2.23862777092371e-05_2.23862777092371e-05_2.23862777092371e-05_2.23862777092371e-05
1016,13042,126-29-2-2-1,2.11425956142795e-05_2.11425956142795e-05_2.11425956142795e-05_2.11425956142795e-05_2.11425956142795e-05
1016,13043,185-41-9-2-1,4.97472837983046e-06_4.97472837983046e-06_4.97472837983046e-06_4.97472837983046e-06_4.97472837983046e-06
1016,13044,152-32-10-1-1,9.32761571218212e-06_9.32761571218212e-06_9.32761571218212e-06_9.32761571218212e-06_9.32761571218212e-06
1016,13045,200-15-9-2-1,4.35288733235165e-06_4.35288733235165e-06_4.35288733235165e-06_4.35288733235165e-06_4.35288733235165e-06
1016,13046,8-7-4-2-1,3.10920523739404e-06_3.10920523739404e-06_3.10920523739404e-06_3.10920523739404e-06_3.10920523739404e-06
1016,13047,44-13-6-2-1,5.59656942730927e-06_5.59656942730927e-06_5.59656942730927e-06_5.59656942730927e-06_5.59656942730927e-06
1016,13048,213-15-9-2-1,2.54954829466311e-05_2.54954829466311e-05_2.54954829466311e-05_2.54954829466311e-05_2.54954829466311e-05
1016,13049,66-29-2-2-1,1.36805030445338e-05_1.36805030445338e-05_1.36805030445338e-05_1.36805030445338e-05_1.36805030445338e-05
1016,13050,179-26-4-2-1,4.97472837983046e-06_4.97472837983046e-06_4.97472837983046e-06_4.97472837983046e-06_4.97472837983046e-06
1016,13051,225-31-9-2-1,1.67897082819278e-05_1.67897082819278e-05_1.67897082819278e-05_1.67897082819278e-05_1.67897082819278e-05
1016,13052,183-23-8-1-1,1.3058661997055e-05_1.3058661997055e-05_1.3058661997055e-05_1.3058661997055e-05_1.3058661997055e-05
1016,13053,83-33-5-1-1,2.05207545668007e-05_2.05207545668007e-05_2.05207545668007e-05_2.05207545668007e-05_2.05207545668007e-05
1016,13054,214-26-4-2-1,2.17644366617583e-05_2.17644366617583e-05_2.17644366617583e-05_2.17644366617583e-05_2.17644366617583e-05
1016,13055,171-18-4-2-1,1.6167867234449e-05_1.6167867234449e-05_1.6167867234449e-05_1.6167867234449e-05_1.6167867234449e-05
1016,13056,199-19-9-2-1,3.73104628487285e-06_3.73104628487285e-06_3.73104628487285e-06_3.73104628487285e-06_3.73104628487285e-06
1016,13057,205-12-8-1-1,1.43023440920126e-05_1.43023440920126e-05_1.43023440920126e-05_1.43023440920126e-05_1.43023440920126e-05
1016,13058,122-16-2-2-1,4.35288733235165e-06_4.35288733235165e-06_4.35288733235165e-06_4.35288733235165e-06_4.35288733235165e-06
1016,13059,44-13-6-2-1,9.32761571218212e-06_9.32761571218212e-06_9.32761571218212e-06_9.32761571218212e-06_9.32761571218212e-06
1016,13060,44-13-6-2-1,1.24368209495762e-05_1.24368209495762e-05_1.24368209495762e-05_1.24368209495762e-05_1.24368209495762e-05
1016,13061,152-32-10-1-1,6.21841047478808e-06_6.21841047478808e-06_6.21841047478808e-06_6.21841047478808e-06_6.21841047478808e-06
1016,13062,188-14-4-2-1,3.10920523739404e-06_3.10920523739404e-06_3.10920523739404e-06_3.10920523739404e-06_3.10920523739404e-06
1016,13063,152-32-10-1-1,2.30081187567159e-05_2.30081187567159e-05_2.30081187567159e-05_2.30081187567159e-05_2.30081187567159e-05
1016,13064,172-40-4-2-1,3.10920523739404e-06_3.10920523739404e-06_3.10920523739404e-06_3.10920523739404e-06_3.10920523739404e-06
1016,13065,228-17-10-1-1,4.5394396465953e-05_4.5394396465953e-05_4.5394396465953e-05_4.5394396465953e-05_4.5394396465953e-05
1016,13066,175-20-9-2-1,1.67897082819278e-05_1.67897082819278e-05_1.67897082819278e-05_1.67897082819278e-05_1.67897082819278e-05
1016,13067,147-11-4-2-1,1.05712978071397e-05_1.05712978071397e-05_1.05712978071397e-05_1.05712978071397e-05_1.05712978071397e-05
1016,13068,175-20-9-2-1,1.36805030445338e-05_1.36805030445338e-05_1.36805030445338e-05_1.36805030445338e-05_1.36805030445338e-05
1016,13069,229-5-5-1-1,2.61173239941099e-05_2.61173239941099e-05_2.61173239941099e-05_2.61173239941099e-05_2.61173239941099e-05
1016,13070,153-18-4-2-1,3.73104628487285e-06_3.73104628487285e-06_3.73104628487285e-06_3.73104628487285e-06_3.73104628487285e-06
1016,13071,167-18-4-2-1,8.70577466470331e-06_8.70577466470331e-06_8.70577466470331e-06_8.70577466470331e-06_8.70577466470331e-06
1016,13072,161-36-10-1-1,2.36299598041947e-05_2.36299598041947e-05_2.36299598041947e-05_2.36299598041947e-05_2.36299598041947e-05
1016,13073,160-30-1-1-1,1.36805030445338e-05_1.36805030445338e-05_1.36805030445338e-05_1.36805030445338e-05_1.36805030445338e-05
1016,13074,185-41-9-2-1,4.35288733235165e-06_4.35288733235165e-06_4.35288733235165e-06_4.35288733235165e-06_4.35288733235165e-06
1016,13075,138-23-8-1-1,3.10920523739404e-06_3.10920523739404e-06_3.10920523739404e-06_3.10920523739404e-06_3.10920523739404e-06
1016,13076,44-13-6-2-1,3.73104628487285e-06_3.73104628487285e-06_3.73104628487285e-06_3.73104628487285e-06_3.73104628487285e-06
1016,13077,112-14-4-2-1,5.59656942730927e-06_5.59656942730927e-06_5.59656942730927e-06_5.59656942730927e-06_5.59656942730927e-06
1016,13078,172-40-4-2-1,4.35288733235165e-06_4.35288733235165e-06_4.35288733235165e-06_4.35288733235165e-06_4.35288733235165e-06
1016,13079,45-5-5-1-1,3.10920523739404e-06_3.10920523739404e-06_3.10920523739404e-06_3.10920523739404e-06_3.10920523739404e-06
1016,13080,39-22-8-1-1,4.29070322760377e-05_4.29070322760377e-05_4.29070322760377e-05_4.29070322760377e-05_4.29070322760377e-05
1016,13081,209-35-4-2-1,1.98989135193218e-05_1.98989135193218e-05_1.98989135193218e-05_1.98989135193218e-05_1.98989135193218e-05
1016,13082,214-26-4-2-1,1.98989135193218e-05_1.98989135193218e-05_1.98989135193218e-05_1.98989135193218e-05_1.98989135193218e-05
1016,13083,44-13-6-2-1,4.97472837983046e-06_4.97472837983046e-06_4.97472837983046e-06_4.97472837983046e-06_4.97472837983046e-06
1016,13084,107-6-6-2-1,0.000162300513391969_0.000162300513391969_0.000162300513391969_0.000162300513391969_0.000162300513391969
1016,13085,161-36-10-1-1,7.46209256974569e-06_7.46209256974569e-06_7.46209256974569e-06_7.46209256974569e-06_7.46209256974569e-06
1016,13086,185-41-9-2-1,3.10920523739404e-06_3.10920523739404e-06_3.10920523739404e-06_3.10920523739404e-06_3.10920523739404e-06
1016,13087,159-4-4-2-1,1.18149799020973e-05_1.18149799020973e-05_1.18149799020973e-05_1.18149799020973e-05_1.18149799020973e-05
1016,13088,10-3-3-1-1,3.48230986588132e-05_3.48230986588132e-05_3.48230986588132e-05_3.48230986588132e-05_3.48230986588132e-05
1016,13089,105-8-3-1-1,4.72599196083894e-05_4.72599196083894e-05_4.72599196083894e-05_4.72599196083894e-05_4.72599196083894e-05
1016,13090,31-6-6-2-1,6.84025152226688e-05_6.84025152226688e-05_6.84025152226688e-05_6.84025152226688e-05_6.84025152226688e-05
1016,13091,89-13-6-2-1,3.91759859911649e-05_3.91759859911649e-05_3.91759859911649e-05_3.91759859911649e-05_3.91759859911649e-05
1016,13092,140-42-12-1-1,4.97472837983046e-06_4.97472837983046e-06_4.97472837983046e-06_4.97472837983046e-06_4.97472837983046e-06
1016,13093,142-42-12-1-1,7.46209256974569e-06_7.46209256974569e-06_7.46209256974569e-06_7.46209256974569e-06_7.46209256974569e-06
1016,13094,205-12-8-1-1,4.35288733235165e-06_4.35288733235165e-06_4.35288733235165e-06_4.35288733235165e-06_4.35288733235165e-06
1016,13095,204-35-4-2-1,1.36805030445338e-05_1.36805030445338e-05_1.36805030445338e-05_1.36805030445338e-05_1.36805030445338e-05
1016,13096,8-7-4-2-1,6.84025152226688e-06_6.84025152226688e-06_6.84025152226688e-06_6.84025152226688e-06_6.84025152226688e-06
1016,13097,194-31-9-2-1,1.74115493294066e-05_1.74115493294066e-05_1.74115493294066e-05_1.74115493294066e-05_1.74115493294066e-05
1016,13098,153-18-4-2-1,6.84025152226688e-06_6.84025152226688e-06_6.84025152226688e-06_6.84025152226688e-06_6.84025152226688e-06
1016,13099,58-13-6-2-1,1.11931388546185e-05_1.11931388546185e-05_1.11931388546185e-05_1.11931388546185e-05_1.11931388546185e-05
1016,13100,148-29-2-2-1,5.34783300831775e-05_5.34783300831775e-05_5.34783300831775e-05_5.34783300831775e-05_5.34783300831775e-05
1016,13101,166-18-4-2-1,3.73104628487285e-06_3.73104628487285e-06_3.73104628487285e-06_3.73104628487285e-06_3.73104628487285e-06
1016,13102,172-40-4-2-1,3.10920523739404e-06_3.10920523739404e-06_3.10920523739404e-06_3.10920523739404e-06_3.10920523739404e-06
1016,13103,204-35-4-2-1,5.03691248457834e-05_5.03691248457834e-05_5.03691248457834e-05_5.03691248457834e-05_5.03691248457834e-05
1016,13104,203-11-4-2-1,1.6167867234449e-05_1.6167867234449e-05_1.6167867234449e-05_1.6167867234449e-05_1.6167867234449e-05
1016,13105,194-31-9-2-1,3.73104628487285e-06_3.73104628487285e-06_3.73104628487285e-06_3.73104628487285e-06_3.73104628487285e-06
1016,13106,158-2-2-2-1,2.05207545668007e-05_2.05207545668007e-05_2.05207545668007e-05_2.05207545668007e-05_2.05207545668007e-05
1016,13107,58-13-6-2-1,1.67897082819278e-05_1.67897082819278e-05_1.67897082819278e-05_1.67897082819278e-05_1.67897082819278e-05
1016,13108,44-13-6-2-1,1.9277072471843e-05_1.9277072471843e-05_1.9277072471843e-05_1.9277072471843e-05_1.9277072471843e-05
1016,13109,26-15-9-2-1,8.0839336172245e-05_8.0839336172245e-05_8.0839336172245e-05_8.0839336172245e-05_8.0839336172245e-05
1016,13110,185-41-9-2-1,3.10920523739404e-06_3.10920523739404e-06_3.10920523739404e-06_3.10920523739404e-06_3.10920523739404e-06
1016,13111,18-12-8-1-1,4.35288733235165e-06_4.35288733235165e-06_4.35288733235165e-06_4.35288733235165e-06_4.35288733235165e-06
1016,13112,128-7-4-2-1,3.73104628487285e-06_3.73104628487285e-06_3.73104628487285e-06_3.73104628487285e-06_3.73104628487285e-06
1016,13113,66-29-2-2-1,2.98483702789828e-05_2.98483702789828e-05_2.98483702789828e-05_2.98483702789828e-05_2.98483702789828e-05
1016,13114,84-2-2-2-1,0.000196501771003303_0.000196501771003303_0.000196501771003303_0.000196501771003303_0.000196501771003303
1016,13115,177-7-4-2-1,8.0839336172245e-06_8.0839336172245e-06_8.0839336172245e-06_8.0839336172245e-06_8.0839336172245e-06
1016,13116,185-41-9-2-1,1.86552314243642e-06_1.86552314243642e-06_1.86552314243642e-06_1.86552314243642e-06_1.86552314243642e-06
1016,13117,131-13-6-2-1,0.000151729215584829_0.000151729215584829_0.000151729215584829_0.000151729215584829_0.000151729215584829
1016,13118,185-41-9-2-1,3.10920523739404e-06_3.10920523739404e-06_3.10920523739404e-06_3.10920523739404e-06_3.10920523739404e-06
1016,13119,177-7-4-2-1,1.43023440920126e-05_1.43023440920126e-05_1.43023440920126e-05_1.43023440920126e-05_1.43023440920126e-05
1016,13120,148-29-2-2-1,2.98483702789828e-05_2.98483702789828e-05_2.98483702789828e-05_2.98483702789828e-05_2.98483702789828e-05
1016,13121,188-14-4-2-1,3.10920523739404e-06_3.10920523739404e-06_3.10920523739404e-06_3.10920523739404e-06_3.10920523739404e-06
1016,13122,185-41-9-2-1,9.94945675966092e-06_9.94945675966092e-06_9.94945675966092e-06_9.94945675966092e-06_9.94945675966092e-06
1016,13123,196-14-4-2-1,4.97472837983046e-06_4.97472837983046e-06_4.97472837983046e-06_4.97472837983046e-06_4.97472837983046e-06
1016,13124,161-36-10-1-1,3.73104628487285e-06_3.73104628487285e-06_3.73104628487285e-06_3.73104628487285e-06_3.73104628487285e-06
1016,13125,185-41-9-2-1,1.3058661997055e-05_1.3058661997055e-05_1.3058661997055e-05_1.3058661997055e-05_1.3058661997055e-05
1016,13126,57-7-4-2-1,6.21841047478808e-06_6.21841047478808e-06_6.21841047478808e-06_6.21841047478808e-06_6.21841047478808e-06
1016,13127,222-35-4-2-1,3.60667807537708e-05_3.60667807537708e-05_3.60667807537708e-05_3.60667807537708e-05_3.60667807537708e-05
1016,13128,126-29-2-2-1,1.6167867234449e-05_1.6167867234449e-05_1.6167867234449e-05_1.6167867234449e-05_1.6167867234449e-05
1016,13129,153-18-4-2-1,6.84025152226688e-06_6.84025152226688e-06_6.84025152226688e-06_6.84025152226688e-06_6.84025152226688e-06
1016,13130,174-15-9-2-1,1.80333903768854e-05_1.80333903768854e-05_1.80333903768854e-05_1.80333903768854e-05_1.80333903768854e-05
1016,13131,153-18-4-2-1,1.43023440920126e-05_1.43023440920126e-05_1.43023440920126e-05_1.43023440920126e-05_1.43023440920126e-05
1016,13132,153-18-4-2-1,1.80333903768854e-05_1.80333903768854e-05_1.80333903768854e-05_1.80333903768854e-05_1.80333903768854e-05
1016,13133,230-14-4-2-1,9.94945675966092e-06_9.94945675966092e-06_9.94945675966092e-06_9.94945675966092e-06_9.94945675966092e-06
1016,13134,230-14-4-2-1,1.24368209495762e-05_1.24368209495762e-05_1.24368209495762e-05_1.24368209495762e-05_1.24368209495762e-05
1016,13135,153-18-4-2-1,5.59656942730927e-06_5.59656942730927e-06_5.59656942730927e-06_5.59656942730927e-06_5.59656942730927e-06
1016,13136,74-31-9-2-1,2.36299598041947e-05_2.36299598041947e-05_2.36299598041947e-05_2.36299598041947e-05_2.36299598041947e-05
1016,13137,62-3-3-1-1,0.000716360886695586_0.000716360886695586_0.000716360886695586_0.000716360886695586_0.000716360886695586
1016,13138,36-6-6-2-1,0.000240652485374299_0.000240652485374299_0.000240652485374299_0.000240652485374299_0.000240652485374299
1016,13139,108-13-6-2-1,0.000177846539578939_0.000177846539578939_0.000177846539578939_0.000177846539578939_0.000177846539578939
1016,13140,192-19-9-2-1,1.43023440920126e-05_1.43023440920126e-05_1.43023440920126e-05_1.43023440920126e-05_1.43023440920126e-05
1016,13141,62-3-3-1-1,0.000202098340430612_0.000202098340430612_0.000202098340430612_0.000202098340430612_0.000202098340430612
1016,13142,214-26-4-2-1,2.48736418991523e-06_2.48736418991523e-06_2.48736418991523e-06_2.48736418991523e-06_2.48736418991523e-06
1016,13143,36-6-6-2-1,0.000534161459784296_0.000534161459784296_0.000534161459784296_0.000534161459784296_0.000534161459784296
1016,13144,204-35-4-2-1,0.000141157917777689_0.000141157917777689_0.000141157917777689_0.000141157917777689_0.000141157917777689
1016,13145,204-35-4-2-1,0.000112553229593664_0.000112553229593664_0.000112553229593664_0.000112553229593664_0.000112553229593664
1016,13146,58-13-6-2-1,5.72093763680503e-05_5.72093763680503e-05_5.72093763680503e-05_5.72093763680503e-05_5.72093763680503e-05
1016,13147,70-27-8-1-1,4.10415091336013e-05_4.10415091336013e-05_4.10415091336013e-05_4.10415091336013e-05_4.10415091336013e-05
1016,13148,207-29-2-2-1,0.000205829386715485_0.000205829386715485_0.000205829386715485_0.000205829386715485_0.000205829386715485
1016,13149,134-29-2-2-1,4.66380785609106e-05_4.66380785609106e-05_4.66380785609106e-05_4.66380785609106e-05_4.66380785609106e-05
1016,13150,66-29-2-2-1,1.9277072471843e-05_1.9277072471843e-05_1.9277072471843e-05_1.9277072471843e-05_1.9277072471843e-05
1016,13151,66-29-2-2-1,2.17644366617583e-05_2.17644366617583e-05_2.17644366617583e-05_2.17644366617583e-05_2.17644366617583e-05
1016,13152,208-30-1-1-1,1.05712978071397e-05_1.05712978071397e-05_1.05712978071397e-05_1.05712978071397e-05_1.05712978071397e-05
1016,13154,194-31-9-2-1,1.67897082819278e-05_1.67897082819278e-05_1.67897082819278e-05_1.67897082819278e-05_1.67897082819278e-05
1016,13155,35-20-9-2-1,1.43023440920126e-05_1.43023440920126e-05_1.43023440920126e-05_1.43023440920126e-05_1.43023440920126e-05
1016,13156,126-29-2-2-1,1.18149799020973e-05_1.18149799020973e-05_1.18149799020973e-05_1.18149799020973e-05_1.18149799020973e-05
1016,13157,40-23-8-1-1,3.73104628487285e-06_3.73104628487285e-06_3.73104628487285e-06_3.73104628487285e-06_3.73104628487285e-06
1016,13158,121-39-11-1-1,9.94945675966092e-06_9.94945675966092e-06_9.94945675966092e-06_9.94945675966092e-06_9.94945675966092e-06
1016,13159,174-15-9-2-1,5.59656942730927e-06_5.59656942730927e-06_5.59656942730927e-06_5.59656942730927e-06_5.59656942730927e-06
1016,13160,185-41-9-2-1,3.10920523739404e-06_3.10920523739404e-06_3.10920523739404e-06_3.10920523739404e-06_3.10920523739404e-06
1016,13161,209-35-4-2-1,3.73104628487285e-06_3.73104628487285e-06_3.73104628487285e-06_3.73104628487285e-06_3.73104628487285e-06
1016,13162,44-13-6-2-1,1.11931388546185e-05_1.11931388546185e-05_1.11931388546185e-05_1.11931388546185e-05_1.11931388546185e-05
1016,13163,98-27-8-1-1,7.58646077924145e-05_7.58646077924145e-05_7.58646077924145e-05_7.58646077924145e-05_7.58646077924145e-05
1016,13164,70-27-8-1-1,7.46209256974569e-06_7.46209256974569e-06_7.46209256974569e-06_7.46209256974569e-06_7.46209256974569e-06
1016,13165,216-19-9-2-1,4.35288733235165e-06_4.35288733235165e-06_4.35288733235165e-06_4.35288733235165e-06_4.35288733235165e-06
1016,13166,4-4-4-2-1,3.73104628487285e-06_3.73104628487285e-06_3.73104628487285e-06_3.73104628487285e-06_3.73104628487285e-06
1016,13167,140-42-12-1-1,3.73104628487285e-06_3.73104628487285e-06_3.73104628487285e-06_3.73104628487285e-06_3.73104628487285e-06
1016,13168,140-42-12-1-1,2.17644366617583e-05_2.17644366617583e-05_2.17644366617583e-05_2.17644366617583e-05_2.17644366617583e-05
1016,13169,7-4-4-2-1,2.11425956142795e-05_2.11425956142795e-05_2.11425956142795e-05_2.11425956142795e-05_2.11425956142795e-05
1016,13170,109-28-5-1-1,1.55460261869702e-05_1.55460261869702e-05_1.55460261869702e-05_1.55460261869702e-05_1.55460261869702e-05
1016,13171,235-34-11-1-1,4.10415091336013e-05_4.10415091336013e-05_4.10415091336013e-05_4.10415091336013e-05_4.10415091336013e-05
1016,13172,112-14-4-2-1,4.35288733235165e-06_4.35288733235165e-06_4.35288733235165e-06_4.35288733235165e-06_4.35288733235165e-06
1016,13173,175-20-9-2-1,3.73104628487285e-06_3.73104628487285e-06_3.73104628487285e-06_3.73104628487285e-06_3.73104628487285e-06
1016,13174,25-10-2-2-1,3.66886218012497e-05_3.66886218012497e-05_3.66886218012497e-05_3.66886218012497e-05_3.66886218012497e-05
1016,13175,216-19-9-2-1,5.59656942730927e-06_5.59656942730927e-06_5.59656942730927e-06_5.59656942730927e-06_5.59656942730927e-06
1016,13176,236-42-12-1-1,7.46209256974569e-06_7.46209256974569e-06_7.46209256974569e-06_7.46209256974569e-06_7.46209256974569e-06
1016,13177,212-41-9-2-1,3.2335734468898e-05_3.2335734468898e-05_3.2335734468898e-05_3.2335734468898e-05_3.2335734468898e-05
1016,13180,199-19-9-2-1,4.35288733235165e-06_4.35288733235165e-06_4.35288733235165e-06_4.35288733235165e-06_4.35288733235165e-06
1016,13181,185-41-9-2-1,3.73104628487285e-06_3.73104628487285e-06_3.73104628487285e-06_3.73104628487285e-06_3.73104628487285e-06
1016,13182,120-16-2-2-1,4.10415091336013e-05_4.10415091336013e-05_4.10415091336013e-05_4.10415091336013e-05_4.10415091336013e-05
1016,13183,126-29-2-2-1,3.10920523739404e-06_3.10920523739404e-06_3.10920523739404e-06_3.10920523739404e-06_3.10920523739404e-06
1016,13184,189-12-8-1-1,1.18149799020973e-05_1.18149799020973e-05_1.18149799020973e-05_1.18149799020973e-05_1.18149799020973e-05
1016,13185,185-41-9-2-1,2.48736418991523e-06_2.48736418991523e-06_2.48736418991523e-06_2.48736418991523e-06_2.48736418991523e-06
1016,13186,44-13-6-2-1,1.3058661997055e-05_1.3058661997055e-05_1.3058661997055e-05_1.3058661997055e-05_1.3058661997055e-05
1016,13187,175-20-9-2-1,3.10920523739404e-06_3.10920523739404e-06_3.10920523739404e-06_3.10920523739404e-06_3.10920523739404e-06
1016,13188,176-20-9-2-1,3.10920523739404e-06_3.10920523739404e-06_3.10920523739404e-06_3.10920523739404e-06_3.10920523739404e-06
1016,13189,8-7-4-2-1,6.21841047478808e-06_6.21841047478808e-06_6.21841047478808e-06_6.21841047478808e-06_6.21841047478808e-06
1016,13190,112-14-4-2-1,1.43023440920126e-05_1.43023440920126e-05_1.43023440920126e-05_1.43023440920126e-05_1.43023440920126e-05
1016,13191,194-31-9-2-1,3.04702113264616e-05_3.04702113264616e-05_3.04702113264616e-05_3.04702113264616e-05_3.04702113264616e-05
1016,13192,5-5-5-1-1,6.21841047478808e-05_6.21841047478808e-05_6.21841047478808e-05_6.21841047478808e-05_6.21841047478808e-05
1016,13193,216-19-9-2-1,1.18149799020973e-05_1.18149799020973e-05_1.18149799020973e-05_1.18149799020973e-05_1.18149799020973e-05
1016,13194,216-19-9-2-1,8.0839336172245e-06_8.0839336172245e-06_8.0839336172245e-06_8.0839336172245e-06_8.0839336172245e-06
1016,13195,108-13-6-2-1,0.0015347037051777_0.0015347037051777_0.0015347037051777_0.0015347037051777_0.0015347037051777
1016,13196,47-22-8-1-1,3.10920523739404e-06_3.10920523739404e-06_3.10920523739404e-06_3.10920523739404e-06_3.10920523739404e-06
1016,13197,140-42-12-1-1,4.97472837983046e-06_4.97472837983046e-06_4.97472837983046e-06_4.97472837983046e-06_4.97472837983046e-06
1016,13198,17-11-4-2-1,8.0839336172245e-06_8.0839336172245e-06_8.0839336172245e-06_8.0839336172245e-06_8.0839336172245e-06
1016,13199,227-41-9-2-1,4.97472837983046e-06_4.97472837983046e-06_4.97472837983046e-06_4.97472837983046e-06_4.97472837983046e-06
1016,13200,196-14-4-2-1,9.32761571218212e-06_9.32761571218212e-06_9.32761571218212e-06_9.32761571218212e-06_9.32761571218212e-06
1016,13201,227-41-9-2-1,3.73104628487285e-06_3.73104628487285e-06_3.73104628487285e-06_3.73104628487285e-06_3.73104628487285e-06
1016,13202,45-5-5-1-1,3.10920523739404e-06_3.10920523739404e-06_3.10920523739404e-06_3.10920523739404e-06_3.10920523739404e-06
1016,13203,136-26-4-2-1,4.35288733235165e-06_4.35288733235165e-06_4.35288733235165e-06_4.35288733235165e-06_4.35288733235165e-06
1016,13204,185-41-9-2-1,3.73104628487285e-06_3.73104628487285e-06_3.73104628487285e-06_3.73104628487285e-06_3.73104628487285e-06
1016,13205,9-8-3-1-1,2.61173239941099e-05_2.61173239941099e-05_2.61173239941099e-05_2.61173239941099e-05_2.61173239941099e-05
1016,13206,150-30-1-1-1,3.73104628487285e-06_3.73104628487285e-06_3.73104628487285e-06_3.73104628487285e-06_3.73104628487285e-06
1016,13207,150-30-1-1-1,3.97978270386437e-05_3.97978270386437e-05_3.97978270386437e-05_3.97978270386437e-05_3.97978270386437e-05
1016,13208,150-30-1-1-1,1.11931388546185e-05_1.11931388546185e-05_1.11931388546185e-05_1.11931388546185e-05_1.11931388546185e-05
1016,13209,112-14-4-2-1,4.35288733235165e-06_4.35288733235165e-06_4.35288733235165e-06_4.35288733235165e-06_4.35288733235165e-06
1016,13210,70-27-8-1-1,7.58646077924145e-05_7.58646077924145e-05_7.58646077924145e-05_7.58646077924145e-05_7.58646077924145e-05
1016,13211,106-39-11-1-1,0.000191527042623473_0.000191527042623473_0.000191527042623473_0.000191527042623473_0.000191527042623473
1016,13212,172-40-4-2-1,4.97472837983046e-06_4.97472837983046e-06_4.97472837983046e-06_4.97472837983046e-06_4.97472837983046e-06
1016,13213,152-32-10-1-1,3.29575755163768e-05_3.29575755163768e-05_3.29575755163768e-05_3.29575755163768e-05_3.29575755163768e-05
1016,13214,142-42-12-1-1,4.35288733235165e-06_4.35288733235165e-06_4.35288733235165e-06_4.35288733235165e-06_4.35288733235165e-06
1016,13216,49-22-8-1-1,1.11931388546185e-05_1.11931388546185e-05_1.11931388546185e-05_1.11931388546185e-05_1.11931388546185e-05
1016,13217,167-18-4-2-1,1.43023440920126e-05_1.43023440920126e-05_1.43023440920126e-05_1.43023440920126e-05_1.43023440920126e-05
1016,13218,32-18-4-2-1,4.35288733235165e-06_4.35288733235165e-06_4.35288733235165e-06_4.35288733235165e-06_4.35288733235165e-06
1016,13219,133-12-8-1-1,3.73104628487285e-06_3.73104628487285e-06_3.73104628487285e-06_3.73104628487285e-06_3.73104628487285e-06
1016,13220,129-21-4-2-1,9.94945675966092e-06_9.94945675966092e-06_9.94945675966092e-06_9.94945675966092e-06_9.94945675966092e-06
1016,13221,201-17-10-1-1,9.76290444541728e-05_9.76290444541728e-05_9.76290444541728e-05_9.76290444541728e-05_9.76290444541728e-05
1016,13222,140-42-12-1-1,3.73104628487285e-06_3.73104628487285e-06_3.73104628487285e-06_3.73104628487285e-06_3.73104628487285e-06
1016,13223,126-29-2-2-1,5.41001711306563e-05_5.41001711306563e-05_5.41001711306563e-05_5.41001711306563e-05_5.41001711306563e-05
1016,13224,172-40-4-2-1,1.43023440920126e-05_1.43023440920126e-05_1.43023440920126e-05_1.43023440920126e-05_1.43023440920126e-05
1016,13225,32-18-4-2-1,1.36805030445338e-05_1.36805030445338e-05_1.36805030445338e-05_1.36805030445338e-05_1.36805030445338e-05
1016,13226,69-29-2-2-1,7.89738130298086e-05_7.89738130298086e-05_7.89738130298086e-05_7.89738130298086e-05_7.89738130298086e-05
1016,13227,126-29-2-2-1,5.1612806940741e-05_5.1612806940741e-05_5.1612806940741e-05_5.1612806940741e-05_5.1612806940741e-05
1016,13228,112-14-4-2-1,1.55460261869702e-05_1.55460261869702e-05_1.55460261869702e-05_1.55460261869702e-05_1.55460261869702e-05
1016,13229,71-29-2-2-1,3.5444939706292e-05_3.5444939706292e-05_3.5444939706292e-05_3.5444939706292e-05_3.5444939706292e-05
1016,13230,205-12-8-1-1,3.10920523739404e-06_3.10920523739404e-06_3.10920523739404e-06_3.10920523739404e-06_3.10920523739404e-06
1016,13231,237-44-12-1-1,2.30081187567159e-05_2.30081187567159e-05_2.30081187567159e-05_2.30081187567159e-05_2.30081187567159e-05
1016,13232,32-18-4-2-1,2.61173239941099e-05_2.61173239941099e-05_2.61173239941099e-05_2.61173239941099e-05_2.61173239941099e-05
1016,13233,61-13-6-2-1,0.000265526127273451_0.000265526127273451_0.000265526127273451_0.000265526127273451_0.000265526127273451
1016,13234,61-13-6-2-1,0.000287290563935209_0.000287290563935209_0.000287290563935209_0.000287290563935209_0.000287290563935209
1016,13235,4-4-4-2-1,5.59656942730927e-06_5.59656942730927e-06_5.59656942730927e-06_5.59656942730927e-06_5.59656942730927e-06
1016,13236,34-19-9-2-1,4.35288733235165e-06_4.35288733235165e-06_4.35288733235165e-06_4.35288733235165e-06_4.35288733235165e-06
1016,13237,49-22-8-1-1,0.000144888964062562_0.000144888964062562_0.000144888964062562_0.000144888964062562_0.000144888964062562
1016,13238,55-22-8-1-1,0.000222619094997413_0.000222619094997413_0.000222619094997413_0.000222619094997413_0.000222619094997413
1016,13239,45-5-5-1-1,3.10920523739404e-06_3.10920523739404e-06_3.10920523739404e-06_3.10920523739404e-06_3.10920523739404e-06
1016,13240,36-6-6-2-1,6.84025152226688e-05_6.84025152226688e-05_6.84025152226688e-05_6.84025152226688e-05_6.84025152226688e-05
1016,13241,172-40-4-2-1,8.70577466470331e-06_8.70577466470331e-06_8.70577466470331e-06_8.70577466470331e-06_8.70577466470331e-06
1016,13242,144-43-4-2-1,0.000128721096828113_0.000128721096828113_0.000128721096828113_0.000128721096828113_0.000128721096828113
1016,13243,167-18-4-2-1,1.9277072471843e-05_1.9277072471843e-05_1.9277072471843e-05_1.9277072471843e-05_1.9277072471843e-05
1016,13244,163-43-4-2-1,4.35288733235165e-06_4.35288733235165e-06_4.35288733235165e-06_4.35288733235165e-06_4.35288733235165e-06
1016,13245,55-22-8-1-1,1.18149799020973e-05_1.18149799020973e-05_1.18149799020973e-05_1.18149799020973e-05_1.18149799020973e-05
1016,13246,185-41-9-2-1,3.10920523739404e-06_3.10920523739404e-06_3.10920523739404e-06_3.10920523739404e-06_3.10920523739404e-06
1016,13247,179-26-4-2-1,1.9277072471843e-05_1.9277072471843e-05_1.9277072471843e-05_1.9277072471843e-05_1.9277072471843e-05
1016,13248,138-23-8-1-1,8.0839336172245e-06_8.0839336172245e-06_8.0839336172245e-06_8.0839336172245e-06_8.0839336172245e-06
1016,13249,133-12-8-1-1,1.24368209495762e-05_1.24368209495762e-05_1.24368209495762e-05_1.24368209495762e-05_1.24368209495762e-05
1016,13250,4-4-4-2-1,6.84025152226688e-06_6.84025152226688e-06_6.84025152226688e-06_6.84025152226688e-06_6.84025152226688e-06
1016,13252,55-22-8-1-1,3.73104628487285e-06_3.73104628487285e-06_3.73104628487285e-06_3.73104628487285e-06_3.73104628487285e-06
1016,13253,175-20-9-2-1,9.94945675966092e-06_9.94945675966092e-06_9.94945675966092e-06_9.94945675966092e-06_9.94945675966092e-06
1016,13254,37-11-4-2-1,3.10920523739404e-06_3.10920523739404e-06_3.10920523739404e-06_3.10920523739404e-06_3.10920523739404e-06
1016,13255,159-4-4-2-1,1.98989135193218e-05_1.98989135193218e-05_1.98989135193218e-05_1.98989135193218e-05_1.98989135193218e-05
1016,13256,55-22-8-1-1,3.10920523739404e-06_3.10920523739404e-06_3.10920523739404e-06_3.10920523739404e-06_3.10920523739404e-06
1016,13257,172-40-4-2-1,3.73104628487285e-06_3.73104628487285e-06_3.73104628487285e-06_3.73104628487285e-06_3.73104628487285e-06
1016,13258,22-13-6-2-1,0.000534161459784296_0.000534161459784296_0.000534161459784296_0.000534161459784296_0.000534161459784296
1016,13259,228-17-10-1-1,2.67391650415887e-05_2.67391650415887e-05_2.67391650415887e-05_2.67391650415887e-05_2.67391650415887e-05
1016,13260,72-10-2-2-1,0.000649202053567875_0.000649202053567875_0.000649202053567875_0.000649202053567875_0.000649202053567875
1016,13261,4-4-4-2-1,6.84025152226688e-06_6.84025152226688e-06_6.84025152226688e-06_6.84025152226688e-06_6.84025152226688e-06
1016,13263,133-12-8-1-1,0.000120637163210889_0.000120637163210889_0.000120637163210889_0.000120637163210889_0.000120637163210889
1016,13264,185-41-9-2-1,3.73104628487285e-06_3.73104628487285e-06_3.73104628487285e-06_3.73104628487285e-06_3.73104628487285e-06
1016,13266,76-4-4-2-1,9.32761571218212e-06_9.32761571218212e-06_9.32761571218212e-06_9.32761571218212e-06_9.32761571218212e-06
1016,13267,28-16-2-2-1,8.58140645520755e-05_8.58140645520755e-05_8.58140645520755e-05_8.58140645520755e-05_8.58140645520755e-05
1016,13269,213-15-9-2-1,2.48736418991523e-06_2.48736418991523e-06_2.48736418991523e-06_2.48736418991523e-06_2.48736418991523e-06
1016,13270,122-16-2-2-1,3.73104628487285e-06_3.73104628487285e-06_3.73104628487285e-06_3.73104628487285e-06_3.73104628487285e-06
1016,13271,172-40-4-2-1,3.10920523739404e-06_3.10920523739404e-06_3.10920523739404e-06_3.10920523739404e-06_3.10920523739404e-06
1016,13272,235-34-11-1-1,3.42012576113344e-05_3.42012576113344e-05_3.42012576113344e-05_3.42012576113344e-05_3.42012576113344e-05
1016,13273,70-27-8-1-1,7.46209256974569e-06_7.46209256974569e-06_7.46209256974569e-06_7.46209256974569e-06_7.46209256974569e-06
1016,13274,4-4-4-2-1,6.84025152226688e-06_6.84025152226688e-06_6.84025152226688e-06_6.84025152226688e-06_6.84025152226688e-06
1016,13275,129-21-4-2-1,6.21841047478808e-06_6.21841047478808e-06_6.21841047478808e-06_6.21841047478808e-06_6.21841047478808e-06
1016,13276,110-3-3-1-1,2.61173239941099e-05_2.61173239941099e-05_2.61173239941099e-05_2.61173239941099e-05_2.61173239941099e-05
1016,13277,166-18-4-2-1,3.10920523739404e-06_3.10920523739404e-06_3.10920523739404e-06_3.10920523739404e-06_3.10920523739404e-06
1016,13278,32-18-4-2-1,6.21841047478808e-06_6.21841047478808e-06_6.21841047478808e-06_6.21841047478808e-06_6.21841047478808e-06
1016,13279,142-42-12-1-1,9.32761571218212e-06_9.32761571218212e-06_9.32761571218212e-06_9.32761571218212e-06_9.32761571218212e-06
1016,13280,166-18-4-2-1,1.05712978071397e-05_1.05712978071397e-05_1.05712978071397e-05_1.05712978071397e-05_1.05712978071397e-05
1016,13281,201-17-10-1-1,8.27048593146814e-05_8.27048593146814e-05_8.27048593146814e-05_8.27048593146814e-05_8.27048593146814e-05
1016,13282,122-16-2-2-1,3.10920523739404e-06_3.10920523739404e-06_3.10920523739404e-06_3.10920523739404e-06_3.10920523739404e-06
1016,13283,124-29-2-2-1,0.000105712978071397_0.000105712978071397_0.000105712978071397_0.000105712978071397_0.000105712978071397
1016,13284,55-22-8-1-1,3.10920523739404e-06_3.10920523739404e-06_3.10920523739404e-06_3.10920523739404e-06_3.10920523739404e-06
1016,13285,223-40-4-2-1,6.84025152226688e-05_6.84025152226688e-05_6.84025152226688e-05_6.84025152226688e-05_6.84025152226688e-05
1016,13286,155-10-2-2-1,7.7730130934851e-05_7.7730130934851e-05_7.7730130934851e-05_7.7730130934851e-05_7.7730130934851e-05
1016,13287,58-13-6-2-1,6.28059457953596e-05_6.28059457953596e-05_6.28059457953596e-05_6.28059457953596e-05_6.28059457953596e-05
1016,13288,159-4-4-2-1,7.46209256974569e-06_7.46209256974569e-06_7.46209256974569e-06_7.46209256974569e-06_7.46209256974569e-06
1016,13289,166-18-4-2-1,1.36805030445338e-05_1.36805030445338e-05_1.36805030445338e-05_1.36805030445338e-05_1.36805030445338e-05
1016,13290,185-41-9-2-1,4.35288733235165e-06_4.35288733235165e-06_4.35288733235165e-06_4.35288733235165e-06_4.35288733235165e-06
1016,13291,27-8-3-1-1,4.60162375134318e-05_4.60162375134318e-05_4.60162375134318e-05_4.60162375134318e-05_4.60162375134318e-05
1016,13292,194-31-9-2-1,3.73104628487285e-06_3.73104628487285e-06_3.73104628487285e-06_3.73104628487285e-06_3.73104628487285e-06
1016,13293,223-40-4-2-1,2.05207545668007e-05_2.05207545668007e-05_2.05207545668007e-05_2.05207545668007e-05_2.05207545668007e-05
1016,13294,223-40-4-2-1,1.49241851394914e-05_1.49241851394914e-05_1.49241851394914e-05_1.49241851394914e-05_1.49241851394914e-05
1016,13295,189-12-8-1-1,1.36805030445338e-05_1.36805030445338e-05_1.36805030445338e-05_1.36805030445338e-05_1.36805030445338e-05
1016,13296,23-10-2-2-1,1.36805030445338e-05_1.36805030445338e-05_1.36805030445338e-05_1.36805030445338e-05_1.36805030445338e-05
1016,13297,29-17-10-1-1,1.36805030445338e-05_1.36805030445338e-05_1.36805030445338e-05_1.36805030445338e-05_1.36805030445338e-05
1016,13298,167-18-4-2-1,1.11931388546185e-05_1.11931388546185e-05_1.11931388546185e-05_1.11931388546185e-05_1.11931388546185e-05
1016,13299,212-41-9-2-1,3.73104628487285e-06_3.73104628487285e-06_3.73104628487285e-06_3.73104628487285e-06_3.73104628487285e-06
1016,13300,237-44-12-1-1,1.18149799020973e-05_1.18149799020973e-05_1.18149799020973e-05_1.18149799020973e-05_1.18149799020973e-05
1016,13301,174-15-9-2-1,4.97472837983046e-06_4.97472837983046e-06_4.97472837983046e-06_4.97472837983046e-06_4.97472837983046e-06
1016,13302,128-7-4-2-1,4.97472837983046e-06_4.97472837983046e-06_4.97472837983046e-06_4.97472837983046e-06_4.97472837983046e-06
1016,13303,199-19-9-2-1,3.73104628487285e-06_3.73104628487285e-06_3.73104628487285e-06_3.73104628487285e-06_3.73104628487285e-06
1016,13304,133-12-8-1-1,4.97472837983046e-06_4.97472837983046e-06_4.97472837983046e-06_4.97472837983046e-06_4.97472837983046e-06
1016,13305,114-40-4-2-1,9.32761571218212e-06_9.32761571218212e-06_9.32761571218212e-06_9.32761571218212e-06_9.32761571218212e-06
1016,13306,74-31-9-2-1,1.67897082819278e-05_1.67897082819278e-05_1.67897082819278e-05_1.67897082819278e-05_1.67897082819278e-05
1016,13307,177-7-4-2-1,6.84025152226688e-06_6.84025152226688e-06_6.84025152226688e-06_6.84025152226688e-06_6.84025152226688e-06
1016,13308,189-12-8-1-1,4.91254427508258e-05_4.91254427508258e-05_4.91254427508258e-05_4.91254427508258e-05_4.91254427508258e-05
1016,13309,13-6-6-2-1,0.000157325785012138_0.000157325785012138_0.000157325785012138_0.000157325785012138_0.000157325785012138
1016,13310,61-13-6-2-1,0.000132452143112986_0.000132452143112986_0.000132452143112986_0.000132452143112986_0.000132452143112986
1016,13311,70-27-8-1-1,5.59656942730927e-06_5.59656942730927e-06_5.59656942730927e-06_5.59656942730927e-06_5.59656942730927e-06
1016,13312,25-10-2-2-1,3.10920523739404e-06_3.10920523739404e-06_3.10920523739404e-06_3.10920523739404e-06_3.10920523739404e-06
1016,13313,212-41-9-2-1,6.21841047478808e-06_6.21841047478808e-06_6.21841047478808e-06_6.21841047478808e-06_6.21841047478808e-06
1016,13314,147-11-4-2-1,6.21841047478808e-06_6.21841047478808e-06_6.21841047478808e-06_6.21841047478808e-06_6.21841047478808e-06
1016,13315,47-22-8-1-1,6.84025152226688e-06_6.84025152226688e-06_6.84025152226688e-06_6.84025152226688e-06_6.84025152226688e-06
1016,13316,122-16-2-2-1,3.10920523739404e-06_3.10920523739404e-06_3.10920523739404e-06_3.10920523739404e-06_3.10920523739404e-06
1016,13317,76-4-4-2-1,4.97472837983046e-06_4.97472837983046e-06_4.97472837983046e-06_4.97472837983046e-06_4.97472837983046e-06
1016,13318,71-29-2-2-1,4.35288733235165e-06_4.35288733235165e-06_4.35288733235165e-06_4.35288733235165e-06_4.35288733235165e-06
1016,13319,109-28-5-1-1,6.21841047478808e-06_6.21841047478808e-06_6.21841047478808e-06_6.21841047478808e-06_6.21841047478808e-06
1016,13320,218-7-4-2-1,9.94945675966092e-06_9.94945675966092e-06_9.94945675966092e-06_9.94945675966092e-06_9.94945675966092e-06
1016,13321,185-41-9-2-1,2.48736418991523e-06_2.48736418991523e-06_2.48736418991523e-06_2.48736418991523e-06_2.48736418991523e-06
1016,13322,172-40-4-2-1,4.97472837983046e-06_4.97472837983046e-06_4.97472837983046e-06_4.97472837983046e-06_4.97472837983046e-06
1016,13323,44-13-6-2-1,6.21841047478808e-06_6.21841047478808e-06_6.21841047478808e-06_6.21841047478808e-06_6.21841047478808e-06
1016,13324,11-4-4-2-1,3.73104628487285e-06_3.73104628487285e-06_3.73104628487285e-06_3.73104628487285e-06_3.73104628487285e-06
1016,13325,196-14-4-2-1,1.9277072471843e-05_1.9277072471843e-05_1.9277072471843e-05_1.9277072471843e-05_1.9277072471843e-05
1016,13327,126-29-2-2-1,1.24368209495762e-05_1.24368209495762e-05_1.24368209495762e-05_1.24368209495762e-05_1.24368209495762e-05
1016,13328,8-7-4-2-1,4.35288733235165e-06_4.35288733235165e-06_4.35288733235165e-06_4.35288733235165e-06_4.35288733235165e-06
1016,13329,71-29-2-2-1,4.97472837983046e-06_4.97472837983046e-06_4.97472837983046e-06_4.97472837983046e-06_4.97472837983046e-06
1016,13330,189-12-8-1-1,3.10920523739404e-05_3.10920523739404e-05_3.10920523739404e-05_3.10920523739404e-05_3.10920523739404e-05
1016,13331,133-12-8-1-1,1.80333903768854e-05_1.80333903768854e-05_1.80333903768854e-05_1.80333903768854e-05_1.80333903768854e-05
1016,13332,196-14-4-2-1,6.84025152226688e-06_6.84025152226688e-06_6.84025152226688e-06_6.84025152226688e-06_6.84025152226688e-06
1016,13334,112-14-4-2-1,1.6167867234449e-05_1.6167867234449e-05_1.6167867234449e-05_1.6167867234449e-05_1.6167867234449e-05
1016,13335,45-5-5-1-1,6.59151510327536e-05_6.59151510327536e-05_6.59151510327536e-05_6.59151510327536e-05_6.59151510327536e-05
1016,13336,173-5-5-1-1,2.54954829466311e-05_2.54954829466311e-05_2.54954829466311e-05_2.54954829466311e-05_2.54954829466311e-05
1016,13337,13-6-6-2-1,4.04196680861225e-05_4.04196680861225e-05_4.04196680861225e-05_4.04196680861225e-05_4.04196680861225e-05
1016,13338,1-1-1-1-1,2.48736418991523e-05_2.48736418991523e-05_2.48736418991523e-05_2.48736418991523e-05_2.48736418991523e-05
1016,13339,32-18-4-2-1,3.10920523739404e-06_3.10920523739404e-06_3.10920523739404e-06_3.10920523739404e-06_3.10920523739404e-06
1016,13340,109-28-5-1-1,1.86552314243642e-05_1.86552314243642e-05_1.86552314243642e-05_1.86552314243642e-05_1.86552314243642e-05
1016,13341,110-3-3-1-1,0.000167897082819278_0.000167897082819278_0.000167897082819278_0.000167897082819278_0.000167897082819278
1016,13342,110-3-3-1-1,7.83519719823298e-05_7.83519719823298e-05_7.83519719823298e-05_7.83519719823298e-05_7.83519719823298e-05
1016,13343,23-10-2-2-1,1.11931388546185e-05_1.11931388546185e-05_1.11931388546185e-05_1.11931388546185e-05_1.11931388546185e-05
1016,13344,33-16-2-2-1,7.71082898873721e-05_7.71082898873721e-05_7.71082898873721e-05_7.71082898873721e-05_7.71082898873721e-05
1016,13345,127-30-1-1-1,1.98989135193218e-05_1.98989135193218e-05_1.98989135193218e-05_1.98989135193218e-05_1.98989135193218e-05
1016,13346,79-32-10-1-1,1.3058661997055e-05_1.3058661997055e-05_1.3058661997055e-05_1.3058661997055e-05_1.3058661997055e-05
1016,13347,84-2-2-2-1,2.36299598041947e-05_2.36299598041947e-05_2.36299598041947e-05_2.36299598041947e-05_2.36299598041947e-05
1016,13348,25-10-2-2-1,4.35288733235165e-06_4.35288733235165e-06_4.35288733235165e-06_4.35288733235165e-06_4.35288733235165e-06
1016,13349,159-4-4-2-1,1.74115493294066e-05_1.74115493294066e-05_1.74115493294066e-05_1.74115493294066e-05_1.74115493294066e-05
1016,13350,149-16-2-2-1,5.59656942730927e-06_5.59656942730927e-06_5.59656942730927e-06_5.59656942730927e-06_5.59656942730927e-06
1016,13351,212-41-9-2-1,3.10920523739404e-06_3.10920523739404e-06_3.10920523739404e-06_3.10920523739404e-06_3.10920523739404e-06
1016,13352,140-42-12-1-1,4.41507143709953e-05_4.41507143709953e-05_4.41507143709953e-05_4.41507143709953e-05_4.41507143709953e-05
1016,13353,137-26-4-2-1,4.10415091336013e-05_4.10415091336013e-05_4.10415091336013e-05_4.10415091336013e-05_4.10415091336013e-05
1016,13354,89-13-6-2-1,1.05712978071397e-05_1.05712978071397e-05_1.05712978071397e-05_1.05712978071397e-05_1.05712978071397e-05
1016,13355,8-7-4-2-1,4.35288733235165e-06_4.35288733235165e-06_4.35288733235165e-06_4.35288733235165e-06_4.35288733235165e-06
1016,13356,163-43-4-2-1,8.70577466470331e-06_8.70577466470331e-06_8.70577466470331e-06_8.70577466470331e-06_8.70577466470331e-06
1016,13357,236-42-12-1-1,4.35288733235165e-06_4.35288733235165e-06_4.35288733235165e-06_4.35288733235165e-06_4.35288733235165e-06
1016,13358,75-1-1-1-1,9.94945675966092e-06_9.94945675966092e-06_9.94945675966092e-06_9.94945675966092e-06_9.94945675966092e-06
1016,13359,80-11-4-2-1,1.55460261869702e-05_1.55460261869702e-05_1.55460261869702e-05_1.55460261869702e-05_1.55460261869702e-05
1016,13360,161-36-10-1-1,4.35288733235165e-06_4.35288733235165e-06_4.35288733235165e-06_4.35288733235165e-06_4.35288733235165e-06
1016,13361,142-42-12-1-1,3.10920523739404e-06_3.10920523739404e-06_3.10920523739404e-06_3.10920523739404e-06_3.10920523739404e-06
1016,13362,185-41-9-2-1,3.73104628487285e-06_3.73104628487285e-06_3.73104628487285e-06_3.73104628487285e-06_3.73104628487285e-06
1016,13363,8-7-4-2-1,1.11931388546185e-05_1.11931388546185e-05_1.11931388546185e-05_1.11931388546185e-05_1.11931388546185e-05
1016,13364,148-29-2-2-1,6.84025152226688e-06_6.84025152226688e-06_6.84025152226688e-06_6.84025152226688e-06_6.84025152226688e-06
1016,13365,185-41-9-2-1,4.35288733235165e-06_4.35288733235165e-06_4.35288733235165e-06_4.35288733235165e-06_4.35288733235165e-06
1016,13366,194-31-9-2-1,2.30081187567159e-05_2.30081187567159e-05_2.30081187567159e-05_2.30081187567159e-05_2.30081187567159e-05
1016,13367,226-32-10-1-1,7.46209256974569e-06_7.46209256974569e-06_7.46209256974569e-06_7.46209256974569e-06_7.46209256974569e-06
1016,13368,44-13-6-2-1,2.11425956142795e-05_2.11425956142795e-05_2.11425956142795e-05_2.11425956142795e-05_2.11425956142795e-05
1016,13369,201-17-10-1-1,2.61173239941099e-05_2.61173239941099e-05_2.61173239941099e-05_2.61173239941099e-05_2.61173239941099e-05
1016,13370,174-15-9-2-1,9.94945675966092e-06_9.94945675966092e-06_9.94945675966092e-06_9.94945675966092e-06_9.94945675966092e-06
1016,13371,234-24-7-1-1,5.84530584630079e-05_5.84530584630079e-05_5.84530584630079e-05_5.84530584630079e-05_5.84530584630079e-05
1016,13372,105-8-3-1-1,2.17644366617583e-05_2.17644366617583e-05_2.17644366617583e-05_2.17644366617583e-05_2.17644366617583e-05
1016,13373,49-22-8-1-1,1.49241851394914e-05_1.49241851394914e-05_1.49241851394914e-05_1.49241851394914e-05_1.49241851394914e-05
1016,13374,55-22-8-1-1,3.73104628487285e-06_3.73104628487285e-06_3.73104628487285e-06_3.73104628487285e-06_3.73104628487285e-06
1016,13375,222-35-4-2-1,1.6167867234449e-05_1.6167867234449e-05_1.6167867234449e-05_1.6167867234449e-05_1.6167867234449e-05
1016,13376,55-22-8-1-1,6.84025152226688e-06_6.84025152226688e-06_6.84025152226688e-06_6.84025152226688e-06_6.84025152226688e-06
1016,13377,57-7-4-2-1,4.97472837983046e-06_4.97472837983046e-06_4.97472837983046e-06_4.97472837983046e-06_4.97472837983046e-06
1016,13378,9-8-3-1-1,4.22851912285589e-05_4.22851912285589e-05_4.22851912285589e-05_4.22851912285589e-05_4.22851912285589e-05
1016,13379,224-39-11-1-1,2.48736418991523e-06_2.48736418991523e-06_2.48736418991523e-06_2.48736418991523e-06_2.48736418991523e-06
1016,13380,98-27-8-1-1,4.8503601703347e-05_4.8503601703347e-05_4.8503601703347e-05_4.8503601703347e-05_4.8503601703347e-05
1016,13381,236-42-12-1-1,3.10920523739404e-06_3.10920523739404e-06_3.10920523739404e-06_3.10920523739404e-06_3.10920523739404e-06
1016,13382,172-40-4-2-1,3.10920523739404e-06_3.10920523739404e-06_3.10920523739404e-06_3.10920523739404e-06_3.10920523739404e-06
1016,13384,175-20-9-2-1,3.73104628487285e-06_3.73104628487285e-06_3.73104628487285e-06_3.73104628487285e-06_3.73104628487285e-06
1016,13385,185-41-9-2-1,3.10920523739404e-06_3.10920523739404e-06_3.10920523739404e-06_3.10920523739404e-06_3.10920523739404e-06
1016,13386,200-15-9-2-1,9.94945675966092e-06_9.94945675966092e-06_9.94945675966092e-06_9.94945675966092e-06_9.94945675966092e-06
1016,13387,130-12-8-1-1,4.35288733235165e-06_4.35288733235165e-06_4.35288733235165e-06_4.35288733235165e-06_4.35288733235165e-06
1016,13388,176-20-9-2-1,1.74115493294066e-05_1.74115493294066e-05_1.74115493294066e-05_1.74115493294066e-05_1.74115493294066e-05
1016,13389,71-29-2-2-1,1.36805030445338e-05_1.36805030445338e-05_1.36805030445338e-05_1.36805030445338e-05_1.36805030445338e-05
1016,13390,214-26-4-2-1,9.94945675966092e-06_9.94945675966092e-06_9.94945675966092e-06_9.94945675966092e-06_9.94945675966092e-06
1016,13392,34-19-9-2-1,3.10920523739404e-06_3.10920523739404e-06_3.10920523739404e-06_3.10920523739404e-06_3.10920523739404e-06
1016,13393,222-35-4-2-1,2.11425956142795e-05_2.11425956142795e-05_2.11425956142795e-05_2.11425956142795e-05_2.11425956142795e-05
1016,13394,185-41-9-2-1,3.10920523739404e-06_3.10920523739404e-06_3.10920523739404e-06_3.10920523739404e-06_3.10920523739404e-06
1016,13395,185-41-9-2-1,3.73104628487285e-06_3.73104628487285e-06_3.73104628487285e-06_3.73104628487285e-06_3.73104628487285e-06
1016,13396,63-27-8-1-1,8.0839336172245e-06_8.0839336172245e-06_8.0839336172245e-06_8.0839336172245e-06_8.0839336172245e-06
1016,13397,122-16-2-2-1,6.52933099852748e-05_6.52933099852748e-05_6.52933099852748e-05_6.52933099852748e-05_6.52933099852748e-05
1016,13398,205-12-8-1-1,2.48736418991523e-06_2.48736418991523e-06_2.48736418991523e-06_2.48736418991523e-06_2.48736418991523e-06
1016,13399,123-41-9-2-1,6.21841047478808e-06_6.21841047478808e-06_6.21841047478808e-06_6.21841047478808e-06_6.21841047478808e-06
1016,13400,188-14-4-2-1,1.98989135193218e-05_1.98989135193218e-05_1.98989135193218e-05_1.98989135193218e-05_1.98989135193218e-05
1016,13401,122-16-2-2-1,3.10920523739404e-06_3.10920523739404e-06_3.10920523739404e-06_3.10920523739404e-06_3.10920523739404e-06
1016,13402,114-40-4-2-1,1.49241851394914e-05_1.49241851394914e-05_1.49241851394914e-05_1.49241851394914e-05_1.49241851394914e-05
1016,13403,230-14-4-2-1,3.10920523739404e-06_3.10920523739404e-06_3.10920523739404e-06_3.10920523739404e-06_3.10920523739404e-06
1016,13404,177-7-4-2-1,7.46209256974569e-06_7.46209256974569e-06_7.46209256974569e-06_7.46209256974569e-06_7.46209256974569e-06
1016,13405,123-41-9-2-1,6.84025152226688e-06_6.84025152226688e-06_6.84025152226688e-06_6.84025152226688e-06_6.84025152226688e-06
1016,13406,66-29-2-2-1,3.73104628487285e-06_3.73104628487285e-06_3.73104628487285e-06_3.73104628487285e-06_3.73104628487285e-06
1016,13407,145-25-8-1-1,7.46209256974569e-06_7.46209256974569e-06_7.46209256974569e-06_7.46209256974569e-06_7.46209256974569e-06
1016,13408,183-23-8-1-1,1.36805030445338e-05_1.36805030445338e-05_1.36805030445338e-05_1.36805030445338e-05_1.36805030445338e-05
1016,13409,26-15-9-2-1,1.36805030445338e-05_1.36805030445338e-05_1.36805030445338e-05_1.36805030445338e-05_1.36805030445338e-05
1016,13411,159-4-4-2-1,5.34783300831775e-05_5.34783300831775e-05_5.34783300831775e-05_5.34783300831775e-05_5.34783300831775e-05
1016,13412,120-16-2-2-1,9.45198392167788e-05_9.45198392167788e-05_9.45198392167788e-05_9.45198392167788e-05_9.45198392167788e-05
1016,13413,140-42-12-1-1,3.10920523739404e-06_3.10920523739404e-06_3.10920523739404e-06_3.10920523739404e-06_3.10920523739404e-06
1016,13414,35-20-9-2-1,5.59656942730927e-06_5.59656942730927e-06_5.59656942730927e-06_5.59656942730927e-06_5.59656942730927e-06
1016,13415,112-14-4-2-1,4.97472837983046e-06_4.97472837983046e-06_4.97472837983046e-06_4.97472837983046e-06_4.97472837983046e-06
1016,13416,70-27-8-1-1,4.72599196083894e-05_4.72599196083894e-05_4.72599196083894e-05_4.72599196083894e-05_4.72599196083894e-05
1016,13417,26-15-9-2-1,8.0839336172245e-06_8.0839336172245e-06_8.0839336172245e-06_8.0839336172245e-06_8.0839336172245e-06
1016,13418,163-43-4-2-1,8.0839336172245e-06_8.0839336172245e-06_8.0839336172245e-06_8.0839336172245e-06_8.0839336172245e-06
1016,13419,71-29-2-2-1,5.59656942730927e-06_5.59656942730927e-06_5.59656942730927e-06_5.59656942730927e-06_5.59656942730927e-06
1016,13420,185-41-9-2-1,2.48736418991523e-06_2.48736418991523e-06_2.48736418991523e-06_2.48736418991523e-06_2.48736418991523e-06
1016,13421,133-12-8-1-1,3.73104628487285e-06_3.73104628487285e-06_3.73104628487285e-06_3.73104628487285e-06_3.73104628487285e-06
1016,13422,13-6-6-2-1,0.000261795080988578_0.000261795080988578_0.000261795080988578_0.000261795080988578_0.000261795080988578
1016,13423,35-20-9-2-1,6.84025152226688e-06_6.84025152226688e-06_6.84025152226688e-06_6.84025152226688e-06_6.84025152226688e-06
1016,13424,147-11-4-2-1,4.35288733235165e-06_4.35288733235165e-06_4.35288733235165e-06_4.35288733235165e-06_4.35288733235165e-06
1016,13425,112-14-4-2-1,1.67897082819278e-05_1.67897082819278e-05_1.67897082819278e-05_1.67897082819278e-05_1.67897082819278e-05
1016,13426,112-14-4-2-1,3.10920523739404e-06_3.10920523739404e-06_3.10920523739404e-06_3.10920523739404e-06_3.10920523739404e-06
1016,13427,112-14-4-2-1,1.36805030445338e-05_1.36805030445338e-05_1.36805030445338e-05_1.36805030445338e-05_1.36805030445338e-05
1016,13428,114-40-4-2-1,1.43023440920126e-05_1.43023440920126e-05_1.43023440920126e-05_1.43023440920126e-05_1.43023440920126e-05
1016,13429,179-26-4-2-1,2.48736418991523e-05_2.48736418991523e-05_2.48736418991523e-05_2.48736418991523e-05_2.48736418991523e-05
1016,13430,185-41-9-2-1,3.73104628487285e-06_3.73104628487285e-06_3.73104628487285e-06_3.73104628487285e-06_3.73104628487285e-06
1016,13431,112-14-4-2-1,4.97472837983046e-06_4.97472837983046e-06_4.97472837983046e-06_4.97472837983046e-06_4.97472837983046e-06
1016,13432,126-29-2-2-1,3.73104628487285e-06_3.73104628487285e-06_3.73104628487285e-06_3.73104628487285e-06_3.73104628487285e-06
1016,13433,29-17-10-1-1,2.17644366617583e-05_2.17644366617583e-05_2.17644366617583e-05_2.17644366617583e-05_2.17644366617583e-05
1016,13434,18-12-8-1-1,3.10920523739404e-06_3.10920523739404e-06_3.10920523739404e-06_3.10920523739404e-06_3.10920523739404e-06
1016,13435,174-15-9-2-1,1.74115493294066e-05_1.74115493294066e-05_1.74115493294066e-05_1.74115493294066e-05_1.74115493294066e-05
1016,13436,172-40-4-2-1,3.10920523739404e-06_3.10920523739404e-06_3.10920523739404e-06_3.10920523739404e-06_3.10920523739404e-06
1016,13437,89-13-6-2-1,6.21841047478808e-05_6.21841047478808e-05_6.21841047478808e-05_6.21841047478808e-05_6.21841047478808e-05
1016,13438,61-13-6-2-1,3.85541449436861e-05_3.85541449436861e-05_3.85541449436861e-05_3.85541449436861e-05_3.85541449436861e-05
1016,13439,4-4-4-2-1,7.46209256974569e-06_7.46209256974569e-06_7.46209256974569e-06_7.46209256974569e-06_7.46209256974569e-06
1016,13440,172-40-4-2-1,3.10920523739404e-06_3.10920523739404e-06_3.10920523739404e-06_3.10920523739404e-06_3.10920523739404e-06
1016,13441,159-4-4-2-1,5.59656942730927e-06_5.59656942730927e-06_5.59656942730927e-06_5.59656942730927e-06_5.59656942730927e-06
1016,13442,83-33-5-1-1,2.54954829466311e-05_2.54954829466311e-05_2.54954829466311e-05_2.54954829466311e-05_2.54954829466311e-05
1016,13443,102-13-6-2-1,9.94945675966092e-06_9.94945675966092e-06_9.94945675966092e-06_9.94945675966092e-06_9.94945675966092e-06
1016,13444,128-7-4-2-1,7.46209256974569e-06_7.46209256974569e-06_7.46209256974569e-06_7.46209256974569e-06_7.46209256974569e-06
1016,13445,214-26-4-2-1,9.94945675966092e-06_9.94945675966092e-06_9.94945675966092e-06_9.94945675966092e-06_9.94945675966092e-06
1016,13446,74-31-9-2-1,4.35288733235165e-06_4.35288733235165e-06_4.35288733235165e-06_4.35288733235165e-06_4.35288733235165e-06
1016,13447,142-42-12-1-1,1.24368209495762e-05_1.24368209495762e-05_1.24368209495762e-05_1.24368209495762e-05_1.24368209495762e-05
1016,13448,89-13-6-2-1,9.26543160743423e-05_9.26543160743423e-05_9.26543160743423e-05_9.26543160743423e-05_9.26543160743423e-05
1016,13449,83-33-5-1-1,0.000283559517650336_0.000283559517650336_0.000283559517650336_0.000283559517650336_0.000283559517650336
1016,13450,196-14-4-2-1,7.46209256974569e-06_7.46209256974569e-06_7.46209256974569e-06_7.46209256974569e-06_7.46209256974569e-06
1016,13451,40-23-8-1-1,0.000149863692442393_0.000149863692442393_0.000149863692442393_0.000149863692442393_0.000149863692442393
1016,13452,221-35-4-2-1,3.85541449436861e-05_3.85541449436861e-05_3.85541449436861e-05_3.85541449436861e-05_3.85541449436861e-05
1016,13453,179-26-4-2-1,2.73610060890675e-05_2.73610060890675e-05_2.73610060890675e-05_2.73610060890675e-05_2.73610060890675e-05
1016,13454,157-12-8-1-1,3.85541449436861e-05_3.85541449436861e-05_3.85541449436861e-05_3.85541449436861e-05_3.85541449436861e-05
1016,13455,153-18-4-2-1,3.73104628487285e-06_3.73104628487285e-06_3.73104628487285e-06_3.73104628487285e-06_3.73104628487285e-06
1016,13456,93-16-2-2-1,0.000124368209495762_0.000124368209495762_0.000124368209495762_0.000124368209495762_0.000124368209495762
1016,13457,185-41-9-2-1,8.0839336172245e-06_8.0839336172245e-06_8.0839336172245e-06_8.0839336172245e-06_8.0839336172245e-06
1016,13458,106-39-11-1-1,0.000322735503641501_0.000322735503641501_0.000322735503641501_0.000322735503641501_0.000322735503641501
1016,13459,202-37-4-2-1,4.35288733235165e-06_4.35288733235165e-06_4.35288733235165e-06_4.35288733235165e-06_4.35288733235165e-06
1016,13460,149-16-2-2-1,1.49241851394914e-05_1.49241851394914e-05_1.49241851394914e-05_1.49241851394914e-05_1.49241851394914e-05
1016,13461,140-42-12-1-1,4.04196680861225e-05_4.04196680861225e-05_4.04196680861225e-05_4.04196680861225e-05_4.04196680861225e-05
1016,13462,222-35-4-2-1,3.10920523739404e-06_3.10920523739404e-06_3.10920523739404e-06_3.10920523739404e-06_3.10920523739404e-06
1016,13463,140-42-12-1-1,4.97472837983046e-06_4.97472837983046e-06_4.97472837983046e-06_4.97472837983046e-06_4.97472837983046e-06
1016,13464,176-20-9-2-1,4.97472837983046e-06_4.97472837983046e-06_4.97472837983046e-06_4.97472837983046e-06_4.97472837983046e-06
1016,13465,44-13-6-2-1,1.05712978071397e-05_1.05712978071397e-05_1.05712978071397e-05_1.05712978071397e-05_1.05712978071397e-05
1016,13466,31-6-6-2-1,8.76795876945119e-05_8.76795876945119e-05_8.76795876945119e-05_8.76795876945119e-05_8.76795876945119e-05
1016,13467,221-35-4-2-1,3.48230986588132e-05_3.48230986588132e-05_3.48230986588132e-05_3.48230986588132e-05_3.48230986588132e-05
1016,13468,221-35-4-2-1,1.11931388546185e-05_1.11931388546185e-05_1.11931388546185e-05_1.11931388546185e-05_1.11931388546185e-05
1016,13469,221-35-4-2-1,4.72599196083894e-05_4.72599196083894e-05_4.72599196083894e-05_4.72599196083894e-05_4.72599196083894e-05
1016,13470,193-40-4-2-1,3.73104628487285e-06_3.73104628487285e-06_3.73104628487285e-06_3.73104628487285e-06_3.73104628487285e-06
1016,13471,77-28-5-1-1,3.73104628487285e-06_3.73104628487285e-06_3.73104628487285e-06_3.73104628487285e-06_3.73104628487285e-06
1016,13472,1-1-1-1-1,6.21841047478808e-06_6.21841047478808e-06_6.21841047478808e-06_6.21841047478808e-06_6.21841047478808e-06
1016,13474,122-16-2-2-1,1.3058661997055e-05_1.3058661997055e-05_1.3058661997055e-05_1.3058661997055e-05_1.3058661997055e-05
1016,13475,209-35-4-2-1,3.73104628487285e-06_3.73104628487285e-06_3.73104628487285e-06_3.73104628487285e-06_3.73104628487285e-06
1016,13476,57-7-4-2-1,3.04702113264616e-05_3.04702113264616e-05_3.04702113264616e-05_3.04702113264616e-05_3.04702113264616e-05
1016,13477,123-41-9-2-1,1.36805030445338e-05_1.36805030445338e-05_1.36805030445338e-05_1.36805030445338e-05_1.36805030445338e-05
1016,13478,191-37-4-2-1,3.10920523739404e-06_3.10920523739404e-06_3.10920523739404e-06_3.10920523739404e-06_3.10920523739404e-06
1016,13479,71-29-2-2-1,2.98483702789828e-05_2.98483702789828e-05_2.98483702789828e-05_2.98483702789828e-05_2.98483702789828e-05
1016,13480,153-18-4-2-1,3.10920523739404e-06_3.10920523739404e-06_3.10920523739404e-06_3.10920523739404e-06_3.10920523739404e-06
1016,13481,11-4-4-2-1,0.000141157917777689_0.000141157917777689_0.000141157917777689_0.000141157917777689_0.000141157917777689
1016,13482,11-4-4-2-1,0.000116906116926016_0.000116906116926016_0.000116906116926016_0.000116906116926016_0.000116906116926016
1016,13483,151-19-9-2-1,9.94945675966092e-06_9.94945675966092e-06_9.94945675966092e-06_9.94945675966092e-06_9.94945675966092e-06
1016,13484,11-4-4-2-1,4.8503601703347e-05_4.8503601703347e-05_4.8503601703347e-05_4.8503601703347e-05_4.8503601703347e-05
1016,13485,11-4-4-2-1,2.48736418991523e-05_2.48736418991523e-05_2.48736418991523e-05_2.48736418991523e-05_2.48736418991523e-05
1016,13486,144-43-4-2-1,0.000148620010347435_0.000148620010347435_0.000148620010347435_0.000148620010347435_0.000148620010347435
1016,13487,161-36-10-1-1,3.73104628487285e-06_3.73104628487285e-06_3.73104628487285e-06_3.73104628487285e-06_3.73104628487285e-06
1016,13488,177-7-4-2-1,1.3058661997055e-05_1.3058661997055e-05_1.3058661997055e-05_1.3058661997055e-05_1.3058661997055e-05
1016,13489,151-19-9-2-1,1.36805030445338e-05_1.36805030445338e-05_1.36805030445338e-05_1.36805030445338e-05_1.36805030445338e-05
1016,13490,76-4-4-2-1,4.91254427508258e-05_4.91254427508258e-05_4.91254427508258e-05_4.91254427508258e-05_4.91254427508258e-05
1016,13491,76-4-4-2-1,4.04196680861225e-05_4.04196680861225e-05_4.04196680861225e-05_4.04196680861225e-05_4.04196680861225e-05
1016,13492,17-11-4-2-1,1.43023440920126e-05_1.43023440920126e-05_1.43023440920126e-05_1.43023440920126e-05_1.43023440920126e-05
1016,13493,63-27-8-1-1,3.73104628487285e-06_3.73104628487285e-06_3.73104628487285e-06_3.73104628487285e-06_3.73104628487285e-06
1016,13494,122-16-2-2-1,8.76795876945119e-05_8.76795876945119e-05_8.76795876945119e-05_8.76795876945119e-05_8.76795876945119e-05
1016,13495,172-40-4-2-1,7.46209256974569e-06_7.46209256974569e-06_7.46209256974569e-06_7.46209256974569e-06_7.46209256974569e-06
1016,13496,186-15-9-2-1,1.74115493294066e-05_1.74115493294066e-05_1.74115493294066e-05_1.74115493294066e-05_1.74115493294066e-05
1016,13497,128-7-4-2-1,2.48736418991523e-06_2.48736418991523e-06_2.48736418991523e-06_2.48736418991523e-06_2.48736418991523e-06
1016,13498,29-17-10-1-1,2.48736418991523e-05_2.48736418991523e-05_2.48736418991523e-05_2.48736418991523e-05_2.48736418991523e-05
1016,13499,29-17-10-1-1,2.42518008516735e-05_2.42518008516735e-05_2.42518008516735e-05_2.42518008516735e-05_2.42518008516735e-05
1016,13500,29-17-10-1-1,2.23862777092371e-05_2.23862777092371e-05_2.23862777092371e-05_2.23862777092371e-05_2.23862777092371e-05
1016,13501,18-12-8-1-1,3.10920523739404e-06_3.10920523739404e-06_3.10920523739404e-06_3.10920523739404e-06_3.10920523739404e-06
1016,13502,180-40-4-2-1,8.70577466470331e-06_8.70577466470331e-06_8.70577466470331e-06_8.70577466470331e-06_8.70577466470331e-06
1016,13503,203-11-4-2-1,3.73104628487285e-06_3.73104628487285e-06_3.73104628487285e-06_3.73104628487285e-06_3.73104628487285e-06
1016,13504,64-28-5-1-1,0.000394869065149043_0.000394869065149043_0.000394869065149043_0.000394869065149043_0.000394869065149043
1016,13505,185-41-9-2-1,2.48736418991523e-06_2.48736418991523e-06_2.48736418991523e-06_2.48736418991523e-06_2.48736418991523e-06
1016,13506,171-18-4-2-1,3.73104628487285e-06_3.73104628487285e-06_3.73104628487285e-06_3.73104628487285e-06_3.73104628487285e-06
1016,13507,172-40-4-2-1,3.10920523739404e-06_3.10920523739404e-06_3.10920523739404e-06_3.10920523739404e-06_3.10920523739404e-06
1016,13508,143-1-1-1-1,0.000144267123015083_0.000144267123015083_0.000144267123015083_0.000144267123015083_0.000144267123015083
1016,13509,96-13-6-2-1,0.000579555856250249_0.000579555856250249_0.000579555856250249_0.000579555856250249_0.000579555856250249
1016,13510,4-4-4-2-1,0.000207073068810443_0.000207073068810443_0.000207073068810443_0.000207073068810443_0.000207073068810443
1016,13511,76-4-4-2-1,2.48736418991523e-05_2.48736418991523e-05_2.48736418991523e-05_2.48736418991523e-05_2.48736418991523e-05
1016,13512,123-41-9-2-1,9.32761571218212e-06_9.32761571218212e-06_9.32761571218212e-06_9.32761571218212e-06_9.32761571218212e-06
1016,13513,4-4-4-2-1,6.21841047478808e-06_6.21841047478808e-06_6.21841047478808e-06_6.21841047478808e-06_6.21841047478808e-06
1016,13514,102-13-6-2-1,1.3058661997055e-05_1.3058661997055e-05_1.3058661997055e-05_1.3058661997055e-05_1.3058661997055e-05
1016,13515,183-23-8-1-1,8.83014287419907e-05_8.83014287419907e-05_8.83014287419907e-05_8.83014287419907e-05_8.83014287419907e-05
1016,13516,226-32-10-1-1,6.21841047478808e-06_6.21841047478808e-06_6.21841047478808e-06_6.21841047478808e-06_6.21841047478808e-06
1016,13517,138-23-8-1-1,2.36299598041947e-05_2.36299598041947e-05_2.36299598041947e-05_2.36299598041947e-05_2.36299598041947e-05
1016,13518,138-23-8-1-1,8.70577466470331e-06_8.70577466470331e-06_8.70577466470331e-06_8.70577466470331e-06_8.70577466470331e-06
1016,13519,225-31-9-2-1,6.21841047478808e-06_6.21841047478808e-06_6.21841047478808e-06_6.21841047478808e-06_6.21841047478808e-06
1016,13520,225-31-9-2-1,4.72599196083894e-05_4.72599196083894e-05_4.72599196083894e-05_4.72599196083894e-05_4.72599196083894e-05
1016,13521,225-31-9-2-1,7.46209256974569e-06_7.46209256974569e-06_7.46209256974569e-06_7.46209256974569e-06_7.46209256974569e-06
1016,13522,70-27-8-1-1,6.84025152226688e-06_6.84025152226688e-06_6.84025152226688e-06_6.84025152226688e-06_6.84025152226688e-06
1016,13523,127-30-1-1-1,0.000121880845305846_0.000121880845305846_0.000121880845305846_0.000121880845305846_0.000121880845305846
1016,13524,77-28-5-1-1,6.21841047478808e-06_6.21841047478808e-06_6.21841047478808e-06_6.21841047478808e-06_6.21841047478808e-06
1016,13525,223-40-4-2-1,1.67897082819278e-05_1.67897082819278e-05_1.67897082819278e-05_1.67897082819278e-05_1.67897082819278e-05
1016,13526,188-14-4-2-1,3.66886218012497e-05_3.66886218012497e-05_3.66886218012497e-05_3.66886218012497e-05_3.66886218012497e-05
1016,13527,147-11-4-2-1,1.24368209495762e-05_1.24368209495762e-05_1.24368209495762e-05_1.24368209495762e-05_1.24368209495762e-05
1016,13528,25-10-2-2-1,1.18149799020973e-05_1.18149799020973e-05_1.18149799020973e-05_1.18149799020973e-05_1.18149799020973e-05
1016,13529,175-20-9-2-1,1.05712978071397e-05_1.05712978071397e-05_1.05712978071397e-05_1.05712978071397e-05_1.05712978071397e-05
1016,13530,116-36-10-1-1,7.7730130934851e-05_7.7730130934851e-05_7.7730130934851e-05_7.7730130934851e-05_7.7730130934851e-05
1016,13531,134-29-2-2-1,3.73104628487285e-06_3.73104628487285e-06_3.73104628487285e-06_3.73104628487285e-06_3.73104628487285e-06
1016,13532,216-19-9-2-1,2.48736418991523e-06_2.48736418991523e-06_2.48736418991523e-06_2.48736418991523e-06_2.48736418991523e-06
1016,13533,175-20-9-2-1,8.70577466470331e-06_8.70577466470331e-06_8.70577466470331e-06_8.70577466470331e-06_8.70577466470331e-06
1016,13534,185-41-9-2-1,3.10920523739404e-06_3.10920523739404e-06_3.10920523739404e-06_3.10920523739404e-06_3.10920523739404e-06
1016,13535,185-41-9-2-1,3.10920523739404e-06_3.10920523739404e-06_3.10920523739404e-06_3.10920523739404e-06_3.10920523739404e-06
1016,13536,185-41-9-2-1,3.10920523739404e-06_3.10920523739404e-06_3.10920523739404e-06_3.10920523739404e-06_3.10920523739404e-06
1016,13537,185-41-9-2-1,4.35288733235165e-06_4.35288733235165e-06_4.35288733235165e-06_4.35288733235165e-06_4.35288733235165e-06
1016,13538,17-11-4-2-1,3.10920523739404e-06_3.10920523739404e-06_3.10920523739404e-06_3.10920523739404e-06_3.10920523739404e-06
1016,13539,227-41-9-2-1,1.9277072471843e-05_1.9277072471843e-05_1.9277072471843e-05_1.9277072471843e-05_1.9277072471843e-05
1016,13540,66-29-2-2-1,6.84025152226688e-06_6.84025152226688e-06_6.84025152226688e-06_6.84025152226688e-06_6.84025152226688e-06
1016,13541,167-18-4-2-1,3.10920523739404e-06_3.10920523739404e-06_3.10920523739404e-06_3.10920523739404e-06_3.10920523739404e-06
1016,13542,25-10-2-2-1,2.11425956142795e-05_2.11425956142795e-05_2.11425956142795e-05_2.11425956142795e-05_2.11425956142795e-05
1016,13543,138-23-8-1-1,1.67897082819278e-05_1.67897082819278e-05_1.67897082819278e-05_1.67897082819278e-05_1.67897082819278e-05
1016,13544,4-4-4-2-1,4.97472837983046e-06_4.97472837983046e-06_4.97472837983046e-06_4.97472837983046e-06_4.97472837983046e-06
1016,13545,126-29-2-2-1,5.59656942730927e-06_5.59656942730927e-06_5.59656942730927e-06_5.59656942730927e-06_5.59656942730927e-06
1016,13547,216-19-9-2-1,4.35288733235165e-06_4.35288733235165e-06_4.35288733235165e-06_4.35288733235165e-06_4.35288733235165e-06
1016,13548,151-19-9-2-1,4.97472837983046e-06_4.97472837983046e-06_4.97472837983046e-06_4.97472837983046e-06_4.97472837983046e-06
1016,13549,95-37-4-2-1,2.98483702789828e-05_2.98483702789828e-05_2.98483702789828e-05_2.98483702789828e-05_2.98483702789828e-05
1016,13550,8-7-4-2-1,4.97472837983046e-06_4.97472837983046e-06_4.97472837983046e-06_4.97472837983046e-06_4.97472837983046e-06
1016,13551,92-2-2-2-1,0.000310298682691925_0.000310298682691925_0.000310298682691925_0.000310298682691925_0.000310298682691925
1016,13552,45-5-5-1-1,4.35288733235165e-06_4.35288733235165e-06_4.35288733235165e-06_4.35288733235165e-06_4.35288733235165e-06
1016,13553,130-12-8-1-1,4.10415091336013e-05_4.10415091336013e-05_4.10415091336013e-05_4.10415091336013e-05_4.10415091336013e-05
1016,13554,130-12-8-1-1,2.05207545668007e-05_2.05207545668007e-05_2.05207545668007e-05_2.05207545668007e-05_2.05207545668007e-05
1016,13555,159-4-4-2-1,0.000153594738727265_0.000153594738727265_0.000153594738727265_0.000153594738727265_0.000153594738727265
1016,13556,45-5-5-1-1,1.49241851394914e-05_1.49241851394914e-05_1.49241851394914e-05_1.49241851394914e-05_1.49241851394914e-05
1016,13557,221-35-4-2-1,2.17644366617583e-05_2.17644366617583e-05_2.17644366617583e-05_2.17644366617583e-05_2.17644366617583e-05
1016,13558,179-26-4-2-1,3.73104628487285e-06_3.73104628487285e-06_3.73104628487285e-06_3.73104628487285e-06_3.73104628487285e-06
1016,13559,183-23-8-1-1,6.84025152226688e-06_6.84025152226688e-06_6.84025152226688e-06_6.84025152226688e-06_6.84025152226688e-06
1016,13560,194-31-9-2-1,3.10920523739404e-06_3.10920523739404e-06_3.10920523739404e-06_3.10920523739404e-06_3.10920523739404e-06
1016,13561,184-31-9-2-1,1.80333903768854e-05_1.80333903768854e-05_1.80333903768854e-05_1.80333903768854e-05_1.80333903768854e-05
1016,13562,125-30-1-1-1,0.000123124527400804_0.000123124527400804_0.000123124527400804_0.000123124527400804_0.000123124527400804
1016,13563,186-15-9-2-1,5.59656942730927e-06_5.59656942730927e-06_5.59656942730927e-06_5.59656942730927e-06_5.59656942730927e-06
1016,13564,180-40-4-2-1,0.000289777928125124_0.000289777928125124_0.000289777928125124_0.000289777928125124_0.000289777928125124
1016,13565,89-13-6-2-1,3.85541449436861e-05_3.85541449436861e-05_3.85541449436861e-05_3.85541449436861e-05_3.85541449436861e-05
1016,13566,96-13-6-2-1,3.97978270386437e-05_3.97978270386437e-05_3.97978270386437e-05_3.97978270386437e-05_3.97978270386437e-05
1016,13567,123-41-9-2-1,1.9277072471843e-05_1.9277072471843e-05_1.9277072471843e-05_1.9277072471843e-05_1.9277072471843e-05
1016,13568,180-40-4-2-1,9.94945675966092e-06_9.94945675966092e-06_9.94945675966092e-06_9.94945675966092e-06_9.94945675966092e-06
1016,13569,159-4-4-2-1,1.24368209495762e-05_1.24368209495762e-05_1.24368209495762e-05_1.24368209495762e-05_1.24368209495762e-05
1016,13570,67-2-2-2-1,7.15117204600629e-05_7.15117204600629e-05_7.15117204600629e-05_7.15117204600629e-05_7.15117204600629e-05
1016,13571,196-14-4-2-1,3.10920523739404e-06_3.10920523739404e-06_3.10920523739404e-06_3.10920523739404e-06_3.10920523739404e-06
1016,13572,142-42-12-1-1,3.10920523739404e-06_3.10920523739404e-06_3.10920523739404e-06_3.10920523739404e-06_3.10920523739404e-06
1016,13573,142-42-12-1-1,1.6167867234449e-05_1.6167867234449e-05_1.6167867234449e-05_1.6167867234449e-05_1.6167867234449e-05
1016,13574,128-7-4-2-1,3.73104628487285e-06_3.73104628487285e-06_3.73104628487285e-06_3.73104628487285e-06_3.73104628487285e-06
1016,13575,32-18-4-2-1,4.35288733235165e-06_4.35288733235165e-06_4.35288733235165e-06_4.35288733235165e-06_4.35288733235165e-06
1016,13577,222-35-4-2-1,4.97472837983046e-06_4.97472837983046e-06_4.97472837983046e-06_4.97472837983046e-06_4.97472837983046e-06
1016,13578,147-11-4-2-1,3.10920523739404e-06_3.10920523739404e-06_3.10920523739404e-06_3.10920523739404e-06_3.10920523739404e-06
1016,13580,156-37-4-2-1,1.36805030445338e-05_1.36805030445338e-05_1.36805030445338e-05_1.36805030445338e-05_1.36805030445338e-05
1016,13582,220-22-8-1-1,1.18149799020973e-05_1.18149799020973e-05_1.18149799020973e-05_1.18149799020973e-05_1.18149799020973e-05
1016,13583,126-29-2-2-1,2.54954829466311e-05_2.54954829466311e-05_2.54954829466311e-05_2.54954829466311e-05_2.54954829466311e-05
1016,13584,4-4-4-2-1,2.05207545668007e-05_2.05207545668007e-05_2.05207545668007e-05_2.05207545668007e-05_2.05207545668007e-05
1016,13585,98-27-8-1-1,4.35288733235165e-06_4.35288733235165e-06_4.35288733235165e-06_4.35288733235165e-06_4.35288733235165e-06
1016,13586,8-7-4-2-1,4.97472837983046e-06_4.97472837983046e-06_4.97472837983046e-06_4.97472837983046e-06_4.97472837983046e-06
1016,13587,138-23-8-1-1,7.46209256974569e-06_7.46209256974569e-06_7.46209256974569e-06_7.46209256974569e-06_7.46209256974569e-06
1016,13588,139-43-4-2-1,4.60162375134318e-05_4.60162375134318e-05_4.60162375134318e-05_4.60162375134318e-05_4.60162375134318e-05
1016,13589,140-42-12-1-1,1.24368209495762e-05_1.24368209495762e-05_1.24368209495762e-05_1.24368209495762e-05_1.24368209495762e-05
1016,13590,76-4-4-2-1,3.10920523739404e-06_3.10920523739404e-06_3.10920523739404e-06_3.10920523739404e-06_3.10920523739404e-06
1016,13591,11-4-4-2-1,7.64864488398933e-05_7.64864488398933e-05_7.64864488398933e-05_7.64864488398933e-05_7.64864488398933e-05
1016,13592,11-4-4-2-1,4.35288733235165e-06_4.35288733235165e-06_4.35288733235165e-06_4.35288733235165e-06_4.35288733235165e-06
1016,13593,11-4-4-2-1,2.30081187567159e-05_2.30081187567159e-05_2.30081187567159e-05_2.30081187567159e-05_2.30081187567159e-05
1016,13594,172-40-4-2-1,8.0839336172245e-06_8.0839336172245e-06_8.0839336172245e-06_8.0839336172245e-06_8.0839336172245e-06
1016,13595,69-29-2-2-1,4.91254427508258e-05_4.91254427508258e-05_4.91254427508258e-05_4.91254427508258e-05_4.91254427508258e-05
1016,13596,75-1-1-1-1,1.05712978071397e-05_1.05712978071397e-05_1.05712978071397e-05_1.05712978071397e-05_1.05712978071397e-05
1016,13597,75-1-1-1-1,7.46209256974569e-06_7.46209256974569e-06_7.46209256974569e-06_7.46209256974569e-06_7.46209256974569e-06
1016,13598,185-41-9-2-1,3.10920523739404e-06_3.10920523739404e-06_3.10920523739404e-06_3.10920523739404e-06_3.10920523739404e-06
1016,13599,121-39-11-1-1,8.70577466470331e-06_8.70577466470331e-06_8.70577466470331e-06_8.70577466470331e-06_8.70577466470331e-06
1016,13600,179-26-4-2-1,0.000494363632745652_0.000494363632745652_0.000494363632745652_0.000494363632745652_0.000494363632745652
1016,13601,23-10-2-2-1,5.22346479882198e-05_5.22346479882198e-05_5.22346479882198e-05_5.22346479882198e-05_5.22346479882198e-05
1016,13602,120-16-2-2-1,0.00132763063636725_0.00132763063636725_0.00132763063636725_0.00132763063636725_0.00132763063636725
1016,13603,40-23-8-1-1,4.35288733235165e-06_4.35288733235165e-06_4.35288733235165e-06_4.35288733235165e-06_4.35288733235165e-06
1016,13604,24-14-4-2-1,0.000154216579774744_0.000154216579774744_0.000154216579774744_0.000154216579774744_0.000154216579774744
1016,13605,126-29-2-2-1,1.11931388546185e-05_1.11931388546185e-05_1.11931388546185e-05_1.11931388546185e-05_1.11931388546185e-05
1016,13606,24-14-4-2-1,0.000519859115692283_0.000519859115692283_0.000519859115692283_0.000519859115692283_0.000519859115692283
1016,13608,172-40-4-2-1,3.10920523739404e-06_3.10920523739404e-06_3.10920523739404e-06_3.10920523739404e-06_3.10920523739404e-06
1016,13609,122-16-2-2-1,5.59656942730927e-06_5.59656942730927e-06_5.59656942730927e-06_5.59656942730927e-06_5.59656942730927e-06
1016,13610,57-7-4-2-1,1.6167867234449e-05_1.6167867234449e-05_1.6167867234449e-05_1.6167867234449e-05_1.6167867234449e-05
1016,13611,172-40-4-2-1,4.35288733235165e-06_4.35288733235165e-06_4.35288733235165e-06_4.35288733235165e-06_4.35288733235165e-06
1016,13613,140-42-12-1-1,1.05712978071397e-05_1.05712978071397e-05_1.05712978071397e-05_1.05712978071397e-05_1.05712978071397e-05
1016,13614,120-16-2-2-1,0.000231946710709595_0.000231946710709595_0.000231946710709595_0.000231946710709595_0.000231946710709595
1016,13615,68-30-1-1-1,2.42518008516735e-05_2.42518008516735e-05_2.42518008516735e-05_2.42518008516735e-05_2.42518008516735e-05
1016,13616,188-14-4-2-1,6.84025152226688e-06_6.84025152226688e-06_6.84025152226688e-06_6.84025152226688e-06_6.84025152226688e-06
1016,13617,167-18-4-2-1,8.83014287419907e-05_8.83014287419907e-05_8.83014287419907e-05_8.83014287419907e-05_8.83014287419907e-05
1016,13618,185-41-9-2-1,3.10920523739404e-06_3.10920523739404e-06_3.10920523739404e-06_3.10920523739404e-06_3.10920523739404e-06
1016,13619,140-42-12-1-1,1.3058661997055e-05_1.3058661997055e-05_1.3058661997055e-05_1.3058661997055e-05_1.3058661997055e-05
1016,13620,225-31-9-2-1,8.70577466470331e-06_8.70577466470331e-06_8.70577466470331e-06_8.70577466470331e-06_8.70577466470331e-06
1016,13621,199-19-9-2-1,6.84025152226688e-06_6.84025152226688e-06_6.84025152226688e-06_6.84025152226688e-06_6.84025152226688e-06
1016,13623,7-4-4-2-1,3.73104628487285e-06_3.73104628487285e-06_3.73104628487285e-06_3.73104628487285e-06_3.73104628487285e-06
1016,13624,91-33-5-1-1,1.05712978071397e-05_1.05712978071397e-05_1.05712978071397e-05_1.05712978071397e-05_1.05712978071397e-05
1016,13625,200-15-9-2-1,0.00010944402435627_0.00010944402435627_0.00010944402435627_0.00010944402435627_0.00010944402435627
1016,13626,8-7-4-2-1,6.84025152226688e-06_6.84025152226688e-06_6.84025152226688e-06_6.84025152226688e-06_6.84025152226688e-06
1016,13627,11-4-4-2-1,3.10920523739404e-06_3.10920523739404e-06_3.10920523739404e-06_3.10920523739404e-06_3.10920523739404e-06
1016,13628,185-41-9-2-1,2.48736418991523e-06_2.48736418991523e-06_2.48736418991523e-06_2.48736418991523e-06_2.48736418991523e-06
1016,13629,34-19-9-2-1,3.73104628487285e-06_3.73104628487285e-06_3.73104628487285e-06_3.73104628487285e-06_3.73104628487285e-06
1016,13630,75-1-1-1-1,5.59656942730927e-06_5.59656942730927e-06_5.59656942730927e-06_5.59656942730927e-06_5.59656942730927e-06
1016,13631,67-2-2-2-1,3.10920523739404e-06_3.10920523739404e-06_3.10920523739404e-06_3.10920523739404e-06_3.10920523739404e-06
1016,13632,214-26-4-2-1,1.24368209495762e-05_1.24368209495762e-05_1.24368209495762e-05_1.24368209495762e-05_1.24368209495762e-05
1016,13633,181-40-4-2-1,2.42518008516735e-05_2.42518008516735e-05_2.42518008516735e-05_2.42518008516735e-05_2.42518008516735e-05
1016,13634,75-1-1-1-1,1.3058661997055e-05_1.3058661997055e-05_1.3058661997055e-05_1.3058661997055e-05_1.3058661997055e-05
1016,13635,75-1-1-1-1,7.02680383651053e-05_7.02680383651053e-05_7.02680383651053e-05_7.02680383651053e-05_7.02680383651053e-05
1016,13636,75-1-1-1-1,0.000101360090739046_0.000101360090739046_0.000101360090739046_0.000101360090739046_0.000101360090739046
1016,13637,75-1-1-1-1,9.94945675966092e-06_9.94945675966092e-06_9.94945675966092e-06_9.94945675966092e-06_9.94945675966092e-06
1016,13638,75-1-1-1-1,4.10415091336013e-05_4.10415091336013e-05_4.10415091336013e-05_4.10415091336013e-05_4.10415091336013e-05
1016,13639,75-1-1-1-1,5.41001711306563e-05_5.41001711306563e-05_5.41001711306563e-05_5.41001711306563e-05_5.41001711306563e-05
1016,13641,176-20-9-2-1,1.49241851394914e-05_1.49241851394914e-05_1.49241851394914e-05_1.49241851394914e-05_1.49241851394914e-05
1016,13642,185-41-9-2-1,3.10920523739404e-06_3.10920523739404e-06_3.10920523739404e-06_3.10920523739404e-06_3.10920523739404e-06
1016,13643,176-20-9-2-1,4.35288733235165e-06_4.35288733235165e-06_4.35288733235165e-06_4.35288733235165e-06_4.35288733235165e-06
1016,13644,169-32-10-1-1,0.000149863692442393_0.000149863692442393_0.000149863692442393_0.000149863692442393_0.000149863692442393
1016,13645,166-18-4-2-1,4.35288733235165e-06_4.35288733235165e-06_4.35288733235165e-06_4.35288733235165e-06_4.35288733235165e-06
1016,13646,71-29-2-2-1,2.54954829466311e-05_2.54954829466311e-05_2.54954829466311e-05_2.54954829466311e-05_2.54954829466311e-05
1016,13647,38-21-4-2-1,0.0006572859871851_0.0006572859871851_0.0006572859871851_0.0006572859871851_0.0006572859871851
1016,13648,89-13-6-2-1,2.73610060890675e-05_2.73610060890675e-05_2.73610060890675e-05_2.73610060890675e-05_2.73610060890675e-05
1016,13649,214-26-4-2-1,1.24368209495762e-05_1.24368209495762e-05_1.24368209495762e-05_1.24368209495762e-05_1.24368209495762e-05
1016,13650,17-11-4-2-1,4.35288733235165e-06_4.35288733235165e-06_4.35288733235165e-06_4.35288733235165e-06_4.35288733235165e-06
1016,13651,168-2-2-2-1,6.09404226529231e-05_6.09404226529231e-05_6.09404226529231e-05_6.09404226529231e-05_6.09404226529231e-05
1016,13652,109-28-5-1-1,1.05712978071397e-05_1.05712978071397e-05_1.05712978071397e-05_1.05712978071397e-05_1.05712978071397e-05
1016,13653,169-32-10-1-1,0.000550329327018745_0.000550329327018745_0.000550329327018745_0.000550329327018745_0.000550329327018745
1016,13654,222-35-4-2-1,1.18149799020973e-05_1.18149799020973e-05_1.18149799020973e-05_1.18149799020973e-05_1.18149799020973e-05
1016,13655,25-10-2-2-1,2.11425956142795e-05_2.11425956142795e-05_2.11425956142795e-05_2.11425956142795e-05_2.11425956142795e-05
1016,13656,112-14-4-2-1,3.10920523739404e-06_3.10920523739404e-06_3.10920523739404e-06_3.10920523739404e-06_3.10920523739404e-06
1016,13657,68-30-1-1-1,1.86552314243642e-05_1.86552314243642e-05_1.86552314243642e-05_1.86552314243642e-05_1.86552314243642e-05
1016,13658,99-28-5-1-1,0.000479439447606161_0.000479439447606161_0.000479439447606161_0.000479439447606161_0.000479439447606161
1016,13659,128-7-4-2-1,7.46209256974569e-06_7.46209256974569e-06_7.46209256974569e-06_7.46209256974569e-06_7.46209256974569e-06
1016,13660,185-41-9-2-1,3.10920523739404e-06_3.10920523739404e-06_3.10920523739404e-06_3.10920523739404e-06_3.10920523739404e-06
1016,13661,6-6-6-2-1,0.000181577585863812_0.000181577585863812_0.000181577585863812_0.000181577585863812_0.000181577585863812
1016,13662,112-14-4-2-1,6.96461973176265e-05_6.96461973176265e-05_6.96461973176265e-05_6.96461973176265e-05_6.96461973176265e-05
1016,13663,188-14-4-2-1,9.14106339793847e-05_9.14106339793847e-05_9.14106339793847e-05_9.14106339793847e-05_9.14106339793847e-05
1016,13664,17-11-4-2-1,6.21841047478808e-06_6.21841047478808e-06_6.21841047478808e-06_6.21841047478808e-06_6.21841047478808e-06
1016,13665,147-11-4-2-1,5.59656942730927e-06_5.59656942730927e-06_5.59656942730927e-06_5.59656942730927e-06_5.59656942730927e-06
1016,13666,202-37-4-2-1,4.60162375134318e-05_4.60162375134318e-05_4.60162375134318e-05_4.60162375134318e-05_4.60162375134318e-05
1016,13667,6-6-6-2-1,0.000101360090739046_0.000101360090739046_0.000101360090739046_0.000101360090739046_0.000101360090739046
1016,13668,49-22-8-1-1,4.8503601703347e-05_4.8503601703347e-05_4.8503601703347e-05_4.8503601703347e-05_4.8503601703347e-05
1016,13670,51-22-8-1-1,4.29070322760377e-05_4.29070322760377e-05_4.29070322760377e-05_4.29070322760377e-05_4.29070322760377e-05
1016,13671,225-31-9-2-1,5.59656942730927e-06_5.59656942730927e-06_5.59656942730927e-06_5.59656942730927e-06_5.59656942730927e-06
1016,13672,74-31-9-2-1,2.61173239941099e-05_2.61173239941099e-05_2.61173239941099e-05_2.61173239941099e-05_2.61173239941099e-05
1016,13673,77-28-5-1-1,0.000112553229593664_0.000112553229593664_0.000112553229593664_0.000112553229593664_0.000112553229593664
1016,13674,153-18-4-2-1,1.05712978071397e-05_1.05712978071397e-05_1.05712978071397e-05_1.05712978071397e-05_1.05712978071397e-05
1016,13675,91-33-5-1-1,2.05207545668007e-05_2.05207545668007e-05_2.05207545668007e-05_2.05207545668007e-05_2.05207545668007e-05
1016,13676,91-33-5-1-1,5.59656942730927e-06_5.59656942730927e-06_5.59656942730927e-06_5.59656942730927e-06_5.59656942730927e-06
1016,13677,31-6-6-2-1,0.00104842400604927_0.00104842400604927_0.00104842400604927_0.00104842400604927_0.00104842400604927
1016,13678,151-19-9-2-1,4.91254427508258e-05_4.91254427508258e-05_4.91254427508258e-05_4.91254427508258e-05_4.91254427508258e-05
1016,13679,18-12-8-1-1,1.55460261869702e-05_1.55460261869702e-05_1.55460261869702e-05_1.55460261869702e-05_1.55460261869702e-05
1016,13680,5-5-5-1-1,6.21841047478808e-06_6.21841047478808e-06_6.21841047478808e-06_6.21841047478808e-06_6.21841047478808e-06
1016,13681,142-42-12-1-1,9.32761571218212e-06_9.32761571218212e-06_9.32761571218212e-06_9.32761571218212e-06_9.32761571218212e-06
1016,13682,216-19-9-2-1,3.73104628487285e-06_3.73104628487285e-06_3.73104628487285e-06_3.73104628487285e-06_3.73104628487285e-06
1016,13683,34-19-9-2-1,3.10920523739404e-06_3.10920523739404e-06_3.10920523739404e-06_3.10920523739404e-06_3.10920523739404e-06
1016,13684,177-7-4-2-1,1.49241851394914e-05_1.49241851394914e-05_1.49241851394914e-05_1.49241851394914e-05_1.49241851394914e-05
1016,13685,185-41-9-2-1,3.10920523739404e-06_3.10920523739404e-06_3.10920523739404e-06_3.10920523739404e-06_3.10920523739404e-06
1016,13686,57-7-4-2-1,1.43023440920126e-05_1.43023440920126e-05_1.43023440920126e-05_1.43023440920126e-05_1.43023440920126e-05
1016,13687,175-20-9-2-1,2.30081187567159e-05_2.30081187567159e-05_2.30081187567159e-05_2.30081187567159e-05_2.30081187567159e-05
1016,13688,57-7-4-2-1,8.70577466470331e-06_8.70577466470331e-06_8.70577466470331e-06_8.70577466470331e-06_8.70577466470331e-06
1016,13689,228-17-10-1-1,1.74115493294066e-05_1.74115493294066e-05_1.74115493294066e-05_1.74115493294066e-05_1.74115493294066e-05
1016,13690,13-6-6-2-1,0.000137426871492816_0.000137426871492816_0.000137426871492816_0.000137426871492816_0.000137426871492816
1016,13691,170-43-4-2-1,3.2335734468898e-05_3.2335734468898e-05_3.2335734468898e-05_3.2335734468898e-05_3.2335734468898e-05
1016,13692,63-27-8-1-1,4.35288733235165e-06_4.35288733235165e-06_4.35288733235165e-06_4.35288733235165e-06_4.35288733235165e-06
1016,13693,45-5-5-1-1,4.35288733235165e-06_4.35288733235165e-06_4.35288733235165e-06_4.35288733235165e-06_4.35288733235165e-06
1016,13694,185-41-9-2-1,2.48736418991523e-06_2.48736418991523e-06_2.48736418991523e-06_2.48736418991523e-06_2.48736418991523e-06
1016,13695,5-5-5-1-1,1.24368209495762e-05_1.24368209495762e-05_1.24368209495762e-05_1.24368209495762e-05_1.24368209495762e-05
1016,13696,156-37-4-2-1,3.35794165638556e-05_3.35794165638556e-05_3.35794165638556e-05_3.35794165638556e-05_3.35794165638556e-05
1016,13697,47-22-8-1-1,2.79828471365463e-05_2.79828471365463e-05_2.79828471365463e-05_2.79828471365463e-05_2.79828471365463e-05
1016,13698,49-22-8-1-1,1.49241851394914e-05_1.49241851394914e-05_1.49241851394914e-05_1.49241851394914e-05_1.49241851394914e-05
1016,13699,44-13-6-2-1,1.98989135193218e-05_1.98989135193218e-05_1.98989135193218e-05_1.98989135193218e-05_1.98989135193218e-05
1016,13700,4-4-4-2-1,5.22346479882198e-05_5.22346479882198e-05_5.22346479882198e-05_5.22346479882198e-05_5.22346479882198e-05
1016,13701,123-41-9-2-1,6.84025152226688e-06_6.84025152226688e-06_6.84025152226688e-06_6.84025152226688e-06_6.84025152226688e-06
1016,13702,229-5-5-1-1,0.000125611891590719_0.000125611891590719_0.000125611891590719_0.000125611891590719_0.000125611891590719
1016,13703,149-16-2-2-1,3.73104628487285e-06_3.73104628487285e-06_3.73104628487285e-06_3.73104628487285e-06_3.73104628487285e-06
1016,13704,34-19-9-2-1,3.10920523739404e-06_3.10920523739404e-06_3.10920523739404e-06_3.10920523739404e-06_3.10920523739404e-06
1016,13705,166-18-4-2-1,4.97472837983046e-06_4.97472837983046e-06_4.97472837983046e-06_4.97472837983046e-06_4.97472837983046e-06
1016,13706,159-4-4-2-1,6.84025152226688e-06_6.84025152226688e-06_6.84025152226688e-06_6.84025152226688e-06_6.84025152226688e-06
1016,13707,8-7-4-2-1,3.10920523739404e-06_3.10920523739404e-06_3.10920523739404e-06_3.10920523739404e-06_3.10920523739404e-06
1016,13708,171-18-4-2-1,2.9226529231504e-05_2.9226529231504e-05_2.9226529231504e-05_2.9226529231504e-05_2.9226529231504e-05
1016,13709,230-14-4-2-1,8.0839336172245e-06_8.0839336172245e-06_8.0839336172245e-06_8.0839336172245e-06_8.0839336172245e-06
1016,13710,172-40-4-2-1,3.10920523739404e-06_3.10920523739404e-06_3.10920523739404e-06_3.10920523739404e-06_3.10920523739404e-06
1016,13711,123-41-9-2-1,7.46209256974569e-06_7.46209256974569e-06_7.46209256974569e-06_7.46209256974569e-06_7.46209256974569e-06
1016,13712,57-7-4-2-1,3.10920523739404e-06_3.10920523739404e-06_3.10920523739404e-06_3.10920523739404e-06_3.10920523739404e-06
1016,13713,8-7-4-2-1,2.42518008516735e-05_2.42518008516735e-05_2.42518008516735e-05_2.42518008516735e-05_2.42518008516735e-05
1016,13714,185-41-9-2-1,2.48736418991523e-06_2.48736418991523e-06_2.48736418991523e-06_2.48736418991523e-06_2.48736418991523e-06
1016,13715,220-22-8-1-1,3.10920523739404e-06_3.10920523739404e-06_3.10920523739404e-06_3.10920523739404e-06_3.10920523739404e-06
1016,13716,131-13-6-2-1,2.48736418991523e-05_2.48736418991523e-05_2.48736418991523e-05_2.48736418991523e-05_2.48736418991523e-05
1016,13717,127-30-1-1-1,6.84025152226688e-06_6.84025152226688e-06_6.84025152226688e-06_6.84025152226688e-06_6.84025152226688e-06
1016,13718,75-1-1-1-1,2.86046881840252e-05_2.86046881840252e-05_2.86046881840252e-05_2.86046881840252e-05_2.86046881840252e-05
1016,13719,216-19-9-2-1,4.35288733235165e-06_4.35288733235165e-06_4.35288733235165e-06_4.35288733235165e-06_4.35288733235165e-06
1016,13720,55-22-8-1-1,5.59656942730927e-06_5.59656942730927e-06_5.59656942730927e-06_5.59656942730927e-06_5.59656942730927e-06
1016,13721,216-19-9-2-1,5.59656942730927e-06_5.59656942730927e-06_5.59656942730927e-06_5.59656942730927e-06_5.59656942730927e-06
1016,13722,114-40-4-2-1,4.8503601703347e-05_4.8503601703347e-05_4.8503601703347e-05_4.8503601703347e-05_4.8503601703347e-05
1016,13723,116-36-10-1-1,1.86552314243642e-05_1.86552314243642e-05_1.86552314243642e-05_1.86552314243642e-05_1.86552314243642e-05
1016,13724,185-41-9-2-1,4.35288733235165e-06_4.35288733235165e-06_4.35288733235165e-06_4.35288733235165e-06_4.35288733235165e-06
1016,13725,122-16-2-2-1,4.35288733235165e-06_4.35288733235165e-06_4.35288733235165e-06_4.35288733235165e-06_4.35288733235165e-06
1016,13726,214-26-4-2-1,2.05207545668007e-05_2.05207545668007e-05_2.05207545668007e-05_2.05207545668007e-05_2.05207545668007e-05
1016,13727,125-30-1-1-1,7.83519719823298e-05_7.83519719823298e-05_7.83519719823298e-05_7.83519719823298e-05_7.83519719823298e-05
1016,13728,47-22-8-1-1,3.10920523739404e-06_3.10920523739404e-06_3.10920523739404e-06_3.10920523739404e-06_3.10920523739404e-06
1016,13730,163-43-4-2-1,4.35288733235165e-06_4.35288733235165e-06_4.35288733235165e-06_4.35288733235165e-06_4.35288733235165e-06
1016,13731,112-14-4-2-1,4.04196680861225e-05_4.04196680861225e-05_4.04196680861225e-05_4.04196680861225e-05_4.04196680861225e-05
1016,13732,156-37-4-2-1,6.84025152226688e-06_6.84025152226688e-06_6.84025152226688e-06_6.84025152226688e-06_6.84025152226688e-06
1016,13733,163-43-4-2-1,3.10920523739404e-06_3.10920523739404e-06_3.10920523739404e-06_3.10920523739404e-06_3.10920523739404e-06
1016,13734,186-15-9-2-1,1.05712978071397e-05_1.05712978071397e-05_1.05712978071397e-05_1.05712978071397e-05_1.05712978071397e-05
1016,13735,132-42-12-1-1,3.10920523739404e-06_3.10920523739404e-06_3.10920523739404e-06_3.10920523739404e-06_3.10920523739404e-06
1016,13736,138-23-8-1-1,4.35288733235165e-06_4.35288733235165e-06_4.35288733235165e-06_4.35288733235165e-06_4.35288733235165e-06
1016,13737,70-27-8-1-1,6.84025152226688e-06_6.84025152226688e-06_6.84025152226688e-06_6.84025152226688e-06_6.84025152226688e-06
1016,13738,141-42-12-1-1,8.70577466470331e-06_8.70577466470331e-06_8.70577466470331e-06_8.70577466470331e-06_8.70577466470331e-06
1016,13739,140-42-12-1-1,4.97472837983046e-06_4.97472837983046e-06_4.97472837983046e-06_4.97472837983046e-06_4.97472837983046e-06
1016,13740,98-27-8-1-1,7.46209256974569e-06_7.46209256974569e-06_7.46209256974569e-06_7.46209256974569e-06_7.46209256974569e-06
1016,13741,99-28-5-1-1,0.00200916842440403_0.00200916842440403_0.00200916842440403_0.00200916842440403_0.00200916842440403
1016,13742,159-4-4-2-1,8.0839336172245e-06_8.0839336172245e-06_8.0839336172245e-06_8.0839336172245e-06_8.0839336172245e-06
1016,13743,130-12-8-1-1,3.73104628487285e-06_3.73104628487285e-06_3.73104628487285e-06_3.73104628487285e-06_3.73104628487285e-06
1016,13744,179-26-4-2-1,1.3058661997055e-05_1.3058661997055e-05_1.3058661997055e-05_1.3058661997055e-05_1.3058661997055e-05
1016,13745,122-16-2-2-1,3.73104628487285e-06_3.73104628487285e-06_3.73104628487285e-06_3.73104628487285e-06_3.73104628487285e-06
1016,13746,96-13-6-2-1,2.30081187567159e-05_2.30081187567159e-05_2.30081187567159e-05_2.30081187567159e-05_2.30081187567159e-05
1016,13747,205-12-8-1-1,4.35288733235165e-06_4.35288733235165e-06_4.35288733235165e-06_4.35288733235165e-06_4.35288733235165e-06
1016,13748,179-26-4-2-1,6.21841047478808e-06_6.21841047478808e-06_6.21841047478808e-06_6.21841047478808e-06_6.21841047478808e-06
1016,13749,202-37-4-2-1,1.3058661997055e-05_1.3058661997055e-05_1.3058661997055e-05_1.3058661997055e-05_1.3058661997055e-05
1016,13750,133-12-8-1-1,4.35288733235165e-06_4.35288733235165e-06_4.35288733235165e-06_4.35288733235165e-06_4.35288733235165e-06
1016,13751,38-21-4-2-1,0.000477573924463724_0.000477573924463724_0.000477573924463724_0.000477573924463724_0.000477573924463724
1016,13752,214-26-4-2-1,0.000238165121184383_0.000238165121184383_0.000238165121184383_0.000238165121184383_0.000238165121184383
1016,13753,99-28-5-1-1,0.000179712062721375_0.000179712062721375_0.000179712062721375_0.000179712062721375_0.000179712062721375
1016,13754,156-37-4-2-1,3.73104628487285e-06_3.73104628487285e-06_3.73104628487285e-06_3.73104628487285e-06_3.73104628487285e-06
1016,13755,214-26-4-2-1,4.97472837983046e-06_4.97472837983046e-06_4.97472837983046e-06_4.97472837983046e-06_4.97472837983046e-06
1016,13756,109-28-5-1-1,4.04196680861225e-05_4.04196680861225e-05_4.04196680861225e-05_4.04196680861225e-05_4.04196680861225e-05
1016,13757,214-26-4-2-1,8.70577466470331e-06_8.70577466470331e-06_8.70577466470331e-06_8.70577466470331e-06_8.70577466470331e-06
1016,13758,179-26-4-2-1,5.22346479882198e-05_5.22346479882198e-05_5.22346479882198e-05_5.22346479882198e-05_5.22346479882198e-05
1016,13759,136-26-4-2-1,1.18149799020973e-05_1.18149799020973e-05_1.18149799020973e-05_1.18149799020973e-05_1.18149799020973e-05
1016,13760,205-12-8-1-1,5.59656942730927e-06_5.59656942730927e-06_5.59656942730927e-06_5.59656942730927e-06_5.59656942730927e-06
1016,13762,123-41-9-2-1,1.6167867234449e-05_1.6167867234449e-05_1.6167867234449e-05_1.6167867234449e-05_1.6167867234449e-05
1016,13763,166-18-4-2-1,4.35288733235165e-06_4.35288733235165e-06_4.35288733235165e-06_4.35288733235165e-06_4.35288733235165e-06
1016,13764,172-40-4-2-1,3.10920523739404e-06_3.10920523739404e-06_3.10920523739404e-06_3.10920523739404e-06_3.10920523739404e-06
1016,13765,236-42-12-1-1,7.46209256974569e-06_7.46209256974569e-06_7.46209256974569e-06_7.46209256974569e-06_7.46209256974569e-06
1016,13766,18-12-8-1-1,0.000103225613881482_0.000103225613881482_0.000103225613881482_0.000103225613881482_0.000103225613881482
1016,13767,185-41-9-2-1,2.48736418991523e-06_2.48736418991523e-06_2.48736418991523e-06_2.48736418991523e-06_2.48736418991523e-06
1016,13768,80-11-4-2-1,3.10920523739404e-06_3.10920523739404e-06_3.10920523739404e-06_3.10920523739404e-06_3.10920523739404e-06
1016,13769,154-25-8-1-1,2.61173239941099e-05_2.61173239941099e-05_2.61173239941099e-05_2.61173239941099e-05_2.61173239941099e-05
1016,13770,112-14-4-2-1,3.10920523739404e-06_3.10920523739404e-06_3.10920523739404e-06_3.10920523739404e-06_3.10920523739404e-06
1016,13771,5-5-5-1-1,4.35288733235165e-06_4.35288733235165e-06_4.35288733235165e-06_4.35288733235165e-06_4.35288733235165e-06
1016,13772,180-40-4-2-1,8.0839336172245e-06_8.0839336172245e-06_8.0839336172245e-06_8.0839336172245e-06_8.0839336172245e-06
1016,13773,185-41-9-2-1,4.97472837983046e-06_4.97472837983046e-06_4.97472837983046e-06_4.97472837983046e-06_4.97472837983046e-06
1016,13775,134-29-2-2-1,9.07887929319059e-05_9.07887929319059e-05_9.07887929319059e-05_9.07887929319059e-05_9.07887929319059e-05
1016,13776,142-42-12-1-1,6.21841047478808e-06_6.21841047478808e-06_6.21841047478808e-06_6.21841047478808e-06_6.21841047478808e-06
1016,13777,222-35-4-2-1,7.46209256974569e-06_7.46209256974569e-06_7.46209256974569e-06_7.46209256974569e-06_7.46209256974569e-06
1016,13778,140-42-12-1-1,4.97472837983046e-06_4.97472837983046e-06_4.97472837983046e-06_4.97472837983046e-06_4.97472837983046e-06
1016,13779,220-22-8-1-1,4.35288733235165e-06_4.35288733235165e-06_4.35288733235165e-06_4.35288733235165e-06_4.35288733235165e-06
1016,13780,153-18-4-2-1,8.76795876945119e-05_8.76795876945119e-05_8.76795876945119e-05_8.76795876945119e-05_8.76795876945119e-05
1016,13781,167-18-4-2-1,3.97978270386437e-05_3.97978270386437e-05_3.97978270386437e-05_3.97978270386437e-05_3.97978270386437e-05
1016,13782,167-18-4-2-1,6.21841047478808e-06_6.21841047478808e-06_6.21841047478808e-06_6.21841047478808e-06_6.21841047478808e-06
1016,13783,122-16-2-2-1,5.59656942730927e-06_5.59656942730927e-06_5.59656942730927e-06_5.59656942730927e-06_5.59656942730927e-06
1016,13784,202-37-4-2-1,0.000197745453098261_0.000197745453098261_0.000197745453098261_0.000197745453098261_0.000197745453098261
1016,13785,138-23-8-1-1,4.97472837983046e-06_4.97472837983046e-06_4.97472837983046e-06_4.97472837983046e-06_4.97472837983046e-06
1016,13786,132-42-12-1-1,3.10920523739404e-06_3.10920523739404e-06_3.10920523739404e-06_3.10920523739404e-06_3.10920523739404e-06
1016,13787,128-7-4-2-1,6.21841047478808e-06_6.21841047478808e-06_6.21841047478808e-06_6.21841047478808e-06_6.21841047478808e-06
1016,13788,57-7-4-2-1,4.97472837983046e-06_4.97472837983046e-06_4.97472837983046e-06_4.97472837983046e-06_4.97472837983046e-06
1016,13789,172-40-4-2-1,1.86552314243642e-06_1.86552314243642e-06_1.86552314243642e-06_1.86552314243642e-06_1.86552314243642e-06
1016,13790,151-19-9-2-1,9.94945675966092e-06_9.94945675966092e-06_9.94945675966092e-06_9.94945675966092e-06_9.94945675966092e-06
1016,13791,236-42-12-1-1,7.46209256974569e-06_7.46209256974569e-06_7.46209256974569e-06_7.46209256974569e-06_7.46209256974569e-06
1016,13792,186-15-9-2-1,8.70577466470331e-06_8.70577466470331e-06_8.70577466470331e-06_8.70577466470331e-06_8.70577466470331e-06
1016,13793,180-40-4-2-1,4.97472837983046e-06_4.97472837983046e-06_4.97472837983046e-06_4.97472837983046e-06_4.97472837983046e-06
1016,13794,122-16-2-2-1,2.9226529231504e-05_2.9226529231504e-05_2.9226529231504e-05_2.9226529231504e-05_2.9226529231504e-05
1016,13795,216-19-9-2-1,7.46209256974569e-06_7.46209256974569e-06_7.46209256974569e-06_7.46209256974569e-06_7.46209256974569e-06
1016,13796,201-17-10-1-1,2.23862777092371e-05_2.23862777092371e-05_2.23862777092371e-05_2.23862777092371e-05_2.23862777092371e-05
1016,13797,185-41-9-2-1,4.35288733235165e-06_4.35288733235165e-06_4.35288733235165e-06_4.35288733235165e-06_4.35288733235165e-06
1016,13798,172-40-4-2-1,3.73104628487285e-06_3.73104628487285e-06_3.73104628487285e-06_3.73104628487285e-06_3.73104628487285e-06
1016,13799,44-13-6-2-1,5.59656942730927e-06_5.59656942730927e-06_5.59656942730927e-06_5.59656942730927e-06_5.59656942730927e-06
1016,13800,112-14-4-2-1,5.72093763680503e-05_5.72093763680503e-05_5.72093763680503e-05_5.72093763680503e-05_5.72093763680503e-05
1016,13801,112-14-4-2-1,4.91254427508258e-05_4.91254427508258e-05_4.91254427508258e-05_4.91254427508258e-05_4.91254427508258e-05
1016,13802,26-15-9-2-1,3.73104628487285e-06_3.73104628487285e-06_3.73104628487285e-06_3.73104628487285e-06_3.73104628487285e-06
1016,13803,40-23-8-1-1,3.10920523739404e-06_3.10920523739404e-06_3.10920523739404e-06_3.10920523739404e-06_3.10920523739404e-06
1016,13804,37-11-4-2-1,4.97472837983046e-06_4.97472837983046e-06_4.97472837983046e-06_4.97472837983046e-06_4.97472837983046e-06
1016,13805,161-36-10-1-1,1.24368209495762e-05_1.24368209495762e-05_1.24368209495762e-05_1.24368209495762e-05_1.24368209495762e-05
1016,13806,8-7-4-2-1,5.59656942730927e-06_5.59656942730927e-06_5.59656942730927e-06_5.59656942730927e-06_5.59656942730927e-06
1016,13807,98-27-8-1-1,6.84025152226688e-06_6.84025152226688e-06_6.84025152226688e-06_6.84025152226688e-06_6.84025152226688e-06
1016,13808,160-30-1-1-1,4.35288733235165e-06_4.35288733235165e-06_4.35288733235165e-06_4.35288733235165e-06_4.35288733235165e-06
1016,13809,196-14-4-2-1,4.35288733235165e-06_4.35288733235165e-06_4.35288733235165e-06_4.35288733235165e-06_4.35288733235165e-06
1016,13810,152-32-10-1-1,6.84025152226688e-06_6.84025152226688e-06_6.84025152226688e-06_6.84025152226688e-06_6.84025152226688e-06
1016,13811,86-10-2-2-1,4.29070322760377e-05_4.29070322760377e-05_4.29070322760377e-05_4.29070322760377e-05_4.29070322760377e-05
1016,13812,75-1-1-1-1,1.49241851394914e-05_1.49241851394914e-05_1.49241851394914e-05_1.49241851394914e-05_1.49241851394914e-05
1016,13813,102-13-6-2-1,2.23862777092371e-05_2.23862777092371e-05_2.23862777092371e-05_2.23862777092371e-05_2.23862777092371e-05
1016,13814,228-17-10-1-1,2.48736418991523e-06_2.48736418991523e-06_2.48736418991523e-06_2.48736418991523e-06_2.48736418991523e-06
1016,13815,8-7-4-2-1,3.10920523739404e-06_3.10920523739404e-06_3.10920523739404e-06_3.10920523739404e-06_3.10920523739404e-06
1016,13816,185-41-9-2-1,3.73104628487285e-06_3.73104628487285e-06_3.73104628487285e-06_3.73104628487285e-06_3.73104628487285e-06
1016,13817,153-18-4-2-1,6.21841047478808e-06_6.21841047478808e-06_6.21841047478808e-06_6.21841047478808e-06_6.21841047478808e-06
1016,13818,4-4-4-2-1,3.10920523739404e-06_3.10920523739404e-06_3.10920523739404e-06_3.10920523739404e-06_3.10920523739404e-06
1016,13819,114-40-4-2-1,2.48736418991523e-05_2.48736418991523e-05_2.48736418991523e-05_2.48736418991523e-05_2.48736418991523e-05
1016,13820,230-14-4-2-1,4.97472837983046e-06_4.97472837983046e-06_4.97472837983046e-06_4.97472837983046e-06_4.97472837983046e-06
1016,13821,230-14-4-2-1,1.43023440920126e-05_1.43023440920126e-05_1.43023440920126e-05_1.43023440920126e-05_1.43023440920126e-05
1016,13822,222-35-4-2-1,4.91254427508258e-05_4.91254427508258e-05_4.91254427508258e-05_4.91254427508258e-05_4.91254427508258e-05
1016,13823,225-31-9-2-1,6.21841047478808e-06_6.21841047478808e-06_6.21841047478808e-06_6.21841047478808e-06_6.21841047478808e-06
1016,13824,160-30-1-1-1,6.84025152226688e-06_6.84025152226688e-06_6.84025152226688e-06_6.84025152226688e-06_6.84025152226688e-06
1016,13825,5-5-5-1-1,3.17138934214192e-05_3.17138934214192e-05_3.17138934214192e-05_3.17138934214192e-05_3.17138934214192e-05
1016,13826,171-18-4-2-1,3.10920523739404e-06_3.10920523739404e-06_3.10920523739404e-06_3.10920523739404e-06_3.10920523739404e-06
1016,13827,153-18-4-2-1,3.73104628487285e-06_3.73104628487285e-06_3.73104628487285e-06_3.73104628487285e-06_3.73104628487285e-06
1016,13829,152-32-10-1-1,4.97472837983046e-06_4.97472837983046e-06_4.97472837983046e-06_4.97472837983046e-06_4.97472837983046e-06
1016,13830,26-15-9-2-1,4.35288733235165e-06_4.35288733235165e-06_4.35288733235165e-06_4.35288733235165e-06_4.35288733235165e-06
1016,13831,26-15-9-2-1,4.8503601703347e-05_4.8503601703347e-05_4.8503601703347e-05_4.8503601703347e-05_4.8503601703347e-05
1016,13832,8-7-4-2-1,9.32761571218212e-06_9.32761571218212e-06_9.32761571218212e-06_9.32761571218212e-06_9.32761571218212e-06
1016,13833,112-14-4-2-1,6.21841047478808e-06_6.21841047478808e-06_6.21841047478808e-06_6.21841047478808e-06_6.21841047478808e-06
1016,13834,185-41-9-2-1,3.73104628487285e-06_3.73104628487285e-06_3.73104628487285e-06_3.73104628487285e-06_3.73104628487285e-06
1016,13835,161-36-10-1-1,2.11425956142795e-05_2.11425956142795e-05_2.11425956142795e-05_2.11425956142795e-05_2.11425956142795e-05
1016,13836,200-15-9-2-1,5.09909658932622e-05_5.09909658932622e-05_5.09909658932622e-05_5.09909658932622e-05_5.09909658932622e-05
1016,13837,153-18-4-2-1,4.35288733235165e-06_4.35288733235165e-06_4.35288733235165e-06_4.35288733235165e-06_4.35288733235165e-06
1016,13839,214-26-4-2-1,1.98989135193218e-05_1.98989135193218e-05_1.98989135193218e-05_1.98989135193218e-05_1.98989135193218e-05
1016,13840,4-4-4-2-1,8.70577466470331e-06_8.70577466470331e-06_8.70577466470331e-06_8.70577466470331e-06_8.70577466470331e-06
1016,13841,8-7-4-2-1,6.21841047478808e-06_6.21841047478808e-06_6.21841047478808e-06_6.21841047478808e-06_6.21841047478808e-06
1016,13843,78-3-3-1-1,0.0072065158992319_0.0072065158992319_0.0072065158992319_0.0072065158992319_0.0072065158992319
1016,13844,57-7-4-2-1,0.000156082102917181_0.000156082102917181_0.000156082102917181_0.000156082102917181_0.000156082102917181
1016,13845,36-6-6-2-1,8.27048593146814e-05_8.27048593146814e-05_8.27048593146814e-05_8.27048593146814e-05_8.27048593146814e-05
1016,13846,216-19-9-2-1,1.98989135193218e-05_1.98989135193218e-05_1.98989135193218e-05_1.98989135193218e-05_1.98989135193218e-05
1016,13847,153-18-4-2-1,3.10920523739404e-06_3.10920523739404e-06_3.10920523739404e-06_3.10920523739404e-06_3.10920523739404e-06
1016,13848,152-32-10-1-1,6.21841047478808e-06_6.21841047478808e-06_6.21841047478808e-06_6.21841047478808e-06_6.21841047478808e-06
1016,13849,227-41-9-2-1,3.10920523739404e-06_3.10920523739404e-06_3.10920523739404e-06_3.10920523739404e-06_3.10920523739404e-06
1016,13850,227-41-9-2-1,4.35288733235165e-06_4.35288733235165e-06_4.35288733235165e-06_4.35288733235165e-06_4.35288733235165e-06
1016,13851,147-11-4-2-1,9.32761571218212e-06_9.32761571218212e-06_9.32761571218212e-06_9.32761571218212e-06_9.32761571218212e-06
1016,13852,185-41-9-2-1,2.23862777092371e-05_2.23862777092371e-05_2.23862777092371e-05_2.23862777092371e-05_2.23862777092371e-05
1016,13853,36-6-6-2-1,4.16633501810801e-05_4.16633501810801e-05_4.16633501810801e-05_4.16633501810801e-05_4.16633501810801e-05
1016,13854,65-1-1-1-1,2.48736418991523e-05_2.48736418991523e-05_2.48736418991523e-05_2.48736418991523e-05_2.48736418991523e-05
1016,13855,65-1-1-1-1,1.05712978071397e-05_1.05712978071397e-05_1.05712978071397e-05_1.05712978071397e-05_1.05712978071397e-05
1016,13856,185-41-9-2-1,3.73104628487285e-06_3.73104628487285e-06_3.73104628487285e-06_3.73104628487285e-06_3.73104628487285e-06
1016,13858,131-13-6-2-1,0.00016665340072432_0.00016665340072432_0.00016665340072432_0.00016665340072432_0.00016665340072432
1016,13859,216-19-9-2-1,4.97472837983046e-06_4.97472837983046e-06_4.97472837983046e-06_4.97472837983046e-06_4.97472837983046e-06
1016,13860,36-6-6-2-1,7.95956540772874e-05_7.95956540772874e-05_7.95956540772874e-05_7.95956540772874e-05_7.95956540772874e-05
1016,13861,212-41-9-2-1,3.85541449436861e-05_3.85541449436861e-05_3.85541449436861e-05_3.85541449436861e-05_3.85541449436861e-05
1016,13862,140-42-12-1-1,0.000144267123015083_0.000144267123015083_0.000144267123015083_0.000144267123015083_0.000144267123015083
1016,13863,212-41-9-2-1,1.9277072471843e-05_1.9277072471843e-05_1.9277072471843e-05_1.9277072471843e-05_1.9277072471843e-05
1016,13864,212-41-9-2-1,2.30081187567159e-05_2.30081187567159e-05_2.30081187567159e-05_2.30081187567159e-05_2.30081187567159e-05
1016,13865,152-32-10-1-1,6.84025152226688e-06_6.84025152226688e-06_6.84025152226688e-06_6.84025152226688e-06_6.84025152226688e-06
1016,13866,212-41-9-2-1,1.24368209495762e-05_1.24368209495762e-05_1.24368209495762e-05_1.24368209495762e-05_1.24368209495762e-05
1016,13867,213-15-9-2-1,3.60667807537708e-05_3.60667807537708e-05_3.60667807537708e-05_3.60667807537708e-05_3.60667807537708e-05
1016,13868,172-40-4-2-1,5.59656942730927e-06_5.59656942730927e-06_5.59656942730927e-06_5.59656942730927e-06_5.59656942730927e-06
1016,13869,216-19-9-2-1,5.59656942730927e-06_5.59656942730927e-06_5.59656942730927e-06_5.59656942730927e-06_5.59656942730927e-06
1016,13870,205-12-8-1-1,5.59656942730927e-06_5.59656942730927e-06_5.59656942730927e-06_5.59656942730927e-06_5.59656942730927e-06
1016,13871,128-7-4-2-1,9.94945675966092e-06_9.94945675966092e-06_9.94945675966092e-06_9.94945675966092e-06_9.94945675966092e-06
1016,13872,167-18-4-2-1,4.35288733235165e-06_4.35288733235165e-06_4.35288733235165e-06_4.35288733235165e-06_4.35288733235165e-06
1016,13873,171-18-4-2-1,8.70577466470331e-06_8.70577466470331e-06_8.70577466470331e-06_8.70577466470331e-06_8.70577466470331e-06
1016,13874,96-13-6-2-1,0.00028666872288773_0.00028666872288773_0.00028666872288773_0.00028666872288773_0.00028666872288773
1016,13875,205-12-8-1-1,7.46209256974569e-06_7.46209256974569e-06_7.46209256974569e-06_7.46209256974569e-06_7.46209256974569e-06
1016,13876,7-4-4-2-1,6.84025152226688e-06_6.84025152226688e-06_6.84025152226688e-06_6.84025152226688e-06_6.84025152226688e-06
1016,13877,62-3-3-1-1,3.91759859911649e-05_3.91759859911649e-05_3.91759859911649e-05_3.91759859911649e-05_3.91759859911649e-05
1016,13878,17-11-4-2-1,3.10920523739404e-06_3.10920523739404e-06_3.10920523739404e-06_3.10920523739404e-06_3.10920523739404e-06
1016,13879,34-19-9-2-1,3.10920523739404e-06_3.10920523739404e-06_3.10920523739404e-06_3.10920523739404e-06_3.10920523739404e-06
1016,13880,172-40-4-2-1,3.73104628487285e-06_3.73104628487285e-06_3.73104628487285e-06_3.73104628487285e-06_3.73104628487285e-06
1016,13881,45-5-5-1-1,3.10920523739404e-06_3.10920523739404e-06_3.10920523739404e-06_3.10920523739404e-06_3.10920523739404e-06
1016,13882,109-28-5-1-1,5.59656942730927e-06_5.59656942730927e-06_5.59656942730927e-06_5.59656942730927e-06_5.59656942730927e-06
1016,13883,208-30-1-1-1,6.21841047478808e-06_6.21841047478808e-06_6.21841047478808e-06_6.21841047478808e-06_6.21841047478808e-06
1016,13884,39-22-8-1-1,0.000118149799020973_0.000118149799020973_0.000118149799020973_0.000118149799020973_0.000118149799020973
1016,13885,61-13-6-2-1,5.34783300831775e-05_5.34783300831775e-05_5.34783300831775e-05_5.34783300831775e-05_5.34783300831775e-05
1016,13886,157-12-8-1-1,6.28059457953596e-05_6.28059457953596e-05_6.28059457953596e-05_6.28059457953596e-05_6.28059457953596e-05
1016,13887,24-14-4-2-1,0.000106956660166355_0.000106956660166355_0.000106956660166355_0.000106956660166355_0.000106956660166355
1016,13888,24-14-4-2-1,2.48736418991523e-05_2.48736418991523e-05_2.48736418991523e-05_2.48736418991523e-05_2.48736418991523e-05
1016,13889,168-2-2-2-1,3.97978270386437e-05_3.97978270386437e-05_3.97978270386437e-05_3.97978270386437e-05_3.97978270386437e-05
1016,13890,8-7-4-2-1,7.46209256974569e-06_7.46209256974569e-06_7.46209256974569e-06_7.46209256974569e-06_7.46209256974569e-06
1016,13892,167-18-4-2-1,4.97472837983046e-06_4.97472837983046e-06_4.97472837983046e-06_4.97472837983046e-06_4.97472837983046e-06
1016,13893,147-11-4-2-1,6.21841047478808e-06_6.21841047478808e-06_6.21841047478808e-06_6.21841047478808e-06_6.21841047478808e-06
1016,13894,229-5-5-1-1,1.55460261869702e-05_1.55460261869702e-05_1.55460261869702e-05_1.55460261869702e-05_1.55460261869702e-05
1016,13895,44-13-6-2-1,6.21841047478808e-06_6.21841047478808e-06_6.21841047478808e-06_6.21841047478808e-06_6.21841047478808e-06
1016,13896,112-14-4-2-1,3.10920523739404e-06_3.10920523739404e-06_3.10920523739404e-06_3.10920523739404e-06_3.10920523739404e-06
1016,13897,142-42-12-1-1,8.70577466470331e-06_8.70577466470331e-06_8.70577466470331e-06_8.70577466470331e-06_8.70577466470331e-06
1016,13898,44-13-6-2-1,1.36805030445338e-05_1.36805030445338e-05_1.36805030445338e-05_1.36805030445338e-05_1.36805030445338e-05
1016,13899,13-6-6-2-1,0.00117341405659251_0.00117341405659251_0.00117341405659251_0.00117341405659251_0.00117341405659251
1016,13900,44-13-6-2-1,1.67897082819278e-05_1.67897082819278e-05_1.67897082819278e-05_1.67897082819278e-05_1.67897082819278e-05
1016,13901,2-2-2-2-1,0.000439641620567517_0.000439641620567517_0.000439641620567517_0.000439641620567517_0.000439641620567517
1016,13902,212-41-9-2-1,8.0839336172245e-06_8.0839336172245e-06_8.0839336172245e-06_8.0839336172245e-06_8.0839336172245e-06
1016,13904,75-1-1-1-1,5.34783300831775e-05_5.34783300831775e-05_5.34783300831775e-05_5.34783300831775e-05_5.34783300831775e-05
1016,13905,160-30-1-1-1,4.97472837983046e-06_4.97472837983046e-06_4.97472837983046e-06_4.97472837983046e-06_4.97472837983046e-06
1016,13906,78-3-3-1-1,0.000192148883670952_0.000192148883670952_0.000192148883670952_0.000192148883670952_0.000192148883670952
1016,13907,8-7-4-2-1,1.36805030445338e-05_1.36805030445338e-05_1.36805030445338e-05_1.36805030445338e-05_1.36805030445338e-05
1016,13908,209-35-4-2-1,5.1612806940741e-05_5.1612806940741e-05_5.1612806940741e-05_5.1612806940741e-05_5.1612806940741e-05
1016,13909,89-13-6-2-1,9.01669518844271e-05_9.01669518844271e-05_9.01669518844271e-05_9.01669518844271e-05_9.01669518844271e-05
1016,13910,65-1-1-1-1,2.11425956142795e-05_2.11425956142795e-05_2.11425956142795e-05_2.11425956142795e-05_2.11425956142795e-05
1016,13911,47-22-8-1-1,3.10920523739404e-06_3.10920523739404e-06_3.10920523739404e-06_3.10920523739404e-06_3.10920523739404e-06
1016,13912,8-7-4-2-1,8.0839336172245e-06_8.0839336172245e-06_8.0839336172245e-06_8.0839336172245e-06_8.0839336172245e-06
1016,13913,86-10-2-2-1,0.000116284275878537_0.000116284275878537_0.000116284275878537_0.000116284275878537_0.000116284275878537
1016,13914,140-42-12-1-1,4.35288733235165e-06_4.35288733235165e-06_4.35288733235165e-06_4.35288733235165e-06_4.35288733235165e-06
1016,13915,200-15-9-2-1,2.48736418991523e-06_2.48736418991523e-06_2.48736418991523e-06_2.48736418991523e-06_2.48736418991523e-06
1016,13916,161-36-10-1-1,4.97472837983046e-06_4.97472837983046e-06_4.97472837983046e-06_4.97472837983046e-06_4.97472837983046e-06
1016,13917,7-4-4-2-1,7.46209256974569e-06_7.46209256974569e-06_7.46209256974569e-06_7.46209256974569e-06_7.46209256974569e-06
1016,13918,138-23-8-1-1,1.49241851394914e-05_1.49241851394914e-05_1.49241851394914e-05_1.49241851394914e-05_1.49241851394914e-05
1016,13919,35-20-9-2-1,3.10920523739404e-06_3.10920523739404e-06_3.10920523739404e-06_3.10920523739404e-06_3.10920523739404e-06
1016,13920,40-23-8-1-1,0.00014613264615752_0.00014613264615752_0.00014613264615752_0.00014613264615752_0.00014613264615752
1016,13921,236-42-12-1-1,3.10920523739404e-06_3.10920523739404e-06_3.10920523739404e-06_3.10920523739404e-06_3.10920523739404e-06
1016,13922,185-41-9-2-1,4.35288733235165e-06_4.35288733235165e-06_4.35288733235165e-06_4.35288733235165e-06_4.35288733235165e-06
1016,13923,134-29-2-2-1,4.91254427508258e-05_4.91254427508258e-05_4.91254427508258e-05_4.91254427508258e-05_4.91254427508258e-05
1016,13924,200-15-9-2-1,1.3058661997055e-05_1.3058661997055e-05_1.3058661997055e-05_1.3058661997055e-05_1.3058661997055e-05
1016,13925,209-35-4-2-1,1.11931388546185e-05_1.11931388546185e-05_1.11931388546185e-05_1.11931388546185e-05_1.11931388546185e-05
1016,13926,186-15-9-2-1,2.73610060890675e-05_2.73610060890675e-05_2.73610060890675e-05_2.73610060890675e-05_2.73610060890675e-05
1016,13927,128-7-4-2-1,4.97472837983046e-06_4.97472837983046e-06_4.97472837983046e-06_4.97472837983046e-06_4.97472837983046e-06
1016,13928,35-20-9-2-1,6.96461973176265e-05_6.96461973176265e-05_6.96461973176265e-05_6.96461973176265e-05_6.96461973176265e-05
1016,13929,8-7-4-2-1,2.48736418991523e-06_2.48736418991523e-06_2.48736418991523e-06_2.48736418991523e-06_2.48736418991523e-06
1016,13930,129-21-4-2-1,3.10920523739404e-06_3.10920523739404e-06_3.10920523739404e-06_3.10920523739404e-06_3.10920523739404e-06
1016,13931,227-41-9-2-1,2.11425956142795e-05_2.11425956142795e-05_2.11425956142795e-05_2.11425956142795e-05_2.11425956142795e-05
1016,13932,218-7-4-2-1,3.73104628487285e-06_3.73104628487285e-06_3.73104628487285e-06_3.73104628487285e-06_3.73104628487285e-06
1016,13933,76-4-4-2-1,7.58646077924145e-05_7.58646077924145e-05_7.58646077924145e-05_7.58646077924145e-05_7.58646077924145e-05
1016,13934,40-23-8-1-1,0.000120637163210889_0.000120637163210889_0.000120637163210889_0.000120637163210889_0.000120637163210889
1016,13935,185-41-9-2-1,4.97472837983046e-06_4.97472837983046e-06_4.97472837983046e-06_4.97472837983046e-06_4.97472837983046e-06
1016,13936,44-13-6-2-1,2.48736418991523e-05_2.48736418991523e-05_2.48736418991523e-05_2.48736418991523e-05_2.48736418991523e-05
1016,13937,45-5-5-1-1,7.46209256974569e-06_7.46209256974569e-06_7.46209256974569e-06_7.46209256974569e-06_7.46209256974569e-06
1016,13938,191-37-4-2-1,8.70577466470331e-06_8.70577466470331e-06_8.70577466470331e-06_8.70577466470331e-06_8.70577466470331e-06
1016,13939,163-43-4-2-1,8.0839336172245e-06_8.0839336172245e-06_8.0839336172245e-06_8.0839336172245e-06_8.0839336172245e-06
1016,13941,203-11-4-2-1,3.10920523739404e-06_3.10920523739404e-06_3.10920523739404e-06_3.10920523739404e-06_3.10920523739404e-06
1016,13942,76-4-4-2-1,5.59656942730927e-06_5.59656942730927e-06_5.59656942730927e-06_5.59656942730927e-06_5.59656942730927e-06
1016,13943,76-4-4-2-1,2.05207545668007e-05_2.05207545668007e-05_2.05207545668007e-05_2.05207545668007e-05_2.05207545668007e-05
1016,13944,76-4-4-2-1,9.94945675966092e-06_9.94945675966092e-06_9.94945675966092e-06_9.94945675966092e-06_9.94945675966092e-06
1016,13945,39-22-8-1-1,6.21841047478808e-06_6.21841047478808e-06_6.21841047478808e-06_6.21841047478808e-06_6.21841047478808e-06
1016,13946,76-4-4-2-1,6.1562263700402e-05_6.1562263700402e-05_6.1562263700402e-05_6.1562263700402e-05_6.1562263700402e-05
1016,13947,8-7-4-2-1,2.36299598041947e-05_2.36299598041947e-05_2.36299598041947e-05_2.36299598041947e-05_2.36299598041947e-05
1016,13948,227-41-9-2-1,7.46209256974569e-06_7.46209256974569e-06_7.46209256974569e-06_7.46209256974569e-06_7.46209256974569e-06
1016,13949,230-14-4-2-1,6.84025152226688e-06_6.84025152226688e-06_6.84025152226688e-06_6.84025152226688e-06_6.84025152226688e-06
1016,13950,172-40-4-2-1,2.48736418991523e-06_2.48736418991523e-06_2.48736418991523e-06_2.48736418991523e-06_2.48736418991523e-06
1016,13951,8-7-4-2-1,4.97472837983046e-06_4.97472837983046e-06_4.97472837983046e-06_4.97472837983046e-06_4.97472837983046e-06
1016,13952,39-22-8-1-1,5.28564890356987e-05_5.28564890356987e-05_5.28564890356987e-05_5.28564890356987e-05_5.28564890356987e-05
1016,13953,7-4-4-2-1,3.10920523739404e-06_3.10920523739404e-06_3.10920523739404e-06_3.10920523739404e-06_3.10920523739404e-06
1016,13954,230-14-4-2-1,1.3058661997055e-05_1.3058661997055e-05_1.3058661997055e-05_1.3058661997055e-05_1.3058661997055e-05
1016,13955,74-31-9-2-1,3.10920523739404e-06_3.10920523739404e-06_3.10920523739404e-06_3.10920523739404e-06_3.10920523739404e-06
1016,13956,118-36-10-1-1,6.84025152226688e-06_6.84025152226688e-06_6.84025152226688e-06_6.84025152226688e-06_6.84025152226688e-06
1016,13957,141-42-12-1-1,3.10920523739404e-06_3.10920523739404e-06_3.10920523739404e-06_3.10920523739404e-06_3.10920523739404e-06
1016,13958,26-15-9-2-1,7.46209256974569e-06_7.46209256974569e-06_7.46209256974569e-06_7.46209256974569e-06_7.46209256974569e-06
1016,13959,49-22-8-1-1,1.49241851394914e-05_1.49241851394914e-05_1.49241851394914e-05_1.49241851394914e-05_1.49241851394914e-05
1016,13960,26-15-9-2-1,2.48736418991523e-05_2.48736418991523e-05_2.48736418991523e-05_2.48736418991523e-05_2.48736418991523e-05
1016,13961,209-35-4-2-1,6.84025152226688e-06_6.84025152226688e-06_6.84025152226688e-06_6.84025152226688e-06_6.84025152226688e-06
1016,13962,167-18-4-2-1,3.73104628487285e-06_3.73104628487285e-06_3.73104628487285e-06_3.73104628487285e-06_3.73104628487285e-06
1016,13963,55-22-8-1-1,1.86552314243642e-05_1.86552314243642e-05_1.86552314243642e-05_1.86552314243642e-05_1.86552314243642e-05
1016,13964,199-19-9-2-1,1.05712978071397e-05_1.05712978071397e-05_1.05712978071397e-05_1.05712978071397e-05_1.05712978071397e-05
1016,13965,205-12-8-1-1,7.46209256974569e-06_7.46209256974569e-06_7.46209256974569e-06_7.46209256974569e-06_7.46209256974569e-06
1016,13966,29-17-10-1-1,1.3058661997055e-05_1.3058661997055e-05_1.3058661997055e-05_1.3058661997055e-05_1.3058661997055e-05
1016,13967,91-33-5-1-1,0.00115973355354798_0.00115973355354798_0.00115973355354798_0.00115973355354798_0.00115973355354798
1016,13968,152-32-10-1-1,4.35288733235165e-06_4.35288733235165e-06_4.35288733235165e-06_4.35288733235165e-06_4.35288733235165e-06
1016,13969,76-4-4-2-1,1.3058661997055e-05_1.3058661997055e-05_1.3058661997055e-05_1.3058661997055e-05_1.3058661997055e-05
1016,13970,91-33-5-1-1,9.63853623592152e-05_9.63853623592152e-05_9.63853623592152e-05_9.63853623592152e-05_9.63853623592152e-05
1016,13971,55-22-8-1-1,3.10920523739404e-06_3.10920523739404e-06_3.10920523739404e-06_3.10920523739404e-06_3.10920523739404e-06
1016,13972,177-7-4-2-1,4.35288733235165e-06_4.35288733235165e-06_4.35288733235165e-06_4.35288733235165e-06_4.35288733235165e-06
1016,13973,131-13-6-2-1,0.000279828471365463_0.000279828471365463_0.000279828471365463_0.000279828471365463_0.000279828471365463
1016,13974,185-41-9-2-1,1.86552314243642e-06_1.86552314243642e-06_1.86552314243642e-06_1.86552314243642e-06_1.86552314243642e-06
1016,13975,161-36-10-1-1,1.74115493294066e-05_1.74115493294066e-05_1.74115493294066e-05_1.74115493294066e-05_1.74115493294066e-05
1016,13976,79-32-10-1-1,9.94945675966092e-06_9.94945675966092e-06_9.94945675966092e-06_9.94945675966092e-06_9.94945675966092e-06
1016,13977,79-32-10-1-1,5.96967405579655e-05_5.96967405579655e-05_5.96967405579655e-05_5.96967405579655e-05_5.96967405579655e-05
1016,13978,79-32-10-1-1,2.11425956142795e-05_2.11425956142795e-05_2.11425956142795e-05_2.11425956142795e-05_2.11425956142795e-05
1016,13979,126-29-2-2-1,6.84025152226688e-06_6.84025152226688e-06_6.84025152226688e-06_6.84025152226688e-06_6.84025152226688e-06
1016,13980,79-32-10-1-1,7.46209256974569e-06_7.46209256974569e-06_7.46209256974569e-06_7.46209256974569e-06_7.46209256974569e-06
1016,13981,79-32-10-1-1,1.67897082819278e-05_1.67897082819278e-05_1.67897082819278e-05_1.67897082819278e-05_1.67897082819278e-05
1016,13982,79-32-10-1-1,0.000114418752736101_0.000114418752736101_0.000114418752736101_0.000114418752736101_0.000114418752736101
1016,13983,131-13-6-2-1,0.000348852827635611_0.000348852827635611_0.000348852827635611_0.000348852827635611_0.000348852827635611
1016,13985,79-32-10-1-1,1.80333903768854e-05_1.80333903768854e-05_1.80333903768854e-05_1.80333903768854e-05_1.80333903768854e-05
1016,13986,47-22-8-1-1,4.35288733235165e-06_4.35288733235165e-06_4.35288733235165e-06_4.35288733235165e-06_4.35288733235165e-06
1016,13988,228-17-10-1-1,1.86552314243642e-05_1.86552314243642e-05_1.86552314243642e-05_1.86552314243642e-05_1.86552314243642e-05
1016,13989,32-18-4-2-1,6.21841047478808e-06_6.21841047478808e-06_6.21841047478808e-06_6.21841047478808e-06_6.21841047478808e-06
1016,13990,209-35-4-2-1,3.73104628487285e-06_3.73104628487285e-06_3.73104628487285e-06_3.73104628487285e-06_3.73104628487285e-06
1016,13991,108-13-6-2-1,0.000163544195486926_0.000163544195486926_0.000163544195486926_0.000163544195486926_0.000163544195486926
1016,13992,179-26-4-2-1,9.26543160743423e-05_9.26543160743423e-05_9.26543160743423e-05_9.26543160743423e-05_9.26543160743423e-05
1016,13993,185-41-9-2-1,3.73104628487285e-06_3.73104628487285e-06_3.73104628487285e-06_3.73104628487285e-06_3.73104628487285e-06
1016,13994,51-22-8-1-1,4.5394396465953e-05_4.5394396465953e-05_4.5394396465953e-05_4.5394396465953e-05_4.5394396465953e-05
1016,13995,4-4-4-2-1,3.29575755163768e-05_3.29575755163768e-05_3.29575755163768e-05_3.29575755163768e-05_3.29575755163768e-05
1016,13996,47-22-8-1-1,5.59656942730927e-06_5.59656942730927e-06_5.59656942730927e-06_5.59656942730927e-06_5.59656942730927e-06
1016,13997,4-4-4-2-1,5.59656942730927e-06_5.59656942730927e-06_5.59656942730927e-06_5.59656942730927e-06_5.59656942730927e-06
1016,13998,172-40-4-2-1,3.10920523739404e-06_3.10920523739404e-06_3.10920523739404e-06_3.10920523739404e-06_3.10920523739404e-06
1016,13999,51-22-8-1-1,1.18149799020973e-05_1.18149799020973e-05_1.18149799020973e-05_1.18149799020973e-05_1.18149799020973e-05
1016,14000,236-42-12-1-1,5.59656942730927e-06_5.59656942730927e-06_5.59656942730927e-06_5.59656942730927e-06_5.59656942730927e-06
1016,14002,152-32-10-1-1,4.8503601703347e-05_4.8503601703347e-05_4.8503601703347e-05_4.8503601703347e-05_4.8503601703347e-05
1016,14003,152-32-10-1-1,7.46209256974569e-06_7.46209256974569e-06_7.46209256974569e-06_7.46209256974569e-06_7.46209256974569e-06
1016,14004,194-31-9-2-1,4.5394396465953e-05_4.5394396465953e-05_4.5394396465953e-05_4.5394396465953e-05_4.5394396465953e-05
1016,14005,122-16-2-2-1,9.94945675966092e-06_9.94945675966092e-06_9.94945675966092e-06_9.94945675966092e-06_9.94945675966092e-06
1016,14006,177-7-4-2-1,5.1612806940741e-05_5.1612806940741e-05_5.1612806940741e-05_5.1612806940741e-05_5.1612806940741e-05
1016,14007,63-27-8-1-1,0.000486901540175906_0.000486901540175906_0.000486901540175906_0.000486901540175906_0.000486901540175906
1016,14008,91-33-5-1-1,0.00015670394396466_0.00015670394396466_0.00015670394396466_0.00015670394396466_0.00015670394396466
1016,14009,63-27-8-1-1,0.000102603772834003_0.000102603772834003_0.000102603772834003_0.000102603772834003_0.000102603772834003
1016,14010,172-40-4-2-1,1.86552314243642e-06_1.86552314243642e-06_1.86552314243642e-06_1.86552314243642e-06_1.86552314243642e-06
1016,14011,136-26-4-2-1,1.74115493294066e-05_1.74115493294066e-05_1.74115493294066e-05_1.74115493294066e-05_1.74115493294066e-05
1016,14012,216-19-9-2-1,4.97472837983046e-06_4.97472837983046e-06_4.97472837983046e-06_4.97472837983046e-06_4.97472837983046e-06
1016,14013,216-19-9-2-1,4.97472837983046e-06_4.97472837983046e-06_4.97472837983046e-06_4.97472837983046e-06_4.97472837983046e-06
1016,14014,172-40-4-2-1,3.10920523739404e-06_3.10920523739404e-06_3.10920523739404e-06_3.10920523739404e-06_3.10920523739404e-06
1016,14015,204-35-4-2-1,4.35288733235165e-06_4.35288733235165e-06_4.35288733235165e-06_4.35288733235165e-06_4.35288733235165e-06
1016,14016,91-33-5-1-1,3.73104628487285e-06_3.73104628487285e-06_3.73104628487285e-06_3.73104628487285e-06_3.73104628487285e-06
1016,14017,63-27-8-1-1,1.55460261869702e-05_1.55460261869702e-05_1.55460261869702e-05_1.55460261869702e-05_1.55460261869702e-05
1016,14018,63-27-8-1-1,4.5394396465953e-05_4.5394396465953e-05_4.5394396465953e-05_4.5394396465953e-05_4.5394396465953e-05
1016,14019,82-6-6-2-1,3.60667807537708e-05_3.60667807537708e-05_3.60667807537708e-05_3.60667807537708e-05_3.60667807537708e-05
1016,14020,26-15-9-2-1,5.53438532256139e-05_5.53438532256139e-05_5.53438532256139e-05_5.53438532256139e-05_5.53438532256139e-05
1016,14021,40-23-8-1-1,6.84025152226688e-06_6.84025152226688e-06_6.84025152226688e-06_6.84025152226688e-06_6.84025152226688e-06
1016,14022,131-13-6-2-1,6.21841047478808e-05_6.21841047478808e-05_6.21841047478808e-05_6.21841047478808e-05_6.21841047478808e-05
1016,14023,213-15-9-2-1,8.0839336172245e-06_8.0839336172245e-06_8.0839336172245e-06_8.0839336172245e-06_8.0839336172245e-06
1016,14024,131-13-6-2-1,0.000174115493294066_0.000174115493294066_0.000174115493294066_0.000174115493294066_0.000174115493294066
1016,14025,196-14-4-2-1,5.59656942730927e-06_5.59656942730927e-06_5.59656942730927e-06_5.59656942730927e-06_5.59656942730927e-06
1016,14026,131-13-6-2-1,0.000138048712540295_0.000138048712540295_0.000138048712540295_0.000138048712540295_0.000138048712540295
1016,14027,218-7-4-2-1,7.46209256974569e-06_7.46209256974569e-06_7.46209256974569e-06_7.46209256974569e-06_7.46209256974569e-06
1016,14028,151-19-9-2-1,4.8503601703347e-05_4.8503601703347e-05_4.8503601703347e-05_4.8503601703347e-05_4.8503601703347e-05
1016,14029,131-13-6-2-1,0.000158569467107096_0.000158569467107096_0.000158569467107096_0.000158569467107096_0.000158569467107096
1016,14030,70-27-8-1-1,7.21335615075417e-05_7.21335615075417e-05_7.21335615075417e-05_7.21335615075417e-05_7.21335615075417e-05
1016,14031,26-15-9-2-1,2.23862777092371e-05_2.23862777092371e-05_2.23862777092371e-05_2.23862777092371e-05_2.23862777092371e-05
1016,14032,45-5-5-1-1,5.59656942730927e-06_5.59656942730927e-06_5.59656942730927e-06_5.59656942730927e-06_5.59656942730927e-06
1016,14033,225-31-9-2-1,1.24368209495762e-05_1.24368209495762e-05_1.24368209495762e-05_1.24368209495762e-05_1.24368209495762e-05
1016,14034,49-22-8-1-1,5.59656942730927e-06_5.59656942730927e-06_5.59656942730927e-06_5.59656942730927e-06_5.59656942730927e-06
1016,14035,122-16-2-2-1,3.73104628487285e-06_3.73104628487285e-06_3.73104628487285e-06_3.73104628487285e-06_3.73104628487285e-06
1016,14036,79-32-10-1-1,3.73104628487285e-06_3.73104628487285e-06_3.73104628487285e-06_3.73104628487285e-06_3.73104628487285e-06
1016,14037,149-16-2-2-1,1.6167867234449e-05_1.6167867234449e-05_1.6167867234449e-05_1.6167867234449e-05_1.6167867234449e-05
1016,14038,205-12-8-1-1,2.05207545668007e-05_2.05207545668007e-05_2.05207545668007e-05_2.05207545668007e-05_2.05207545668007e-05
1016,14039,40-23-8-1-1,7.46209256974569e-06_7.46209256974569e-06_7.46209256974569e-06_7.46209256974569e-06_7.46209256974569e-06
1016,14040,134-29-2-2-1,6.84025152226688e-06_6.84025152226688e-06_6.84025152226688e-06_6.84025152226688e-06_6.84025152226688e-06
1016,14041,8-7-4-2-1,8.0839336172245e-06_8.0839336172245e-06_8.0839336172245e-06_8.0839336172245e-06_8.0839336172245e-06
1016,14042,74-31-9-2-1,8.0839336172245e-06_8.0839336172245e-06_8.0839336172245e-06_8.0839336172245e-06_8.0839336172245e-06
1016,14043,191-37-4-2-1,9.32761571218212e-06_9.32761571218212e-06_9.32761571218212e-06_9.32761571218212e-06_9.32761571218212e-06
1016,14044,170-43-4-2-1,2.9226529231504e-05_2.9226529231504e-05_2.9226529231504e-05_2.9226529231504e-05_2.9226529231504e-05
1016,14045,63-27-8-1-1,5.59656942730927e-06_5.59656942730927e-06_5.59656942730927e-06_5.59656942730927e-06_5.59656942730927e-06
1016,14046,40-23-8-1-1,9.94945675966092e-06_9.94945675966092e-06_9.94945675966092e-06_9.94945675966092e-06_9.94945675966092e-06
1016,14047,199-19-9-2-1,3.10920523739404e-06_3.10920523739404e-06_3.10920523739404e-06_3.10920523739404e-06_3.10920523739404e-06
1016,14048,180-40-4-2-1,7.46209256974569e-06_7.46209256974569e-06_7.46209256974569e-06_7.46209256974569e-06_7.46209256974569e-06
1016,14049,213-15-9-2-1,1.24368209495762e-05_1.24368209495762e-05_1.24368209495762e-05_1.24368209495762e-05_1.24368209495762e-05
1016,14050,185-41-9-2-1,3.73104628487285e-06_3.73104628487285e-06_3.73104628487285e-06_3.73104628487285e-06_3.73104628487285e-06
1016,14051,138-23-8-1-1,1.05712978071397e-05_1.05712978071397e-05_1.05712978071397e-05_1.05712978071397e-05_1.05712978071397e-05
1016,14052,63-27-8-1-1,9.32761571218212e-06_9.32761571218212e-06_9.32761571218212e-06_9.32761571218212e-06_9.32761571218212e-06
1016,14053,76-4-4-2-1,2.48736418991523e-05_2.48736418991523e-05_2.48736418991523e-05_2.48736418991523e-05_2.48736418991523e-05
1016,14054,153-18-4-2-1,1.9277072471843e-05_1.9277072471843e-05_1.9277072471843e-05_1.9277072471843e-05_1.9277072471843e-05
1016,14055,32-18-4-2-1,6.21841047478808e-06_6.21841047478808e-06_6.21841047478808e-06_6.21841047478808e-06_6.21841047478808e-06
1016,14056,122-16-2-2-1,1.05712978071397e-05_1.05712978071397e-05_1.05712978071397e-05_1.05712978071397e-05_1.05712978071397e-05
1016,14057,153-18-4-2-1,3.73104628487285e-06_3.73104628487285e-06_3.73104628487285e-06_3.73104628487285e-06_3.73104628487285e-06
1016,14058,18-12-8-1-1,3.85541449436861e-05_3.85541449436861e-05_3.85541449436861e-05_3.85541449436861e-05_3.85541449436861e-05
1016,14059,149-16-2-2-1,9.94945675966092e-06_9.94945675966092e-06_9.94945675966092e-06_9.94945675966092e-06_9.94945675966092e-06
1016,14060,109-28-5-1-1,5.59656942730927e-06_5.59656942730927e-06_5.59656942730927e-06_5.59656942730927e-06_5.59656942730927e-06
1016,14061,4-4-4-2-1,3.10920523739404e-06_3.10920523739404e-06_3.10920523739404e-06_3.10920523739404e-06_3.10920523739404e-06
1016,14062,74-31-9-2-1,1.36805030445338e-05_1.36805030445338e-05_1.36805030445338e-05_1.36805030445338e-05_1.36805030445338e-05
1016,14063,128-7-4-2-1,5.59656942730927e-06_5.59656942730927e-06_5.59656942730927e-06_5.59656942730927e-06_5.59656942730927e-06
1016,14064,98-27-8-1-1,4.35288733235165e-06_4.35288733235165e-06_4.35288733235165e-06_4.35288733235165e-06_4.35288733235165e-06
1016,14065,90-36-10-1-1,3.42012576113344e-05_3.42012576113344e-05_3.42012576113344e-05_3.42012576113344e-05_3.42012576113344e-05
1016,14066,112-14-4-2-1,3.73104628487285e-06_3.73104628487285e-06_3.73104628487285e-06_3.73104628487285e-06_3.73104628487285e-06
1016,14067,194-31-9-2-1,4.72599196083894e-05_4.72599196083894e-05_4.72599196083894e-05_4.72599196083894e-05_4.72599196083894e-05
1016,14068,122-16-2-2-1,4.35288733235165e-06_4.35288733235165e-06_4.35288733235165e-06_4.35288733235165e-06_4.35288733235165e-06
1016,14069,183-23-8-1-1,3.73104628487285e-06_3.73104628487285e-06_3.73104628487285e-06_3.73104628487285e-06_3.73104628487285e-06
1016,14070,45-5-5-1-1,3.73104628487285e-06_3.73104628487285e-06_3.73104628487285e-06_3.73104628487285e-06_3.73104628487285e-06
1016,14071,18-12-8-1-1,8.0839336172245e-06_8.0839336172245e-06_8.0839336172245e-06_8.0839336172245e-06_8.0839336172245e-06
1016,14072,149-16-2-2-1,5.22346479882198e-05_5.22346479882198e-05_5.22346479882198e-05_5.22346479882198e-05_5.22346479882198e-05
1016,14073,234-24-7-1-1,7.71082898873721e-05_7.71082898873721e-05_7.71082898873721e-05_7.71082898873721e-05_7.71082898873721e-05
1016,14074,185-41-9-2-1,8.0839336172245e-06_8.0839336172245e-06_8.0839336172245e-06_8.0839336172245e-06_8.0839336172245e-06
1016,14075,177-7-4-2-1,2.48736418991523e-06_2.48736418991523e-06_2.48736418991523e-06_2.48736418991523e-06_2.48736418991523e-06
1016,14076,145-25-8-1-1,2.11425956142795e-05_2.11425956142795e-05_2.11425956142795e-05_2.11425956142795e-05_2.11425956142795e-05
1016,14077,212-41-9-2-1,1.86552314243642e-05_1.86552314243642e-05_1.86552314243642e-05_1.86552314243642e-05_1.86552314243642e-05
1016,14078,40-23-8-1-1,4.97472837983046e-06_4.97472837983046e-06_4.97472837983046e-06_4.97472837983046e-06_4.97472837983046e-06
1016,14081,185-41-9-2-1,6.21841047478808e-06_6.21841047478808e-06_6.21841047478808e-06_6.21841047478808e-06_6.21841047478808e-06
1016,14082,170-43-4-2-1,5.41001711306563e-05_5.41001711306563e-05_5.41001711306563e-05_5.41001711306563e-05_5.41001711306563e-05
1016,14083,170-43-4-2-1,6.1562263700402e-05_6.1562263700402e-05_6.1562263700402e-05_6.1562263700402e-05_6.1562263700402e-05
1016,14084,179-26-4-2-1,6.21841047478808e-06_6.21841047478808e-06_6.21841047478808e-06_6.21841047478808e-06_6.21841047478808e-06
1016,14085,122-16-2-2-1,1.80333903768854e-05_1.80333903768854e-05_1.80333903768854e-05_1.80333903768854e-05_1.80333903768854e-05
1016,14086,40-23-8-1-1,2.73610060890675e-05_2.73610060890675e-05_2.73610060890675e-05_2.73610060890675e-05_2.73610060890675e-05
1016,14087,200-15-9-2-1,3.10920523739404e-06_3.10920523739404e-06_3.10920523739404e-06_3.10920523739404e-06_3.10920523739404e-06
1016,14088,226-32-10-1-1,3.29575755163768e-05_3.29575755163768e-05_3.29575755163768e-05_3.29575755163768e-05_3.29575755163768e-05
1016,14089,57-7-4-2-1,1.11931388546185e-05_1.11931388546185e-05_1.11931388546185e-05_1.11931388546185e-05_1.11931388546185e-05
1016,14090,226-32-10-1-1,3.10920523739404e-06_3.10920523739404e-06_3.10920523739404e-06_3.10920523739404e-06_3.10920523739404e-06
1016,14091,129-21-4-2-1,6.21841047478808e-06_6.21841047478808e-06_6.21841047478808e-06_6.21841047478808e-06_6.21841047478808e-06
1016,14092,171-18-4-2-1,4.97472837983046e-06_4.97472837983046e-06_4.97472837983046e-06_4.97472837983046e-06_4.97472837983046e-06
1016,14093,177-7-4-2-1,1.36805030445338e-05_1.36805030445338e-05_1.36805030445338e-05_1.36805030445338e-05_1.36805030445338e-05
1016,14094,55-22-8-1-1,6.21841047478808e-06_6.21841047478808e-06_6.21841047478808e-06_6.21841047478808e-06_6.21841047478808e-06
1016,14096,148-29-2-2-1,1.98989135193218e-05_1.98989135193218e-05_1.98989135193218e-05_1.98989135193218e-05_1.98989135193218e-05
1016,14097,180-40-4-2-1,4.35288733235165e-06_4.35288733235165e-06_4.35288733235165e-06_4.35288733235165e-06_4.35288733235165e-06
1016,14098,55-22-8-1-1,4.97472837983046e-06_4.97472837983046e-06_4.97472837983046e-06_4.97472837983046e-06_4.97472837983046e-06
1016,14099,88-35-4-2-1,1.9277072471843e-05_1.9277072471843e-05_1.9277072471843e-05_1.9277072471843e-05_1.9277072471843e-05
1016,14100,130-12-8-1-1,6.21841047478808e-06_6.21841047478808e-06_6.21841047478808e-06_6.21841047478808e-06_6.21841047478808e-06
1016,14101,40-23-8-1-1,3.10920523739404e-06_3.10920523739404e-06_3.10920523739404e-06_3.10920523739404e-06_3.10920523739404e-06
1016,14102,151-19-9-2-1,0.000149863692442393_0.000149863692442393_0.000149863692442393_0.000149863692442393_0.000149863692442393
1016,14103,199-19-9-2-1,1.55460261869702e-05_1.55460261869702e-05_1.55460261869702e-05_1.55460261869702e-05_1.55460261869702e-05
1016,14104,186-15-9-2-1,3.10920523739404e-06_3.10920523739404e-06_3.10920523739404e-06_3.10920523739404e-06_3.10920523739404e-06
1016,14105,224-39-11-1-1,0.000153594738727265_0.000153594738727265_0.000153594738727265_0.000153594738727265_0.000153594738727265
1016,14106,185-41-9-2-1,3.10920523739404e-06_3.10920523739404e-06_3.10920523739404e-06_3.10920523739404e-06_3.10920523739404e-06
1016,14107,226-32-10-1-1,1.36805030445338e-05_1.36805030445338e-05_1.36805030445338e-05_1.36805030445338e-05_1.36805030445338e-05
1016,14108,172-40-4-2-1,3.73104628487285e-06_3.73104628487285e-06_3.73104628487285e-06_3.73104628487285e-06_3.73104628487285e-06
1016,14110,172-40-4-2-1,3.10920523739404e-06_3.10920523739404e-06_3.10920523739404e-06_3.10920523739404e-06_3.10920523739404e-06
1016,14111,185-41-9-2-1,3.10920523739404e-06_3.10920523739404e-06_3.10920523739404e-06_3.10920523739404e-06_3.10920523739404e-06
1016,14112,51-22-8-1-1,3.5444939706292e-05_3.5444939706292e-05_3.5444939706292e-05_3.5444939706292e-05_3.5444939706292e-05
1016,14113,49-22-8-1-1,2.67391650415887e-05_2.67391650415887e-05_2.67391650415887e-05_2.67391650415887e-05_2.67391650415887e-05
1016,14114,76-4-4-2-1,1.55460261869702e-05_1.55460261869702e-05_1.55460261869702e-05_1.55460261869702e-05_1.55460261869702e-05
1016,14115,148-29-2-2-1,1.86552314243642e-05_1.86552314243642e-05_1.86552314243642e-05_1.86552314243642e-05_1.86552314243642e-05
1016,14116,147-11-4-2-1,7.46209256974569e-06_7.46209256974569e-06_7.46209256974569e-06_7.46209256974569e-06_7.46209256974569e-06
1016,14117,114-40-4-2-1,4.5394396465953e-05_4.5394396465953e-05_4.5394396465953e-05_4.5394396465953e-05_4.5394396465953e-05
1016,14118,175-20-9-2-1,1.18149799020973e-05_1.18149799020973e-05_1.18149799020973e-05_1.18149799020973e-05_1.18149799020973e-05
1016,14119,219-45-10-1-1,0.00100427329167827_0.00100427329167827_0.00100427329167827_0.00100427329167827_0.00100427329167827
1016,14120,213-15-9-2-1,7.71082898873721e-05_7.71082898873721e-05_7.71082898873721e-05_7.71082898873721e-05_7.71082898873721e-05
1016,14121,167-18-4-2-1,3.73104628487285e-06_3.73104628487285e-06_3.73104628487285e-06_3.73104628487285e-06_3.73104628487285e-06
1016,14122,213-15-9-2-1,3.60667807537708e-05_3.60667807537708e-05_3.60667807537708e-05_3.60667807537708e-05_3.60667807537708e-05
1016,14123,167-18-4-2-1,3.35794165638556e-05_3.35794165638556e-05_3.35794165638556e-05_3.35794165638556e-05_3.35794165638556e-05
1016,14124,167-18-4-2-1,7.46209256974569e-06_7.46209256974569e-06_7.46209256974569e-06_7.46209256974569e-06_7.46209256974569e-06
1016,14125,23-10-2-2-1,0.000151729215584829_0.000151729215584829_0.000151729215584829_0.000151729215584829_0.000151729215584829
1016,14126,201-17-10-1-1,3.2335734468898e-05_3.2335734468898e-05_3.2335734468898e-05_3.2335734468898e-05_3.2335734468898e-05
1016,14127,32-18-4-2-1,3.73104628487285e-06_3.73104628487285e-06_3.73104628487285e-06_3.73104628487285e-06_3.73104628487285e-06
1016,14128,23-10-2-2-1,0.000825183070004378_0.000825183070004378_0.000825183070004378_0.000825183070004378_0.000825183070004378
1016,14130,84-2-2-2-1,0.000206451227762964_0.000206451227762964_0.000206451227762964_0.000206451227762964_0.000206451227762964
1016,14131,190-20-9-2-1,7.83519719823298e-05_7.83519719823298e-05_7.83519719823298e-05_7.83519719823298e-05_7.83519719823298e-05
1016,14132,190-20-9-2-1,1.3058661997055e-05_1.3058661997055e-05_1.3058661997055e-05_1.3058661997055e-05_1.3058661997055e-05
1016,14133,71-29-2-2-1,8.70577466470331e-06_8.70577466470331e-06_8.70577466470331e-06_8.70577466470331e-06_8.70577466470331e-06
1016,14134,190-20-9-2-1,7.39990846499781e-05_7.39990846499781e-05_7.39990846499781e-05_7.39990846499781e-05_7.39990846499781e-05
1016,14135,200-15-9-2-1,4.97472837983046e-06_4.97472837983046e-06_4.97472837983046e-06_4.97472837983046e-06_4.97472837983046e-06
1016,14136,138-23-8-1-1,8.0839336172245e-06_8.0839336172245e-06_8.0839336172245e-06_8.0839336172245e-06_8.0839336172245e-06
1016,14137,177-7-4-2-1,8.70577466470331e-06_8.70577466470331e-06_8.70577466470331e-06_8.70577466470331e-06_8.70577466470331e-06
1016,14138,138-23-8-1-1,3.10920523739404e-06_3.10920523739404e-06_3.10920523739404e-06_3.10920523739404e-06_3.10920523739404e-06
1016,14139,181-40-4-2-1,0.000126233732638198_0.000126233732638198_0.000126233732638198_0.000126233732638198_0.000126233732638198
1016,14140,63-27-8-1-1,4.97472837983046e-06_4.97472837983046e-06_4.97472837983046e-06_4.97472837983046e-06_4.97472837983046e-06
1016,14141,196-14-4-2-1,0.000119393481115931_0.000119393481115931_0.000119393481115931_0.000119393481115931_0.000119393481115931
1016,14142,230-14-4-2-1,1.24368209495762e-05_1.24368209495762e-05_1.24368209495762e-05_1.24368209495762e-05_1.24368209495762e-05
1016,14143,180-40-4-2-1,5.59656942730927e-06_5.59656942730927e-06_5.59656942730927e-06_5.59656942730927e-06_5.59656942730927e-06
1016,14144,221-35-4-2-1,0.000100738249691567_0.000100738249691567_0.000100738249691567_0.000100738249691567_0.000100738249691567
1016,14145,188-14-4-2-1,0.000236299598041947_0.000236299598041947_0.000236299598041947_0.000236299598041947_0.000236299598041947
1016,14146,188-14-4-2-1,7.21335615075417e-05_7.21335615075417e-05_7.21335615075417e-05_7.21335615075417e-05_7.21335615075417e-05
1016,14147,160-30-1-1-1,1.05712978071397e-05_1.05712978071397e-05_1.05712978071397e-05_1.05712978071397e-05_1.05712978071397e-05
1016,14148,199-19-9-2-1,3.73104628487285e-06_3.73104628487285e-06_3.73104628487285e-06_3.73104628487285e-06_3.73104628487285e-06
1016,14149,199-19-9-2-1,5.59656942730927e-06_5.59656942730927e-06_5.59656942730927e-06_5.59656942730927e-06_5.59656942730927e-06
1016,14150,196-14-4-2-1,4.97472837983046e-06_4.97472837983046e-06_4.97472837983046e-06_4.97472837983046e-06_4.97472837983046e-06
1016,14151,226-32-10-1-1,0.000648580212520396_0.000648580212520396_0.000648580212520396_0.000648580212520396_0.000648580212520396
1016,14152,77-28-5-1-1,2.05207545668007e-05_2.05207545668007e-05_2.05207545668007e-05_2.05207545668007e-05_2.05207545668007e-05
1016,14153,228-17-10-1-1,1.49241851394914e-05_1.49241851394914e-05_1.49241851394914e-05_1.49241851394914e-05_1.49241851394914e-05
1016,14154,226-32-10-1-1,0.000138048712540295_0.000138048712540295_0.000138048712540295_0.000138048712540295_0.000138048712540295
1016,14155,226-32-10-1-1,6.1562263700402e-05_6.1562263700402e-05_6.1562263700402e-05_6.1562263700402e-05_6.1562263700402e-05
1016,14156,226-32-10-1-1,0.000111931388546185_0.000111931388546185_0.000111931388546185_0.000111931388546185_0.000111931388546185
1016,14157,185-41-9-2-1,2.05207545668007e-05_2.05207545668007e-05_2.05207545668007e-05_2.05207545668007e-05_2.05207545668007e-05
1016,14159,160-30-1-1-1,3.73104628487285e-06_3.73104628487285e-06_3.73104628487285e-06_3.73104628487285e-06_3.73104628487285e-06
1016,14160,37-11-4-2-1,3.60667807537708e-05_3.60667807537708e-05_3.60667807537708e-05_3.60667807537708e-05_3.60667807537708e-05
1016,14161,200-15-9-2-1,9.94945675966092e-06_9.94945675966092e-06_9.94945675966092e-06_9.94945675966092e-06_9.94945675966092e-06
1016,14162,118-36-10-1-1,3.10920523739404e-06_3.10920523739404e-06_3.10920523739404e-06_3.10920523739404e-06_3.10920523739404e-06
1016,14163,226-32-10-1-1,0.000333306801448641_0.000333306801448641_0.000333306801448641_0.000333306801448641_0.000333306801448641
1016,14164,228-17-10-1-1,7.27554025550205e-05_7.27554025550205e-05_7.27554025550205e-05_7.27554025550205e-05_7.27554025550205e-05
1016,14167,152-32-10-1-1,5.96967405579655e-05_5.96967405579655e-05_5.96967405579655e-05_5.96967405579655e-05_5.96967405579655e-05
1016,14168,18-12-8-1-1,1.43023440920126e-05_1.43023440920126e-05_1.43023440920126e-05_1.43023440920126e-05_1.43023440920126e-05
1016,14169,40-23-8-1-1,3.10920523739404e-06_3.10920523739404e-06_3.10920523739404e-06_3.10920523739404e-06_3.10920523739404e-06
1016,14170,7-4-4-2-1,2.54954829466311e-05_2.54954829466311e-05_2.54954829466311e-05_2.54954829466311e-05_2.54954829466311e-05
1016,14171,185-41-9-2-1,3.73104628487285e-06_3.73104628487285e-06_3.73104628487285e-06_3.73104628487285e-06_3.73104628487285e-06
1016,14172,63-27-8-1-1,3.10920523739404e-06_3.10920523739404e-06_3.10920523739404e-06_3.10920523739404e-06_3.10920523739404e-06
1016,14173,153-18-4-2-1,8.0839336172245e-06_8.0839336172245e-06_8.0839336172245e-06_8.0839336172245e-06_8.0839336172245e-06
1016,14174,7-4-4-2-1,4.97472837983046e-06_4.97472837983046e-06_4.97472837983046e-06_4.97472837983046e-06_4.97472837983046e-06
1016,14175,7-4-4-2-1,4.35288733235165e-06_4.35288733235165e-06_4.35288733235165e-06_4.35288733235165e-06_4.35288733235165e-06
1016,14176,105-8-3-1-1,5.47220121781351e-05_5.47220121781351e-05_5.47220121781351e-05_5.47220121781351e-05_5.47220121781351e-05
1016,14177,125-30-1-1-1,7.7730130934851e-05_7.7730130934851e-05_7.7730130934851e-05_7.7730130934851e-05_7.7730130934851e-05
1016,14178,7-4-4-2-1,1.86552314243642e-05_1.86552314243642e-05_1.86552314243642e-05_1.86552314243642e-05_1.86552314243642e-05
1016,14179,114-40-4-2-1,3.10920523739404e-06_3.10920523739404e-06_3.10920523739404e-06_3.10920523739404e-06_3.10920523739404e-06
1016,14180,71-29-2-2-1,4.97472837983046e-06_4.97472837983046e-06_4.97472837983046e-06_4.97472837983046e-06_4.97472837983046e-06
1016,14181,177-7-4-2-1,1.9277072471843e-05_1.9277072471843e-05_1.9277072471843e-05_1.9277072471843e-05_1.9277072471843e-05
1016,14182,7-4-4-2-1,5.59656942730927e-06_5.59656942730927e-06_5.59656942730927e-06_5.59656942730927e-06_5.59656942730927e-06
1016,14183,37-11-4-2-1,4.35288733235165e-06_4.35288733235165e-06_4.35288733235165e-06_4.35288733235165e-06_4.35288733235165e-06
1016,14184,74-31-9-2-1,5.59656942730927e-06_5.59656942730927e-06_5.59656942730927e-06_5.59656942730927e-06_5.59656942730927e-06
1016,14185,42-13-6-2-1,0.000209560433000358_0.000209560433000358_0.000209560433000358_0.000209560433000358_0.000209560433000358
1016,14186,71-29-2-2-1,6.21841047478808e-06_6.21841047478808e-06_6.21841047478808e-06_6.21841047478808e-06_6.21841047478808e-06
1016,14187,8-7-4-2-1,3.10920523739404e-06_3.10920523739404e-06_3.10920523739404e-06_3.10920523739404e-06_3.10920523739404e-06
1016,14188,172-40-4-2-1,1.55460261869702e-05_1.55460261869702e-05_1.55460261869702e-05_1.55460261869702e-05_1.55460261869702e-05
1016,14189,10-3-3-1-1,7.02680383651053e-05_7.02680383651053e-05_7.02680383651053e-05_7.02680383651053e-05_7.02680383651053e-05
1016,14190,130-12-8-1-1,4.41507143709953e-05_4.41507143709953e-05_4.41507143709953e-05_4.41507143709953e-05_4.41507143709953e-05
1016,14191,130-12-8-1-1,1.6167867234449e-05_1.6167867234449e-05_1.6167867234449e-05_1.6167867234449e-05_1.6167867234449e-05
1016,14192,133-12-8-1-1,4.97472837983046e-06_4.97472837983046e-06_4.97472837983046e-06_4.97472837983046e-06_4.97472837983046e-06
1016,14194,160-30-1-1-1,1.11931388546185e-05_1.11931388546185e-05_1.11931388546185e-05_1.11931388546185e-05_1.11931388546185e-05
1016,14195,199-19-9-2-1,4.35288733235165e-06_4.35288733235165e-06_4.35288733235165e-06_4.35288733235165e-06_4.35288733235165e-06
1016,14196,189-12-8-1-1,2.67391650415887e-05_2.67391650415887e-05_2.67391650415887e-05_2.67391650415887e-05_2.67391650415887e-05
1016,14197,236-42-12-1-1,3.73104628487285e-06_3.73104628487285e-06_3.73104628487285e-06_3.73104628487285e-06_3.73104628487285e-06
1016,14198,189-12-8-1-1,1.98989135193218e-05_1.98989135193218e-05_1.98989135193218e-05_1.98989135193218e-05_1.98989135193218e-05
1016,14200,175-20-9-2-1,3.73104628487285e-06_3.73104628487285e-06_3.73104628487285e-06_3.73104628487285e-06_3.73104628487285e-06
1016,14201,185-41-9-2-1,3.10920523739404e-06_3.10920523739404e-06_3.10920523739404e-06_3.10920523739404e-06_3.10920523739404e-06
1016,14202,160-30-1-1-1,9.32761571218212e-06_9.32761571218212e-06_9.32761571218212e-06_9.32761571218212e-06_9.32761571218212e-06
1016,14203,17-11-4-2-1,3.10920523739404e-06_3.10920523739404e-06_3.10920523739404e-06_3.10920523739404e-06_3.10920523739404e-06
1016,14204,185-41-9-2-1,3.73104628487285e-06_3.73104628487285e-06_3.73104628487285e-06_3.73104628487285e-06_3.73104628487285e-06
1016,14205,126-29-2-2-1,7.46209256974569e-06_7.46209256974569e-06_7.46209256974569e-06_7.46209256974569e-06_7.46209256974569e-06
1016,14206,8-7-4-2-1,5.59656942730927e-06_5.59656942730927e-06_5.59656942730927e-06_5.59656942730927e-06_5.59656942730927e-06
1016,14207,152-32-10-1-1,1.24368209495762e-05_1.24368209495762e-05_1.24368209495762e-05_1.24368209495762e-05_1.24368209495762e-05
1016,14208,27-8-3-1-1,0.000501825725315398_0.000501825725315398_0.000501825725315398_0.000501825725315398_0.000501825725315398
1016,14209,185-41-9-2-1,4.97472837983046e-06_4.97472837983046e-06_4.97472837983046e-06_4.97472837983046e-06_4.97472837983046e-06
1016,14210,176-20-9-2-1,3.73104628487285e-06_3.73104628487285e-06_3.73104628487285e-06_3.73104628487285e-06_3.73104628487285e-06
1016,14211,176-20-9-2-1,1.36805030445338e-05_1.36805030445338e-05_1.36805030445338e-05_1.36805030445338e-05_1.36805030445338e-05
1016,14212,185-41-9-2-1,4.35288733235165e-06_4.35288733235165e-06_4.35288733235165e-06_4.35288733235165e-06_4.35288733235165e-06
1016,14213,11-4-4-2-1,4.35288733235165e-06_4.35288733235165e-06_4.35288733235165e-06_4.35288733235165e-06_4.35288733235165e-06
1016,14214,160-30-1-1-1,8.0839336172245e-06_8.0839336172245e-06_8.0839336172245e-06_8.0839336172245e-06_8.0839336172245e-06
1016,14215,224-39-11-1-1,0.000219509889760019_0.000219509889760019_0.000219509889760019_0.000219509889760019_0.000219509889760019
1016,14216,129-21-4-2-1,9.32761571218212e-06_9.32761571218212e-06_9.32761571218212e-06_9.32761571218212e-06_9.32761571218212e-06
1016,14217,91-33-5-1-1,9.45198392167788e-05_9.45198392167788e-05_9.45198392167788e-05_9.45198392167788e-05_9.45198392167788e-05
1016,14218,57-7-4-2-1,3.10920523739404e-05_3.10920523739404e-05_3.10920523739404e-05_3.10920523739404e-05_3.10920523739404e-05
1016,14219,142-42-12-1-1,1.3058661997055e-05_1.3058661997055e-05_1.3058661997055e-05_1.3058661997055e-05_1.3058661997055e-05
1016,14220,203-11-4-2-1,5.28564890356987e-05_5.28564890356987e-05_5.28564890356987e-05_5.28564890356987e-05_5.28564890356987e-05
1016,14221,203-11-4-2-1,1.74115493294066e-05_1.74115493294066e-05_1.74115493294066e-05_1.74115493294066e-05_1.74115493294066e-05
1016,14222,191-37-4-2-1,4.35288733235165e-06_4.35288733235165e-06_4.35288733235165e-06_4.35288733235165e-06_4.35288733235165e-06
1016,14223,11-4-4-2-1,3.10920523739404e-06_3.10920523739404e-06_3.10920523739404e-06_3.10920523739404e-06_3.10920523739404e-06
1016,14224,34-19-9-2-1,1.11931388546185e-05_1.11931388546185e-05_1.11931388546185e-05_1.11931388546185e-05_1.11931388546185e-05
1016,14225,37-11-4-2-1,9.32761571218212e-06_9.32761571218212e-06_9.32761571218212e-06_9.32761571218212e-06_9.32761571218212e-06
1016,14226,174-15-9-2-1,3.10920523739404e-06_3.10920523739404e-06_3.10920523739404e-06_3.10920523739404e-06_3.10920523739404e-06
1016,14228,79-32-10-1-1,1.6167867234449e-05_1.6167867234449e-05_1.6167867234449e-05_1.6167867234449e-05_1.6167867234449e-05
1016,14230,10-3-3-1-1,4.72599196083894e-05_4.72599196083894e-05_4.72599196083894e-05_4.72599196083894e-05_4.72599196083894e-05
1016,14231,6-6-6-2-1,2.86046881840252e-05_2.86046881840252e-05_2.86046881840252e-05_2.86046881840252e-05_2.86046881840252e-05
1016,14232,184-31-9-2-1,9.94945675966092e-06_9.94945675966092e-06_9.94945675966092e-06_9.94945675966092e-06_9.94945675966092e-06
1016,14233,44-13-6-2-1,3.10920523739404e-06_3.10920523739404e-06_3.10920523739404e-06_3.10920523739404e-06_3.10920523739404e-06
1016,14234,199-19-9-2-1,5.59656942730927e-06_5.59656942730927e-06_5.59656942730927e-06_5.59656942730927e-06_5.59656942730927e-06
1016,14235,26-15-9-2-1,4.35288733235165e-06_4.35288733235165e-06_4.35288733235165e-06_4.35288733235165e-06_4.35288733235165e-06
1016,14236,225-31-9-2-1,8.0839336172245e-06_8.0839336172245e-06_8.0839336172245e-06_8.0839336172245e-06_8.0839336172245e-06
1016,14237,74-31-9-2-1,1.67897082819278e-05_1.67897082819278e-05_1.67897082819278e-05_1.67897082819278e-05_1.67897082819278e-05
1016,14238,118-36-10-1-1,4.97472837983046e-06_4.97472837983046e-06_4.97472837983046e-06_4.97472837983046e-06_4.97472837983046e-06
1016,14239,226-32-10-1-1,1.55460261869702e-05_1.55460261869702e-05_1.55460261869702e-05_1.55460261869702e-05_1.55460261869702e-05
1016,14240,44-13-6-2-1,9.32761571218212e-06_9.32761571218212e-06_9.32761571218212e-06_9.32761571218212e-06_9.32761571218212e-06
1016,14241,55-22-8-1-1,3.10920523739404e-06_3.10920523739404e-06_3.10920523739404e-06_3.10920523739404e-06_3.10920523739404e-06
1016,14242,147-11-4-2-1,1.05712978071397e-05_1.05712978071397e-05_1.05712978071397e-05_1.05712978071397e-05_1.05712978071397e-05
1016,14243,177-7-4-2-1,3.10920523739404e-06_3.10920523739404e-06_3.10920523739404e-06_3.10920523739404e-06_3.10920523739404e-06
1016,14244,172-40-4-2-1,2.79828471365463e-05_2.79828471365463e-05_2.79828471365463e-05_2.79828471365463e-05_2.79828471365463e-05
1016,14245,133-12-8-1-1,1.36805030445338e-05_1.36805030445338e-05_1.36805030445338e-05_1.36805030445338e-05_1.36805030445338e-05
1016,14246,204-35-4-2-1,0.00122875790981812_0.00122875790981812_0.00122875790981812_0.00122875790981812_0.00122875790981812
1016,14248,204-35-4-2-1,1.11931388546185e-05_1.11931388546185e-05_1.11931388546185e-05_1.11931388546185e-05_1.11931388546185e-05
1016,14249,112-14-4-2-1,5.59656942730927e-06_5.59656942730927e-06_5.59656942730927e-06_5.59656942730927e-06_5.59656942730927e-06
1016,14250,166-18-4-2-1,7.58646077924145e-05_7.58646077924145e-05_7.58646077924145e-05_7.58646077924145e-05_7.58646077924145e-05
1016,14251,178-44-12-1-1,1.98989135193218e-05_1.98989135193218e-05_1.98989135193218e-05_1.98989135193218e-05_1.98989135193218e-05
1016,14252,166-18-4-2-1,0.000138048712540295_0.000138048712540295_0.000138048712540295_0.000138048712540295_0.000138048712540295
1016,14254,200-15-9-2-1,2.54954829466311e-05_2.54954829466311e-05_2.54954829466311e-05_2.54954829466311e-05_2.54954829466311e-05
1016,14255,174-15-9-2-1,5.59656942730927e-06_5.59656942730927e-06_5.59656942730927e-06_5.59656942730927e-06_5.59656942730927e-06
1016,14257,125-30-1-1-1,9.94945675966092e-05_9.94945675966092e-05_9.94945675966092e-05_9.94945675966092e-05_9.94945675966092e-05
1016,14258,217-30-1-1-1,3.10920523739404e-05_3.10920523739404e-05_3.10920523739404e-05_3.10920523739404e-05_3.10920523739404e-05
1016,14259,153-18-4-2-1,3.10920523739404e-06_3.10920523739404e-06_3.10920523739404e-06_3.10920523739404e-06_3.10920523739404e-06
1016,14260,166-18-4-2-1,0.000147376328252477_0.000147376328252477_0.000147376328252477_0.000147376328252477_0.000147376328252477
1016,14261,166-18-4-2-1,1.11931388546185e-05_1.11931388546185e-05_1.11931388546185e-05_1.11931388546185e-05_1.11931388546185e-05
1016,14262,167-18-4-2-1,1.3058661997055e-05_1.3058661997055e-05_1.3058661997055e-05_1.3058661997055e-05_1.3058661997055e-05
1016,14263,167-18-4-2-1,3.17138934214192e-05_3.17138934214192e-05_3.17138934214192e-05_3.17138934214192e-05_3.17138934214192e-05
1016,14264,166-18-4-2-1,0.000128099255780634_0.000128099255780634_0.000128099255780634_0.000128099255780634_0.000128099255780634
1016,14265,67-2-2-2-1,0.000177846539578939_0.000177846539578939_0.000177846539578939_0.000177846539578939_0.000177846539578939
1016,14266,175-20-9-2-1,1.80333903768854e-05_1.80333903768854e-05_1.80333903768854e-05_1.80333903768854e-05_1.80333903768854e-05
1016,14267,172-40-4-2-1,3.73104628487285e-06_3.73104628487285e-06_3.73104628487285e-06_3.73104628487285e-06_3.73104628487285e-06
1016,14268,166-18-4-2-1,1.24368209495762e-05_1.24368209495762e-05_1.24368209495762e-05_1.24368209495762e-05_1.24368209495762e-05
1016,14269,68-30-1-1-1,1.24368209495762e-05_1.24368209495762e-05_1.24368209495762e-05_1.24368209495762e-05_1.24368209495762e-05
1016,14270,193-40-4-2-1,4.35288733235165e-06_4.35288733235165e-06_4.35288733235165e-06_4.35288733235165e-06_4.35288733235165e-06
1016,14271,66-29-2-2-1,2.48736418991523e-06_2.48736418991523e-06_2.48736418991523e-06_2.48736418991523e-06_2.48736418991523e-06
1016,14272,213-15-9-2-1,3.73104628487285e-06_3.73104628487285e-06_3.73104628487285e-06_3.73104628487285e-06_3.73104628487285e-06
1016,14273,176-20-9-2-1,5.59656942730927e-05_5.59656942730927e-05_5.59656942730927e-05_5.59656942730927e-05_5.59656942730927e-05
1016,14274,201-17-10-1-1,1.80333903768854e-05_1.80333903768854e-05_1.80333903768854e-05_1.80333903768854e-05_1.80333903768854e-05
1016,14275,185-41-9-2-1,3.73104628487285e-06_3.73104628487285e-06_3.73104628487285e-06_3.73104628487285e-06_3.73104628487285e-06
1016,14276,172-40-4-2-1,6.21841047478808e-06_6.21841047478808e-06_6.21841047478808e-06_6.21841047478808e-06_6.21841047478808e-06
1016,14277,49-22-8-1-1,7.46209256974569e-06_7.46209256974569e-06_7.46209256974569e-06_7.46209256974569e-06_7.46209256974569e-06
1016,14278,120-16-2-2-1,2.17644366617583e-05_2.17644366617583e-05_2.17644366617583e-05_2.17644366617583e-05_2.17644366617583e-05
1016,14280,37-11-4-2-1,4.35288733235165e-06_4.35288733235165e-06_4.35288733235165e-06_4.35288733235165e-06_4.35288733235165e-06
1016,14281,68-30-1-1-1,3.29575755163768e-05_3.29575755163768e-05_3.29575755163768e-05_3.29575755163768e-05_3.29575755163768e-05
1016,14282,226-32-10-1-1,6.84025152226688e-06_6.84025152226688e-06_6.84025152226688e-06_6.84025152226688e-06_6.84025152226688e-06
1016,14283,186-15-9-2-1,1.9277072471843e-05_1.9277072471843e-05_1.9277072471843e-05_1.9277072471843e-05_1.9277072471843e-05
1016,14284,163-43-4-2-1,8.0839336172245e-06_8.0839336172245e-06_8.0839336172245e-06_8.0839336172245e-06_8.0839336172245e-06
1016,14285,40-23-8-1-1,3.73104628487285e-06_3.73104628487285e-06_3.73104628487285e-06_3.73104628487285e-06_3.73104628487285e-06
1016,14286,40-23-8-1-1,6.84025152226688e-06_6.84025152226688e-06_6.84025152226688e-06_6.84025152226688e-06_6.84025152226688e-06
1016,14287,142-42-12-1-1,8.70577466470331e-06_8.70577466470331e-06_8.70577466470331e-06_8.70577466470331e-06_8.70577466470331e-06
1016,14288,74-31-9-2-1,0.000138670553587774_0.000138670553587774_0.000138670553587774_0.000138670553587774_0.000138670553587774
1016,14289,140-42-12-1-1,3.10920523739404e-06_3.10920523739404e-06_3.10920523739404e-06_3.10920523739404e-06_3.10920523739404e-06
1016,14290,188-14-4-2-1,3.10920523739404e-06_3.10920523739404e-06_3.10920523739404e-06_3.10920523739404e-06_3.10920523739404e-06
1016,14291,74-31-9-2-1,4.04196680861225e-05_4.04196680861225e-05_4.04196680861225e-05_4.04196680861225e-05_4.04196680861225e-05
1016,14292,40-23-8-1-1,3.73104628487285e-06_3.73104628487285e-06_3.73104628487285e-06_3.73104628487285e-06_3.73104628487285e-06
1016,14293,103-13-6-2-1,0.000259307716798663_0.000259307716798663_0.000259307716798663_0.000259307716798663_0.000259307716798663
1016,14294,57-7-4-2-1,1.05712978071397e-05_1.05712978071397e-05_1.05712978071397e-05_1.05712978071397e-05_1.05712978071397e-05
1016,14295,8-7-4-2-1,4.97472837983046e-06_4.97472837983046e-06_4.97472837983046e-06_4.97472837983046e-06_4.97472837983046e-06
1016,14296,158-2-2-2-1,3.35794165638556e-05_3.35794165638556e-05_3.35794165638556e-05_3.35794165638556e-05_3.35794165638556e-05
1016,14297,135-41-9-2-1,0.000162922354439448_0.000162922354439448_0.000162922354439448_0.000162922354439448_0.000162922354439448
1016,14298,216-19-9-2-1,9.32761571218212e-06_9.32761571218212e-06_9.32761571218212e-06_9.32761571218212e-06_9.32761571218212e-06
1016,14299,122-16-2-2-1,8.0839336172245e-06_8.0839336172245e-06_8.0839336172245e-06_8.0839336172245e-06_8.0839336172245e-06
1016,14300,180-40-4-2-1,2.73610060890675e-05_2.73610060890675e-05_2.73610060890675e-05_2.73610060890675e-05_2.73610060890675e-05
1016,14302,185-41-9-2-1,2.48736418991523e-06_2.48736418991523e-06_2.48736418991523e-06_2.48736418991523e-06_2.48736418991523e-06
1016,14303,158-2-2-2-1,3.04702113264616e-05_3.04702113264616e-05_3.04702113264616e-05_3.04702113264616e-05_3.04702113264616e-05
1016,14304,57-7-4-2-1,6.84025152226688e-06_6.84025152226688e-06_6.84025152226688e-06_6.84025152226688e-06_6.84025152226688e-06
1016,14305,89-13-6-2-1,1.11931388546185e-05_1.11931388546185e-05_1.11931388546185e-05_1.11931388546185e-05_1.11931388546185e-05
1016,14306,153-18-4-2-1,3.10920523739404e-06_3.10920523739404e-06_3.10920523739404e-06_3.10920523739404e-06_3.10920523739404e-06
1016,14307,86-10-2-2-1,0.000175981016436503_0.000175981016436503_0.000175981016436503_0.000175981016436503_0.000175981016436503
1016,14308,177-7-4-2-1,1.05712978071397e-05_1.05712978071397e-05_1.05712978071397e-05_1.05712978071397e-05_1.05712978071397e-05
1016,14309,161-36-10-1-1,1.36805030445338e-05_1.36805030445338e-05_1.36805030445338e-05_1.36805030445338e-05_1.36805030445338e-05
1016,14310,71-29-2-2-1,0.000112553229593664_0.000112553229593664_0.000112553229593664_0.000112553229593664_0.000112553229593664
1016,14311,71-29-2-2-1,6.21841047478808e-06_6.21841047478808e-06_6.21841047478808e-06_6.21841047478808e-06_6.21841047478808e-06
1016,14312,57-7-4-2-1,3.73104628487285e-06_3.73104628487285e-06_3.73104628487285e-06_3.73104628487285e-06_3.73104628487285e-06
1016,14313,216-19-9-2-1,3.73104628487285e-06_3.73104628487285e-06_3.73104628487285e-06_3.73104628487285e-06_3.73104628487285e-06
1016,14314,11-4-4-2-1,2.48736418991523e-06_2.48736418991523e-06_2.48736418991523e-06_2.48736418991523e-06_2.48736418991523e-06
1016,14315,199-19-9-2-1,5.1612806940741e-05_5.1612806940741e-05_5.1612806940741e-05_5.1612806940741e-05_5.1612806940741e-05
1016,14316,227-41-9-2-1,9.94945675966092e-06_9.94945675966092e-06_9.94945675966092e-06_9.94945675966092e-06_9.94945675966092e-06
1016,14317,8-7-4-2-1,7.46209256974569e-06_7.46209256974569e-06_7.46209256974569e-06_7.46209256974569e-06_7.46209256974569e-06
1016,14318,90-36-10-1-1,0.000201476499383134_0.000201476499383134_0.000201476499383134_0.000201476499383134_0.000201476499383134
1016,14319,176-20-9-2-1,3.42012576113344e-05_3.42012576113344e-05_3.42012576113344e-05_3.42012576113344e-05_3.42012576113344e-05
1016,14320,17-11-4-2-1,1.24368209495762e-05_1.24368209495762e-05_1.24368209495762e-05_1.24368209495762e-05_1.24368209495762e-05
1016,14322,128-7-4-2-1,8.0839336172245e-06_8.0839336172245e-06_8.0839336172245e-06_8.0839336172245e-06_8.0839336172245e-06
1016,14323,228-17-10-1-1,4.35288733235165e-06_4.35288733235165e-06_4.35288733235165e-06_4.35288733235165e-06_4.35288733235165e-06
1016,14324,79-32-10-1-1,4.29070322760377e-05_4.29070322760377e-05_4.29070322760377e-05_4.29070322760377e-05_4.29070322760377e-05
1016,14326,35-20-9-2-1,4.16633501810801e-05_4.16633501810801e-05_4.16633501810801e-05_4.16633501810801e-05_4.16633501810801e-05
1016,14327,199-19-9-2-1,1.67897082819278e-05_1.67897082819278e-05_1.67897082819278e-05_1.67897082819278e-05_1.67897082819278e-05
1016,14328,194-31-9-2-1,7.46209256974569e-06_7.46209256974569e-06_7.46209256974569e-06_7.46209256974569e-06_7.46209256974569e-06
1016,14329,34-19-9-2-1,4.97472837983046e-06_4.97472837983046e-06_4.97472837983046e-06_4.97472837983046e-06_4.97472837983046e-06
1016,14330,225-31-9-2-1,1.43023440920126e-05_1.43023440920126e-05_1.43023440920126e-05_1.43023440920126e-05_1.43023440920126e-05
1016,14331,79-32-10-1-1,8.70577466470331e-06_8.70577466470331e-06_8.70577466470331e-06_8.70577466470331e-06_8.70577466470331e-06
1016,14332,112-14-4-2-1,3.10920523739404e-06_3.10920523739404e-06_3.10920523739404e-06_3.10920523739404e-06_3.10920523739404e-06
1016,14333,122-16-2-2-1,1.05712978071397e-05_1.05712978071397e-05_1.05712978071397e-05_1.05712978071397e-05_1.05712978071397e-05
1016,14334,185-41-9-2-1,3.73104628487285e-06_3.73104628487285e-06_3.73104628487285e-06_3.73104628487285e-06_3.73104628487285e-06
1016,14335,142-42-12-1-1,6.21841047478808e-06_6.21841047478808e-06_6.21841047478808e-06_6.21841047478808e-06_6.21841047478808e-06
1016,14336,126-29-2-2-1,6.84025152226688e-06_6.84025152226688e-06_6.84025152226688e-06_6.84025152226688e-06_6.84025152226688e-06
1016,14337,23-10-2-2-1,1.55460261869702e-05_1.55460261869702e-05_1.55460261869702e-05_1.55460261869702e-05_1.55460261869702e-05
1016,14338,199-19-9-2-1,9.32761571218212e-06_9.32761571218212e-06_9.32761571218212e-06_9.32761571218212e-06_9.32761571218212e-06
1016,14339,7-4-4-2-1,4.97472837983046e-06_4.97472837983046e-06_4.97472837983046e-06_4.97472837983046e-06_4.97472837983046e-06
1016,14340,5-5-5-1-1,9.32761571218212e-06_9.32761571218212e-06_9.32761571218212e-06_9.32761571218212e-06_9.32761571218212e-06
1016,14341,147-11-4-2-1,4.35288733235165e-06_4.35288733235165e-06_4.35288733235165e-06_4.35288733235165e-06_4.35288733235165e-06
1016,14342,66-29-2-2-1,6.21841047478808e-06_6.21841047478808e-06_6.21841047478808e-06_6.21841047478808e-06_6.21841047478808e-06
1016,14343,10-3-3-1-1,2.17644366617583e-05_2.17644366617583e-05_2.17644366617583e-05_2.17644366617583e-05_2.17644366617583e-05
1016,14344,112-14-4-2-1,5.59656942730927e-06_5.59656942730927e-06_5.59656942730927e-06_5.59656942730927e-06_5.59656942730927e-06
1016,14345,53-21-4-2-1,0.000257442193656226_0.000257442193656226_0.000257442193656226_0.000257442193656226_0.000257442193656226
1016,14346,53-21-4-2-1,7.64864488398933e-05_7.64864488398933e-05_7.64864488398933e-05_7.64864488398933e-05_7.64864488398933e-05
1016,14347,5-5-5-1-1,0.000221375412902456_0.000221375412902456_0.000221375412902456_0.000221375412902456_0.000221375412902456
1016,14348,127-30-1-1-1,6.21841047478808e-06_6.21841047478808e-06_6.21841047478808e-06_6.21841047478808e-06_6.21841047478808e-06
1016,14349,220-22-8-1-1,1.18149799020973e-05_1.18149799020973e-05_1.18149799020973e-05_1.18149799020973e-05_1.18149799020973e-05
1016,14350,148-29-2-2-1,8.70577466470331e-06_8.70577466470331e-06_8.70577466470331e-06_8.70577466470331e-06_8.70577466470331e-06
1016,14351,18-12-8-1-1,3.10920523739404e-06_3.10920523739404e-06_3.10920523739404e-06_3.10920523739404e-06_3.10920523739404e-06
1016,14352,55-22-8-1-1,6.84025152226688e-06_6.84025152226688e-06_6.84025152226688e-06_6.84025152226688e-06_6.84025152226688e-06
1016,14353,44-13-6-2-1,1.43023440920126e-05_1.43023440920126e-05_1.43023440920126e-05_1.43023440920126e-05_1.43023440920126e-05
1016,14354,91-33-5-1-1,1.18149799020973e-05_1.18149799020973e-05_1.18149799020973e-05_1.18149799020973e-05_1.18149799020973e-05
1016,14355,34-19-9-2-1,1.67897082819278e-05_1.67897082819278e-05_1.67897082819278e-05_1.67897082819278e-05_1.67897082819278e-05
1016,14356,119-6-6-2-1,8.0839336172245e-05_8.0839336172245e-05_8.0839336172245e-05_8.0839336172245e-05_8.0839336172245e-05
1016,14357,13-6-6-2-1,0.00029226529231504_0.00029226529231504_0.00029226529231504_0.00029226529231504_0.00029226529231504
1016,14358,183-23-8-1-1,1.67897082819278e-05_1.67897082819278e-05_1.67897082819278e-05_1.67897082819278e-05_1.67897082819278e-05
1016,14359,40-23-8-1-1,6.21841047478808e-06_6.21841047478808e-06_6.21841047478808e-06_6.21841047478808e-06_6.21841047478808e-06
1016,14360,43-9-7-1-1,0.0020949824889561_0.0020949824889561_0.0020949824889561_0.0020949824889561_0.0020949824889561
1016,14361,166-18-4-2-1,3.10920523739404e-06_3.10920523739404e-06_3.10920523739404e-06_3.10920523739404e-06_3.10920523739404e-06
1016,14362,11-4-4-2-1,2.17644366617583e-05_2.17644366617583e-05_2.17644366617583e-05_2.17644366617583e-05_2.17644366617583e-05
1016,14363,11-4-4-2-1,2.54954829466311e-05_2.54954829466311e-05_2.54954829466311e-05_2.54954829466311e-05_2.54954829466311e-05
1016,14364,11-4-4-2-1,3.10920523739404e-06_3.10920523739404e-06_3.10920523739404e-06_3.10920523739404e-06_3.10920523739404e-06
1016,14365,172-40-4-2-1,4.35288733235165e-06_4.35288733235165e-06_4.35288733235165e-06_4.35288733235165e-06_4.35288733235165e-06
1016,14366,159-4-4-2-1,4.29070322760377e-05_4.29070322760377e-05_4.29070322760377e-05_4.29070322760377e-05_4.29070322760377e-05
1016,14367,134-29-2-2-1,1.05712978071397e-05_1.05712978071397e-05_1.05712978071397e-05_1.05712978071397e-05_1.05712978071397e-05
1016,14368,107-6-6-2-1,0.000268013491463366_0.000268013491463366_0.000268013491463366_0.000268013491463366_0.000268013491463366
1016,14369,225-31-9-2-1,6.03185816054443e-05_6.03185816054443e-05_6.03185816054443e-05_6.03185816054443e-05_6.03185816054443e-05
1016,14370,131-13-6-2-1,4.29070322760377e-05_4.29070322760377e-05_4.29070322760377e-05_4.29070322760377e-05_4.29070322760377e-05
1016,14371,47-22-8-1-1,1.6167867234449e-05_1.6167867234449e-05_1.6167867234449e-05_1.6167867234449e-05_1.6167867234449e-05
1016,14372,47-22-8-1-1,2.30081187567159e-05_2.30081187567159e-05_2.30081187567159e-05_2.30081187567159e-05_2.30081187567159e-05
1016,14373,153-18-4-2-1,4.35288733235165e-06_4.35288733235165e-06_4.35288733235165e-06_4.35288733235165e-06_4.35288733235165e-06
1016,14374,73-24-7-1-1,0.000711386158315756_0.000711386158315756_0.000711386158315756_0.000711386158315756_0.000711386158315756
1016,14375,55-22-8-1-1,7.46209256974569e-06_7.46209256974569e-06_7.46209256974569e-06_7.46209256974569e-06_7.46209256974569e-06
1016,14376,11-4-4-2-1,3.73104628487285e-06_3.73104628487285e-06_3.73104628487285e-06_3.73104628487285e-06_3.73104628487285e-06
1016,14377,4-4-4-2-1,3.73104628487285e-06_3.73104628487285e-06_3.73104628487285e-06_3.73104628487285e-06_3.73104628487285e-06
1016,14378,159-4-4-2-1,1.18149799020973e-05_1.18149799020973e-05_1.18149799020973e-05_1.18149799020973e-05_1.18149799020973e-05
1016,14379,159-4-4-2-1,2.17644366617583e-05_2.17644366617583e-05_2.17644366617583e-05_2.17644366617583e-05_2.17644366617583e-05
1016,14380,101-9-7-1-1,0.00049560731484061_0.00049560731484061_0.00049560731484061_0.00049560731484061_0.00049560731484061
1016,14381,142-42-12-1-1,6.21841047478808e-06_6.21841047478808e-06_6.21841047478808e-06_6.21841047478808e-06_6.21841047478808e-06
1016,14382,199-19-9-2-1,3.91759859911649e-05_3.91759859911649e-05_3.91759859911649e-05_3.91759859911649e-05_3.91759859911649e-05
1016,14383,216-19-9-2-1,2.48736418991523e-05_2.48736418991523e-05_2.48736418991523e-05_2.48736418991523e-05_2.48736418991523e-05
1016,14384,216-19-9-2-1,1.36805030445338e-05_1.36805030445338e-05_1.36805030445338e-05_1.36805030445338e-05_1.36805030445338e-05
1016,14385,42-13-6-2-1,0.000208938591952879_0.000208938591952879_0.000208938591952879_0.000208938591952879_0.000208938591952879
1016,14386,42-13-6-2-1,0.000190283360528515_0.000190283360528515_0.000190283360528515_0.000190283360528515_0.000190283360528515
1016,14387,138-23-8-1-1,2.54954829466311e-05_2.54954829466311e-05_2.54954829466311e-05_2.54954829466311e-05_2.54954829466311e-05
1016,14388,118-36-10-1-1,5.22346479882198e-05_5.22346479882198e-05_5.22346479882198e-05_5.22346479882198e-05_5.22346479882198e-05
1016,14389,122-16-2-2-1,8.0839336172245e-06_8.0839336172245e-06_8.0839336172245e-06_8.0839336172245e-06_8.0839336172245e-06
1016,14390,213-15-9-2-1,1.36805030445338e-05_1.36805030445338e-05_1.36805030445338e-05_1.36805030445338e-05_1.36805030445338e-05
1016,14391,153-18-4-2-1,8.70577466470331e-06_8.70577466470331e-06_8.70577466470331e-06_8.70577466470331e-06_8.70577466470331e-06
1016,14392,153-18-4-2-1,4.97472837983046e-06_4.97472837983046e-06_4.97472837983046e-06_4.97472837983046e-06_4.97472837983046e-06
1016,14393,135-41-9-2-1,4.41507143709953e-05_4.41507143709953e-05_4.41507143709953e-05_4.41507143709953e-05_4.41507143709953e-05
1016,14394,163-43-4-2-1,4.35288733235165e-06_4.35288733235165e-06_4.35288733235165e-06_4.35288733235165e-06_4.35288733235165e-06
1016,14395,128-7-4-2-1,6.21841047478808e-06_6.21841047478808e-06_6.21841047478808e-06_6.21841047478808e-06_6.21841047478808e-06
1016,14396,97-26-4-2-1,0.000112553229593664_0.000112553229593664_0.000112553229593664_0.000112553229593664_0.000112553229593664
1016,14397,218-7-4-2-1,1.18149799020973e-05_1.18149799020973e-05_1.18149799020973e-05_1.18149799020973e-05_1.18149799020973e-05
1016,14398,160-30-1-1-1,3.10920523739404e-06_3.10920523739404e-06_3.10920523739404e-06_3.10920523739404e-06_3.10920523739404e-06
1016,14399,112-14-4-2-1,1.24368209495762e-05_1.24368209495762e-05_1.24368209495762e-05_1.24368209495762e-05_1.24368209495762e-05
1016,14400,7-4-4-2-1,3.10920523739404e-06_3.10920523739404e-06_3.10920523739404e-06_3.10920523739404e-06_3.10920523739404e-06
1016,14401,216-19-9-2-1,3.10920523739404e-06_3.10920523739404e-06_3.10920523739404e-06_3.10920523739404e-06_3.10920523739404e-06
1016,14402,205-12-8-1-1,4.35288733235165e-06_4.35288733235165e-06_4.35288733235165e-06_4.35288733235165e-06_4.35288733235165e-06
1016,14403,161-36-10-1-1,2.98483702789828e-05_2.98483702789828e-05_2.98483702789828e-05_2.98483702789828e-05_2.98483702789828e-05
1016,14404,218-7-4-2-1,1.86552314243642e-05_1.86552314243642e-05_1.86552314243642e-05_1.86552314243642e-05_1.86552314243642e-05
1016,14405,140-42-12-1-1,7.46209256974569e-06_7.46209256974569e-06_7.46209256974569e-06_7.46209256974569e-06_7.46209256974569e-06
1016,14406,189-12-8-1-1,0.000338281529828471_0.000338281529828471_0.000338281529828471_0.000338281529828471_0.000338281529828471
1016,14407,118-36-10-1-1,3.73104628487285e-06_3.73104628487285e-06_3.73104628487285e-06_3.73104628487285e-06_3.73104628487285e-06
1016,14409,35-20-9-2-1,2.73610060890675e-05_2.73610060890675e-05_2.73610060890675e-05_2.73610060890675e-05_2.73610060890675e-05
1016,14410,57-7-4-2-1,2.79828471365463e-05_2.79828471365463e-05_2.79828471365463e-05_2.79828471365463e-05_2.79828471365463e-05
1016,14411,185-41-9-2-1,6.21841047478808e-06_6.21841047478808e-06_6.21841047478808e-06_6.21841047478808e-06_6.21841047478808e-06
1016,14413,91-33-5-1-1,7.46209256974569e-06_7.46209256974569e-06_7.46209256974569e-06_7.46209256974569e-06_7.46209256974569e-06
1016,14414,191-37-4-2-1,9.32761571218212e-06_9.32761571218212e-06_9.32761571218212e-06_9.32761571218212e-06_9.32761571218212e-06
1016,14415,130-12-8-1-1,6.84025152226688e-06_6.84025152226688e-06_6.84025152226688e-06_6.84025152226688e-06_6.84025152226688e-06
1016,14416,34-19-9-2-1,3.73104628487285e-06_3.73104628487285e-06_3.73104628487285e-06_3.73104628487285e-06_3.73104628487285e-06
1016,14417,209-35-4-2-1,2.23862777092371e-05_2.23862777092371e-05_2.23862777092371e-05_2.23862777092371e-05_2.23862777092371e-05
1016,14418,133-12-8-1-1,2.48736418991523e-06_2.48736418991523e-06_2.48736418991523e-06_2.48736418991523e-06_2.48736418991523e-06
1016,14419,174-15-9-2-1,8.70577466470331e-06_8.70577466470331e-06_8.70577466470331e-06_8.70577466470331e-06_8.70577466470331e-06
1016,14420,76-4-4-2-1,3.73104628487285e-06_3.73104628487285e-06_3.73104628487285e-06_3.73104628487285e-06_3.73104628487285e-06
1016,14421,76-4-4-2-1,2.48736418991523e-05_2.48736418991523e-05_2.48736418991523e-05_2.48736418991523e-05_2.48736418991523e-05
1016,14422,57-7-4-2-1,4.35288733235165e-05_4.35288733235165e-05_4.35288733235165e-05_4.35288733235165e-05_4.35288733235165e-05
1016,14423,39-22-8-1-1,4.60162375134318e-05_4.60162375134318e-05_4.60162375134318e-05_4.60162375134318e-05_4.60162375134318e-05
1016,14424,51-22-8-1-1,6.96461973176265e-05_6.96461973176265e-05_6.96461973176265e-05_6.96461973176265e-05_6.96461973176265e-05
1016,14425,8-7-4-2-1,3.73104628487285e-06_3.73104628487285e-06_3.73104628487285e-06_3.73104628487285e-06_3.73104628487285e-06
1016,14426,103-13-6-2-1,4.10415091336013e-05_4.10415091336013e-05_4.10415091336013e-05_4.10415091336013e-05_4.10415091336013e-05
1016,14427,119-6-6-2-1,0.000189039678433558_0.000189039678433558_0.000189039678433558_0.000189039678433558_0.000189039678433558
1016,14428,185-41-9-2-1,3.73104628487285e-06_3.73104628487285e-06_3.73104628487285e-06_3.73104628487285e-06_3.73104628487285e-06
1016,14429,76-4-4-2-1,3.10920523739404e-05_3.10920523739404e-05_3.10920523739404e-05_3.10920523739404e-05_3.10920523739404e-05
1016,14430,76-4-4-2-1,2.17644366617583e-05_2.17644366617583e-05_2.17644366617583e-05_2.17644366617583e-05_2.17644366617583e-05
1016,14431,76-4-4-2-1,1.55460261869702e-05_1.55460261869702e-05_1.55460261869702e-05_1.55460261869702e-05_1.55460261869702e-05
1016,14432,161-36-10-1-1,3.73104628487285e-06_3.73104628487285e-06_3.73104628487285e-06_3.73104628487285e-06_3.73104628487285e-06
1016,14433,153-18-4-2-1,4.97472837983046e-06_4.97472837983046e-06_4.97472837983046e-06_4.97472837983046e-06_4.97472837983046e-06
1016,14434,178-44-12-1-1,7.46209256974569e-06_7.46209256974569e-06_7.46209256974569e-06_7.46209256974569e-06_7.46209256974569e-06
1016,14435,172-40-4-2-1,4.35288733235165e-06_4.35288733235165e-06_4.35288733235165e-06_4.35288733235165e-06_4.35288733235165e-06
1016,14436,185-41-9-2-1,4.35288733235165e-06_4.35288733235165e-06_4.35288733235165e-06_4.35288733235165e-06_4.35288733235165e-06
1016,14437,68-30-1-1-1,3.5444939706292e-05_3.5444939706292e-05_3.5444939706292e-05_3.5444939706292e-05_3.5444939706292e-05
1016,14438,44-13-6-2-1,4.35288733235165e-06_4.35288733235165e-06_4.35288733235165e-06_4.35288733235165e-06_4.35288733235165e-06
1016,14439,185-41-9-2-1,3.73104628487285e-06_3.73104628487285e-06_3.73104628487285e-06_3.73104628487285e-06_3.73104628487285e-06
1016,14440,167-18-4-2-1,3.10920523739404e-06_3.10920523739404e-06_3.10920523739404e-06_3.10920523739404e-06_3.10920523739404e-06
1016,14441,163-43-4-2-1,1.55460261869702e-05_1.55460261869702e-05_1.55460261869702e-05_1.55460261869702e-05_1.55460261869702e-05
1016,14442,63-27-8-1-1,8.70577466470331e-06_8.70577466470331e-06_8.70577466470331e-06_8.70577466470331e-06_8.70577466470331e-06
1016,14443,37-11-4-2-1,6.21841047478808e-06_6.21841047478808e-06_6.21841047478808e-06_6.21841047478808e-06_6.21841047478808e-06
1016,14444,199-19-9-2-1,4.35288733235165e-06_4.35288733235165e-06_4.35288733235165e-06_4.35288733235165e-06_4.35288733235165e-06
1016,14445,74-31-9-2-1,4.35288733235165e-06_4.35288733235165e-06_4.35288733235165e-06_4.35288733235165e-06_4.35288733235165e-06
1016,14446,142-42-12-1-1,1.55460261869702e-05_1.55460261869702e-05_1.55460261869702e-05_1.55460261869702e-05_1.55460261869702e-05
1016,14447,227-41-9-2-1,4.97472837983046e-06_4.97472837983046e-06_4.97472837983046e-06_4.97472837983046e-06_4.97472837983046e-06
1016,14448,227-41-9-2-1,6.84025152226688e-06_6.84025152226688e-06_6.84025152226688e-06_6.84025152226688e-06_6.84025152226688e-06
1016,14449,45-5-5-1-1,9.94945675966092e-06_9.94945675966092e-06_9.94945675966092e-06_9.94945675966092e-06_9.94945675966092e-06
1016,14450,84-2-2-2-1,0.00019277072471843_0.00019277072471843_0.00019277072471843_0.00019277072471843_0.00019277072471843
1016,14451,227-41-9-2-1,3.10920523739404e-06_3.10920523739404e-06_3.10920523739404e-06_3.10920523739404e-06_3.10920523739404e-06
1016,14452,227-41-9-2-1,5.59656942730927e-06_5.59656942730927e-06_5.59656942730927e-06_5.59656942730927e-06_5.59656942730927e-06
1016,14453,45-5-5-1-1,8.70577466470331e-06_8.70577466470331e-06_8.70577466470331e-06_8.70577466470331e-06_8.70577466470331e-06
1016,14454,45-5-5-1-1,4.29070322760377e-05_4.29070322760377e-05_4.29070322760377e-05_4.29070322760377e-05_4.29070322760377e-05
1016,14455,112-14-4-2-1,3.10920523739404e-06_3.10920523739404e-06_3.10920523739404e-06_3.10920523739404e-06_3.10920523739404e-06
1016,14456,214-26-4-2-1,6.21841047478808e-06_6.21841047478808e-06_6.21841047478808e-06_6.21841047478808e-06_6.21841047478808e-06
1016,14457,177-7-4-2-1,1.05712978071397e-05_1.05712978071397e-05_1.05712978071397e-05_1.05712978071397e-05_1.05712978071397e-05
1016,14458,44-13-6-2-1,1.86552314243642e-05_1.86552314243642e-05_1.86552314243642e-05_1.86552314243642e-05_1.86552314243642e-05
1016,14459,225-31-9-2-1,9.94945675966092e-06_9.94945675966092e-06_9.94945675966092e-06_9.94945675966092e-06_9.94945675966092e-06
1016,14460,8-7-4-2-1,6.84025152226688e-06_6.84025152226688e-06_6.84025152226688e-06_6.84025152226688e-06_6.84025152226688e-06
1016,14461,8-7-4-2-1,3.73104628487285e-06_3.73104628487285e-06_3.73104628487285e-06_3.73104628487285e-06_3.73104628487285e-06
1016,14462,194-31-9-2-1,6.21841047478808e-06_6.21841047478808e-06_6.21841047478808e-06_6.21841047478808e-06_6.21841047478808e-06
1016,14463,142-42-12-1-1,6.21841047478808e-06_6.21841047478808e-06_6.21841047478808e-06_6.21841047478808e-06_6.21841047478808e-06
1016,14464,166-18-4-2-1,4.97472837983046e-06_4.97472837983046e-06_4.97472837983046e-06_4.97472837983046e-06_4.97472837983046e-06
1016,14465,133-12-8-1-1,9.94945675966092e-06_9.94945675966092e-06_9.94945675966092e-06_9.94945675966092e-06_9.94945675966092e-06
1016,14466,171-18-4-2-1,1.36805030445338e-05_1.36805030445338e-05_1.36805030445338e-05_1.36805030445338e-05_1.36805030445338e-05
1016,14467,202-37-4-2-1,4.35288733235165e-06_4.35288733235165e-06_4.35288733235165e-06_4.35288733235165e-06_4.35288733235165e-06
1016,14468,175-20-9-2-1,1.3058661997055e-05_1.3058661997055e-05_1.3058661997055e-05_1.3058661997055e-05_1.3058661997055e-05
1016,14469,175-20-9-2-1,3.73104628487285e-06_3.73104628487285e-06_3.73104628487285e-06_3.73104628487285e-06_3.73104628487285e-06
1016,14470,209-35-4-2-1,5.59656942730927e-06_5.59656942730927e-06_5.59656942730927e-06_5.59656942730927e-06_5.59656942730927e-06
1016,14471,66-29-2-2-1,8.0839336172245e-06_8.0839336172245e-06_8.0839336172245e-06_8.0839336172245e-06_8.0839336172245e-06
1016,14472,191-37-4-2-1,1.11931388546185e-05_1.11931388546185e-05_1.11931388546185e-05_1.11931388546185e-05_1.11931388546185e-05
1016,14473,167-18-4-2-1,4.35288733235165e-06_4.35288733235165e-06_4.35288733235165e-06_4.35288733235165e-06_4.35288733235165e-06
1016,14474,25-10-2-2-1,8.70577466470331e-06_8.70577466470331e-06_8.70577466470331e-06_8.70577466470331e-06_8.70577466470331e-06
1016,14475,83-33-5-1-1,1.24368209495762e-05_1.24368209495762e-05_1.24368209495762e-05_1.24368209495762e-05_1.24368209495762e-05
1016,14476,16-10-2-2-1,0.000399221952481395_0.000399221952481395_0.000399221952481395_0.000399221952481395_0.000399221952481395
1016,14477,194-31-9-2-1,5.28564890356987e-05_5.28564890356987e-05_5.28564890356987e-05_5.28564890356987e-05_5.28564890356987e-05
1016,14478,16-10-2-2-1,0.000664748079754845_0.000664748079754845_0.000664748079754845_0.000664748079754845_0.000664748079754845
1016,14479,10-3-3-1-1,7.21335615075417e-05_7.21335615075417e-05_7.21335615075417e-05_7.21335615075417e-05_7.21335615075417e-05
1016,14480,51-22-8-1-1,3.48230986588132e-05_3.48230986588132e-05_3.48230986588132e-05_3.48230986588132e-05_3.48230986588132e-05
1016,14481,226-32-10-1-1,1.11931388546185e-05_1.11931388546185e-05_1.11931388546185e-05_1.11931388546185e-05_1.11931388546185e-05
1016,14482,16-10-2-2-1,0.000100116408644088_0.000100116408644088_0.000100116408644088_0.000100116408644088_0.000100116408644088
1016,14483,116-36-10-1-1,6.21841047478808e-06_6.21841047478808e-06_6.21841047478808e-06_6.21841047478808e-06_6.21841047478808e-06
1016,14485,166-18-4-2-1,2.42518008516735e-05_2.42518008516735e-05_2.42518008516735e-05_2.42518008516735e-05_2.42518008516735e-05
1016,14486,89-13-6-2-1,5.09909658932622e-05_5.09909658932622e-05_5.09909658932622e-05_5.09909658932622e-05_5.09909658932622e-05
1016,14487,142-42-12-1-1,4.97472837983046e-06_4.97472837983046e-06_4.97472837983046e-06_4.97472837983046e-06_4.97472837983046e-06
1016,14488,147-11-4-2-1,8.0839336172245e-06_8.0839336172245e-06_8.0839336172245e-06_8.0839336172245e-06_8.0839336172245e-06
1016,14489,140-42-12-1-1,3.10920523739404e-06_3.10920523739404e-06_3.10920523739404e-06_3.10920523739404e-06_3.10920523739404e-06
1016,14490,128-7-4-2-1,3.10920523739404e-06_3.10920523739404e-06_3.10920523739404e-06_3.10920523739404e-06_3.10920523739404e-06
1016,14491,138-23-8-1-1,4.35288733235165e-06_4.35288733235165e-06_4.35288733235165e-06_4.35288733235165e-06_4.35288733235165e-06
1016,14492,66-29-2-2-1,8.64359055995543e-05_8.64359055995543e-05_8.64359055995543e-05_8.64359055995543e-05_8.64359055995543e-05
1016,14493,134-29-2-2-1,6.21841047478808e-06_6.21841047478808e-06_6.21841047478808e-06_6.21841047478808e-06_6.21841047478808e-06
1016,14494,29-17-10-1-1,3.42012576113344e-05_3.42012576113344e-05_3.42012576113344e-05_3.42012576113344e-05_3.42012576113344e-05
1016,14495,35-20-9-2-1,4.35288733235165e-06_4.35288733235165e-06_4.35288733235165e-06_4.35288733235165e-06_4.35288733235165e-06
1016,14496,121-39-11-1-1,1.36805030445338e-05_1.36805030445338e-05_1.36805030445338e-05_1.36805030445338e-05_1.36805030445338e-05
1016,14497,166-18-4-2-1,7.46209256974569e-06_7.46209256974569e-06_7.46209256974569e-06_7.46209256974569e-06_7.46209256974569e-06
1016,14498,140-42-12-1-1,5.59656942730927e-06_5.59656942730927e-06_5.59656942730927e-06_5.59656942730927e-06_5.59656942730927e-06
1016,14499,133-12-8-1-1,8.0839336172245e-06_8.0839336172245e-06_8.0839336172245e-06_8.0839336172245e-06_8.0839336172245e-06
1016,14500,209-35-4-2-1,3.85541449436861e-05_3.85541449436861e-05_3.85541449436861e-05_3.85541449436861e-05_3.85541449436861e-05
1016,14501,123-41-9-2-1,5.03691248457834e-05_5.03691248457834e-05_5.03691248457834e-05_5.03691248457834e-05_5.03691248457834e-05
1016,14503,185-41-9-2-1,3.10920523739404e-06_3.10920523739404e-06_3.10920523739404e-06_3.10920523739404e-06_3.10920523739404e-06
1016,14504,18-12-8-1-1,1.86552314243642e-06_1.86552314243642e-06_1.86552314243642e-06_1.86552314243642e-06_1.86552314243642e-06
1016,14505,51-22-8-1-1,1.98989135193218e-05_1.98989135193218e-05_1.98989135193218e-05_1.98989135193218e-05_1.98989135193218e-05
1016,14506,133-12-8-1-1,2.17644366617583e-05_2.17644366617583e-05_2.17644366617583e-05_2.17644366617583e-05_2.17644366617583e-05
1016,14507,51-22-8-1-1,2.23862777092371e-05_2.23862777092371e-05_2.23862777092371e-05_2.23862777092371e-05_2.23862777092371e-05
1016,14508,51-22-8-1-1,6.21841047478808e-06_6.21841047478808e-06_6.21841047478808e-06_6.21841047478808e-06_6.21841047478808e-06
1016,14509,171-18-4-2-1,9.26543160743423e-05_9.26543160743423e-05_9.26543160743423e-05_9.26543160743423e-05_9.26543160743423e-05
1016,14510,13-6-6-2-1,9.51416802642576e-05_9.51416802642576e-05_9.51416802642576e-05_9.51416802642576e-05_9.51416802642576e-05
1016,14511,186-15-9-2-1,3.73104628487285e-06_3.73104628487285e-06_3.73104628487285e-06_3.73104628487285e-06_3.73104628487285e-06
1016,14512,159-4-4-2-1,4.5394396465953e-05_4.5394396465953e-05_4.5394396465953e-05_4.5394396465953e-05_4.5394396465953e-05
1016,14513,151-19-9-2-1,5.59656942730927e-06_5.59656942730927e-06_5.59656942730927e-06_5.59656942730927e-06_5.59656942730927e-06
1016,14514,49-22-8-1-1,6.21841047478808e-06_6.21841047478808e-06_6.21841047478808e-06_6.21841047478808e-06_6.21841047478808e-06
1016,14515,47-22-8-1-1,5.59656942730927e-06_5.59656942730927e-06_5.59656942730927e-06_5.59656942730927e-06_5.59656942730927e-06
1016,14516,29-17-10-1-1,1.05712978071397e-05_1.05712978071397e-05_1.05712978071397e-05_1.05712978071397e-05_1.05712978071397e-05
1016,14517,184-31-9-2-1,4.35288733235165e-06_4.35288733235165e-06_4.35288733235165e-06_4.35288733235165e-06_4.35288733235165e-06
1016,14518,161-36-10-1-1,3.73104628487285e-06_3.73104628487285e-06_3.73104628487285e-06_3.73104628487285e-06_3.73104628487285e-06
1016,14519,4-4-4-2-1,1.36805030445338e-05_1.36805030445338e-05_1.36805030445338e-05_1.36805030445338e-05_1.36805030445338e-05
1016,14520,4-4-4-2-1,2.30081187567159e-05_2.30081187567159e-05_2.30081187567159e-05_2.30081187567159e-05_2.30081187567159e-05
1016,14521,4-4-4-2-1,7.46209256974569e-06_7.46209256974569e-06_7.46209256974569e-06_7.46209256974569e-06_7.46209256974569e-06
1016,14522,76-4-4-2-1,5.78312174155291e-05_5.78312174155291e-05_5.78312174155291e-05_5.78312174155291e-05_5.78312174155291e-05
1016,14523,159-4-4-2-1,1.67897082819278e-05_1.67897082819278e-05_1.67897082819278e-05_1.67897082819278e-05_1.67897082819278e-05
1016,14524,71-29-2-2-1,5.03691248457834e-05_5.03691248457834e-05_5.03691248457834e-05_5.03691248457834e-05_5.03691248457834e-05
1016,14525,128-7-4-2-1,3.73104628487285e-06_3.73104628487285e-06_3.73104628487285e-06_3.73104628487285e-06_3.73104628487285e-06
1016,14526,55-22-8-1-1,1.36805030445338e-05_1.36805030445338e-05_1.36805030445338e-05_1.36805030445338e-05_1.36805030445338e-05
1016,14527,163-43-4-2-1,3.73104628487285e-06_3.73104628487285e-06_3.73104628487285e-06_3.73104628487285e-06_3.73104628487285e-06
1016,14528,140-42-12-1-1,1.74115493294066e-05_1.74115493294066e-05_1.74115493294066e-05_1.74115493294066e-05_1.74115493294066e-05
1016,14529,57-7-4-2-1,1.05712978071397e-05_1.05712978071397e-05_1.05712978071397e-05_1.05712978071397e-05_1.05712978071397e-05
1016,14530,8-7-4-2-1,5.59656942730927e-06_5.59656942730927e-06_5.59656942730927e-06_5.59656942730927e-06_5.59656942730927e-06
1016,14531,167-18-4-2-1,9.32761571218212e-06_9.32761571218212e-06_9.32761571218212e-06_9.32761571218212e-06_9.32761571218212e-06
1016,14532,35-20-9-2-1,3.73104628487285e-06_3.73104628487285e-06_3.73104628487285e-06_3.73104628487285e-06_3.73104628487285e-06
1016,14533,8-7-4-2-1,3.73104628487285e-06_3.73104628487285e-06_3.73104628487285e-06_3.73104628487285e-06_3.73104628487285e-06
1016,14534,66-29-2-2-1,2.05207545668007e-05_2.05207545668007e-05_2.05207545668007e-05_2.05207545668007e-05_2.05207545668007e-05
1016,14535,185-41-9-2-1,9.32761571218212e-06_9.32761571218212e-06_9.32761571218212e-06_9.32761571218212e-06_9.32761571218212e-06
1016,14536,66-29-2-2-1,9.20324750268635e-05_9.20324750268635e-05_9.20324750268635e-05_9.20324750268635e-05_9.20324750268635e-05
1016,14537,6-6-6-2-1,1.43023440920126e-05_1.43023440920126e-05_1.43023440920126e-05_1.43023440920126e-05_1.43023440920126e-05
1016,14538,178-44-12-1-1,1.74115493294066e-05_1.74115493294066e-05_1.74115493294066e-05_1.74115493294066e-05_1.74115493294066e-05
1016,14539,58-13-6-2-1,0.000101360090739046_0.000101360090739046_0.000101360090739046_0.000101360090739046_0.000101360090739046
1016,14540,44-13-6-2-1,8.0839336172245e-06_8.0839336172245e-06_8.0839336172245e-06_8.0839336172245e-06_8.0839336172245e-06
1016,14541,196-14-4-2-1,3.73104628487285e-06_3.73104628487285e-06_3.73104628487285e-06_3.73104628487285e-06_3.73104628487285e-06
1016,14542,47-22-8-1-1,1.18149799020973e-05_1.18149799020973e-05_1.18149799020973e-05_1.18149799020973e-05_1.18149799020973e-05
1016,14543,47-22-8-1-1,1.24368209495762e-05_1.24368209495762e-05_1.24368209495762e-05_1.24368209495762e-05_1.24368209495762e-05
1016,14544,68-30-1-1-1,5.47220121781351e-05_5.47220121781351e-05_5.47220121781351e-05_5.47220121781351e-05_5.47220121781351e-05
1016,14545,185-41-9-2-1,3.10920523739404e-06_3.10920523739404e-06_3.10920523739404e-06_3.10920523739404e-06_3.10920523739404e-06
1016,14546,6-6-6-2-1,2.05207545668007e-05_2.05207545668007e-05_2.05207545668007e-05_2.05207545668007e-05_2.05207545668007e-05
1016,14547,8-7-4-2-1,3.73104628487285e-06_3.73104628487285e-06_3.73104628487285e-06_3.73104628487285e-06_3.73104628487285e-06
1016,14548,154-25-8-1-1,4.97472837983046e-06_4.97472837983046e-06_4.97472837983046e-06_4.97472837983046e-06_4.97472837983046e-06
1016,14549,34-19-9-2-1,8.0839336172245e-06_8.0839336172245e-06_8.0839336172245e-06_8.0839336172245e-06_8.0839336172245e-06
1016,14550,114-40-4-2-1,2.79828471365463e-05_2.79828471365463e-05_2.79828471365463e-05_2.79828471365463e-05_2.79828471365463e-05
1016,14551,44-13-6-2-1,1.6167867234449e-05_1.6167867234449e-05_1.6167867234449e-05_1.6167867234449e-05_1.6167867234449e-05
1016,14552,67-2-2-2-1,1.6167867234449e-05_1.6167867234449e-05_1.6167867234449e-05_1.6167867234449e-05_1.6167867234449e-05
1016,14553,122-16-2-2-1,3.10920523739404e-06_3.10920523739404e-06_3.10920523739404e-06_3.10920523739404e-06_3.10920523739404e-06
1016,14554,56-9-7-1-1,0.00199610976240697_0.00199610976240697_0.00199610976240697_0.00199610976240697_0.00199610976240697
1016,14555,147-11-4-2-1,9.94945675966092e-06_9.94945675966092e-06_9.94945675966092e-06_9.94945675966092e-06_9.94945675966092e-06
1016,14556,148-29-2-2-1,8.76795876945119e-05_8.76795876945119e-05_8.76795876945119e-05_8.76795876945119e-05_8.76795876945119e-05
1016,14557,185-41-9-2-1,3.73104628487285e-06_3.73104628487285e-06_3.73104628487285e-06_3.73104628487285e-06_3.73104628487285e-06
1016,14558,45-5-5-1-1,4.97472837983046e-06_4.97472837983046e-06_4.97472837983046e-06_4.97472837983046e-06_4.97472837983046e-06
1016,14559,170-43-4-2-1,1.24368209495762e-05_1.24368209495762e-05_1.24368209495762e-05_1.24368209495762e-05_1.24368209495762e-05
1016,14560,45-5-5-1-1,1.3058661997055e-05_1.3058661997055e-05_1.3058661997055e-05_1.3058661997055e-05_1.3058661997055e-05
1016,14561,75-1-1-1-1,1.3058661997055e-05_1.3058661997055e-05_1.3058661997055e-05_1.3058661997055e-05_1.3058661997055e-05
1016,14562,191-37-4-2-1,6.21841047478808e-06_6.21841047478808e-06_6.21841047478808e-06_6.21841047478808e-06_6.21841047478808e-06
1016,14563,213-15-9-2-1,1.6167867234449e-05_1.6167867234449e-05_1.6167867234449e-05_1.6167867234449e-05_1.6167867234449e-05
1016,14564,224-39-11-1-1,0.000245627213754129_0.000245627213754129_0.000245627213754129_0.000245627213754129_0.000245627213754129
1016,14565,206-30-1-1-1,0.000357558602300314_0.000357558602300314_0.000357558602300314_0.000357558602300314_0.000357558602300314
1016,14566,13-6-6-2-1,0.000154216579774744_0.000154216579774744_0.000154216579774744_0.000154216579774744_0.000154216579774744
1016,14567,29-17-10-1-1,9.94945675966092e-06_9.94945675966092e-06_9.94945675966092e-06_9.94945675966092e-06_9.94945675966092e-06
1016,14568,72-10-2-2-1,0.000812746249054802_0.000812746249054802_0.000812746249054802_0.000812746249054802_0.000812746249054802
1016,14569,16-10-2-2-1,9.45198392167788e-05_9.45198392167788e-05_9.45198392167788e-05_9.45198392167788e-05_9.45198392167788e-05
1016,14570,112-14-4-2-1,3.73104628487285e-06_3.73104628487285e-06_3.73104628487285e-06_3.73104628487285e-06_3.73104628487285e-06
1016,14571,172-40-4-2-1,3.73104628487285e-06_3.73104628487285e-06_3.73104628487285e-06_3.73104628487285e-06_3.73104628487285e-06
1016,14572,72-10-2-2-1,0.000411036932383492_0.000411036932383492_0.000411036932383492_0.000411036932383492_0.000411036932383492
1016,14573,16-10-2-2-1,5.78312174155291e-05_5.78312174155291e-05_5.78312174155291e-05_5.78312174155291e-05_5.78312174155291e-05
1016,14575,72-10-2-2-1,5.78312174155291e-05_5.78312174155291e-05_5.78312174155291e-05_5.78312174155291e-05_5.78312174155291e-05
1016,14576,6-6-6-2-1,1.3058661997055e-05_1.3058661997055e-05_1.3058661997055e-05_1.3058661997055e-05_1.3058661997055e-05
1016,14577,163-43-4-2-1,9.94945675966092e-06_9.94945675966092e-06_9.94945675966092e-06_9.94945675966092e-06_9.94945675966092e-06
1016,14578,109-28-5-1-1,8.0839336172245e-06_8.0839336172245e-06_8.0839336172245e-06_8.0839336172245e-06_8.0839336172245e-06
1016,14579,67-2-2-2-1,4.35288733235165e-05_4.35288733235165e-05_4.35288733235165e-05_4.35288733235165e-05_4.35288733235165e-05
1016,14580,10-3-3-1-1,5.03691248457834e-05_5.03691248457834e-05_5.03691248457834e-05_5.03691248457834e-05_5.03691248457834e-05
1016,14581,128-7-4-2-1,8.70577466470331e-06_8.70577466470331e-06_8.70577466470331e-06_8.70577466470331e-06_8.70577466470331e-06
1016,14582,220-22-8-1-1,0.000129342937875592_0.000129342937875592_0.000129342937875592_0.000129342937875592_0.000129342937875592
1016,14583,66-29-2-2-1,5.96967405579655e-05_5.96967405579655e-05_5.96967405579655e-05_5.96967405579655e-05_5.96967405579655e-05
1016,14584,159-4-4-2-1,5.59656942730927e-06_5.59656942730927e-06_5.59656942730927e-06_5.59656942730927e-06_5.59656942730927e-06
1016,14585,142-42-12-1-1,7.46209256974569e-06_7.46209256974569e-06_7.46209256974569e-06_7.46209256974569e-06_7.46209256974569e-06
1016,14586,226-32-10-1-1,9.94945675966092e-06_9.94945675966092e-06_9.94945675966092e-06_9.94945675966092e-06_9.94945675966092e-06
1016,14587,118-36-10-1-1,2.42518008516735e-05_2.42518008516735e-05_2.42518008516735e-05_2.42518008516735e-05_2.42518008516735e-05
1016,14588,161-36-10-1-1,1.9277072471843e-05_1.9277072471843e-05_1.9277072471843e-05_1.9277072471843e-05_1.9277072471843e-05
1016,14589,8-7-4-2-1,2.54954829466311e-05_2.54954829466311e-05_2.54954829466311e-05_2.54954829466311e-05_2.54954829466311e-05
1016,14590,220-22-8-1-1,1.74115493294066e-05_1.74115493294066e-05_1.74115493294066e-05_1.74115493294066e-05_1.74115493294066e-05
1016,14591,181-40-4-2-1,1.6167867234449e-05_1.6167867234449e-05_1.6167867234449e-05_1.6167867234449e-05_1.6167867234449e-05
1016,14592,178-44-12-1-1,1.18149799020973e-05_1.18149799020973e-05_1.18149799020973e-05_1.18149799020973e-05_1.18149799020973e-05
1016,14593,225-31-9-2-1,0.000105712978071397_0.000105712978071397_0.000105712978071397_0.000105712978071397_0.000105712978071397
1016,14594,203-11-4-2-1,4.35288733235165e-06_4.35288733235165e-06_4.35288733235165e-06_4.35288733235165e-06_4.35288733235165e-06
1016,14595,225-31-9-2-1,5.72093763680503e-05_5.72093763680503e-05_5.72093763680503e-05_5.72093763680503e-05_5.72093763680503e-05
1016,14596,225-31-9-2-1,3.04702113264616e-05_3.04702113264616e-05_3.04702113264616e-05_3.04702113264616e-05_3.04702113264616e-05
1016,14597,225-31-9-2-1,7.46209256974569e-06_7.46209256974569e-06_7.46209256974569e-06_7.46209256974569e-06_7.46209256974569e-06
1016,14598,225-31-9-2-1,3.48230986588132e-05_3.48230986588132e-05_3.48230986588132e-05_3.48230986588132e-05_3.48230986588132e-05
1016,14599,142-42-12-1-1,6.21841047478808e-06_6.21841047478808e-06_6.21841047478808e-06_6.21841047478808e-06_6.21841047478808e-06
1016,14600,225-31-9-2-1,2.36299598041947e-05_2.36299598041947e-05_2.36299598041947e-05_2.36299598041947e-05_2.36299598041947e-05
1016,14601,152-32-10-1-1,6.21841047478808e-06_6.21841047478808e-06_6.21841047478808e-06_6.21841047478808e-06_6.21841047478808e-06
1016,14602,96-13-6-2-1,0.000131208461018028_0.000131208461018028_0.000131208461018028_0.000131208461018028_0.000131208461018028
1016,14603,116-36-10-1-1,1.74115493294066e-05_1.74115493294066e-05_1.74115493294066e-05_1.74115493294066e-05_1.74115493294066e-05
1016,14604,75-1-1-1-1,1.43023440920126e-05_1.43023440920126e-05_1.43023440920126e-05_1.43023440920126e-05_1.43023440920126e-05
1016,14605,185-41-9-2-1,4.35288733235165e-06_4.35288733235165e-06_4.35288733235165e-06_4.35288733235165e-06_4.35288733235165e-06
1016,14606,191-37-4-2-1,3.73104628487285e-06_3.73104628487285e-06_3.73104628487285e-06_3.73104628487285e-06_3.73104628487285e-06
1016,14607,69-29-2-2-1,7.89738130298086e-05_7.89738130298086e-05_7.89738130298086e-05_7.89738130298086e-05_7.89738130298086e-05
1016,14608,152-32-10-1-1,3.73104628487285e-06_3.73104628487285e-06_3.73104628487285e-06_3.73104628487285e-06_3.73104628487285e-06
1016,14609,150-30-1-1-1,6.1562263700402e-05_6.1562263700402e-05_6.1562263700402e-05_6.1562263700402e-05_6.1562263700402e-05
1016,14610,167-18-4-2-1,1.49241851394914e-05_1.49241851394914e-05_1.49241851394914e-05_1.49241851394914e-05_1.49241851394914e-05
1016,14611,153-18-4-2-1,8.0839336172245e-06_8.0839336172245e-06_8.0839336172245e-06_8.0839336172245e-06_8.0839336172245e-06
1016,14612,208-30-1-1-1,5.59656942730927e-06_5.59656942730927e-06_5.59656942730927e-06_5.59656942730927e-06_5.59656942730927e-06
1016,14614,58-13-6-2-1,8.0839336172245e-05_8.0839336172245e-05_8.0839336172245e-05_8.0839336172245e-05_8.0839336172245e-05
1016,14615,76-4-4-2-1,0.000455809487801966_0.000455809487801966_0.000455809487801966_0.000455809487801966_0.000455809487801966
1016,14616,76-4-4-2-1,3.29575755163768e-05_3.29575755163768e-05_3.29575755163768e-05_3.29575755163768e-05_3.29575755163768e-05
1016,14617,8-7-4-2-1,3.73104628487285e-06_3.73104628487285e-06_3.73104628487285e-06_3.73104628487285e-06_3.73104628487285e-06
1016,14618,37-11-4-2-1,1.49241851394914e-05_1.49241851394914e-05_1.49241851394914e-05_1.49241851394914e-05_1.49241851394914e-05
1016,14619,147-11-4-2-1,9.94945675966092e-06_9.94945675966092e-06_9.94945675966092e-06_9.94945675966092e-06_9.94945675966092e-06
1016,14620,166-18-4-2-1,1.24368209495762e-05_1.24368209495762e-05_1.24368209495762e-05_1.24368209495762e-05_1.24368209495762e-05
1016,14621,75-1-1-1-1,3.29575755163768e-05_3.29575755163768e-05_3.29575755163768e-05_3.29575755163768e-05_3.29575755163768e-05
1016,14622,17-11-4-2-1,2.61173239941099e-05_2.61173239941099e-05_2.61173239941099e-05_2.61173239941099e-05_2.61173239941099e-05
1016,14623,22-13-6-2-1,0.000103225613881482_0.000103225613881482_0.000103225613881482_0.000103225613881482_0.000103225613881482
1016,14624,57-7-4-2-1,2.05207545668007e-05_2.05207545668007e-05_2.05207545668007e-05_2.05207545668007e-05_2.05207545668007e-05
1016,14625,25-10-2-2-1,8.0839336172245e-06_8.0839336172245e-06_8.0839336172245e-06_8.0839336172245e-06_8.0839336172245e-06
1016,14626,213-15-9-2-1,1.05712978071397e-05_1.05712978071397e-05_1.05712978071397e-05_1.05712978071397e-05_1.05712978071397e-05
1016,14627,148-29-2-2-1,7.46209256974569e-06_7.46209256974569e-06_7.46209256974569e-06_7.46209256974569e-06_7.46209256974569e-06
1016,14628,214-26-4-2-1,1.24368209495762e-05_1.24368209495762e-05_1.24368209495762e-05_1.24368209495762e-05_1.24368209495762e-05
1016,14629,136-26-4-2-1,4.35288733235165e-06_4.35288733235165e-06_4.35288733235165e-06_4.35288733235165e-06_4.35288733235165e-06
1016,14630,114-40-4-2-1,8.70577466470331e-06_8.70577466470331e-06_8.70577466470331e-06_8.70577466470331e-06_8.70577466470331e-06
1016,14631,70-27-8-1-1,1.49241851394914e-05_1.49241851394914e-05_1.49241851394914e-05_1.49241851394914e-05_1.49241851394914e-05
1016,14632,76-4-4-2-1,3.2335734468898e-05_3.2335734468898e-05_3.2335734468898e-05_3.2335734468898e-05_3.2335734468898e-05
1016,14633,137-26-4-2-1,1.67897082819278e-05_1.67897082819278e-05_1.67897082819278e-05_1.67897082819278e-05_1.67897082819278e-05
1016,14634,130-12-8-1-1,4.72599196083894e-05_4.72599196083894e-05_4.72599196083894e-05_4.72599196083894e-05_4.72599196083894e-05
1016,14635,144-43-4-2-1,3.5444939706292e-05_3.5444939706292e-05_3.5444939706292e-05_3.5444939706292e-05_3.5444939706292e-05
1016,14636,138-23-8-1-1,8.0839336172245e-06_8.0839336172245e-06_8.0839336172245e-06_8.0839336172245e-06_8.0839336172245e-06
1016,14637,75-1-1-1-1,6.84025152226688e-06_6.84025152226688e-06_6.84025152226688e-06_6.84025152226688e-06_6.84025152226688e-06
1016,14638,237-44-12-1-1,1.74115493294066e-05_1.74115493294066e-05_1.74115493294066e-05_1.74115493294066e-05_1.74115493294066e-05
1016,14639,96-13-6-2-1,0.000451456600469614_0.000451456600469614_0.000451456600469614_0.000451456600469614_0.000451456600469614
1016,14640,83-33-5-1-1,2.48736418991523e-05_2.48736418991523e-05_2.48736418991523e-05_2.48736418991523e-05_2.48736418991523e-05
1016,14641,55-22-8-1-1,1.9277072471843e-05_1.9277072471843e-05_1.9277072471843e-05_1.9277072471843e-05_1.9277072471843e-05
1016,14642,194-31-9-2-1,8.64359055995543e-05_8.64359055995543e-05_8.64359055995543e-05_8.64359055995543e-05_8.64359055995543e-05
1016,14643,151-19-9-2-1,4.97472837983046e-06_4.97472837983046e-06_4.97472837983046e-06_4.97472837983046e-06_4.97472837983046e-06
1016,14644,138-23-8-1-1,4.35288733235165e-06_4.35288733235165e-06_4.35288733235165e-06_4.35288733235165e-06_4.35288733235165e-06
1016,14645,185-41-9-2-1,3.10920523739404e-06_3.10920523739404e-06_3.10920523739404e-06_3.10920523739404e-06_3.10920523739404e-06
1016,14646,142-42-12-1-1,8.0839336172245e-06_8.0839336172245e-06_8.0839336172245e-06_8.0839336172245e-06_8.0839336172245e-06
1016,14647,55-22-8-1-1,3.73104628487285e-06_3.73104628487285e-06_3.73104628487285e-06_3.73104628487285e-06_3.73104628487285e-06
1016,14648,201-17-10-1-1,7.39990846499781e-05_7.39990846499781e-05_7.39990846499781e-05_7.39990846499781e-05_7.39990846499781e-05
1016,14649,98-27-8-1-1,2.9226529231504e-05_2.9226529231504e-05_2.9226529231504e-05_2.9226529231504e-05_2.9226529231504e-05
1016,14650,121-39-11-1-1,1.43023440920126e-05_1.43023440920126e-05_1.43023440920126e-05_1.43023440920126e-05_1.43023440920126e-05
1016,14651,152-32-10-1-1,1.3058661997055e-05_1.3058661997055e-05_1.3058661997055e-05_1.3058661997055e-05_1.3058661997055e-05
1016,14652,166-18-4-2-1,6.84025152226688e-06_6.84025152226688e-06_6.84025152226688e-06_6.84025152226688e-06_6.84025152226688e-06
1016,14653,79-32-10-1-1,2.17644366617583e-05_2.17644366617583e-05_2.17644366617583e-05_2.17644366617583e-05_2.17644366617583e-05
1016,14654,194-31-9-2-1,0.000139914235682732_0.000139914235682732_0.000139914235682732_0.000139914235682732_0.000139914235682732
1016,14655,79-32-10-1-1,7.64864488398933e-05_7.64864488398933e-05_7.64864488398933e-05_7.64864488398933e-05_7.64864488398933e-05
1016,14656,29-17-10-1-1,9.94945675966092e-06_9.94945675966092e-06_9.94945675966092e-06_9.94945675966092e-06_9.94945675966092e-06
1016,14657,170-43-4-2-1,2.48736418991523e-05_2.48736418991523e-05_2.48736418991523e-05_2.48736418991523e-05_2.48736418991523e-05
1016,14658,180-40-4-2-1,1.9277072471843e-05_1.9277072471843e-05_1.9277072471843e-05_1.9277072471843e-05_1.9277072471843e-05
1016,14659,117-27-8-1-1,0.000186552314243642_0.000186552314243642_0.000186552314243642_0.000186552314243642_0.000186552314243642
1016,14660,1-1-1-1-1,4.97472837983046e-06_4.97472837983046e-06_4.97472837983046e-06_4.97472837983046e-06_4.97472837983046e-06
1016,14661,49-22-8-1-1,1.86552314243642e-05_1.86552314243642e-05_1.86552314243642e-05_1.86552314243642e-05_1.86552314243642e-05
1016,14662,42-13-6-2-1,0.00025557667051379_0.00025557667051379_0.00025557667051379_0.00025557667051379_0.00025557667051379
1016,14664,183-23-8-1-1,3.2335734468898e-05_3.2335734468898e-05_3.2335734468898e-05_3.2335734468898e-05_3.2335734468898e-05
1016,14665,42-13-6-2-1,7.71082898873721e-05_7.71082898873721e-05_7.71082898873721e-05_7.71082898873721e-05_7.71082898873721e-05
1016,14666,47-22-8-1-1,5.59656942730927e-06_5.59656942730927e-06_5.59656942730927e-06_5.59656942730927e-06_5.59656942730927e-06
1016,14667,148-29-2-2-1,1.6167867234449e-05_1.6167867234449e-05_1.6167867234449e-05_1.6167867234449e-05_1.6167867234449e-05
1016,14668,203-11-4-2-1,8.0839336172245e-06_8.0839336172245e-06_8.0839336172245e-06_8.0839336172245e-06_8.0839336172245e-06
1016,14669,49-22-8-1-1,4.97472837983046e-06_4.97472837983046e-06_4.97472837983046e-06_4.97472837983046e-06_4.97472837983046e-06
1016,14670,47-22-8-1-1,3.10920523739404e-06_3.10920523739404e-06_3.10920523739404e-06_3.10920523739404e-06_3.10920523739404e-06
1016,14671,85-33-5-1-1,6.21841047478808e-05_6.21841047478808e-05_6.21841047478808e-05_6.21841047478808e-05_6.21841047478808e-05
1016,14672,25-10-2-2-1,9.32761571218212e-06_9.32761571218212e-06_9.32761571218212e-06_9.32761571218212e-06_9.32761571218212e-06
1016,14673,124-29-2-2-1,7.39990846499781e-05_7.39990846499781e-05_7.39990846499781e-05_7.39990846499781e-05_7.39990846499781e-05
1016,14674,76-4-4-2-1,8.70577466470331e-06_8.70577466470331e-06_8.70577466470331e-06_8.70577466470331e-06_8.70577466470331e-06
1016,14675,137-26-4-2-1,2.11425956142795e-05_2.11425956142795e-05_2.11425956142795e-05_2.11425956142795e-05_2.11425956142795e-05
1016,14676,49-22-8-1-1,0.000210804115095316_0.000210804115095316_0.000210804115095316_0.000210804115095316_0.000210804115095316
1016,14677,142-42-12-1-1,3.10920523739404e-06_3.10920523739404e-06_3.10920523739404e-06_3.10920523739404e-06_3.10920523739404e-06
1016,14678,51-22-8-1-1,3.79323038962073e-05_3.79323038962073e-05_3.79323038962073e-05_3.79323038962073e-05_3.79323038962073e-05
1016,14679,112-14-4-2-1,4.35288733235165e-06_4.35288733235165e-06_4.35288733235165e-06_4.35288733235165e-06_4.35288733235165e-06
1016,14680,220-22-8-1-1,6.21841047478808e-06_6.21841047478808e-06_6.21841047478808e-06_6.21841047478808e-06_6.21841047478808e-06
1016,14681,47-22-8-1-1,9.32761571218212e-06_9.32761571218212e-06_9.32761571218212e-06_9.32761571218212e-06_9.32761571218212e-06
1016,14682,47-22-8-1-1,4.41507143709953e-05_4.41507143709953e-05_4.41507143709953e-05_4.41507143709953e-05_4.41507143709953e-05
1016,14683,49-22-8-1-1,7.21335615075417e-05_7.21335615075417e-05_7.21335615075417e-05_7.21335615075417e-05_7.21335615075417e-05
1016,14684,17-11-4-2-1,8.70577466470331e-05_8.70577466470331e-05_8.70577466470331e-05_8.70577466470331e-05_8.70577466470331e-05
1016,14685,185-41-9-2-1,4.35288733235165e-06_4.35288733235165e-06_4.35288733235165e-06_4.35288733235165e-06_4.35288733235165e-06
1016,14686,228-17-10-1-1,4.97472837983046e-06_4.97472837983046e-06_4.97472837983046e-06_4.97472837983046e-06_4.97472837983046e-06
1016,14687,17-11-4-2-1,5.59656942730927e-06_5.59656942730927e-06_5.59656942730927e-06_5.59656942730927e-06_5.59656942730927e-06
1016,14688,49-22-8-1-1,5.59656942730927e-06_5.59656942730927e-06_5.59656942730927e-06_5.59656942730927e-06_5.59656942730927e-06
1016,14689,237-44-12-1-1,2.17644366617583e-05_2.17644366617583e-05_2.17644366617583e-05_2.17644366617583e-05_2.17644366617583e-05
1016,14690,8-7-4-2-1,8.0839336172245e-06_8.0839336172245e-06_8.0839336172245e-06_8.0839336172245e-06_8.0839336172245e-06
1016,14691,153-18-4-2-1,3.73104628487285e-06_3.73104628487285e-06_3.73104628487285e-06_3.73104628487285e-06_3.73104628487285e-06
1016,14692,11-4-4-2-1,9.94945675966092e-06_9.94945675966092e-06_9.94945675966092e-06_9.94945675966092e-06_9.94945675966092e-06
1016,14693,160-30-1-1-1,6.21841047478808e-06_6.21841047478808e-06_6.21841047478808e-06_6.21841047478808e-06_6.21841047478808e-06
1016,14694,199-19-9-2-1,3.10920523739404e-06_3.10920523739404e-06_3.10920523739404e-06_3.10920523739404e-06_3.10920523739404e-06
1016,14695,65-1-1-1-1,0.000361289648585187_0.000361289648585187_0.000361289648585187_0.000361289648585187_0.000361289648585187
1016,14696,176-20-9-2-1,8.0839336172245e-06_8.0839336172245e-06_8.0839336172245e-06_8.0839336172245e-06_8.0839336172245e-06
1016,14698,57-7-4-2-1,3.10920523739404e-06_3.10920523739404e-06_3.10920523739404e-06_3.10920523739404e-06_3.10920523739404e-06
1016,14699,185-41-9-2-1,3.73104628487285e-06_3.73104628487285e-06_3.73104628487285e-06_3.73104628487285e-06_3.73104628487285e-06
1016,14701,55-22-8-1-1,0.000106956660166355_0.000106956660166355_0.000106956660166355_0.000106956660166355_0.000106956660166355
1016,14702,152-32-10-1-1,5.59656942730927e-06_5.59656942730927e-06_5.59656942730927e-06_5.59656942730927e-06_5.59656942730927e-06
1016,14703,222-35-4-2-1,4.35288733235165e-06_4.35288733235165e-06_4.35288733235165e-06_4.35288733235165e-06_4.35288733235165e-06
1016,14704,45-5-5-1-1,8.70577466470331e-06_8.70577466470331e-06_8.70577466470331e-06_8.70577466470331e-06_8.70577466470331e-06
1016,14705,26-15-9-2-1,1.18149799020973e-05_1.18149799020973e-05_1.18149799020973e-05_1.18149799020973e-05_1.18149799020973e-05
1016,14706,112-14-4-2-1,4.35288733235165e-06_4.35288733235165e-06_4.35288733235165e-06_4.35288733235165e-06_4.35288733235165e-06
1016,14707,71-29-2-2-1,1.67897082819278e-05_1.67897082819278e-05_1.67897082819278e-05_1.67897082819278e-05_1.67897082819278e-05
1016,14708,17-11-4-2-1,4.29070322760377e-05_4.29070322760377e-05_4.29070322760377e-05_4.29070322760377e-05_4.29070322760377e-05
1016,14709,83-33-5-1-1,2.98483702789828e-05_2.98483702789828e-05_2.98483702789828e-05_2.98483702789828e-05_2.98483702789828e-05
1016,14710,128-7-4-2-1,2.05207545668007e-05_2.05207545668007e-05_2.05207545668007e-05_2.05207545668007e-05_2.05207545668007e-05
1016,14711,98-27-8-1-1,2.23862777092371e-05_2.23862777092371e-05_2.23862777092371e-05_2.23862777092371e-05_2.23862777092371e-05
1016,14712,109-28-5-1-1,2.61173239941099e-05_2.61173239941099e-05_2.61173239941099e-05_2.61173239941099e-05_2.61173239941099e-05
1016,14713,201-17-10-1-1,5.28564890356987e-05_5.28564890356987e-05_5.28564890356987e-05_5.28564890356987e-05_5.28564890356987e-05
1016,14714,55-22-8-1-1,9.94945675966092e-06_9.94945675966092e-06_9.94945675966092e-06_9.94945675966092e-06_9.94945675966092e-06
1016,14716,29-17-10-1-1,1.3058661997055e-05_1.3058661997055e-05_1.3058661997055e-05_1.3058661997055e-05_1.3058661997055e-05
1016,14717,127-30-1-1-1,2.23862777092371e-05_2.23862777092371e-05_2.23862777092371e-05_2.23862777092371e-05_2.23862777092371e-05
1016,14718,231-34-11-1-1,0.000462649739324233_0.000462649739324233_0.000462649739324233_0.000462649739324233_0.000462649739324233
1016,14719,98-27-8-1-1,1.3058661997055e-05_1.3058661997055e-05_1.3058661997055e-05_1.3058661997055e-05_1.3058661997055e-05
1016,14720,142-42-12-1-1,1.24368209495762e-05_1.24368209495762e-05_1.24368209495762e-05_1.24368209495762e-05_1.24368209495762e-05
1016,14721,209-35-4-2-1,7.46209256974569e-06_7.46209256974569e-06_7.46209256974569e-06_7.46209256974569e-06_7.46209256974569e-06
1016,14722,205-12-8-1-1,1.43023440920126e-05_1.43023440920126e-05_1.43023440920126e-05_1.43023440920126e-05_1.43023440920126e-05
1016,14723,185-41-9-2-1,3.10920523739404e-06_3.10920523739404e-06_3.10920523739404e-06_3.10920523739404e-06_3.10920523739404e-06
1016,14724,83-33-5-1-1,2.11425956142795e-05_2.11425956142795e-05_2.11425956142795e-05_2.11425956142795e-05_2.11425956142795e-05
1016,14725,237-44-12-1-1,6.21841047478808e-06_6.21841047478808e-06_6.21841047478808e-06_6.21841047478808e-06_6.21841047478808e-06
1016,14726,6-6-6-2-1,1.55460261869702e-05_1.55460261869702e-05_1.55460261869702e-05_1.55460261869702e-05_1.55460261869702e-05
1016,14727,109-28-5-1-1,9.32761571218212e-06_9.32761571218212e-06_9.32761571218212e-06_9.32761571218212e-06_9.32761571218212e-06
1016,14728,128-7-4-2-1,3.10920523739404e-06_3.10920523739404e-06_3.10920523739404e-06_3.10920523739404e-06_3.10920523739404e-06
1016,14729,128-7-4-2-1,6.21841047478808e-06_6.21841047478808e-06_6.21841047478808e-06_6.21841047478808e-06_6.21841047478808e-06
1016,14730,96-13-6-2-1,0.000114418752736101_0.000114418752736101_0.000114418752736101_0.000114418752736101_0.000114418752736101
1016,14731,7-4-4-2-1,6.84025152226688e-06_6.84025152226688e-06_6.84025152226688e-06_6.84025152226688e-06_6.84025152226688e-06
1016,14732,153-18-4-2-1,8.0839336172245e-06_8.0839336172245e-06_8.0839336172245e-06_8.0839336172245e-06_8.0839336172245e-06
1016,14733,119-6-6-2-1,0.000202720181478091_0.000202720181478091_0.000202720181478091_0.000202720181478091_0.000202720181478091
1016,14734,31-6-6-2-1,0.000162922354439448_0.000162922354439448_0.000162922354439448_0.000162922354439448_0.000162922354439448
1016,14735,154-25-8-1-1,0.000138048712540295_0.000138048712540295_0.000138048712540295_0.000138048712540295_0.000138048712540295
1016,14736,157-12-8-1-1,0.000767351852588849_0.000767351852588849_0.000767351852588849_0.000767351852588849_0.000767351852588849
1016,14737,193-40-4-2-1,1.98989135193218e-05_1.98989135193218e-05_1.98989135193218e-05_1.98989135193218e-05_1.98989135193218e-05
1016,14739,45-5-5-1-1,3.73104628487285e-06_3.73104628487285e-06_3.73104628487285e-06_3.73104628487285e-06_3.73104628487285e-06
1016,14741,213-15-9-2-1,2.61173239941099e-05_2.61173239941099e-05_2.61173239941099e-05_2.61173239941099e-05_2.61173239941099e-05
1016,14742,237-44-12-1-1,8.70577466470331e-06_8.70577466470331e-06_8.70577466470331e-06_8.70577466470331e-06_8.70577466470331e-06
1016,14743,213-15-9-2-1,3.42012576113344e-05_3.42012576113344e-05_3.42012576113344e-05_3.42012576113344e-05_3.42012576113344e-05
1016,14744,71-29-2-2-1,3.04702113264616e-05_3.04702113264616e-05_3.04702113264616e-05_3.04702113264616e-05_3.04702113264616e-05
1016,14745,40-23-8-1-1,3.10920523739404e-06_3.10920523739404e-06_3.10920523739404e-06_3.10920523739404e-06_3.10920523739404e-06
1016,14746,57-7-4-2-1,1.18149799020973e-05_1.18149799020973e-05_1.18149799020973e-05_1.18149799020973e-05_1.18149799020973e-05
1016,14747,35-20-9-2-1,4.35288733235165e-06_4.35288733235165e-06_4.35288733235165e-06_4.35288733235165e-06_4.35288733235165e-06
1016,14748,163-43-4-2-1,3.73104628487285e-06_3.73104628487285e-06_3.73104628487285e-06_3.73104628487285e-06_3.73104628487285e-06
1016,14749,79-32-10-1-1,1.11931388546185e-05_1.11931388546185e-05_1.11931388546185e-05_1.11931388546185e-05_1.11931388546185e-05
1016,14750,52-25-8-1-1,7.64864488398933e-05_7.64864488398933e-05_7.64864488398933e-05_7.64864488398933e-05_7.64864488398933e-05
1016,14751,209-35-4-2-1,3.10920523739404e-06_3.10920523739404e-06_3.10920523739404e-06_3.10920523739404e-06_3.10920523739404e-06
1016,14752,126-29-2-2-1,6.21841047478808e-06_6.21841047478808e-06_6.21841047478808e-06_6.21841047478808e-06_6.21841047478808e-06
1016,14753,209-35-4-2-1,6.21841047478808e-06_6.21841047478808e-06_6.21841047478808e-06_6.21841047478808e-06_6.21841047478808e-06
1016,14754,126-29-2-2-1,5.59656942730927e-06_5.59656942730927e-06_5.59656942730927e-06_5.59656942730927e-06_5.59656942730927e-06
1016,14755,71-29-2-2-1,3.60667807537708e-05_3.60667807537708e-05_3.60667807537708e-05_3.60667807537708e-05_3.60667807537708e-05
1016,14756,51-22-8-1-1,1.74115493294066e-05_1.74115493294066e-05_1.74115493294066e-05_1.74115493294066e-05_1.74115493294066e-05
1016,14757,49-22-8-1-1,4.5394396465953e-05_4.5394396465953e-05_4.5394396465953e-05_4.5394396465953e-05_4.5394396465953e-05
1016,14758,167-18-4-2-1,5.59656942730927e-06_5.59656942730927e-06_5.59656942730927e-06_5.59656942730927e-06_5.59656942730927e-06
1016,14759,68-30-1-1-1,3.73104628487285e-06_3.73104628487285e-06_3.73104628487285e-06_3.73104628487285e-06_3.73104628487285e-06
1016,14760,44-13-6-2-1,9.94945675966092e-06_9.94945675966092e-06_9.94945675966092e-06_9.94945675966092e-06_9.94945675966092e-06
1016,14761,32-18-4-2-1,4.97472837983046e-06_4.97472837983046e-06_4.97472837983046e-06_4.97472837983046e-06_4.97472837983046e-06
1016,14762,55-22-8-1-1,3.73104628487285e-06_3.73104628487285e-06_3.73104628487285e-06_3.73104628487285e-06_3.73104628487285e-06
1016,14763,79-32-10-1-1,3.10920523739404e-06_3.10920523739404e-06_3.10920523739404e-06_3.10920523739404e-06_3.10920523739404e-06
1016,14764,45-5-5-1-1,0.000108200342261313_0.000108200342261313_0.000108200342261313_0.000108200342261313_0.000108200342261313
1016,14765,148-29-2-2-1,2.86046881840252e-05_2.86046881840252e-05_2.86046881840252e-05_2.86046881840252e-05_2.86046881840252e-05
1016,14766,167-18-4-2-1,2.11425956142795e-05_2.11425956142795e-05_2.11425956142795e-05_2.11425956142795e-05_2.11425956142795e-05
1016,14767,158-2-2-2-1,7.71082898873721e-05_7.71082898873721e-05_7.71082898873721e-05_7.71082898873721e-05_7.71082898873721e-05
1016,14768,153-18-4-2-1,5.59656942730927e-06_5.59656942730927e-06_5.59656942730927e-06_5.59656942730927e-06_5.59656942730927e-06
1016,14769,156-37-4-2-1,2.17644366617583e-05_2.17644366617583e-05_2.17644366617583e-05_2.17644366617583e-05_2.17644366617583e-05
1016,14770,130-12-8-1-1,1.18149799020973e-05_1.18149799020973e-05_1.18149799020973e-05_1.18149799020973e-05_1.18149799020973e-05
1016,14771,130-12-8-1-1,3.73104628487285e-06_3.73104628487285e-06_3.73104628487285e-06_3.73104628487285e-06_3.73104628487285e-06
1016,14772,70-27-8-1-1,1.49241851394914e-05_1.49241851394914e-05_1.49241851394914e-05_1.49241851394914e-05_1.49241851394914e-05
1016,14773,167-18-4-2-1,0.000167897082819278_0.000167897082819278_0.000167897082819278_0.000167897082819278_0.000167897082819278
1016,14774,66-29-2-2-1,3.73104628487285e-06_3.73104628487285e-06_3.73104628487285e-06_3.73104628487285e-06_3.73104628487285e-06
1016,14776,167-18-4-2-1,3.79323038962073e-05_3.79323038962073e-05_3.79323038962073e-05_3.79323038962073e-05_3.79323038962073e-05
1016,14777,167-18-4-2-1,5.28564890356987e-05_5.28564890356987e-05_5.28564890356987e-05_5.28564890356987e-05_5.28564890356987e-05
1016,14778,163-43-4-2-1,3.10920523739404e-06_3.10920523739404e-06_3.10920523739404e-06_3.10920523739404e-06_3.10920523739404e-06
1016,14779,167-18-4-2-1,2.61173239941099e-05_2.61173239941099e-05_2.61173239941099e-05_2.61173239941099e-05_2.61173239941099e-05
1016,14780,167-18-4-2-1,0.000116906116926016_0.000116906116926016_0.000116906116926016_0.000116906116926016_0.000116906116926016
1016,14781,32-18-4-2-1,1.43023440920126e-05_1.43023440920126e-05_1.43023440920126e-05_1.43023440920126e-05_1.43023440920126e-05
1016,14782,193-40-4-2-1,7.46209256974569e-06_7.46209256974569e-06_7.46209256974569e-06_7.46209256974569e-06_7.46209256974569e-06
1016,14783,17-11-4-2-1,3.10920523739404e-06_3.10920523739404e-06_3.10920523739404e-06_3.10920523739404e-06_3.10920523739404e-06
1016,14784,98-27-8-1-1,9.94945675966092e-06_9.94945675966092e-06_9.94945675966092e-06_9.94945675966092e-06_9.94945675966092e-06
1016,14785,148-29-2-2-1,5.72093763680503e-05_5.72093763680503e-05_5.72093763680503e-05_5.72093763680503e-05_5.72093763680503e-05
1016,14786,185-41-9-2-1,5.59656942730927e-06_5.59656942730927e-06_5.59656942730927e-06_5.59656942730927e-06_5.59656942730927e-06
1016,14787,83-33-5-1-1,8.3948541409639e-05_8.3948541409639e-05_8.3948541409639e-05_8.3948541409639e-05_8.3948541409639e-05
1016,14788,188-14-4-2-1,1.18149799020973e-05_1.18149799020973e-05_1.18149799020973e-05_1.18149799020973e-05_1.18149799020973e-05
1016,14789,148-29-2-2-1,3.04702113264616e-05_3.04702113264616e-05_3.04702113264616e-05_3.04702113264616e-05_3.04702113264616e-05
1016,14790,37-11-4-2-1,4.97472837983046e-06_4.97472837983046e-06_4.97472837983046e-06_4.97472837983046e-06_4.97472837983046e-06
1016,14791,89-13-6-2-1,0.000448969236279699_0.000448969236279699_0.000448969236279699_0.000448969236279699_0.000448969236279699
1016,14792,83-33-5-1-1,0.000171628129104151_0.000171628129104151_0.000171628129104151_0.000171628129104151_0.000171628129104151
1016,14793,133-12-8-1-1,0.000146754487204999_0.000146754487204999_0.000146754487204999_0.000146754487204999_0.000146754487204999
1016,14794,133-12-8-1-1,7.15117204600629e-05_7.15117204600629e-05_7.15117204600629e-05_7.15117204600629e-05_7.15117204600629e-05
1016,14795,124-29-2-2-1,0.000136183189397859_0.000136183189397859_0.000136183189397859_0.000136183189397859_0.000136183189397859
1016,14796,45-5-5-1-1,4.97472837983046e-06_4.97472837983046e-06_4.97472837983046e-06_4.97472837983046e-06_4.97472837983046e-06
1016,14797,128-7-4-2-1,4.35288733235165e-06_4.35288733235165e-06_4.35288733235165e-06_4.35288733235165e-06_4.35288733235165e-06
1016,14798,102-13-6-2-1,1.80333903768854e-05_1.80333903768854e-05_1.80333903768854e-05_1.80333903768854e-05_1.80333903768854e-05
1016,14799,172-40-4-2-1,8.70577466470331e-06_8.70577466470331e-06_8.70577466470331e-06_8.70577466470331e-06_8.70577466470331e-06
1016,14800,221-35-4-2-1,1.6167867234449e-05_1.6167867234449e-05_1.6167867234449e-05_1.6167867234449e-05_1.6167867234449e-05
1016,14801,153-18-4-2-1,3.10920523739404e-06_3.10920523739404e-06_3.10920523739404e-06_3.10920523739404e-06_3.10920523739404e-06
1016,14802,167-18-4-2-1,6.21841047478808e-06_6.21841047478808e-06_6.21841047478808e-06_6.21841047478808e-06_6.21841047478808e-06
1016,14803,105-8-3-1-1,4.5394396465953e-05_4.5394396465953e-05_4.5394396465953e-05_4.5394396465953e-05_4.5394396465953e-05
1016,14804,8-7-4-2-1,4.97472837983046e-06_4.97472837983046e-06_4.97472837983046e-06_4.97472837983046e-06_4.97472837983046e-06
1016,14805,199-19-9-2-1,3.73104628487285e-06_3.73104628487285e-06_3.73104628487285e-06_3.73104628487285e-06_3.73104628487285e-06
1016,14806,122-16-2-2-1,3.73104628487285e-06_3.73104628487285e-06_3.73104628487285e-06_3.73104628487285e-06_3.73104628487285e-06
1016,14807,13-6-6-2-1,0.000134939507302901_0.000134939507302901_0.000134939507302901_0.000134939507302901_0.000134939507302901
1016,14808,138-23-8-1-1,3.73104628487285e-06_3.73104628487285e-06_3.73104628487285e-06_3.73104628487285e-06_3.73104628487285e-06
1016,14809,133-12-8-1-1,2.48736418991523e-05_2.48736418991523e-05_2.48736418991523e-05_2.48736418991523e-05_2.48736418991523e-05
1016,14810,11-4-4-2-1,2.48736418991523e-06_2.48736418991523e-06_2.48736418991523e-06_2.48736418991523e-06_2.48736418991523e-06
1016,14811,159-4-4-2-1,2.11425956142795e-05_2.11425956142795e-05_2.11425956142795e-05_2.11425956142795e-05_2.11425956142795e-05
1016,14812,159-4-4-2-1,9.32761571218212e-06_9.32761571218212e-06_9.32761571218212e-06_9.32761571218212e-06_9.32761571218212e-06
1016,14813,185-41-9-2-1,5.59656942730927e-06_5.59656942730927e-06_5.59656942730927e-06_5.59656942730927e-06_5.59656942730927e-06
1016,14814,138-23-8-1-1,5.59656942730927e-06_5.59656942730927e-06_5.59656942730927e-06_5.59656942730927e-06_5.59656942730927e-06
1016,14815,177-7-4-2-1,4.97472837983046e-06_4.97472837983046e-06_4.97472837983046e-06_4.97472837983046e-06_4.97472837983046e-06
1016,14817,112-14-4-2-1,6.21841047478808e-06_6.21841047478808e-06_6.21841047478808e-06_6.21841047478808e-06_6.21841047478808e-06
1016,14818,209-35-4-2-1,6.84025152226688e-06_6.84025152226688e-06_6.84025152226688e-06_6.84025152226688e-06_6.84025152226688e-06
1016,14819,4-4-4-2-1,3.97978270386437e-05_3.97978270386437e-05_3.97978270386437e-05_3.97978270386437e-05_3.97978270386437e-05
1016,14820,57-7-4-2-1,4.97472837983046e-06_4.97472837983046e-06_4.97472837983046e-06_4.97472837983046e-06_4.97472837983046e-06
1016,14821,152-32-10-1-1,6.21841047478808e-06_6.21841047478808e-06_6.21841047478808e-06_6.21841047478808e-06_6.21841047478808e-06
1016,14822,229-5-5-1-1,5.59656942730927e-05_5.59656942730927e-05_5.59656942730927e-05_5.59656942730927e-05_5.59656942730927e-05
1016,14823,4-4-4-2-1,4.60162375134318e-05_4.60162375134318e-05_4.60162375134318e-05_4.60162375134318e-05_4.60162375134318e-05
1016,14824,4-4-4-2-1,1.67897082819278e-05_1.67897082819278e-05_1.67897082819278e-05_1.67897082819278e-05_1.67897082819278e-05
1016,14827,152-32-10-1-1,3.10920523739404e-06_3.10920523739404e-06_3.10920523739404e-06_3.10920523739404e-06_3.10920523739404e-06
1016,14828,75-1-1-1-1,2.42518008516735e-05_2.42518008516735e-05_2.42518008516735e-05_2.42518008516735e-05_2.42518008516735e-05
1016,14829,153-18-4-2-1,1.86552314243642e-05_1.86552314243642e-05_1.86552314243642e-05_1.86552314243642e-05_1.86552314243642e-05
1016,14830,4-4-4-2-1,8.27048593146814e-05_8.27048593146814e-05_8.27048593146814e-05_8.27048593146814e-05_8.27048593146814e-05
1016,14831,4-4-4-2-1,2.36299598041947e-05_2.36299598041947e-05_2.36299598041947e-05_2.36299598041947e-05_2.36299598041947e-05
1016,14832,60-22-8-1-1,6.96461973176265e-05_6.96461973176265e-05_6.96461973176265e-05_6.96461973176265e-05_6.96461973176265e-05
1016,14833,185-41-9-2-1,3.73104628487285e-06_3.73104628487285e-06_3.73104628487285e-06_3.73104628487285e-06_3.73104628487285e-06
1016,14834,40-23-8-1-1,3.10920523739404e-06_3.10920523739404e-06_3.10920523739404e-06_3.10920523739404e-06_3.10920523739404e-06
1016,14835,153-18-4-2-1,4.97472837983046e-06_4.97472837983046e-06_4.97472837983046e-06_4.97472837983046e-06_4.97472837983046e-06
1016,14836,4-4-4-2-1,4.97472837983046e-06_4.97472837983046e-06_4.97472837983046e-06_4.97472837983046e-06_4.97472837983046e-06
1016,14837,149-16-2-2-1,3.73104628487285e-06_3.73104628487285e-06_3.73104628487285e-06_3.73104628487285e-06_3.73104628487285e-06
1016,14838,92-2-2-2-1,6.96461973176265e-05_6.96461973176265e-05_6.96461973176265e-05_6.96461973176265e-05_6.96461973176265e-05
1016,14839,191-37-4-2-1,3.10920523739404e-06_3.10920523739404e-06_3.10920523739404e-06_3.10920523739404e-06_3.10920523739404e-06
1016,14840,4-4-4-2-1,2.05207545668007e-05_2.05207545668007e-05_2.05207545668007e-05_2.05207545668007e-05_2.05207545668007e-05
1016,14841,87-34-11-1-1,0.000483792334938512_0.000483792334938512_0.000483792334938512_0.000483792334938512_0.000483792334938512
1016,14842,87-34-11-1-1,0.000415389819715843_0.000415389819715843_0.000415389819715843_0.000415389819715843_0.000415389819715843
1016,14843,109-28-5-1-1,5.59656942730927e-06_5.59656942730927e-06_5.59656942730927e-06_5.59656942730927e-06_5.59656942730927e-06
1016,14844,149-16-2-2-1,0.00042223007123811_0.00042223007123811_0.00042223007123811_0.00042223007123811_0.00042223007123811
1016,14845,165-37-4-2-1,0.00129653858399331_0.00129653858399331_0.00129653858399331_0.00129653858399331_0.00129653858399331
1016,14846,65-1-1-1-1,8.0839336172245e-06_8.0839336172245e-06_8.0839336172245e-06_8.0839336172245e-06_8.0839336172245e-06
1016,14847,218-7-4-2-1,4.35288733235165e-06_4.35288733235165e-06_4.35288733235165e-06_4.35288733235165e-06_4.35288733235165e-06
1016,14848,122-16-2-2-1,4.97472837983046e-06_4.97472837983046e-06_4.97472837983046e-06_4.97472837983046e-06_4.97472837983046e-06
1016,14849,159-4-4-2-1,1.55460261869702e-05_1.55460261869702e-05_1.55460261869702e-05_1.55460261869702e-05_1.55460261869702e-05
1016,14850,8-7-4-2-1,5.59656942730927e-06_5.59656942730927e-06_5.59656942730927e-06_5.59656942730927e-06_5.59656942730927e-06
1016,14851,126-29-2-2-1,2.86046881840252e-05_2.86046881840252e-05_2.86046881840252e-05_2.86046881840252e-05_2.86046881840252e-05
1016,14852,185-41-9-2-1,9.32761571218212e-06_9.32761571218212e-06_9.32761571218212e-06_9.32761571218212e-06_9.32761571218212e-06
1016,14853,166-18-4-2-1,4.97472837983046e-05_4.97472837983046e-05_4.97472837983046e-05_4.97472837983046e-05_4.97472837983046e-05
1016,14854,74-31-9-2-1,4.97472837983046e-06_4.97472837983046e-06_4.97472837983046e-06_4.97472837983046e-06_4.97472837983046e-06
1016,14855,47-22-8-1-1,1.67897082819278e-05_1.67897082819278e-05_1.67897082819278e-05_1.67897082819278e-05_1.67897082819278e-05
1016,14856,1-1-1-1-1,9.32761571218212e-06_9.32761571218212e-06_9.32761571218212e-06_9.32761571218212e-06_9.32761571218212e-06
1016,14857,185-41-9-2-1,3.73104628487285e-06_3.73104628487285e-06_3.73104628487285e-06_3.73104628487285e-06_3.73104628487285e-06
1016,14859,21-8-3-1-1,0.000450212918374657_0.000450212918374657_0.000450212918374657_0.000450212918374657_0.000450212918374657
1016,14860,199-19-9-2-1,6.21841047478808e-06_6.21841047478808e-06_6.21841047478808e-06_6.21841047478808e-06_6.21841047478808e-06
1016,14861,172-40-4-2-1,4.97472837983046e-06_4.97472837983046e-06_4.97472837983046e-06_4.97472837983046e-06_4.97472837983046e-06
1016,14862,44-13-6-2-1,3.10920523739404e-06_3.10920523739404e-06_3.10920523739404e-06_3.10920523739404e-06_3.10920523739404e-06
1016,14863,160-30-1-1-1,8.0839336172245e-06_8.0839336172245e-06_8.0839336172245e-06_8.0839336172245e-06_8.0839336172245e-06
1016,14864,26-15-9-2-1,3.73104628487285e-06_3.73104628487285e-06_3.73104628487285e-06_3.73104628487285e-06_3.73104628487285e-06
1016,14865,8-7-4-2-1,4.35288733235165e-06_4.35288733235165e-06_4.35288733235165e-06_4.35288733235165e-06_4.35288733235165e-06
1016,14866,6-6-6-2-1,0.000124368209495762_0.000124368209495762_0.000124368209495762_0.000124368209495762_0.000124368209495762
1016,14867,112-14-4-2-1,0.00014613264615752_0.00014613264615752_0.00014613264615752_0.00014613264615752_0.00014613264615752
1016,14868,6-6-6-2-1,4.66380785609106e-05_4.66380785609106e-05_4.66380785609106e-05_4.66380785609106e-05_4.66380785609106e-05
1016,14869,144-43-4-2-1,2.42518008516735e-05_2.42518008516735e-05_2.42518008516735e-05_2.42518008516735e-05_2.42518008516735e-05
1016,14870,153-18-4-2-1,5.59656942730927e-06_5.59656942730927e-06_5.59656942730927e-06_5.59656942730927e-06_5.59656942730927e-06
1016,14871,185-41-9-2-1,9.32761571218212e-06_9.32761571218212e-06_9.32761571218212e-06_9.32761571218212e-06_9.32761571218212e-06
1016,14872,185-41-9-2-1,4.97472837983046e-06_4.97472837983046e-06_4.97472837983046e-06_4.97472837983046e-06_4.97472837983046e-06
1016,14873,7-4-4-2-1,2.61173239941099e-05_2.61173239941099e-05_2.61173239941099e-05_2.61173239941099e-05_2.61173239941099e-05
1016,14874,57-7-4-2-1,6.21841047478808e-06_6.21841047478808e-06_6.21841047478808e-06_6.21841047478808e-06_6.21841047478808e-06
1016,14875,5-5-5-1-1,1.3058661997055e-05_1.3058661997055e-05_1.3058661997055e-05_1.3058661997055e-05_1.3058661997055e-05
1016,14876,199-19-9-2-1,1.18149799020973e-05_1.18149799020973e-05_1.18149799020973e-05_1.18149799020973e-05_1.18149799020973e-05
1016,14877,156-37-4-2-1,7.46209256974569e-06_7.46209256974569e-06_7.46209256974569e-06_7.46209256974569e-06_7.46209256974569e-06
1016,14878,213-15-9-2-1,1.24368209495762e-05_1.24368209495762e-05_1.24368209495762e-05_1.24368209495762e-05_1.24368209495762e-05
1016,14879,147-11-4-2-1,2.61173239941099e-05_2.61173239941099e-05_2.61173239941099e-05_2.61173239941099e-05_2.61173239941099e-05
1016,14880,200-15-9-2-1,3.10920523739404e-06_3.10920523739404e-06_3.10920523739404e-06_3.10920523739404e-06_3.10920523739404e-06
1016,14881,170-43-4-2-1,1.55460261869702e-05_1.55460261869702e-05_1.55460261869702e-05_1.55460261869702e-05_1.55460261869702e-05
1016,14882,203-11-4-2-1,3.10920523739404e-06_3.10920523739404e-06_3.10920523739404e-06_3.10920523739404e-06_3.10920523739404e-06
1016,14883,44-13-6-2-1,5.59656942730927e-06_5.59656942730927e-06_5.59656942730927e-06_5.59656942730927e-06_5.59656942730927e-06
1016,14884,55-22-8-1-1,3.73104628487285e-06_3.73104628487285e-06_3.73104628487285e-06_3.73104628487285e-06_3.73104628487285e-06
1016,14885,188-14-4-2-1,3.10920523739404e-06_3.10920523739404e-06_3.10920523739404e-06_3.10920523739404e-06_3.10920523739404e-06
1016,14886,179-26-4-2-1,3.10920523739404e-06_3.10920523739404e-06_3.10920523739404e-06_3.10920523739404e-06_3.10920523739404e-06
1016,14887,172-40-4-2-1,3.10920523739404e-06_3.10920523739404e-06_3.10920523739404e-06_3.10920523739404e-06_3.10920523739404e-06
1016,14889,172-40-4-2-1,3.73104628487285e-06_3.73104628487285e-06_3.73104628487285e-06_3.73104628487285e-06_3.73104628487285e-06
1016,14890,1-1-1-1-1,4.35288733235165e-06_4.35288733235165e-06_4.35288733235165e-06_4.35288733235165e-06_4.35288733235165e-06
1016,14891,153-18-4-2-1,9.32761571218212e-06_9.32761571218212e-06_9.32761571218212e-06_9.32761571218212e-06_9.32761571218212e-06
1016,14892,167-18-4-2-1,4.97472837983046e-06_4.97472837983046e-06_4.97472837983046e-06_4.97472837983046e-06_4.97472837983046e-06
1016,14893,126-29-2-2-1,1.11931388546185e-05_1.11931388546185e-05_1.11931388546185e-05_1.11931388546185e-05_1.11931388546185e-05
1016,14894,152-32-10-1-1,4.16633501810801e-05_4.16633501810801e-05_4.16633501810801e-05_4.16633501810801e-05_4.16633501810801e-05
1016,14895,186-15-9-2-1,3.73104628487285e-06_3.73104628487285e-06_3.73104628487285e-06_3.73104628487285e-06_3.73104628487285e-06
1016,14896,128-7-4-2-1,4.35288733235165e-06_4.35288733235165e-06_4.35288733235165e-06_4.35288733235165e-06_4.35288733235165e-06
1016,14897,171-18-4-2-1,1.18149799020973e-05_1.18149799020973e-05_1.18149799020973e-05_1.18149799020973e-05_1.18149799020973e-05
1016,14898,32-18-4-2-1,4.97472837983046e-06_4.97472837983046e-06_4.97472837983046e-06_4.97472837983046e-06_4.97472837983046e-06
1016,14899,40-23-8-1-1,3.2335734468898e-05_3.2335734468898e-05_3.2335734468898e-05_3.2335734468898e-05_3.2335734468898e-05
1016,14900,142-42-12-1-1,9.32761571218212e-06_9.32761571218212e-06_9.32761571218212e-06_9.32761571218212e-06_9.32761571218212e-06
1016,14901,142-42-12-1-1,3.10920523739404e-06_3.10920523739404e-06_3.10920523739404e-06_3.10920523739404e-06_3.10920523739404e-06
1016,14902,40-23-8-1-1,9.32761571218212e-06_9.32761571218212e-06_9.32761571218212e-06_9.32761571218212e-06_9.32761571218212e-06
1016,14903,40-23-8-1-1,4.47725554184741e-05_4.47725554184741e-05_4.47725554184741e-05_4.47725554184741e-05_4.47725554184741e-05
1016,14904,40-23-8-1-1,1.24368209495762e-05_1.24368209495762e-05_1.24368209495762e-05_1.24368209495762e-05_1.24368209495762e-05
1016,14905,203-11-4-2-1,3.10920523739404e-06_3.10920523739404e-06_3.10920523739404e-06_3.10920523739404e-06_3.10920523739404e-06
1016,14906,117-27-8-1-1,0.000228837505472201_0.000228837505472201_0.000228837505472201_0.000228837505472201_0.000228837505472201
1016,14907,117-27-8-1-1,0.000101360090739046_0.000101360090739046_0.000101360090739046_0.000101360090739046_0.000101360090739046
1016,14908,214-26-4-2-1,1.05712978071397e-05_1.05712978071397e-05_1.05712978071397e-05_1.05712978071397e-05_1.05712978071397e-05
1016,14909,72-10-2-2-1,5.47220121781351e-05_5.47220121781351e-05_5.47220121781351e-05_5.47220121781351e-05_5.47220121781351e-05
1016,14910,191-37-4-2-1,3.48230986588132e-05_3.48230986588132e-05_3.48230986588132e-05_3.48230986588132e-05_3.48230986588132e-05
1016,14911,40-23-8-1-1,4.97472837983046e-06_4.97472837983046e-06_4.97472837983046e-06_4.97472837983046e-06_4.97472837983046e-06
1016,14912,191-37-4-2-1,9.94945675966092e-06_9.94945675966092e-06_9.94945675966092e-06_9.94945675966092e-06_9.94945675966092e-06
1016,14913,201-17-10-1-1,5.53438532256139e-05_5.53438532256139e-05_5.53438532256139e-05_5.53438532256139e-05_5.53438532256139e-05
1016,14914,185-41-9-2-1,4.35288733235165e-06_4.35288733235165e-06_4.35288733235165e-06_4.35288733235165e-06_4.35288733235165e-06
1016,14915,98-27-8-1-1,7.46209256974569e-06_7.46209256974569e-06_7.46209256974569e-06_7.46209256974569e-06_7.46209256974569e-06
1016,14916,98-27-8-1-1,1.49241851394914e-05_1.49241851394914e-05_1.49241851394914e-05_1.49241851394914e-05_1.49241851394914e-05
1016,14917,176-20-9-2-1,9.94945675966092e-06_9.94945675966092e-06_9.94945675966092e-06_9.94945675966092e-06_9.94945675966092e-06
1016,14918,161-36-10-1-1,2.79828471365463e-05_2.79828471365463e-05_2.79828471365463e-05_2.79828471365463e-05_2.79828471365463e-05
1016,14919,103-13-6-2-1,0.000113175070641143_0.000113175070641143_0.000113175070641143_0.000113175070641143_0.000113175070641143
1016,14920,222-35-4-2-1,4.97472837983046e-06_4.97472837983046e-06_4.97472837983046e-06_4.97472837983046e-06_4.97472837983046e-06
1016,14921,220-22-8-1-1,8.70577466470331e-06_8.70577466470331e-06_8.70577466470331e-06_8.70577466470331e-06_8.70577466470331e-06
1016,14922,65-1-1-1-1,7.02680383651053e-05_7.02680383651053e-05_7.02680383651053e-05_7.02680383651053e-05_7.02680383651053e-05
1016,14923,91-33-5-1-1,2.11425956142795e-05_2.11425956142795e-05_2.11425956142795e-05_2.11425956142795e-05_2.11425956142795e-05
1016,14924,47-22-8-1-1,7.15117204600629e-05_7.15117204600629e-05_7.15117204600629e-05_7.15117204600629e-05_7.15117204600629e-05
1016,14925,166-18-4-2-1,4.35288733235165e-06_4.35288733235165e-06_4.35288733235165e-06_4.35288733235165e-06_4.35288733235165e-06
1016,14926,49-22-8-1-1,2.48736418991523e-05_2.48736418991523e-05_2.48736418991523e-05_2.48736418991523e-05_2.48736418991523e-05
1016,14927,47-22-8-1-1,6.21841047478808e-06_6.21841047478808e-06_6.21841047478808e-06_6.21841047478808e-06_6.21841047478808e-06
1016,14928,58-13-6-2-1,0.000110687706451228_0.000110687706451228_0.000110687706451228_0.000110687706451228_0.000110687706451228
1016,14929,44-13-6-2-1,5.72093763680503e-05_5.72093763680503e-05_5.72093763680503e-05_5.72093763680503e-05_5.72093763680503e-05
1016,14930,44-13-6-2-1,5.59656942730927e-06_5.59656942730927e-06_5.59656942730927e-06_5.59656942730927e-06_5.59656942730927e-06
1016,14931,170-43-4-2-1,7.21335615075417e-05_7.21335615075417e-05_7.21335615075417e-05_7.21335615075417e-05_7.21335615075417e-05
1016,14932,44-13-6-2-1,5.59656942730927e-06_5.59656942730927e-06_5.59656942730927e-06_5.59656942730927e-06_5.59656942730927e-06
1016,14933,172-40-4-2-1,2.48736418991523e-06_2.48736418991523e-06_2.48736418991523e-06_2.48736418991523e-06_2.48736418991523e-06
1016,14934,122-16-2-2-1,2.30081187567159e-05_2.30081187567159e-05_2.30081187567159e-05_2.30081187567159e-05_2.30081187567159e-05
1016,14935,141-42-12-1-1,3.10920523739404e-06_3.10920523739404e-06_3.10920523739404e-06_3.10920523739404e-06_3.10920523739404e-06
1016,14936,199-19-9-2-1,3.10920523739404e-06_3.10920523739404e-06_3.10920523739404e-06_3.10920523739404e-06_3.10920523739404e-06
1016,14937,197-30-1-1-1,0.000270500855653281_0.000270500855653281_0.000270500855653281_0.000270500855653281_0.000270500855653281
1016,14938,17-11-4-2-1,3.10920523739404e-06_3.10920523739404e-06_3.10920523739404e-06_3.10920523739404e-06_3.10920523739404e-06
1016,14939,226-32-10-1-1,1.11931388546185e-05_1.11931388546185e-05_1.11931388546185e-05_1.11931388546185e-05_1.11931388546185e-05
1016,14940,189-12-8-1-1,7.46209256974569e-06_7.46209256974569e-06_7.46209256974569e-06_7.46209256974569e-06_7.46209256974569e-06
1016,14941,218-7-4-2-1,5.59656942730927e-06_5.59656942730927e-06_5.59656942730927e-06_5.59656942730927e-06_5.59656942730927e-06
1016,14942,129-21-4-2-1,1.24368209495762e-05_1.24368209495762e-05_1.24368209495762e-05_1.24368209495762e-05_1.24368209495762e-05
1016,14943,185-41-9-2-1,3.10920523739404e-06_3.10920523739404e-06_3.10920523739404e-06_3.10920523739404e-06_3.10920523739404e-06
1016,14944,185-41-9-2-1,3.10920523739404e-06_3.10920523739404e-06_3.10920523739404e-06_3.10920523739404e-06_3.10920523739404e-06
1016,14945,75-1-1-1-1,2.48736418991523e-06_2.48736418991523e-06_2.48736418991523e-06_2.48736418991523e-06_2.48736418991523e-06
1016,14946,57-7-4-2-1,7.46209256974569e-06_7.46209256974569e-06_7.46209256974569e-06_7.46209256974569e-06_7.46209256974569e-06
1016,14947,200-15-9-2-1,2.54954829466311e-05_2.54954829466311e-05_2.54954829466311e-05_2.54954829466311e-05_2.54954829466311e-05
1016,14948,17-11-4-2-1,2.42518008516735e-05_2.42518008516735e-05_2.42518008516735e-05_2.42518008516735e-05_2.42518008516735e-05
1016,14949,161-36-10-1-1,4.97472837983046e-06_4.97472837983046e-06_4.97472837983046e-06_4.97472837983046e-06_4.97472837983046e-06
1016,14950,172-40-4-2-1,3.73104628487285e-06_3.73104628487285e-06_3.73104628487285e-06_3.73104628487285e-06_3.73104628487285e-06
1016,14951,161-36-10-1-1,3.73104628487285e-06_3.73104628487285e-06_3.73104628487285e-06_3.73104628487285e-06_3.73104628487285e-06
1016,14952,47-22-8-1-1,3.10920523739404e-06_3.10920523739404e-06_3.10920523739404e-06_3.10920523739404e-06_3.10920523739404e-06
1016,14953,18-12-8-1-1,1.80333903768854e-05_1.80333903768854e-05_1.80333903768854e-05_1.80333903768854e-05_1.80333903768854e-05
1016,14954,95-37-4-2-1,1.36805030445338e-05_1.36805030445338e-05_1.36805030445338e-05_1.36805030445338e-05_1.36805030445338e-05
1016,14955,126-29-2-2-1,8.70577466470331e-06_8.70577466470331e-06_8.70577466470331e-06_8.70577466470331e-06_8.70577466470331e-06
1016,14957,66-29-2-2-1,7.21335615075417e-05_7.21335615075417e-05_7.21335615075417e-05_7.21335615075417e-05_7.21335615075417e-05
1016,14958,227-41-9-2-1,3.73104628487285e-06_3.73104628487285e-06_3.73104628487285e-06_3.73104628487285e-06_3.73104628487285e-06
1016,14959,122-16-2-2-1,4.35288733235165e-06_4.35288733235165e-06_4.35288733235165e-06_4.35288733235165e-06_4.35288733235165e-06
1016,14960,185-41-9-2-1,3.10920523739404e-06_3.10920523739404e-06_3.10920523739404e-06_3.10920523739404e-06_3.10920523739404e-06
1016,14961,109-28-5-1-1,1.36805030445338e-05_1.36805030445338e-05_1.36805030445338e-05_1.36805030445338e-05_1.36805030445338e-05
1016,14962,190-20-9-2-1,3.73104628487285e-06_3.73104628487285e-06_3.73104628487285e-06_3.73104628487285e-06_3.73104628487285e-06
1016,14963,203-11-4-2-1,3.10920523739404e-06_3.10920523739404e-06_3.10920523739404e-06_3.10920523739404e-06_3.10920523739404e-06
1016,14964,26-15-9-2-1,4.97472837983046e-06_4.97472837983046e-06_4.97472837983046e-06_4.97472837983046e-06_4.97472837983046e-06
1016,14965,49-22-8-1-1,3.10920523739404e-05_3.10920523739404e-05_3.10920523739404e-05_3.10920523739404e-05_3.10920523739404e-05
1016,14966,49-22-8-1-1,5.65875353205715e-05_5.65875353205715e-05_5.65875353205715e-05_5.65875353205715e-05_5.65875353205715e-05
1016,14967,53-21-4-2-1,5.09909658932622e-05_5.09909658932622e-05_5.09909658932622e-05_5.09909658932622e-05_5.09909658932622e-05
1016,14969,214-26-4-2-1,3.85541449436861e-05_3.85541449436861e-05_3.85541449436861e-05_3.85541449436861e-05_3.85541449436861e-05
1016,14970,214-26-4-2-1,9.94945675966092e-06_9.94945675966092e-06_9.94945675966092e-06_9.94945675966092e-06_9.94945675966092e-06
1016,14971,49-22-8-1-1,8.0839336172245e-06_8.0839336172245e-06_8.0839336172245e-06_8.0839336172245e-06_8.0839336172245e-06
1016,14972,194-31-9-2-1,0.000475708401321288_0.000475708401321288_0.000475708401321288_0.000475708401321288_0.000475708401321288
1016,14973,75-1-1-1-1,5.96967405579655e-05_5.96967405579655e-05_5.96967405579655e-05_5.96967405579655e-05_5.96967405579655e-05
1016,14974,98-27-8-1-1,7.46209256974569e-06_7.46209256974569e-06_7.46209256974569e-06_7.46209256974569e-06_7.46209256974569e-06
1016,14975,181-40-4-2-1,1.67897082819278e-05_1.67897082819278e-05_1.67897082819278e-05_1.67897082819278e-05_1.67897082819278e-05
1016,14976,195-37-4-2-1,0.000228837505472201_0.000228837505472201_0.000228837505472201_0.000228837505472201_0.000228837505472201
1016,14977,179-26-4-2-1,1.55460261869702e-05_1.55460261869702e-05_1.55460261869702e-05_1.55460261869702e-05_1.55460261869702e-05
1016,14978,172-40-4-2-1,3.10920523739404e-06_3.10920523739404e-06_3.10920523739404e-06_3.10920523739404e-06_3.10920523739404e-06
1016,14979,167-18-4-2-1,1.11931388546185e-05_1.11931388546185e-05_1.11931388546185e-05_1.11931388546185e-05_1.11931388546185e-05
1016,14980,26-15-9-2-1,3.10920523739404e-06_3.10920523739404e-06_3.10920523739404e-06_3.10920523739404e-06_3.10920523739404e-06
1016,14981,189-12-8-1-1,5.41001711306563e-05_5.41001711306563e-05_5.41001711306563e-05_5.41001711306563e-05_5.41001711306563e-05
1016,14982,205-12-8-1-1,4.97472837983046e-06_4.97472837983046e-06_4.97472837983046e-06_4.97472837983046e-06_4.97472837983046e-06
1016,14983,196-14-4-2-1,9.94945675966092e-06_9.94945675966092e-06_9.94945675966092e-06_9.94945675966092e-06_9.94945675966092e-06
1016,14984,152-32-10-1-1,9.32761571218212e-06_9.32761571218212e-06_9.32761571218212e-06_9.32761571218212e-06_9.32761571218212e-06
1016,14985,26-15-9-2-1,4.29070322760377e-05_4.29070322760377e-05_4.29070322760377e-05_4.29070322760377e-05_4.29070322760377e-05
1016,14986,122-16-2-2-1,1.3058661997055e-05_1.3058661997055e-05_1.3058661997055e-05_1.3058661997055e-05_1.3058661997055e-05
1016,14987,186-15-9-2-1,8.0839336172245e-06_8.0839336172245e-06_8.0839336172245e-06_8.0839336172245e-06_8.0839336172245e-06
1016,14988,177-7-4-2-1,8.51922235045966e-05_8.51922235045966e-05_8.51922235045966e-05_8.51922235045966e-05_8.51922235045966e-05
1016,14989,174-15-9-2-1,1.6167867234449e-05_1.6167867234449e-05_1.6167867234449e-05_1.6167867234449e-05_1.6167867234449e-05
1016,14990,33-16-2-2-1,2.11425956142795e-05_2.11425956142795e-05_2.11425956142795e-05_2.11425956142795e-05_2.11425956142795e-05
1016,14991,66-29-2-2-1,7.21335615075417e-05_7.21335615075417e-05_7.21335615075417e-05_7.21335615075417e-05_7.21335615075417e-05
1016,14992,159-4-4-2-1,5.59656942730927e-06_5.59656942730927e-06_5.59656942730927e-06_5.59656942730927e-06_5.59656942730927e-06
1016,14993,25-10-2-2-1,2.17644366617583e-05_2.17644366617583e-05_2.17644366617583e-05_2.17644366617583e-05_2.17644366617583e-05
1016,14994,65-1-1-1-1,2.05207545668007e-05_2.05207545668007e-05_2.05207545668007e-05_2.05207545668007e-05_2.05207545668007e-05
1016,14995,98-27-8-1-1,1.49241851394914e-05_1.49241851394914e-05_1.49241851394914e-05_1.49241851394914e-05_1.49241851394914e-05
1016,14996,160-30-1-1-1,1.05712978071397e-05_1.05712978071397e-05_1.05712978071397e-05_1.05712978071397e-05_1.05712978071397e-05
1016,14997,56-9-7-1-1,0.00142401599872647_0.00142401599872647_0.00142401599872647_0.00142401599872647_0.00142401599872647
1016,14998,57-7-4-2-1,1.36805030445338e-05_1.36805030445338e-05_1.36805030445338e-05_1.36805030445338e-05_1.36805030445338e-05
1016,14999,88-35-4-2-1,1.6167867234449e-05_1.6167867234449e-05_1.6167867234449e-05_1.6167867234449e-05_1.6167867234449e-05
1016,15000,148-29-2-2-1,2.42518008516735e-05_2.42518008516735e-05_2.42518008516735e-05_2.42518008516735e-05_2.42518008516735e-05
1016,15001,65-1-1-1-1,6.90243562701477e-05_6.90243562701477e-05_6.90243562701477e-05_6.90243562701477e-05_6.90243562701477e-05
1016,15002,75-1-1-1-1,4.35288733235165e-06_4.35288733235165e-06_4.35288733235165e-06_4.35288733235165e-06_4.35288733235165e-06
1016,15003,73-24-7-1-1,0.00135623532455128_0.00135623532455128_0.00135623532455128_0.00135623532455128_0.00135623532455128
1016,15004,9-8-3-1-1,8.02174951247662e-05_8.02174951247662e-05_8.02174951247662e-05_8.02174951247662e-05_8.02174951247662e-05
1016,15005,199-19-9-2-1,5.59656942730927e-06_5.59656942730927e-06_5.59656942730927e-06_5.59656942730927e-06_5.59656942730927e-06
1016,15006,176-20-9-2-1,6.84025152226688e-06_6.84025152226688e-06_6.84025152226688e-06_6.84025152226688e-06_6.84025152226688e-06
1016,15007,166-18-4-2-1,2.54954829466311e-05_2.54954829466311e-05_2.54954829466311e-05_2.54954829466311e-05_2.54954829466311e-05
1016,15008,112-14-4-2-1,1.67897082819278e-05_1.67897082819278e-05_1.67897082819278e-05_1.67897082819278e-05_1.67897082819278e-05
1016,15009,108-13-6-2-1,0.000332684960401162_0.000332684960401162_0.000332684960401162_0.000332684960401162_0.000332684960401162
1016,15010,188-14-4-2-1,4.22851912285589e-05_4.22851912285589e-05_4.22851912285589e-05_4.22851912285589e-05_4.22851912285589e-05
1016,15011,188-14-4-2-1,9.94945675966092e-06_9.94945675966092e-06_9.94945675966092e-06_9.94945675966092e-06_9.94945675966092e-06
1016,15012,6-6-6-2-1,0.000208938591952879_0.000208938591952879_0.000208938591952879_0.000208938591952879_0.000208938591952879
1016,15013,159-4-4-2-1,5.59656942730927e-06_5.59656942730927e-06_5.59656942730927e-06_5.59656942730927e-06_5.59656942730927e-06
1016,15014,117-27-8-1-1,4.04196680861225e-05_4.04196680861225e-05_4.04196680861225e-05_4.04196680861225e-05_4.04196680861225e-05
1016,15015,100-8-3-1-1,0.000369995423249891_0.000369995423249891_0.000369995423249891_0.000369995423249891_0.000369995423249891
1016,15016,105-8-3-1-1,4.16633501810801e-05_4.16633501810801e-05_4.16633501810801e-05_4.16633501810801e-05_4.16633501810801e-05
1016,15017,34-19-9-2-1,4.35288733235165e-06_4.35288733235165e-06_4.35288733235165e-06_4.35288733235165e-06_4.35288733235165e-06
1016,15018,98-27-8-1-1,2.05207545668007e-05_2.05207545668007e-05_2.05207545668007e-05_2.05207545668007e-05_2.05207545668007e-05
1016,15019,153-18-4-2-1,3.73104628487285e-06_3.73104628487285e-06_3.73104628487285e-06_3.73104628487285e-06_3.73104628487285e-06
1016,15020,185-41-9-2-1,3.73104628487285e-06_3.73104628487285e-06_3.73104628487285e-06_3.73104628487285e-06_3.73104628487285e-06
1016,15021,142-42-12-1-1,6.84025152226688e-06_6.84025152226688e-06_6.84025152226688e-06_6.84025152226688e-06_6.84025152226688e-06
1016,15022,121-39-11-1-1,3.10920523739404e-06_3.10920523739404e-06_3.10920523739404e-06_3.10920523739404e-06_3.10920523739404e-06
1016,15023,180-40-4-2-1,6.21841047478808e-06_6.21841047478808e-06_6.21841047478808e-06_6.21841047478808e-06_6.21841047478808e-06
1016,15024,149-16-2-2-1,2.54954829466311e-05_2.54954829466311e-05_2.54954829466311e-05_2.54954829466311e-05_2.54954829466311e-05
1016,15025,119-6-6-2-1,6.96461973176265e-05_6.96461973176265e-05_6.96461973176265e-05_6.96461973176265e-05_6.96461973176265e-05
1016,15027,178-44-12-1-1,1.3058661997055e-05_1.3058661997055e-05_1.3058661997055e-05_1.3058661997055e-05_1.3058661997055e-05
1016,15028,177-7-4-2-1,2.98483702789828e-05_2.98483702789828e-05_2.98483702789828e-05_2.98483702789828e-05_2.98483702789828e-05
1016,15029,37-11-4-2-1,7.46209256974569e-06_7.46209256974569e-06_7.46209256974569e-06_7.46209256974569e-06_7.46209256974569e-06
1016,15030,55-22-8-1-1,7.46209256974569e-06_7.46209256974569e-06_7.46209256974569e-06_7.46209256974569e-06_7.46209256974569e-06
1016,15031,166-18-4-2-1,6.84025152226688e-06_6.84025152226688e-06_6.84025152226688e-06_6.84025152226688e-06_6.84025152226688e-06
1016,15032,130-12-8-1-1,8.45703824571178e-05_8.45703824571178e-05_8.45703824571178e-05_8.45703824571178e-05_8.45703824571178e-05
1016,15033,130-12-8-1-1,5.03691248457834e-05_5.03691248457834e-05_5.03691248457834e-05_5.03691248457834e-05_5.03691248457834e-05
1016,15034,130-12-8-1-1,4.22851912285589e-05_4.22851912285589e-05_4.22851912285589e-05_4.22851912285589e-05_4.22851912285589e-05
1016,15035,130-12-8-1-1,4.35288733235165e-06_4.35288733235165e-06_4.35288733235165e-06_4.35288733235165e-06_4.35288733235165e-06
1016,15036,47-22-8-1-1,3.73104628487285e-06_3.73104628487285e-06_3.73104628487285e-06_3.73104628487285e-06_3.73104628487285e-06
1016,15037,79-32-10-1-1,1.11931388546185e-05_1.11931388546185e-05_1.11931388546185e-05_1.11931388546185e-05_1.11931388546185e-05
1016,15038,34-19-9-2-1,2.48736418991523e-06_2.48736418991523e-06_2.48736418991523e-06_2.48736418991523e-06_2.48736418991523e-06
1016,15039,172-40-4-2-1,1.86552314243642e-06_1.86552314243642e-06_1.86552314243642e-06_1.86552314243642e-06_1.86552314243642e-06
1016,15041,130-12-8-1-1,4.97472837983046e-06_4.97472837983046e-06_4.97472837983046e-06_4.97472837983046e-06_4.97472837983046e-06
1016,15042,231-34-11-1-1,0.000838863573048912_0.000838863573048912_0.000838863573048912_0.000838863573048912_0.000838863573048912
1016,15043,221-35-4-2-1,6.21841047478808e-06_6.21841047478808e-06_6.21841047478808e-06_6.21841047478808e-06_6.21841047478808e-06
1016,15044,185-41-9-2-1,4.35288733235165e-06_4.35288733235165e-06_4.35288733235165e-06_4.35288733235165e-06_4.35288733235165e-06
1016,15045,98-27-8-1-1,1.9277072471843e-05_1.9277072471843e-05_1.9277072471843e-05_1.9277072471843e-05_1.9277072471843e-05
1016,15047,147-11-4-2-1,0.000138048712540295_0.000138048712540295_0.000138048712540295_0.000138048712540295_0.000138048712540295
1016,15048,188-14-4-2-1,8.0839336172245e-06_8.0839336172245e-06_8.0839336172245e-06_8.0839336172245e-06_8.0839336172245e-06
1016,15049,147-11-4-2-1,2.30081187567159e-05_2.30081187567159e-05_2.30081187567159e-05_2.30081187567159e-05_2.30081187567159e-05
1016,15050,75-1-1-1-1,1.05712978071397e-05_1.05712978071397e-05_1.05712978071397e-05_1.05712978071397e-05_1.05712978071397e-05
1016,15051,147-11-4-2-1,2.48736418991523e-05_2.48736418991523e-05_2.48736418991523e-05_2.48736418991523e-05_2.48736418991523e-05
1016,15052,147-11-4-2-1,8.70577466470331e-06_8.70577466470331e-06_8.70577466470331e-06_8.70577466470331e-06_8.70577466470331e-06
1016,15053,17-11-4-2-1,4.10415091336013e-05_4.10415091336013e-05_4.10415091336013e-05_4.10415091336013e-05_4.10415091336013e-05
1016,15054,147-11-4-2-1,0.000186552314243642_0.000186552314243642_0.000186552314243642_0.000186552314243642_0.000186552314243642
1016,15055,147-11-4-2-1,0.000144888964062562_0.000144888964062562_0.000144888964062562_0.000144888964062562_0.000144888964062562
1016,15056,147-11-4-2-1,1.67897082819278e-05_1.67897082819278e-05_1.67897082819278e-05_1.67897082819278e-05_1.67897082819278e-05
1016,15057,191-37-4-2-1,3.35794165638556e-05_3.35794165638556e-05_3.35794165638556e-05_3.35794165638556e-05_3.35794165638556e-05
1016,15059,226-32-10-1-1,1.49241851394914e-05_1.49241851394914e-05_1.49241851394914e-05_1.49241851394914e-05_1.49241851394914e-05
1016,15060,17-11-4-2-1,4.97472837983046e-06_4.97472837983046e-06_4.97472837983046e-06_4.97472837983046e-06_4.97472837983046e-06
1016,15061,191-37-4-2-1,9.32761571218212e-06_9.32761571218212e-06_9.32761571218212e-06_9.32761571218212e-06_9.32761571218212e-06
1016,15063,196-14-4-2-1,1.6167867234449e-05_1.6167867234449e-05_1.6167867234449e-05_1.6167867234449e-05_1.6167867234449e-05
1016,15064,140-42-12-1-1,3.73104628487285e-06_3.73104628487285e-06_3.73104628487285e-06_3.73104628487285e-06_3.73104628487285e-06
1016,15065,149-16-2-2-1,8.70577466470331e-06_8.70577466470331e-06_8.70577466470331e-06_8.70577466470331e-06_8.70577466470331e-06
1016,15066,175-20-9-2-1,2.79828471365463e-05_2.79828471365463e-05_2.79828471365463e-05_2.79828471365463e-05_2.79828471365463e-05
1016,15068,213-15-9-2-1,7.46209256974569e-06_7.46209256974569e-06_7.46209256974569e-06_7.46209256974569e-06_7.46209256974569e-06
1016,15069,8-7-4-2-1,7.46209256974569e-06_7.46209256974569e-06_7.46209256974569e-06_7.46209256974569e-06_7.46209256974569e-06
1016,15070,142-42-12-1-1,1.18149799020973e-05_1.18149799020973e-05_1.18149799020973e-05_1.18149799020973e-05_1.18149799020973e-05
1016,15072,196-14-4-2-1,6.84025152226688e-06_6.84025152226688e-06_6.84025152226688e-06_6.84025152226688e-06_6.84025152226688e-06
1016,15073,138-23-8-1-1,4.35288733235165e-06_4.35288733235165e-06_4.35288733235165e-06_4.35288733235165e-06_4.35288733235165e-06
1016,15074,172-40-4-2-1,5.59656942730927e-06_5.59656942730927e-06_5.59656942730927e-06_5.59656942730927e-06_5.59656942730927e-06
1016,15075,123-41-9-2-1,9.82508855016516e-05_9.82508855016516e-05_9.82508855016516e-05_9.82508855016516e-05_9.82508855016516e-05
1016,15076,152-32-10-1-1,4.35288733235165e-06_4.35288733235165e-06_4.35288733235165e-06_4.35288733235165e-06_4.35288733235165e-06
1016,15077,4-4-4-2-1,3.10920523739404e-06_3.10920523739404e-06_3.10920523739404e-06_3.10920523739404e-06_3.10920523739404e-06
1016,15078,172-40-4-2-1,2.48736418991523e-06_2.48736418991523e-06_2.48736418991523e-06_2.48736418991523e-06_2.48736418991523e-06
1016,15079,180-40-4-2-1,4.10415091336013e-05_4.10415091336013e-05_4.10415091336013e-05_4.10415091336013e-05_4.10415091336013e-05
1016,15080,8-7-4-2-1,5.59656942730927e-06_5.59656942730927e-06_5.59656942730927e-06_5.59656942730927e-06_5.59656942730927e-06
1016,15081,34-19-9-2-1,3.73104628487285e-06_3.73104628487285e-06_3.73104628487285e-06_3.73104628487285e-06_3.73104628487285e-06
1016,15082,141-42-12-1-1,4.35288733235165e-06_4.35288733235165e-06_4.35288733235165e-06_4.35288733235165e-06_4.35288733235165e-06
1016,15083,126-29-2-2-1,3.5444939706292e-05_3.5444939706292e-05_3.5444939706292e-05_3.5444939706292e-05_3.5444939706292e-05
1016,15084,179-26-4-2-1,8.0839336172245e-06_8.0839336172245e-06_8.0839336172245e-06_8.0839336172245e-06_8.0839336172245e-06
1016,15085,140-42-12-1-1,9.94945675966092e-06_9.94945675966092e-06_9.94945675966092e-06_9.94945675966092e-06_9.94945675966092e-06
1016,15086,227-41-9-2-1,1.24368209495762e-05_1.24368209495762e-05_1.24368209495762e-05_1.24368209495762e-05_1.24368209495762e-05
1016,15087,212-41-9-2-1,1.18149799020973e-05_1.18149799020973e-05_1.18149799020973e-05_1.18149799020973e-05_1.18149799020973e-05
1016,15088,66-29-2-2-1,5.59656942730927e-06_5.59656942730927e-06_5.59656942730927e-06_5.59656942730927e-06_5.59656942730927e-06
1016,15089,216-19-9-2-1,4.35288733235165e-06_4.35288733235165e-06_4.35288733235165e-06_4.35288733235165e-06_4.35288733235165e-06
1016,15090,188-14-4-2-1,0.000211425956142795_0.000211425956142795_0.000211425956142795_0.000211425956142795_0.000211425956142795
1016,15091,202-37-4-2-1,3.91759859911649e-05_3.91759859911649e-05_3.91759859911649e-05_3.91759859911649e-05_3.91759859911649e-05
1016,15092,172-40-4-2-1,4.97472837983046e-06_4.97472837983046e-06_4.97472837983046e-06_4.97472837983046e-06_4.97472837983046e-06
1016,15093,185-41-9-2-1,3.10920523739404e-06_3.10920523739404e-06_3.10920523739404e-06_3.10920523739404e-06_3.10920523739404e-06
1016,15094,200-15-9-2-1,8.70577466470331e-06_8.70577466470331e-06_8.70577466470331e-06_8.70577466470331e-06_8.70577466470331e-06
1016,15095,188-14-4-2-1,6.28059457953596e-05_6.28059457953596e-05_6.28059457953596e-05_6.28059457953596e-05_6.28059457953596e-05
1016,15096,179-26-4-2-1,4.97472837983046e-06_4.97472837983046e-06_4.97472837983046e-06_4.97472837983046e-06_4.97472837983046e-06
1016,15097,175-20-9-2-1,0.000153594738727265_0.000153594738727265_0.000153594738727265_0.000153594738727265_0.000153594738727265
1016,15098,213-15-9-2-1,2.48736418991523e-05_2.48736418991523e-05_2.48736418991523e-05_2.48736418991523e-05_2.48736418991523e-05
1016,15099,134-29-2-2-1,3.10920523739404e-06_3.10920523739404e-06_3.10920523739404e-06_3.10920523739404e-06_3.10920523739404e-06
1016,15100,175-20-9-2-1,9.32761571218212e-06_9.32761571218212e-06_9.32761571218212e-06_9.32761571218212e-06_9.32761571218212e-06
1016,15101,175-20-9-2-1,5.59656942730927e-06_5.59656942730927e-06_5.59656942730927e-06_5.59656942730927e-06_5.59656942730927e-06
1016,15102,172-40-4-2-1,4.35288733235165e-06_4.35288733235165e-06_4.35288733235165e-06_4.35288733235165e-06_4.35288733235165e-06
1016,15104,175-20-9-2-1,2.73610060890675e-05_2.73610060890675e-05_2.73610060890675e-05_2.73610060890675e-05_2.73610060890675e-05
1016,15105,175-20-9-2-1,1.3058661997055e-05_1.3058661997055e-05_1.3058661997055e-05_1.3058661997055e-05_1.3058661997055e-05
1016,15106,8-7-4-2-1,3.10920523739404e-06_3.10920523739404e-06_3.10920523739404e-06_3.10920523739404e-06_3.10920523739404e-06
1016,15107,175-20-9-2-1,2.54954829466311e-05_2.54954829466311e-05_2.54954829466311e-05_2.54954829466311e-05_2.54954829466311e-05
1016,15108,35-20-9-2-1,8.33267003621602e-05_8.33267003621602e-05_8.33267003621602e-05_8.33267003621602e-05_8.33267003621602e-05
1016,15109,103-13-6-2-1,9.94945675966092e-05_9.94945675966092e-05_9.94945675966092e-05_9.94945675966092e-05_9.94945675966092e-05
1016,15110,220-22-8-1-1,6.21841047478808e-06_6.21841047478808e-06_6.21841047478808e-06_6.21841047478808e-06_6.21841047478808e-06
1016,15111,89-13-6-2-1,2.86046881840252e-05_2.86046881840252e-05_2.86046881840252e-05_2.86046881840252e-05_2.86046881840252e-05
1016,15113,185-41-9-2-1,3.10920523739404e-06_3.10920523739404e-06_3.10920523739404e-06_3.10920523739404e-06_3.10920523739404e-06
1016,15114,185-41-9-2-1,4.97472837983046e-06_4.97472837983046e-06_4.97472837983046e-06_4.97472837983046e-06_4.97472837983046e-06
1016,15115,167-18-4-2-1,3.10920523739404e-05_3.10920523739404e-05_3.10920523739404e-05_3.10920523739404e-05_3.10920523739404e-05
1016,15116,184-31-9-2-1,3.73104628487285e-06_3.73104628487285e-06_3.73104628487285e-06_3.73104628487285e-06_3.73104628487285e-06
1016,15117,18-12-8-1-1,1.05712978071397e-05_1.05712978071397e-05_1.05712978071397e-05_1.05712978071397e-05_1.05712978071397e-05
1016,15118,153-18-4-2-1,4.97472837983046e-06_4.97472837983046e-06_4.97472837983046e-06_4.97472837983046e-06_4.97472837983046e-06
1016,15119,156-37-4-2-1,6.84025152226688e-06_6.84025152226688e-06_6.84025152226688e-06_6.84025152226688e-06_6.84025152226688e-06
1016,15120,212-41-9-2-1,6.21841047478808e-06_6.21841047478808e-06_6.21841047478808e-06_6.21841047478808e-06_6.21841047478808e-06
1016,15121,199-19-9-2-1,3.42012576113344e-05_3.42012576113344e-05_3.42012576113344e-05_3.42012576113344e-05_3.42012576113344e-05
1016,15122,172-40-4-2-1,3.10920523739404e-06_3.10920523739404e-06_3.10920523739404e-06_3.10920523739404e-06_3.10920523739404e-06
1016,15123,144-43-4-2-1,1.49241851394914e-05_1.49241851394914e-05_1.49241851394914e-05_1.49241851394914e-05_1.49241851394914e-05
1016,15124,7-4-4-2-1,2.9226529231504e-05_2.9226529231504e-05_2.9226529231504e-05_2.9226529231504e-05_2.9226529231504e-05
1016,15125,172-40-4-2-1,4.97472837983046e-06_4.97472837983046e-06_4.97472837983046e-06_4.97472837983046e-06_4.97472837983046e-06
1016,15126,236-42-12-1-1,3.10920523739404e-06_3.10920523739404e-06_3.10920523739404e-06_3.10920523739404e-06_3.10920523739404e-06
1016,15127,205-12-8-1-1,3.73104628487285e-06_3.73104628487285e-06_3.73104628487285e-06_3.73104628487285e-06_3.73104628487285e-06
1016,15128,112-14-4-2-1,2.48736418991523e-06_2.48736418991523e-06_2.48736418991523e-06_2.48736418991523e-06_2.48736418991523e-06
1016,15129,29-17-10-1-1,1.98989135193218e-05_1.98989135193218e-05_1.98989135193218e-05_1.98989135193218e-05_1.98989135193218e-05
1016,15130,142-42-12-1-1,3.73104628487285e-06_3.73104628487285e-06_3.73104628487285e-06_3.73104628487285e-06_3.73104628487285e-06
1016,15131,6-6-6-2-1,0.000139914235682732_0.000139914235682732_0.000139914235682732_0.000139914235682732_0.000139914235682732
1016,15132,216-19-9-2-1,3.10920523739404e-06_3.10920523739404e-06_3.10920523739404e-06_3.10920523739404e-06_3.10920523739404e-06
1016,15133,152-32-10-1-1,3.10920523739404e-06_3.10920523739404e-06_3.10920523739404e-06_3.10920523739404e-06_3.10920523739404e-06
1016,15134,94-9-7-1-1,0.000703302224698531_0.000703302224698531_0.000703302224698531_0.000703302224698531_0.000703302224698531
1016,15135,6-6-6-2-1,4.5394396465953e-05_4.5394396465953e-05_4.5394396465953e-05_4.5394396465953e-05_4.5394396465953e-05
1016,15136,114-40-4-2-1,1.36805030445338e-05_1.36805030445338e-05_1.36805030445338e-05_1.36805030445338e-05_1.36805030445338e-05
1016,15137,200-15-9-2-1,3.10920523739404e-05_3.10920523739404e-05_3.10920523739404e-05_3.10920523739404e-05_3.10920523739404e-05
1016,15138,88-35-4-2-1,4.10415091336013e-05_4.10415091336013e-05_4.10415091336013e-05_4.10415091336013e-05_4.10415091336013e-05
1016,15139,16-10-2-2-1,0.000299105543837306_0.000299105543837306_0.000299105543837306_0.000299105543837306_0.000299105543837306
1016,15140,37-11-4-2-1,4.97472837983046e-06_4.97472837983046e-06_4.97472837983046e-06_4.97472837983046e-06_4.97472837983046e-06
1016,15141,196-14-4-2-1,9.94945675966092e-06_9.94945675966092e-06_9.94945675966092e-06_9.94945675966092e-06_9.94945675966092e-06
1016,15142,171-18-4-2-1,1.36805030445338e-05_1.36805030445338e-05_1.36805030445338e-05_1.36805030445338e-05_1.36805030445338e-05
1016,15143,26-15-9-2-1,4.35288733235165e-05_4.35288733235165e-05_4.35288733235165e-05_4.35288733235165e-05_4.35288733235165e-05
1016,15144,71-29-2-2-1,2.30081187567159e-05_2.30081187567159e-05_2.30081187567159e-05_2.30081187567159e-05_2.30081187567159e-05
1016,15145,1-1-1-1-1,2.42518008516735e-05_2.42518008516735e-05_2.42518008516735e-05_2.42518008516735e-05_2.42518008516735e-05
1016,15146,1-1-1-1-1,1.86552314243642e-05_1.86552314243642e-05_1.86552314243642e-05_1.86552314243642e-05_1.86552314243642e-05
1016,15147,47-22-8-1-1,2.36299598041947e-05_2.36299598041947e-05_2.36299598041947e-05_2.36299598041947e-05_2.36299598041947e-05
1016,15148,47-22-8-1-1,8.0839336172245e-06_8.0839336172245e-06_8.0839336172245e-06_8.0839336172245e-06_8.0839336172245e-06
1016,15149,51-22-8-1-1,5.59656942730927e-06_5.59656942730927e-06_5.59656942730927e-06_5.59656942730927e-06_5.59656942730927e-06
1016,15150,6-6-6-2-1,0.00015110737453735_0.00015110737453735_0.00015110737453735_0.00015110737453735_0.00015110737453735
1016,15151,44-13-6-2-1,1.05712978071397e-05_1.05712978071397e-05_1.05712978071397e-05_1.05712978071397e-05_1.05712978071397e-05
1016,15152,227-41-9-2-1,4.97472837983046e-06_4.97472837983046e-06_4.97472837983046e-06_4.97472837983046e-06_4.97472837983046e-06
1016,15153,149-16-2-2-1,2.9226529231504e-05_2.9226529231504e-05_2.9226529231504e-05_2.9226529231504e-05_2.9226529231504e-05
1016,15154,44-13-6-2-1,2.42518008516735e-05_2.42518008516735e-05_2.42518008516735e-05_2.42518008516735e-05_2.42518008516735e-05
1016,15155,44-13-6-2-1,1.3058661997055e-05_1.3058661997055e-05_1.3058661997055e-05_1.3058661997055e-05_1.3058661997055e-05
1016,15156,1-1-1-1-1,1.80333903768854e-05_1.80333903768854e-05_1.80333903768854e-05_1.80333903768854e-05_1.80333903768854e-05
1016,15157,45-5-5-1-1,2.67391650415887e-05_2.67391650415887e-05_2.67391650415887e-05_2.67391650415887e-05_2.67391650415887e-05
1016,15160,152-32-10-1-1,8.70577466470331e-06_8.70577466470331e-06_8.70577466470331e-06_8.70577466470331e-06_8.70577466470331e-06
1016,15161,185-41-9-2-1,6.84025152226688e-06_6.84025152226688e-06_6.84025152226688e-06_6.84025152226688e-06_6.84025152226688e-06
1016,15162,121-39-11-1-1,3.10920523739404e-06_3.10920523739404e-06_3.10920523739404e-06_3.10920523739404e-06_3.10920523739404e-06
1016,15163,57-7-4-2-1,4.35288733235165e-06_4.35288733235165e-06_4.35288733235165e-06_4.35288733235165e-06_4.35288733235165e-06
1016,15164,226-32-10-1-1,3.10920523739404e-06_3.10920523739404e-06_3.10920523739404e-06_3.10920523739404e-06_3.10920523739404e-06
1016,15165,123-41-9-2-1,6.90243562701477e-05_6.90243562701477e-05_6.90243562701477e-05_6.90243562701477e-05_6.90243562701477e-05
1016,15166,103-13-6-2-1,6.59151510327536e-05_6.59151510327536e-05_6.59151510327536e-05_6.59151510327536e-05_6.59151510327536e-05
1016,15167,4-4-4-2-1,6.84025152226688e-06_6.84025152226688e-06_6.84025152226688e-06_6.84025152226688e-06_6.84025152226688e-06
1016,15168,34-19-9-2-1,4.35288733235165e-06_4.35288733235165e-06_4.35288733235165e-06_4.35288733235165e-06_4.35288733235165e-06
1016,15169,184-31-9-2-1,3.79323038962073e-05_3.79323038962073e-05_3.79323038962073e-05_3.79323038962073e-05_3.79323038962073e-05
1016,15170,205-12-8-1-1,4.35288733235165e-06_4.35288733235165e-06_4.35288733235165e-06_4.35288733235165e-06_4.35288733235165e-06
1016,15171,22-13-6-2-1,0.000236921439089426_0.000236921439089426_0.000236921439089426_0.000236921439089426_0.000236921439089426
1016,15172,175-20-9-2-1,2.67391650415887e-05_2.67391650415887e-05_2.67391650415887e-05_2.67391650415887e-05_2.67391650415887e-05
1016,15173,124-29-2-2-1,0.000149863692442393_0.000149863692442393_0.000149863692442393_0.000149863692442393_0.000149863692442393
1016,15174,235-34-11-1-1,1.49241851394914e-05_1.49241851394914e-05_1.49241851394914e-05_1.49241851394914e-05_1.49241851394914e-05
1016,15175,209-35-4-2-1,4.22851912285589e-05_4.22851912285589e-05_4.22851912285589e-05_4.22851912285589e-05_4.22851912285589e-05
1016,15176,171-18-4-2-1,1.11931388546185e-05_1.11931388546185e-05_1.11931388546185e-05_1.11931388546185e-05_1.11931388546185e-05
1016,15177,10-3-3-1-1,2.42518008516735e-05_2.42518008516735e-05_2.42518008516735e-05_2.42518008516735e-05_2.42518008516735e-05
1016,15178,185-41-9-2-1,5.59656942730927e-06_5.59656942730927e-06_5.59656942730927e-06_5.59656942730927e-06_5.59656942730927e-06
1016,15179,5-5-5-1-1,7.46209256974569e-06_7.46209256974569e-06_7.46209256974569e-06_7.46209256974569e-06_7.46209256974569e-06
1016,15180,185-41-9-2-1,3.10920523739404e-06_3.10920523739404e-06_3.10920523739404e-06_3.10920523739404e-06_3.10920523739404e-06
1016,15181,142-42-12-1-1,7.46209256974569e-06_7.46209256974569e-06_7.46209256974569e-06_7.46209256974569e-06_7.46209256974569e-06
1016,15182,184-31-9-2-1,2.9226529231504e-05_2.9226529231504e-05_2.9226529231504e-05_2.9226529231504e-05_2.9226529231504e-05
1016,15183,185-41-9-2-1,3.73104628487285e-06_3.73104628487285e-06_3.73104628487285e-06_3.73104628487285e-06_3.73104628487285e-06
1016,15184,185-41-9-2-1,6.21841047478808e-06_6.21841047478808e-06_6.21841047478808e-06_6.21841047478808e-06_6.21841047478808e-06
1016,15185,172-40-4-2-1,6.21841047478808e-06_6.21841047478808e-06_6.21841047478808e-06_6.21841047478808e-06_6.21841047478808e-06
1016,15186,201-17-10-1-1,2.61173239941099e-05_2.61173239941099e-05_2.61173239941099e-05_2.61173239941099e-05_2.61173239941099e-05
1016,15187,149-16-2-2-1,1.49241851394914e-05_1.49241851394914e-05_1.49241851394914e-05_1.49241851394914e-05_1.49241851394914e-05
1016,15188,199-19-9-2-1,3.35794165638556e-05_3.35794165638556e-05_3.35794165638556e-05_3.35794165638556e-05_3.35794165638556e-05
1016,15189,4-4-4-2-1,2.73610060890675e-05_2.73610060890675e-05_2.73610060890675e-05_2.73610060890675e-05_2.73610060890675e-05
1016,15190,228-17-10-1-1,6.84025152226688e-06_6.84025152226688e-06_6.84025152226688e-06_6.84025152226688e-06_6.84025152226688e-06
1016,15191,201-17-10-1-1,1.11931388546185e-05_1.11931388546185e-05_1.11931388546185e-05_1.11931388546185e-05_1.11931388546185e-05
1016,15192,159-4-4-2-1,4.35288733235165e-06_4.35288733235165e-06_4.35288733235165e-06_4.35288733235165e-06_4.35288733235165e-06
1016,15193,118-36-10-1-1,8.70577466470331e-06_8.70577466470331e-06_8.70577466470331e-06_8.70577466470331e-06_8.70577466470331e-06
1016,15194,185-41-9-2-1,3.10920523739404e-06_3.10920523739404e-06_3.10920523739404e-06_3.10920523739404e-06_3.10920523739404e-06
1016,15195,17-11-4-2-1,3.10920523739404e-06_3.10920523739404e-06_3.10920523739404e-06_3.10920523739404e-06_3.10920523739404e-06
1016,15196,205-12-8-1-1,1.9277072471843e-05_1.9277072471843e-05_1.9277072471843e-05_1.9277072471843e-05_1.9277072471843e-05
1016,15197,92-2-2-2-1,0.000238165121184383_0.000238165121184383_0.000238165121184383_0.000238165121184383_0.000238165121184383
1016,15198,180-40-4-2-1,6.21841047478808e-06_6.21841047478808e-06_6.21841047478808e-06_6.21841047478808e-06_6.21841047478808e-06
1016,15199,158-2-2-2-1,8.14611772197238e-05_8.14611772197238e-05_8.14611772197238e-05_8.14611772197238e-05_8.14611772197238e-05
1016,15200,71-29-2-2-1,8.70577466470331e-06_8.70577466470331e-06_8.70577466470331e-06_8.70577466470331e-06_8.70577466470331e-06
1016,15201,89-13-6-2-1,5.53438532256139e-05_5.53438532256139e-05_5.53438532256139e-05_5.53438532256139e-05_5.53438532256139e-05
1016,15202,55-22-8-1-1,2.42518008516735e-05_2.42518008516735e-05_2.42518008516735e-05_2.42518008516735e-05_2.42518008516735e-05
1016,15203,150-30-1-1-1,2.30081187567159e-05_2.30081187567159e-05_2.30081187567159e-05_2.30081187567159e-05_2.30081187567159e-05
1016,15204,148-29-2-2-1,6.21841047478808e-06_6.21841047478808e-06_6.21841047478808e-06_6.21841047478808e-06_6.21841047478808e-06
1016,15205,148-29-2-2-1,3.5444939706292e-05_3.5444939706292e-05_3.5444939706292e-05_3.5444939706292e-05_3.5444939706292e-05
1016,15206,102-13-6-2-1,1.24368209495762e-05_1.24368209495762e-05_1.24368209495762e-05_1.24368209495762e-05_1.24368209495762e-05
1016,15207,57-7-4-2-1,1.11931388546185e-05_1.11931388546185e-05_1.11931388546185e-05_1.11931388546185e-05_1.11931388546185e-05
1016,15208,150-30-1-1-1,1.05712978071397e-05_1.05712978071397e-05_1.05712978071397e-05_1.05712978071397e-05_1.05712978071397e-05
1016,15209,94-9-7-1-1,0.00196563955108051_0.00196563955108051_0.00196563955108051_0.00196563955108051_0.00196563955108051
1016,15210,88-35-4-2-1,3.42012576113344e-05_3.42012576113344e-05_3.42012576113344e-05_3.42012576113344e-05_3.42012576113344e-05
1016,15211,88-35-4-2-1,2.36299598041947e-05_2.36299598041947e-05_2.36299598041947e-05_2.36299598041947e-05_2.36299598041947e-05
1016,15212,166-18-4-2-1,1.3058661997055e-05_1.3058661997055e-05_1.3058661997055e-05_1.3058661997055e-05_1.3058661997055e-05
1016,15213,107-6-6-2-1,0.000399843793528873_0.000399843793528873_0.000399843793528873_0.000399843793528873_0.000399843793528873
1016,15214,153-18-4-2-1,1.43023440920126e-05_1.43023440920126e-05_1.43023440920126e-05_1.43023440920126e-05_1.43023440920126e-05
1016,15215,58-13-6-2-1,2.86046881840252e-05_2.86046881840252e-05_2.86046881840252e-05_2.86046881840252e-05_2.86046881840252e-05
1016,15216,119-6-6-2-1,0.000205829386715485_0.000205829386715485_0.000205829386715485_0.000205829386715485_0.000205829386715485
1016,15217,157-12-8-1-1,0.000728175866597684_0.000728175866597684_0.000728175866597684_0.000728175866597684_0.000728175866597684
1016,15218,154-25-8-1-1,1.05712978071397e-05_1.05712978071397e-05_1.05712978071397e-05_1.05712978071397e-05_1.05712978071397e-05
1016,15219,205-12-8-1-1,6.84025152226688e-06_6.84025152226688e-06_6.84025152226688e-06_6.84025152226688e-06_6.84025152226688e-06
1016,15220,205-12-8-1-1,8.0839336172245e-06_8.0839336172245e-06_8.0839336172245e-06_8.0839336172245e-06_8.0839336172245e-06
1016,15221,137-26-4-2-1,1.49241851394914e-05_1.49241851394914e-05_1.49241851394914e-05_1.49241851394914e-05_1.49241851394914e-05
1016,15222,103-13-6-2-1,0.00017224997015163_0.00017224997015163_0.00017224997015163_0.00017224997015163_0.00017224997015163
1016,15223,6-6-6-2-1,0.000167897082819278_0.000167897082819278_0.000167897082819278_0.000167897082819278_0.000167897082819278
1016,15224,112-14-4-2-1,3.73104628487285e-06_3.73104628487285e-06_3.73104628487285e-06_3.73104628487285e-06_3.73104628487285e-06
1016,15225,89-13-6-2-1,2.9226529231504e-05_2.9226529231504e-05_2.9226529231504e-05_2.9226529231504e-05_2.9226529231504e-05
1016,15226,129-21-4-2-1,5.84530584630079e-05_5.84530584630079e-05_5.84530584630079e-05_5.84530584630079e-05_5.84530584630079e-05
1016,15227,129-21-4-2-1,3.97978270386437e-05_3.97978270386437e-05_3.97978270386437e-05_3.97978270386437e-05_3.97978270386437e-05
1016,15228,57-7-4-2-1,4.35288733235165e-06_4.35288733235165e-06_4.35288733235165e-06_4.35288733235165e-06_4.35288733235165e-06
1016,15229,61-13-6-2-1,8.20830182672026e-05_8.20830182672026e-05_8.20830182672026e-05_8.20830182672026e-05_8.20830182672026e-05
1016,15230,89-13-6-2-1,5.28564890356987e-05_5.28564890356987e-05_5.28564890356987e-05_5.28564890356987e-05_5.28564890356987e-05
1016,15231,91-33-5-1-1,4.60162375134318e-05_4.60162375134318e-05_4.60162375134318e-05_4.60162375134318e-05_4.60162375134318e-05
1016,15232,91-33-5-1-1,8.70577466470331e-06_8.70577466470331e-06_8.70577466470331e-06_8.70577466470331e-06_8.70577466470331e-06
1016,15233,47-22-8-1-1,7.46209256974569e-06_7.46209256974569e-06_7.46209256974569e-06_7.46209256974569e-06_7.46209256974569e-06
1016,15234,205-12-8-1-1,6.21841047478808e-06_6.21841047478808e-06_6.21841047478808e-06_6.21841047478808e-06_6.21841047478808e-06
1016,15235,196-14-4-2-1,8.95451108369483e-05_8.95451108369483e-05_8.95451108369483e-05_8.95451108369483e-05_8.95451108369483e-05
1016,15236,58-13-6-2-1,0.000559035101683448_0.000559035101683448_0.000559035101683448_0.000559035101683448_0.000559035101683448
1016,15237,22-13-6-2-1,0.000258064034703705_0.000258064034703705_0.000258064034703705_0.000258064034703705_0.000258064034703705
1016,15238,137-26-4-2-1,2.11425956142795e-05_2.11425956142795e-05_2.11425956142795e-05_2.11425956142795e-05_2.11425956142795e-05
1016,15239,58-13-6-2-1,0.000300349225932264_0.000300349225932264_0.000300349225932264_0.000300349225932264_0.000300349225932264
1016,15240,57-7-4-2-1,6.84025152226688e-06_6.84025152226688e-06_6.84025152226688e-06_6.84025152226688e-06_6.84025152226688e-06
1016,15241,44-13-6-2-1,6.84025152226688e-06_6.84025152226688e-06_6.84025152226688e-06_6.84025152226688e-06_6.84025152226688e-06
1016,15242,4-4-4-2-1,4.97472837983046e-06_4.97472837983046e-06_4.97472837983046e-06_4.97472837983046e-06_4.97472837983046e-06
1016,15243,185-41-9-2-1,4.35288733235165e-06_4.35288733235165e-06_4.35288733235165e-06_4.35288733235165e-06_4.35288733235165e-06
1016,15244,4-4-4-2-1,2.23862777092371e-05_2.23862777092371e-05_2.23862777092371e-05_2.23862777092371e-05_2.23862777092371e-05
1016,15245,4-4-4-2-1,4.35288733235165e-06_4.35288733235165e-06_4.35288733235165e-06_4.35288733235165e-06_4.35288733235165e-06
1016,15246,142-42-12-1-1,8.70577466470331e-06_8.70577466470331e-06_8.70577466470331e-06_8.70577466470331e-06_8.70577466470331e-06
1016,15247,127-30-1-1-1,1.49241851394914e-05_1.49241851394914e-05_1.49241851394914e-05_1.49241851394914e-05_1.49241851394914e-05
1016,15248,212-41-9-2-1,1.11931388546185e-05_1.11931388546185e-05_1.11931388546185e-05_1.11931388546185e-05_1.11931388546185e-05
1016,15249,212-41-9-2-1,1.24368209495762e-06_1.24368209495762e-06_1.24368209495762e-06_1.24368209495762e-06_1.24368209495762e-06
1016,15250,95-37-4-2-1,3.10920523739404e-06_3.10920523739404e-06_3.10920523739404e-06_3.10920523739404e-06_3.10920523739404e-06
1016,15251,66-29-2-2-1,2.17644366617583e-05_2.17644366617583e-05_2.17644366617583e-05_2.17644366617583e-05_2.17644366617583e-05
1016,15252,167-18-4-2-1,6.21841047478808e-06_6.21841047478808e-06_6.21841047478808e-06_6.21841047478808e-06_6.21841047478808e-06
1016,15253,8-7-4-2-1,3.10920523739404e-06_3.10920523739404e-06_3.10920523739404e-06_3.10920523739404e-06_3.10920523739404e-06
1016,15254,226-32-10-1-1,5.59656942730927e-06_5.59656942730927e-06_5.59656942730927e-06_5.59656942730927e-06_5.59656942730927e-06
1016,15255,128-7-4-2-1,6.52933099852748e-05_6.52933099852748e-05_6.52933099852748e-05_6.52933099852748e-05_6.52933099852748e-05
1016,15256,134-29-2-2-1,3.73104628487285e-06_3.73104628487285e-06_3.73104628487285e-06_3.73104628487285e-06_3.73104628487285e-06
1016,15257,16-10-2-2-1,1.80333903768854e-05_1.80333903768854e-05_1.80333903768854e-05_1.80333903768854e-05_1.80333903768854e-05
1016,15258,16-10-2-2-1,2.42518008516735e-05_2.42518008516735e-05_2.42518008516735e-05_2.42518008516735e-05_2.42518008516735e-05
1016,15259,127-30-1-1-1,3.10920523739404e-06_3.10920523739404e-06_3.10920523739404e-06_3.10920523739404e-06_3.10920523739404e-06
1016,15260,109-28-5-1-1,6.96461973176265e-05_6.96461973176265e-05_6.96461973176265e-05_6.96461973176265e-05_6.96461973176265e-05
1016,15261,96-13-6-2-1,2.30081187567159e-05_2.30081187567159e-05_2.30081187567159e-05_2.30081187567159e-05_2.30081187567159e-05
1016,15262,222-35-4-2-1,0.000236299598041947_0.000236299598041947_0.000236299598041947_0.000236299598041947_0.000236299598041947
1016,15263,83-33-5-1-1,0.000415389819715843_0.000415389819715843_0.000415389819715843_0.000415389819715843_0.000415389819715843
1016,15264,35-20-9-2-1,3.73104628487285e-06_3.73104628487285e-06_3.73104628487285e-06_3.73104628487285e-06_3.73104628487285e-06
1016,15265,89-13-6-2-1,1.3058661997055e-05_1.3058661997055e-05_1.3058661997055e-05_1.3058661997055e-05_1.3058661997055e-05
1016,15266,83-33-5-1-1,7.33772436024993e-05_7.33772436024993e-05_7.33772436024993e-05_7.33772436024993e-05_7.33772436024993e-05
1016,15267,124-29-2-2-1,0.000267391650415887_0.000267391650415887_0.000267391650415887_0.000267391650415887_0.000267391650415887
1016,15268,119-6-6-2-1,0.001290942014566_0.001290942014566_0.001290942014566_0.001290942014566_0.001290942014566
1016,15269,133-12-8-1-1,6.1562263700402e-05_6.1562263700402e-05_6.1562263700402e-05_6.1562263700402e-05_6.1562263700402e-05
1016,15270,39-22-8-1-1,1.9277072471843e-05_1.9277072471843e-05_1.9277072471843e-05_1.9277072471843e-05_1.9277072471843e-05
1016,15271,4-4-4-2-1,3.10920523739404e-06_3.10920523739404e-06_3.10920523739404e-06_3.10920523739404e-06_3.10920523739404e-06
1016,15272,167-18-4-2-1,4.97472837983046e-06_4.97472837983046e-06_4.97472837983046e-06_4.97472837983046e-06_4.97472837983046e-06
1016,15273,220-22-8-1-1,4.35288733235165e-06_4.35288733235165e-06_4.35288733235165e-06_4.35288733235165e-06_4.35288733235165e-06
1016,15274,53-21-4-2-1,1.05712978071397e-05_1.05712978071397e-05_1.05712978071397e-05_1.05712978071397e-05_1.05712978071397e-05
1016,15275,133-12-8-1-1,1.74115493294066e-05_1.74115493294066e-05_1.74115493294066e-05_1.74115493294066e-05_1.74115493294066e-05
1016,15276,109-28-5-1-1,8.70577466470331e-06_8.70577466470331e-06_8.70577466470331e-06_8.70577466470331e-06_8.70577466470331e-06
1016,15277,214-26-4-2-1,1.36805030445338e-05_1.36805030445338e-05_1.36805030445338e-05_1.36805030445338e-05_1.36805030445338e-05
1016,15278,216-19-9-2-1,3.2335734468898e-05_3.2335734468898e-05_3.2335734468898e-05_3.2335734468898e-05_3.2335734468898e-05
1016,15279,216-19-9-2-1,2.30081187567159e-05_2.30081187567159e-05_2.30081187567159e-05_2.30081187567159e-05_2.30081187567159e-05
1016,15280,63-27-8-1-1,2.48736418991523e-06_2.48736418991523e-06_2.48736418991523e-06_2.48736418991523e-06_2.48736418991523e-06
1016,15281,172-40-4-2-1,3.10920523739404e-06_3.10920523739404e-06_3.10920523739404e-06_3.10920523739404e-06_3.10920523739404e-06
1016,15282,112-14-4-2-1,1.18149799020973e-05_1.18149799020973e-05_1.18149799020973e-05_1.18149799020973e-05_1.18149799020973e-05
1016,15283,10-3-3-1-1,6.71588331277112e-05_6.71588331277112e-05_6.71588331277112e-05_6.71588331277112e-05_6.71588331277112e-05
1016,15284,225-31-9-2-1,8.70577466470331e-06_8.70577466470331e-06_8.70577466470331e-06_8.70577466470331e-06_8.70577466470331e-06
1016,15285,180-40-4-2-1,5.59656942730927e-06_5.59656942730927e-06_5.59656942730927e-06_5.59656942730927e-06_5.59656942730927e-06
1016,15286,98-27-8-1-1,3.10920523739404e-06_3.10920523739404e-06_3.10920523739404e-06_3.10920523739404e-06_3.10920523739404e-06
1016,15287,142-42-12-1-1,3.10920523739404e-06_3.10920523739404e-06_3.10920523739404e-06_3.10920523739404e-06_3.10920523739404e-06
1016,15288,209-35-4-2-1,3.10920523739404e-06_3.10920523739404e-06_3.10920523739404e-06_3.10920523739404e-06_3.10920523739404e-06
1016,15289,172-40-4-2-1,3.10920523739404e-06_3.10920523739404e-06_3.10920523739404e-06_3.10920523739404e-06_3.10920523739404e-06
1016,15290,148-29-2-2-1,4.29070322760377e-05_4.29070322760377e-05_4.29070322760377e-05_4.29070322760377e-05_4.29070322760377e-05
1016,15291,61-13-6-2-1,1.43023440920126e-05_1.43023440920126e-05_1.43023440920126e-05_1.43023440920126e-05_1.43023440920126e-05
1016,15292,44-13-6-2-1,3.73104628487285e-06_3.73104628487285e-06_3.73104628487285e-06_3.73104628487285e-06_3.73104628487285e-06
1016,15293,167-18-4-2-1,5.59656942730927e-06_5.59656942730927e-06_5.59656942730927e-06_5.59656942730927e-06_5.59656942730927e-06
1016,15294,147-11-4-2-1,2.73610060890675e-05_2.73610060890675e-05_2.73610060890675e-05_2.73610060890675e-05_2.73610060890675e-05
1016,15295,122-16-2-2-1,3.10920523739404e-06_3.10920523739404e-06_3.10920523739404e-06_3.10920523739404e-06_3.10920523739404e-06
1016,15296,44-13-6-2-1,1.43023440920126e-05_1.43023440920126e-05_1.43023440920126e-05_1.43023440920126e-05_1.43023440920126e-05
1016,15297,153-18-4-2-1,7.46209256974569e-06_7.46209256974569e-06_7.46209256974569e-06_7.46209256974569e-06_7.46209256974569e-06
1016,15298,133-12-8-1-1,2.48736418991523e-06_2.48736418991523e-06_2.48736418991523e-06_2.48736418991523e-06_2.48736418991523e-06
1016,15299,225-31-9-2-1,4.97472837983046e-06_4.97472837983046e-06_4.97472837983046e-06_4.97472837983046e-06_4.97472837983046e-06
1016,15300,34-19-9-2-1,3.10920523739404e-06_3.10920523739404e-06_3.10920523739404e-06_3.10920523739404e-06_3.10920523739404e-06
1016,15301,15-8-3-1-1,0.00110065865403749_0.00110065865403749_0.00110065865403749_0.00110065865403749_0.00110065865403749
1016,15302,16-10-2-2-1,0.000136805030445338_0.000136805030445338_0.000136805030445338_0.000136805030445338_0.000136805030445338
1016,15303,15-8-3-1-1,0.00143956202491344_0.00143956202491344_0.00143956202491344_0.00143956202491344_0.00143956202491344
1016,15304,15-8-3-1-1,0.000252467465276396_0.000252467465276396_0.000252467465276396_0.000252467465276396_0.000252467465276396
1016,15305,42-13-6-2-1,1.3058661997055e-05_1.3058661997055e-05_1.3058661997055e-05_1.3058661997055e-05_1.3058661997055e-05
1016,15306,4-4-4-2-1,1.74115493294066e-05_1.74115493294066e-05_1.74115493294066e-05_1.74115493294066e-05_1.74115493294066e-05
1016,15307,57-7-4-2-1,5.59656942730927e-06_5.59656942730927e-06_5.59656942730927e-06_5.59656942730927e-06_5.59656942730927e-06
1016,15308,57-7-4-2-1,7.46209256974569e-06_7.46209256974569e-06_7.46209256974569e-06_7.46209256974569e-06_7.46209256974569e-06
1016,15309,133-12-8-1-1,3.10920523739404e-06_3.10920523739404e-06_3.10920523739404e-06_3.10920523739404e-06_3.10920523739404e-06
1016,15310,66-29-2-2-1,4.35288733235165e-06_4.35288733235165e-06_4.35288733235165e-06_4.35288733235165e-06_4.35288733235165e-06
1016,15311,89-13-6-2-1,0.00017224997015163_0.00017224997015163_0.00017224997015163_0.00017224997015163_0.00017224997015163
1016,15312,204-35-4-2-1,6.4671468937796e-05_6.4671468937796e-05_6.4671468937796e-05_6.4671468937796e-05_6.4671468937796e-05
1016,15313,98-27-8-1-1,4.35288733235165e-06_4.35288733235165e-06_4.35288733235165e-06_4.35288733235165e-06_4.35288733235165e-06
1016,15314,75-1-1-1-1,5.65875353205715e-05_5.65875353205715e-05_5.65875353205715e-05_5.65875353205715e-05_5.65875353205715e-05
1016,15315,75-1-1-1-1,1.05712978071397e-05_1.05712978071397e-05_1.05712978071397e-05_1.05712978071397e-05_1.05712978071397e-05
1016,15316,66-29-2-2-1,5.41001711306563e-05_5.41001711306563e-05_5.41001711306563e-05_5.41001711306563e-05_5.41001711306563e-05
1016,15317,226-32-10-1-1,4.35288733235165e-06_4.35288733235165e-06_4.35288733235165e-06_4.35288733235165e-06_4.35288733235165e-06
1016,15318,118-36-10-1-1,5.59656942730927e-06_5.59656942730927e-06_5.59656942730927e-06_5.59656942730927e-06_5.59656942730927e-06
1016,15319,83-33-5-1-1,1.43023440920126e-05_1.43023440920126e-05_1.43023440920126e-05_1.43023440920126e-05_1.43023440920126e-05
1016,15320,59-5-5-1-1,3.17138934214192e-05_3.17138934214192e-05_3.17138934214192e-05_3.17138934214192e-05_3.17138934214192e-05
1016,15321,1-1-1-1-1,3.29575755163768e-05_3.29575755163768e-05_3.29575755163768e-05_3.29575755163768e-05_3.29575755163768e-05
1016,15322,184-31-9-2-1,1.80333903768854e-05_1.80333903768854e-05_1.80333903768854e-05_1.80333903768854e-05_1.80333903768854e-05
1016,15323,218-7-4-2-1,3.10920523739404e-06_3.10920523739404e-06_3.10920523739404e-06_3.10920523739404e-06_3.10920523739404e-06
1016,15324,67-2-2-2-1,3.60667807537708e-05_3.60667807537708e-05_3.60667807537708e-05_3.60667807537708e-05_3.60667807537708e-05
1016,15325,196-14-4-2-1,8.70577466470331e-06_8.70577466470331e-06_8.70577466470331e-06_8.70577466470331e-06_8.70577466470331e-06
1016,15326,8-7-4-2-1,1.80333903768854e-05_1.80333903768854e-05_1.80333903768854e-05_1.80333903768854e-05_1.80333903768854e-05
1016,15327,226-32-10-1-1,2.17644366617583e-05_2.17644366617583e-05_2.17644366617583e-05_2.17644366617583e-05_2.17644366617583e-05
1016,15328,179-26-4-2-1,9.94945675966092e-06_9.94945675966092e-06_9.94945675966092e-06_9.94945675966092e-06_9.94945675966092e-06
1016,15329,167-18-4-2-1,3.73104628487285e-06_3.73104628487285e-06_3.73104628487285e-06_3.73104628487285e-06_3.73104628487285e-06
1016,15330,172-40-4-2-1,3.10920523739404e-06_3.10920523739404e-06_3.10920523739404e-06_3.10920523739404e-06_3.10920523739404e-06
1016,15331,136-26-4-2-1,2.36299598041947e-05_2.36299598041947e-05_2.36299598041947e-05_2.36299598041947e-05_2.36299598041947e-05
1016,15332,53-21-4-2-1,2.61173239941099e-05_2.61173239941099e-05_2.61173239941099e-05_2.61173239941099e-05_2.61173239941099e-05
1016,15333,39-22-8-1-1,1.67897082819278e-05_1.67897082819278e-05_1.67897082819278e-05_1.67897082819278e-05_1.67897082819278e-05
1016,15334,53-21-4-2-1,5.1612806940741e-05_5.1612806940741e-05_5.1612806940741e-05_5.1612806940741e-05_5.1612806940741e-05
1016,15336,16-10-2-2-1,2.54954829466311e-05_2.54954829466311e-05_2.54954829466311e-05_2.54954829466311e-05_2.54954829466311e-05
1016,15337,172-40-4-2-1,3.73104628487285e-06_3.73104628487285e-06_3.73104628487285e-06_3.73104628487285e-06_3.73104628487285e-06
1016,15338,66-29-2-2-1,2.48736418991523e-06_2.48736418991523e-06_2.48736418991523e-06_2.48736418991523e-06_2.48736418991523e-06
1016,15339,109-28-5-1-1,3.73104628487285e-06_3.73104628487285e-06_3.73104628487285e-06_3.73104628487285e-06_3.73104628487285e-06
1016,15340,83-33-5-1-1,8.70577466470331e-06_8.70577466470331e-06_8.70577466470331e-06_8.70577466470331e-06_8.70577466470331e-06
1016,15341,172-40-4-2-1,3.10920523739404e-06_3.10920523739404e-06_3.10920523739404e-06_3.10920523739404e-06_3.10920523739404e-06
1016,15342,37-11-4-2-1,1.18149799020973e-05_1.18149799020973e-05_1.18149799020973e-05_1.18149799020973e-05_1.18149799020973e-05
1016,15343,63-27-8-1-1,5.59656942730927e-06_5.59656942730927e-06_5.59656942730927e-06_5.59656942730927e-06_5.59656942730927e-06
1016,15344,185-41-9-2-1,3.10920523739404e-06_3.10920523739404e-06_3.10920523739404e-06_3.10920523739404e-06_3.10920523739404e-06
1016,15345,63-27-8-1-1,2.11425956142795e-05_2.11425956142795e-05_2.11425956142795e-05_2.11425956142795e-05_2.11425956142795e-05
1016,15346,98-27-8-1-1,1.43023440920126e-05_1.43023440920126e-05_1.43023440920126e-05_1.43023440920126e-05_1.43023440920126e-05
1016,15347,63-27-8-1-1,8.14611772197238e-05_8.14611772197238e-05_8.14611772197238e-05_8.14611772197238e-05_8.14611772197238e-05
1016,15348,230-14-4-2-1,0.000412902455525928_0.000412902455525928_0.000412902455525928_0.000412902455525928_0.000412902455525928
1016,15349,47-22-8-1-1,8.0839336172245e-06_8.0839336172245e-06_8.0839336172245e-06_8.0839336172245e-06_8.0839336172245e-06
1016,15350,126-29-2-2-1,3.10920523739404e-06_3.10920523739404e-06_3.10920523739404e-06_3.10920523739404e-06_3.10920523739404e-06
1016,15351,66-29-2-2-1,9.32761571218212e-06_9.32761571218212e-06_9.32761571218212e-06_9.32761571218212e-06_9.32761571218212e-06
1016,15352,228-17-10-1-1,6.21841047478808e-06_6.21841047478808e-06_6.21841047478808e-06_6.21841047478808e-06_6.21841047478808e-06
1016,15353,231-34-11-1-1,0.000838241732001433_0.000838241732001433_0.000838241732001433_0.000838241732001433_0.000838241732001433
1016,15354,219-45-10-1-1,0.000976912285589207_0.000976912285589207_0.000976912285589207_0.000976912285589207_0.000976912285589207
1016,15355,87-34-11-1-1,0.000415389819715843_0.000415389819715843_0.000415389819715843_0.000415389819715843_0.000415389819715843
1016,15356,159-4-4-2-1,1.98989135193218e-05_1.98989135193218e-05_1.98989135193218e-05_1.98989135193218e-05_1.98989135193218e-05
1016,15357,167-18-4-2-1,5.59656942730927e-06_5.59656942730927e-06_5.59656942730927e-06_5.59656942730927e-06_5.59656942730927e-06
1016,15358,34-19-9-2-1,3.73104628487285e-06_3.73104628487285e-06_3.73104628487285e-06_3.73104628487285e-06_3.73104628487285e-06
1016,15359,91-33-5-1-1,3.60667807537708e-05_3.60667807537708e-05_3.60667807537708e-05_3.60667807537708e-05_3.60667807537708e-05
1016,15360,10-3-3-1-1,0.000157947626059617_0.000157947626059617_0.000157947626059617_0.000157947626059617_0.000157947626059617
1016,15361,172-40-4-2-1,1.86552314243642e-06_1.86552314243642e-06_1.86552314243642e-06_1.86552314243642e-06_1.86552314243642e-06
1016,15362,109-28-5-1-1,6.84025152226688e-06_6.84025152226688e-06_6.84025152226688e-06_6.84025152226688e-06_6.84025152226688e-06
1016,15363,17-11-4-2-1,5.59656942730927e-06_5.59656942730927e-06_5.59656942730927e-06_5.59656942730927e-06_5.59656942730927e-06
1016,15364,185-41-9-2-1,3.73104628487285e-06_3.73104628487285e-06_3.73104628487285e-06_3.73104628487285e-06_3.73104628487285e-06
1016,15365,177-7-4-2-1,1.43023440920126e-05_1.43023440920126e-05_1.43023440920126e-05_1.43023440920126e-05_1.43023440920126e-05
1016,15366,200-15-9-2-1,3.85541449436861e-05_3.85541449436861e-05_3.85541449436861e-05_3.85541449436861e-05_3.85541449436861e-05
1016,15367,188-14-4-2-1,8.70577466470331e-06_8.70577466470331e-06_8.70577466470331e-06_8.70577466470331e-06_8.70577466470331e-06
1016,15368,235-34-11-1-1,5.03691248457834e-05_5.03691248457834e-05_5.03691248457834e-05_5.03691248457834e-05_5.03691248457834e-05
1016,15369,83-33-5-1-1,1.11931388546185e-05_1.11931388546185e-05_1.11931388546185e-05_1.11931388546185e-05_1.11931388546185e-05
1016,15370,128-7-4-2-1,2.48736418991523e-06_2.48736418991523e-06_2.48736418991523e-06_2.48736418991523e-06_2.48736418991523e-06
1016,15371,163-43-4-2-1,4.35288733235165e-06_4.35288733235165e-06_4.35288733235165e-06_4.35288733235165e-06_4.35288733235165e-06
1016,15372,112-14-4-2-1,1.3058661997055e-05_1.3058661997055e-05_1.3058661997055e-05_1.3058661997055e-05_1.3058661997055e-05
1016,15373,207-29-2-2-1,0.000138048712540295_0.000138048712540295_0.000138048712540295_0.000138048712540295_0.000138048712540295
1016,15374,214-26-4-2-1,9.63853623592152e-05_9.63853623592152e-05_9.63853623592152e-05_9.63853623592152e-05_9.63853623592152e-05
1016,15375,180-40-4-2-1,8.70577466470331e-06_8.70577466470331e-06_8.70577466470331e-06_8.70577466470331e-06_8.70577466470331e-06
1016,15376,69-29-2-2-1,3.97978270386437e-05_3.97978270386437e-05_3.97978270386437e-05_3.97978270386437e-05_3.97978270386437e-05
1016,15377,214-26-4-2-1,8.58140645520755e-05_8.58140645520755e-05_8.58140645520755e-05_8.58140645520755e-05_8.58140645520755e-05
1016,15378,129-21-4-2-1,9.94945675966092e-06_9.94945675966092e-06_9.94945675966092e-06_9.94945675966092e-06_9.94945675966092e-06
1016,15379,137-26-4-2-1,6.84025152226688e-06_6.84025152226688e-06_6.84025152226688e-06_6.84025152226688e-06_6.84025152226688e-06
1016,15380,214-26-4-2-1,1.49241851394914e-05_1.49241851394914e-05_1.49241851394914e-05_1.49241851394914e-05_1.49241851394914e-05
1016,15381,214-26-4-2-1,2.42518008516735e-05_2.42518008516735e-05_2.42518008516735e-05_2.42518008516735e-05_2.42518008516735e-05
1016,15382,29-17-10-1-1,4.97472837983046e-06_4.97472837983046e-06_4.97472837983046e-06_4.97472837983046e-06_4.97472837983046e-06
1016,15383,126-29-2-2-1,5.59656942730927e-06_5.59656942730927e-06_5.59656942730927e-06_5.59656942730927e-06_5.59656942730927e-06
1016,15384,209-35-4-2-1,7.46209256974569e-06_7.46209256974569e-06_7.46209256974569e-06_7.46209256974569e-06_7.46209256974569e-06
1016,15385,161-36-10-1-1,3.10920523739404e-06_3.10920523739404e-06_3.10920523739404e-06_3.10920523739404e-06_3.10920523739404e-06
1016,15386,8-7-4-2-1,6.84025152226688e-06_6.84025152226688e-06_6.84025152226688e-06_6.84025152226688e-06_6.84025152226688e-06
1016,15387,140-42-12-1-1,4.97472837983046e-06_4.97472837983046e-06_4.97472837983046e-06_4.97472837983046e-06_4.97472837983046e-06
1016,15388,29-17-10-1-1,3.73104628487285e-05_3.73104628487285e-05_3.73104628487285e-05_3.73104628487285e-05_3.73104628487285e-05
1016,15389,87-34-11-1-1,0.000159813149202054_0.000159813149202054_0.000159813149202054_0.000159813149202054_0.000159813149202054
1016,15390,109-28-5-1-1,4.22851912285589e-05_4.22851912285589e-05_4.22851912285589e-05_4.22851912285589e-05_4.22851912285589e-05
1016,15391,77-28-5-1-1,3.10920523739404e-06_3.10920523739404e-06_3.10920523739404e-06_3.10920523739404e-06_3.10920523739404e-06
1016,15392,179-26-4-2-1,8.0839336172245e-06_8.0839336172245e-06_8.0839336172245e-06_8.0839336172245e-06_8.0839336172245e-06
1016,15393,38-21-4-2-1,0.000155460261869702_0.000155460261869702_0.000155460261869702_0.000155460261869702_0.000155460261869702
1016,15394,8-7-4-2-1,3.10920523739404e-06_3.10920523739404e-06_3.10920523739404e-06_3.10920523739404e-06_3.10920523739404e-06
1016,15395,53-21-4-2-1,4.78817606558682e-05_4.78817606558682e-05_4.78817606558682e-05_4.78817606558682e-05_4.78817606558682e-05
1016,15396,205-12-8-1-1,1.55460261869702e-05_1.55460261869702e-05_1.55460261869702e-05_1.55460261869702e-05_1.55460261869702e-05
1016,15397,172-40-4-2-1,4.35288733235165e-06_4.35288733235165e-06_4.35288733235165e-06_4.35288733235165e-06_4.35288733235165e-06
1016,15398,4-4-4-2-1,9.20324750268635e-05_9.20324750268635e-05_9.20324750268635e-05_9.20324750268635e-05_9.20324750268635e-05
1016,15399,4-4-4-2-1,1.05712978071397e-05_1.05712978071397e-05_1.05712978071397e-05_1.05712978071397e-05_1.05712978071397e-05
1016,15400,4-4-4-2-1,4.5394396465953e-05_4.5394396465953e-05_4.5394396465953e-05_4.5394396465953e-05_4.5394396465953e-05
1016,15401,151-19-9-2-1,3.29575755163768e-05_3.29575755163768e-05_3.29575755163768e-05_3.29575755163768e-05_3.29575755163768e-05
1016,15402,148-29-2-2-1,9.32761571218212e-06_9.32761571218212e-06_9.32761571218212e-06_9.32761571218212e-06_9.32761571218212e-06
1016,15403,4-4-4-2-1,5.59656942730927e-06_5.59656942730927e-06_5.59656942730927e-06_5.59656942730927e-06_5.59656942730927e-06
1016,15404,172-40-4-2-1,3.10920523739404e-06_3.10920523739404e-06_3.10920523739404e-06_3.10920523739404e-06_3.10920523739404e-06
1016,15406,37-11-4-2-1,1.18149799020973e-05_1.18149799020973e-05_1.18149799020973e-05_1.18149799020973e-05_1.18149799020973e-05
1016,15407,54-26-4-2-1,2.67391650415887e-05_2.67391650415887e-05_2.67391650415887e-05_2.67391650415887e-05_2.67391650415887e-05
1016,15408,172-40-4-2-1,8.70577466470331e-06_8.70577466470331e-06_8.70577466470331e-06_8.70577466470331e-06_8.70577466470331e-06
1016,15409,172-40-4-2-1,9.94945675966092e-06_9.94945675966092e-06_9.94945675966092e-06_9.94945675966092e-06_9.94945675966092e-06
1016,15410,102-13-6-2-1,1.6167867234449e-05_1.6167867234449e-05_1.6167867234449e-05_1.6167867234449e-05_1.6167867234449e-05
1016,15411,112-14-4-2-1,6.84025152226688e-06_6.84025152226688e-06_6.84025152226688e-06_6.84025152226688e-06_6.84025152226688e-06
1016,15412,32-18-4-2-1,4.35288733235165e-06_4.35288733235165e-06_4.35288733235165e-06_4.35288733235165e-06_4.35288733235165e-06
1016,15413,167-18-4-2-1,8.0839336172245e-06_8.0839336172245e-06_8.0839336172245e-06_8.0839336172245e-06_8.0839336172245e-06
1016,15414,40-23-8-1-1,6.84025152226688e-06_6.84025152226688e-06_6.84025152226688e-06_6.84025152226688e-06_6.84025152226688e-06
1016,15415,147-11-4-2-1,6.84025152226688e-06_6.84025152226688e-06_6.84025152226688e-06_6.84025152226688e-06_6.84025152226688e-06
1016,15416,229-5-5-1-1,1.49241851394914e-05_1.49241851394914e-05_1.49241851394914e-05_1.49241851394914e-05_1.49241851394914e-05
1016,15417,25-10-2-2-1,1.18149799020973e-05_1.18149799020973e-05_1.18149799020973e-05_1.18149799020973e-05_1.18149799020973e-05
1016,15418,174-15-9-2-1,6.84025152226688e-06_6.84025152226688e-06_6.84025152226688e-06_6.84025152226688e-06_6.84025152226688e-06
1016,15419,171-18-4-2-1,1.18149799020973e-05_1.18149799020973e-05_1.18149799020973e-05_1.18149799020973e-05_1.18149799020973e-05
1016,15420,167-18-4-2-1,1.18149799020973e-05_1.18149799020973e-05_1.18149799020973e-05_1.18149799020973e-05_1.18149799020973e-05
1016,15421,71-29-2-2-1,1.05712978071397e-05_1.05712978071397e-05_1.05712978071397e-05_1.05712978071397e-05_1.05712978071397e-05
1016,15422,171-18-4-2-1,6.21841047478808e-06_6.21841047478808e-06_6.21841047478808e-06_6.21841047478808e-06_6.21841047478808e-06
1016,15423,83-33-5-1-1,0.00014613264615752_0.00014613264615752_0.00014613264615752_0.00014613264615752_0.00014613264615752
1016,15424,118-36-10-1-1,1.80333903768854e-05_1.80333903768854e-05_1.80333903768854e-05_1.80333903768854e-05_1.80333903768854e-05
1016,15425,83-33-5-1-1,2.42518008516735e-05_2.42518008516735e-05_2.42518008516735e-05_2.42518008516735e-05_2.42518008516735e-05
1016,15426,235-34-11-1-1,4.41507143709953e-05_4.41507143709953e-05_4.41507143709953e-05_4.41507143709953e-05_4.41507143709953e-05
1016,15427,185-41-9-2-1,3.10920523739404e-06_3.10920523739404e-06_3.10920523739404e-06_3.10920523739404e-06_3.10920523739404e-06
1016,15428,188-14-4-2-1,1.55460261869702e-05_1.55460261869702e-05_1.55460261869702e-05_1.55460261869702e-05_1.55460261869702e-05
1016,15429,71-29-2-2-1,6.21841047478808e-06_6.21841047478808e-06_6.21841047478808e-06_6.21841047478808e-06_6.21841047478808e-06
1016,15430,112-14-4-2-1,4.35288733235165e-06_4.35288733235165e-06_4.35288733235165e-06_4.35288733235165e-06_4.35288733235165e-06
1016,15431,83-33-5-1-1,6.71588331277112e-05_6.71588331277112e-05_6.71588331277112e-05_6.71588331277112e-05_6.71588331277112e-05
1016,15432,83-33-5-1-1,9.07887929319059e-05_9.07887929319059e-05_9.07887929319059e-05_9.07887929319059e-05_9.07887929319059e-05
1016,15433,148-29-2-2-1,3.2335734468898e-05_3.2335734468898e-05_3.2335734468898e-05_3.2335734468898e-05_3.2335734468898e-05
1016,15434,6-6-6-2-1,4.10415091336013e-05_4.10415091336013e-05_4.10415091336013e-05_4.10415091336013e-05_4.10415091336013e-05
1016,15435,196-14-4-2-1,9.94945675966092e-06_9.94945675966092e-06_9.94945675966092e-06_9.94945675966092e-06_9.94945675966092e-06
1016,15436,185-41-9-2-1,3.73104628487285e-06_3.73104628487285e-06_3.73104628487285e-06_3.73104628487285e-06_3.73104628487285e-06
1016,15437,185-41-9-2-1,4.35288733235165e-06_4.35288733235165e-06_4.35288733235165e-06_4.35288733235165e-06_4.35288733235165e-06
1016,15438,69-29-2-2-1,3.48230986588132e-05_3.48230986588132e-05_3.48230986588132e-05_3.48230986588132e-05_3.48230986588132e-05
1016,15439,49-22-8-1-1,6.21841047478808e-06_6.21841047478808e-06_6.21841047478808e-06_6.21841047478808e-06_6.21841047478808e-06
1016,15440,196-14-4-2-1,6.84025152226688e-06_6.84025152226688e-06_6.84025152226688e-06_6.84025152226688e-06_6.84025152226688e-06
1016,15441,178-44-12-1-1,1.18149799020973e-05_1.18149799020973e-05_1.18149799020973e-05_1.18149799020973e-05_1.18149799020973e-05
1016,15442,212-41-9-2-1,1.6167867234449e-05_1.6167867234449e-05_1.6167867234449e-05_1.6167867234449e-05_1.6167867234449e-05
1016,15443,120-16-2-2-1,1.3058661997055e-05_1.3058661997055e-05_1.3058661997055e-05_1.3058661997055e-05_1.3058661997055e-05
1016,15444,122-16-2-2-1,1.49241851394914e-05_1.49241851394914e-05_1.49241851394914e-05_1.49241851394914e-05_1.49241851394914e-05
1016,15445,152-32-10-1-1,5.59656942730927e-06_5.59656942730927e-06_5.59656942730927e-06_5.59656942730927e-06_5.59656942730927e-06
1016,15446,32-18-4-2-1,9.94945675966092e-06_9.94945675966092e-06_9.94945675966092e-06_9.94945675966092e-06_9.94945675966092e-06
1016,15447,86-10-2-2-1,8.45703824571178e-05_8.45703824571178e-05_8.45703824571178e-05_8.45703824571178e-05_8.45703824571178e-05
1016,15448,182-24-7-1-1,0.000515506228359932_0.000515506228359932_0.000515506228359932_0.000515506228359932_0.000515506228359932
1016,15449,71-29-2-2-1,2.48736418991523e-05_2.48736418991523e-05_2.48736418991523e-05_2.48736418991523e-05_2.48736418991523e-05
1016,15450,221-35-4-2-1,0.000128721096828113_0.000128721096828113_0.000128721096828113_0.000128721096828113_0.000128721096828113
1016,15451,171-18-4-2-1,3.73104628487285e-06_3.73104628487285e-06_3.73104628487285e-06_3.73104628487285e-06_3.73104628487285e-06
1016,15452,221-35-4-2-1,0.000129964778923071_0.000129964778923071_0.000129964778923071_0.000129964778923071_0.000129964778923071
1016,15453,96-13-6-2-1,1.86552314243642e-05_1.86552314243642e-05_1.86552314243642e-05_1.86552314243642e-05_1.86552314243642e-05
1016,15454,180-40-4-2-1,6.21841047478808e-06_6.21841047478808e-06_6.21841047478808e-06_6.21841047478808e-06_6.21841047478808e-06
1016,15456,221-35-4-2-1,8.27048593146814e-05_8.27048593146814e-05_8.27048593146814e-05_8.27048593146814e-05_8.27048593146814e-05
1016,15457,163-43-4-2-1,8.0839336172245e-06_8.0839336172245e-06_8.0839336172245e-06_8.0839336172245e-06_8.0839336172245e-06
1016,15458,221-35-4-2-1,9.32761571218211e-05_9.32761571218211e-05_9.32761571218211e-05_9.32761571218211e-05_9.32761571218211e-05
1016,15459,102-13-6-2-1,3.48230986588132e-05_3.48230986588132e-05_3.48230986588132e-05_3.48230986588132e-05_3.48230986588132e-05
1016,15460,25-10-2-2-1,7.46209256974569e-06_7.46209256974569e-06_7.46209256974569e-06_7.46209256974569e-06_7.46209256974569e-06
1016,15461,40-23-8-1-1,3.10920523739404e-06_3.10920523739404e-06_3.10920523739404e-06_3.10920523739404e-06_3.10920523739404e-06
1016,15462,133-12-8-1-1,4.35288733235165e-06_4.35288733235165e-06_4.35288733235165e-06_4.35288733235165e-06_4.35288733235165e-06
1016,15463,108-13-6-2-1,0.000291643451267561_0.000291643451267561_0.000291643451267561_0.000291643451267561_0.000291643451267561
1016,15464,31-6-6-2-1,0.000152972897679787_0.000152972897679787_0.000152972897679787_0.000152972897679787_0.000152972897679787
1016,15465,228-17-10-1-1,9.32761571218212e-06_9.32761571218212e-06_9.32761571218212e-06_9.32761571218212e-06_9.32761571218212e-06
1016,15466,180-40-4-2-1,4.97472837983046e-06_4.97472837983046e-06_4.97472837983046e-06_4.97472837983046e-06_4.97472837983046e-06
1016,15467,180-40-4-2-1,1.74115493294066e-05_1.74115493294066e-05_1.74115493294066e-05_1.74115493294066e-05_1.74115493294066e-05
1016,15468,126-29-2-2-1,1.86552314243642e-05_1.86552314243642e-05_1.86552314243642e-05_1.86552314243642e-05_1.86552314243642e-05
1016,15469,196-14-4-2-1,4.16633501810801e-05_4.16633501810801e-05_4.16633501810801e-05_4.16633501810801e-05_4.16633501810801e-05
1016,15470,203-11-4-2-1,4.35288733235165e-06_4.35288733235165e-06_4.35288733235165e-06_4.35288733235165e-06_4.35288733235165e-06
1016,15471,4-4-4-2-1,1.3058661997055e-05_1.3058661997055e-05_1.3058661997055e-05_1.3058661997055e-05_1.3058661997055e-05
1016,15472,55-22-8-1-1,9.32761571218212e-06_9.32761571218212e-06_9.32761571218212e-06_9.32761571218212e-06_9.32761571218212e-06
1016,15473,152-32-10-1-1,6.21841047478808e-06_6.21841047478808e-06_6.21841047478808e-06_6.21841047478808e-06_6.21841047478808e-06
1016,15474,152-32-10-1-1,5.59656942730927e-06_5.59656942730927e-06_5.59656942730927e-06_5.59656942730927e-06_5.59656942730927e-06
1016,15475,40-23-8-1-1,5.59656942730927e-06_5.59656942730927e-06_5.59656942730927e-06_5.59656942730927e-06_5.59656942730927e-06
1016,15476,172-40-4-2-1,3.10920523739404e-06_3.10920523739404e-06_3.10920523739404e-06_3.10920523739404e-06_3.10920523739404e-06
1016,15477,172-40-4-2-1,4.97472837983046e-06_4.97472837983046e-06_4.97472837983046e-06_4.97472837983046e-06_4.97472837983046e-06
1016,15478,212-41-9-2-1,5.59656942730927e-06_5.59656942730927e-06_5.59656942730927e-06_5.59656942730927e-06_5.59656942730927e-06
1016,15479,205-12-8-1-1,1.24368209495762e-05_1.24368209495762e-05_1.24368209495762e-05_1.24368209495762e-05_1.24368209495762e-05
1016,15480,83-33-5-1-1,1.24368209495762e-05_1.24368209495762e-05_1.24368209495762e-05_1.24368209495762e-05_1.24368209495762e-05
1016,15481,214-26-4-2-1,4.35288733235165e-06_4.35288733235165e-06_4.35288733235165e-06_4.35288733235165e-06_4.35288733235165e-06
1016,15482,163-43-4-2-1,6.84025152226688e-06_6.84025152226688e-06_6.84025152226688e-06_6.84025152226688e-06_6.84025152226688e-06
1016,15483,40-23-8-1-1,4.97472837983046e-06_4.97472837983046e-06_4.97472837983046e-06_4.97472837983046e-06_4.97472837983046e-06
1016,15484,76-4-4-2-1,5.59656942730927e-06_5.59656942730927e-06_5.59656942730927e-06_5.59656942730927e-06_5.59656942730927e-06
1016,15485,136-26-4-2-1,1.80333903768854e-05_1.80333903768854e-05_1.80333903768854e-05_1.80333903768854e-05_1.80333903768854e-05
1016,15486,53-21-4-2-1,7.02680383651053e-05_7.02680383651053e-05_7.02680383651053e-05_7.02680383651053e-05_7.02680383651053e-05
1016,15487,174-15-9-2-1,4.35288733235165e-06_4.35288733235165e-06_4.35288733235165e-06_4.35288733235165e-06_4.35288733235165e-06
1016,15488,53-21-4-2-1,1.6167867234449e-05_1.6167867234449e-05_1.6167867234449e-05_1.6167867234449e-05_1.6167867234449e-05
1016,15489,55-22-8-1-1,5.59656942730927e-06_5.59656942730927e-06_5.59656942730927e-06_5.59656942730927e-06_5.59656942730927e-06
1016,15490,63-27-8-1-1,3.10920523739404e-06_3.10920523739404e-06_3.10920523739404e-06_3.10920523739404e-06_3.10920523739404e-06
1016,15491,153-18-4-2-1,2.67391650415887e-05_2.67391650415887e-05_2.67391650415887e-05_2.67391650415887e-05_2.67391650415887e-05
1016,15492,107-6-6-2-1,0.000305323954312095_0.000305323954312095_0.000305323954312095_0.000305323954312095_0.000305323954312095
1016,15493,75-1-1-1-1,9.94945675966092e-06_9.94945675966092e-06_9.94945675966092e-06_9.94945675966092e-06_9.94945675966092e-06
1016,15494,49-22-8-1-1,2.73610060890675e-05_2.73610060890675e-05_2.73610060890675e-05_2.73610060890675e-05_2.73610060890675e-05
1016,15495,59-5-5-1-1,3.60667807537708e-05_3.60667807537708e-05_3.60667807537708e-05_3.60667807537708e-05_3.60667807537708e-05
1016,15496,47-22-8-1-1,2.30081187567159e-05_2.30081187567159e-05_2.30081187567159e-05_2.30081187567159e-05_2.30081187567159e-05
1016,15497,102-13-6-2-1,0.000123124527400804_0.000123124527400804_0.000123124527400804_0.000123124527400804_0.000123124527400804
1016,15498,25-10-2-2-1,3.2335734468898e-05_3.2335734468898e-05_3.2335734468898e-05_3.2335734468898e-05_3.2335734468898e-05
1016,15499,92-2-2-2-1,4.16633501810801e-05_4.16633501810801e-05_4.16633501810801e-05_4.16633501810801e-05_4.16633501810801e-05
1016,15500,158-2-2-2-1,4.47725554184741e-05_4.47725554184741e-05_4.47725554184741e-05_4.47725554184741e-05_4.47725554184741e-05
1016,15501,102-13-6-2-1,4.47725554184741e-05_4.47725554184741e-05_4.47725554184741e-05_4.47725554184741e-05_4.47725554184741e-05
1016,15502,26-15-9-2-1,9.32761571218212e-06_9.32761571218212e-06_9.32761571218212e-06_9.32761571218212e-06_9.32761571218212e-06
1016,15503,149-16-2-2-1,4.91254427508258e-05_4.91254427508258e-05_4.91254427508258e-05_4.91254427508258e-05_4.91254427508258e-05
1016,15504,26-15-9-2-1,3.48230986588132e-05_3.48230986588132e-05_3.48230986588132e-05_3.48230986588132e-05_3.48230986588132e-05
1016,15505,66-29-2-2-1,4.97472837983046e-06_4.97472837983046e-06_4.97472837983046e-06_4.97472837983046e-06_4.97472837983046e-06
1016,15506,84-2-2-2-1,7.64864488398933e-05_7.64864488398933e-05_7.64864488398933e-05_7.64864488398933e-05_7.64864488398933e-05
1016,15507,89-13-6-2-1,7.39990846499781e-05_7.39990846499781e-05_7.39990846499781e-05_7.39990846499781e-05_7.39990846499781e-05
1016,15508,66-29-2-2-1,2.86046881840252e-05_2.86046881840252e-05_2.86046881840252e-05_2.86046881840252e-05_2.86046881840252e-05
1016,15509,109-28-5-1-1,8.0839336172245e-06_8.0839336172245e-06_8.0839336172245e-06_8.0839336172245e-06_8.0839336172245e-06
1016,15510,147-11-4-2-1,3.10920523739404e-06_3.10920523739404e-06_3.10920523739404e-06_3.10920523739404e-06_3.10920523739404e-06
1016,15511,185-41-9-2-1,4.35288733235165e-06_4.35288733235165e-06_4.35288733235165e-06_4.35288733235165e-06_4.35288733235165e-06
1016,15512,13-6-6-2-1,0.000147376328252477_0.000147376328252477_0.000147376328252477_0.000147376328252477_0.000147376328252477
1016,15513,88-35-4-2-1,1.80333903768854e-05_1.80333903768854e-05_1.80333903768854e-05_1.80333903768854e-05_1.80333903768854e-05
1016,15514,72-10-2-2-1,0.000174737334341545_0.000174737334341545_0.000174737334341545_0.000174737334341545_0.000174737334341545
1016,15515,70-27-8-1-1,1.11931388546185e-05_1.11931388546185e-05_1.11931388546185e-05_1.11931388546185e-05_1.11931388546185e-05
1016,15516,55-22-8-1-1,4.97472837983046e-06_4.97472837983046e-06_4.97472837983046e-06_4.97472837983046e-06_4.97472837983046e-06
1016,15517,226-32-10-1-1,9.32761571218212e-06_9.32761571218212e-06_9.32761571218212e-06_9.32761571218212e-06_9.32761571218212e-06
1016,15518,7-4-4-2-1,6.84025152226688e-06_6.84025152226688e-06_6.84025152226688e-06_6.84025152226688e-06_6.84025152226688e-06
1016,15519,171-18-4-2-1,6.84025152226688e-05_6.84025152226688e-05_6.84025152226688e-05_6.84025152226688e-05_6.84025152226688e-05
1016,15520,32-18-4-2-1,8.0839336172245e-06_8.0839336172245e-06_8.0839336172245e-06_8.0839336172245e-06_8.0839336172245e-06
1016,15521,185-41-9-2-1,8.0839336172245e-06_8.0839336172245e-06_8.0839336172245e-06_8.0839336172245e-06_8.0839336172245e-06
1016,15522,44-13-6-2-1,8.70577466470331e-06_8.70577466470331e-06_8.70577466470331e-06_8.70577466470331e-06_8.70577466470331e-06
1016,15523,227-41-9-2-1,2.61173239941099e-05_2.61173239941099e-05_2.61173239941099e-05_2.61173239941099e-05_2.61173239941099e-05
1016,15524,153-18-4-2-1,4.47725554184741e-05_4.47725554184741e-05_4.47725554184741e-05_4.47725554184741e-05_4.47725554184741e-05
1016,15525,227-41-9-2-1,3.73104628487285e-06_3.73104628487285e-06_3.73104628487285e-06_3.73104628487285e-06_3.73104628487285e-06
1016,15526,177-7-4-2-1,4.97472837983046e-06_4.97472837983046e-06_4.97472837983046e-06_4.97472837983046e-06_4.97472837983046e-06
1016,15527,39-22-8-1-1,4.47725554184741e-05_4.47725554184741e-05_4.47725554184741e-05_4.47725554184741e-05_4.47725554184741e-05
1016,15528,145-25-8-1-1,2.73610060890675e-05_2.73610060890675e-05_2.73610060890675e-05_2.73610060890675e-05_2.73610060890675e-05
1016,15529,105-8-3-1-1,3.79323038962073e-05_3.79323038962073e-05_3.79323038962073e-05_3.79323038962073e-05_3.79323038962073e-05
1016,15530,39-22-8-1-1,1.67897082819278e-05_1.67897082819278e-05_1.67897082819278e-05_1.67897082819278e-05_1.67897082819278e-05
1016,15531,22-13-6-2-1,1.67897082819278e-05_1.67897082819278e-05_1.67897082819278e-05_1.67897082819278e-05_1.67897082819278e-05
1016,15532,40-23-8-1-1,3.10920523739404e-06_3.10920523739404e-06_3.10920523739404e-06_3.10920523739404e-06_3.10920523739404e-06
1016,15533,54-26-4-2-1,5.41001711306563e-05_5.41001711306563e-05_5.41001711306563e-05_5.41001711306563e-05_5.41001711306563e-05
1016,15534,127-30-1-1-1,1.9277072471843e-05_1.9277072471843e-05_1.9277072471843e-05_1.9277072471843e-05_1.9277072471843e-05
1016,15535,14-9-7-1-1,0.000100738249691567_0.000100738249691567_0.000100738249691567_0.000100738249691567_0.000100738249691567
1016,15536,83-33-5-1-1,1.36805030445338e-05_1.36805030445338e-05_1.36805030445338e-05_1.36805030445338e-05_1.36805030445338e-05
1016,15537,144-43-4-2-1,2.11425956142795e-05_2.11425956142795e-05_2.11425956142795e-05_2.11425956142795e-05_2.11425956142795e-05
1016,15538,129-21-4-2-1,6.28059457953596e-05_6.28059457953596e-05_6.28059457953596e-05_6.28059457953596e-05_6.28059457953596e-05
1016,15539,159-4-4-2-1,4.47725554184741e-05_4.47725554184741e-05_4.47725554184741e-05_4.47725554184741e-05_4.47725554184741e-05
1016,15540,147-11-4-2-1,9.32761571218212e-06_9.32761571218212e-06_9.32761571218212e-06_9.32761571218212e-06_9.32761571218212e-06
1016,15541,17-11-4-2-1,9.94945675966092e-06_9.94945675966092e-06_9.94945675966092e-06_9.94945675966092e-06_9.94945675966092e-06
1016,15542,185-41-9-2-1,5.59656942730927e-06_5.59656942730927e-06_5.59656942730927e-06_5.59656942730927e-06_5.59656942730927e-06
1016,15543,147-11-4-2-1,1.36805030445338e-05_1.36805030445338e-05_1.36805030445338e-05_1.36805030445338e-05_1.36805030445338e-05
1016,15544,49-22-8-1-1,3.10920523739404e-06_3.10920523739404e-06_3.10920523739404e-06_3.10920523739404e-06_3.10920523739404e-06
1016,15545,126-29-2-2-1,6.21841047478808e-06_6.21841047478808e-06_6.21841047478808e-06_6.21841047478808e-06_6.21841047478808e-06
1016,15546,159-4-4-2-1,7.46209256974569e-06_7.46209256974569e-06_7.46209256974569e-06_7.46209256974569e-06_7.46209256974569e-06
1016,15547,172-40-4-2-1,5.59656942730927e-06_5.59656942730927e-06_5.59656942730927e-06_5.59656942730927e-06_5.59656942730927e-06
1016,15548,131-13-6-2-1,0.00052172463883472_0.00052172463883472_0.00052172463883472_0.00052172463883472_0.00052172463883472
1016,15549,44-13-6-2-1,2.79828471365463e-05_2.79828471365463e-05_2.79828471365463e-05_2.79828471365463e-05_2.79828471365463e-05
1016,15550,74-31-9-2-1,1.11931388546185e-05_1.11931388546185e-05_1.11931388546185e-05_1.11931388546185e-05_1.11931388546185e-05
1016,15551,227-41-9-2-1,1.11931388546185e-05_1.11931388546185e-05_1.11931388546185e-05_1.11931388546185e-05_1.11931388546185e-05
1016,15552,224-39-11-1-1,3.10920523739404e-06_3.10920523739404e-06_3.10920523739404e-06_3.10920523739404e-06_3.10920523739404e-06
1016,15553,148-29-2-2-1,3.29575755163768e-05_3.29575755163768e-05_3.29575755163768e-05_3.29575755163768e-05_3.29575755163768e-05
1016,15554,174-15-9-2-1,2.67391650415887e-05_2.67391650415887e-05_2.67391650415887e-05_2.67391650415887e-05_2.67391650415887e-05
1016,15555,158-2-2-2-1,4.66380785609106e-05_4.66380785609106e-05_4.66380785609106e-05_4.66380785609106e-05_4.66380785609106e-05
1016,15556,5-5-5-1-1,8.70577466470331e-06_8.70577466470331e-06_8.70577466470331e-06_8.70577466470331e-06_8.70577466470331e-06
1016,15557,67-2-2-2-1,9.32761571218212e-06_9.32761571218212e-06_9.32761571218212e-06_9.32761571218212e-06_9.32761571218212e-06
1016,15558,185-41-9-2-1,4.35288733235165e-06_4.35288733235165e-06_4.35288733235165e-06_4.35288733235165e-06_4.35288733235165e-06
1016,15559,71-29-2-2-1,3.73104628487285e-06_3.73104628487285e-06_3.73104628487285e-06_3.73104628487285e-06_3.73104628487285e-06
1016,15560,152-32-10-1-1,3.10920523739404e-06_3.10920523739404e-06_3.10920523739404e-06_3.10920523739404e-06_3.10920523739404e-06
1016,15561,8-7-4-2-1,3.10920523739404e-06_3.10920523739404e-06_3.10920523739404e-06_3.10920523739404e-06_3.10920523739404e-06
1016,15562,172-40-4-2-1,2.48736418991523e-06_2.48736418991523e-06_2.48736418991523e-06_2.48736418991523e-06_2.48736418991523e-06
1016,15563,18-12-8-1-1,2.48736418991523e-06_2.48736418991523e-06_2.48736418991523e-06_2.48736418991523e-06_2.48736418991523e-06
1016,15564,92-2-2-2-1,7.08898794125841e-05_7.08898794125841e-05_7.08898794125841e-05_7.08898794125841e-05_7.08898794125841e-05
1016,15565,136-26-4-2-1,4.72599196083894e-05_4.72599196083894e-05_4.72599196083894e-05_4.72599196083894e-05_4.72599196083894e-05
1016,15566,208-30-1-1-1,4.10415091336013e-05_4.10415091336013e-05_4.10415091336013e-05_4.10415091336013e-05_4.10415091336013e-05
1016,15567,63-27-8-1-1,8.0839336172245e-06_8.0839336172245e-06_8.0839336172245e-06_8.0839336172245e-06_8.0839336172245e-06
1016,15568,63-27-8-1-1,1.11931388546185e-05_1.11931388546185e-05_1.11931388546185e-05_1.11931388546185e-05_1.11931388546185e-05
1016,15569,63-27-8-1-1,1.24368209495762e-05_1.24368209495762e-05_1.24368209495762e-05_1.24368209495762e-05_1.24368209495762e-05
1016,15570,83-33-5-1-1,0.000120637163210889_0.000120637163210889_0.000120637163210889_0.000120637163210889_0.000120637163210889
1016,15571,229-5-5-1-1,0.00023443407489951_0.00023443407489951_0.00023443407489951_0.00023443407489951_0.00023443407489951
1016,15572,58-13-6-2-1,3.04702113264616e-05_3.04702113264616e-05_3.04702113264616e-05_3.04702113264616e-05_3.04702113264616e-05
1016,15573,126-29-2-2-1,8.0839336172245e-06_8.0839336172245e-06_8.0839336172245e-06_8.0839336172245e-06_8.0839336172245e-06
1016,15574,185-41-9-2-1,3.10920523739404e-06_3.10920523739404e-06_3.10920523739404e-06_3.10920523739404e-06_3.10920523739404e-06
1016,15575,216-19-9-2-1,3.73104628487285e-06_3.73104628487285e-06_3.73104628487285e-06_3.73104628487285e-06_3.73104628487285e-06
1016,15576,172-40-4-2-1,4.97472837983046e-06_4.97472837983046e-06_4.97472837983046e-06_4.97472837983046e-06_4.97472837983046e-06
1016,15577,49-22-8-1-1,3.73104628487285e-06_3.73104628487285e-06_3.73104628487285e-06_3.73104628487285e-06_3.73104628487285e-06
1016,15578,222-35-4-2-1,3.73104628487285e-06_3.73104628487285e-06_3.73104628487285e-06_3.73104628487285e-06_3.73104628487285e-06
1016,15579,221-35-4-2-1,3.85541449436861e-05_3.85541449436861e-05_3.85541449436861e-05_3.85541449436861e-05_3.85541449436861e-05
1016,15580,166-18-4-2-1,9.32761571218212e-06_9.32761571218212e-06_9.32761571218212e-06_9.32761571218212e-06_9.32761571218212e-06
1016,15581,126-29-2-2-1,5.59656942730927e-06_5.59656942730927e-06_5.59656942730927e-06_5.59656942730927e-06_5.59656942730927e-06
1016,15582,221-35-4-2-1,2.67391650415887e-05_2.67391650415887e-05_2.67391650415887e-05_2.67391650415887e-05_2.67391650415887e-05
1016,15583,96-13-6-2-1,2.36299598041947e-05_2.36299598041947e-05_2.36299598041947e-05_2.36299598041947e-05_2.36299598041947e-05
1016,15584,136-26-4-2-1,1.05712978071397e-05_1.05712978071397e-05_1.05712978071397e-05_1.05712978071397e-05_1.05712978071397e-05
1016,15585,8-7-4-2-1,3.10920523739404e-06_3.10920523739404e-06_3.10920523739404e-06_3.10920523739404e-06_3.10920523739404e-06
1016,15586,176-20-9-2-1,3.10920523739404e-06_3.10920523739404e-06_3.10920523739404e-06_3.10920523739404e-06_3.10920523739404e-06
1016,15587,138-23-8-1-1,5.59656942730927e-06_5.59656942730927e-06_5.59656942730927e-06_5.59656942730927e-06_5.59656942730927e-06
1016,15588,114-40-4-2-1,1.18149799020973e-05_1.18149799020973e-05_1.18149799020973e-05_1.18149799020973e-05_1.18149799020973e-05
1016,15589,138-23-8-1-1,6.21841047478808e-06_6.21841047478808e-06_6.21841047478808e-06_6.21841047478808e-06_6.21841047478808e-06
1016,15590,138-23-8-1-1,1.49241851394914e-05_1.49241851394914e-05_1.49241851394914e-05_1.49241851394914e-05_1.49241851394914e-05
1016,15591,74-31-9-2-1,1.24368209495762e-05_1.24368209495762e-05_1.24368209495762e-05_1.24368209495762e-05_1.24368209495762e-05
1016,15592,57-7-4-2-1,8.0839336172245e-06_8.0839336172245e-06_8.0839336172245e-06_8.0839336172245e-06_8.0839336172245e-06
1016,15593,154-25-8-1-1,0.0013437985036017_0.0013437985036017_0.0013437985036017_0.0013437985036017_0.0013437985036017
1016,15594,154-25-8-1-1,0.000401087475623831_0.000401087475623831_0.000401087475623831_0.000401087475623831_0.000401087475623831
1016,15595,154-25-8-1-1,5.34783300831775e-05_5.34783300831775e-05_5.34783300831775e-05_5.34783300831775e-05_5.34783300831775e-05
1016,15596,154-25-8-1-1,8.70577466470331e-05_8.70577466470331e-05_8.70577466470331e-05_8.70577466470331e-05_8.70577466470331e-05
1016,15597,205-12-8-1-1,1.74115493294066e-05_1.74115493294066e-05_1.74115493294066e-05_1.74115493294066e-05_1.74115493294066e-05
1016,15598,157-12-8-1-1,4.29070322760377e-05_4.29070322760377e-05_4.29070322760377e-05_4.29070322760377e-05_4.29070322760377e-05
1016,15599,154-25-8-1-1,0.000327088390973853_0.000327088390973853_0.000327088390973853_0.000327088390973853_0.000327088390973853
1016,15600,154-25-8-1-1,4.72599196083894e-05_4.72599196083894e-05_4.72599196083894e-05_4.72599196083894e-05_4.72599196083894e-05
1016,15601,196-14-4-2-1,3.73104628487285e-06_3.73104628487285e-06_3.73104628487285e-06_3.73104628487285e-06_3.73104628487285e-06
1016,15602,191-37-4-2-1,3.66886218012497e-05_3.66886218012497e-05_3.66886218012497e-05_3.66886218012497e-05_3.66886218012497e-05
1016,15603,191-37-4-2-1,6.84025152226688e-06_6.84025152226688e-06_6.84025152226688e-06_6.84025152226688e-06_6.84025152226688e-06
1016,15604,191-37-4-2-1,1.98989135193218e-05_1.98989135193218e-05_1.98989135193218e-05_1.98989135193218e-05_1.98989135193218e-05
1016,15605,209-35-4-2-1,3.73104628487285e-06_3.73104628487285e-06_3.73104628487285e-06_3.73104628487285e-06_3.73104628487285e-06
1016,15606,84-2-2-2-1,2.61173239941099e-05_2.61173239941099e-05_2.61173239941099e-05_2.61173239941099e-05_2.61173239941099e-05
1016,15607,136-26-4-2-1,3.10920523739404e-06_3.10920523739404e-06_3.10920523739404e-06_3.10920523739404e-06_3.10920523739404e-06
1016,15608,185-41-9-2-1,6.21841047478808e-06_6.21841047478808e-06_6.21841047478808e-06_6.21841047478808e-06_6.21841047478808e-06
1016,15609,138-23-8-1-1,5.59656942730927e-06_5.59656942730927e-06_5.59656942730927e-06_5.59656942730927e-06_5.59656942730927e-06
1016,15610,185-41-9-2-1,4.97472837983046e-06_4.97472837983046e-06_4.97472837983046e-06_4.97472837983046e-06_4.97472837983046e-06
1016,15611,130-12-8-1-1,0.000144267123015083_0.000144267123015083_0.000144267123015083_0.000144267123015083_0.000144267123015083
1016,15612,221-35-4-2-1,4.35288733235165e-06_4.35288733235165e-06_4.35288733235165e-06_4.35288733235165e-06_4.35288733235165e-06
1016,15613,130-12-8-1-1,4.22851912285589e-05_4.22851912285589e-05_4.22851912285589e-05_4.22851912285589e-05_4.22851912285589e-05
1016,15614,130-12-8-1-1,6.21841047478808e-06_6.21841047478808e-06_6.21841047478808e-06_6.21841047478808e-06_6.21841047478808e-06
1016,15615,130-12-8-1-1,6.84025152226688e-06_6.84025152226688e-06_6.84025152226688e-06_6.84025152226688e-06_6.84025152226688e-06
1016,15616,130-12-8-1-1,8.02174951247662e-05_8.02174951247662e-05_8.02174951247662e-05_8.02174951247662e-05_8.02174951247662e-05
1016,15617,172-40-4-2-1,3.73104628487285e-06_3.73104628487285e-06_3.73104628487285e-06_3.73104628487285e-06_3.73104628487285e-06
1016,15618,129-21-4-2-1,1.05712978071397e-05_1.05712978071397e-05_1.05712978071397e-05_1.05712978071397e-05_1.05712978071397e-05
1016,15619,138-23-8-1-1,3.10920523739404e-06_3.10920523739404e-06_3.10920523739404e-06_3.10920523739404e-06_3.10920523739404e-06
1016,15620,179-26-4-2-1,9.94945675966092e-06_9.94945675966092e-06_9.94945675966092e-06_9.94945675966092e-06_9.94945675966092e-06
1016,15621,158-2-2-2-1,5.53438532256139e-05_5.53438532256139e-05_5.53438532256139e-05_5.53438532256139e-05_5.53438532256139e-05
1016,15622,150-30-1-1-1,2.42518008516735e-05_2.42518008516735e-05_2.42518008516735e-05_2.42518008516735e-05_2.42518008516735e-05
1016,15623,44-13-6-2-1,2.79828471365463e-05_2.79828471365463e-05_2.79828471365463e-05_2.79828471365463e-05_2.79828471365463e-05
1016,15624,163-43-4-2-1,1.55460261869702e-05_1.55460261869702e-05_1.55460261869702e-05_1.55460261869702e-05_1.55460261869702e-05
1016,15625,44-13-6-2-1,3.73104628487285e-06_3.73104628487285e-06_3.73104628487285e-06_3.73104628487285e-06_3.73104628487285e-06
1016,15626,8-7-4-2-1,9.94945675966092e-06_9.94945675966092e-06_9.94945675966092e-06_9.94945675966092e-06_9.94945675966092e-06
1016,15627,10-3-3-1-1,1.24368209495762e-05_1.24368209495762e-05_1.24368209495762e-05_1.24368209495762e-05_1.24368209495762e-05
1016,15628,130-12-8-1-1,0.000118771640068452_0.000118771640068452_0.000118771640068452_0.000118771640068452_0.000118771640068452
1016,15629,130-12-8-1-1,8.3948541409639e-05_8.3948541409639e-05_8.3948541409639e-05_8.3948541409639e-05_8.3948541409639e-05
1016,15630,88-35-4-2-1,0.000161056831297011_0.000161056831297011_0.000161056831297011_0.000161056831297011_0.000161056831297011
1016,15631,98-27-8-1-1,1.80333903768854e-05_1.80333903768854e-05_1.80333903768854e-05_1.80333903768854e-05_1.80333903768854e-05
1016,15632,185-41-9-2-1,2.48736418991523e-06_2.48736418991523e-06_2.48736418991523e-06_2.48736418991523e-06_2.48736418991523e-06
1016,15633,188-14-4-2-1,3.97978270386437e-05_3.97978270386437e-05_3.97978270386437e-05_3.97978270386437e-05_3.97978270386437e-05
1016,15634,185-41-9-2-1,4.97472837983046e-06_4.97472837983046e-06_4.97472837983046e-06_4.97472837983046e-06_4.97472837983046e-06
1016,15635,11-4-4-2-1,7.46209256974569e-06_7.46209256974569e-06_7.46209256974569e-06_7.46209256974569e-06_7.46209256974569e-06
1016,15636,139-43-4-2-1,6.90243562701477e-05_6.90243562701477e-05_6.90243562701477e-05_6.90243562701477e-05_6.90243562701477e-05
1016,15637,97-26-4-2-1,7.58646077924145e-05_7.58646077924145e-05_7.58646077924145e-05_7.58646077924145e-05_7.58646077924145e-05
1016,15638,83-33-5-1-1,0.000164166036534405_0.000164166036534405_0.000164166036534405_0.000164166036534405_0.000164166036534405
1016,15639,83-33-5-1-1,1.67897082819278e-05_1.67897082819278e-05_1.67897082819278e-05_1.67897082819278e-05_1.67897082819278e-05
1016,15640,85-33-5-1-1,0.000371239105344848_0.000371239105344848_0.000371239105344848_0.000371239105344848_0.000371239105344848
1016,15642,204-35-4-2-1,0.00013058661997055_0.00013058661997055_0.00013058661997055_0.00013058661997055_0.00013058661997055
1016,15643,166-18-4-2-1,1.24368209495762e-05_1.24368209495762e-05_1.24368209495762e-05_1.24368209495762e-05_1.24368209495762e-05
1016,15644,85-33-5-1-1,7.02680383651053e-05_7.02680383651053e-05_7.02680383651053e-05_7.02680383651053e-05_7.02680383651053e-05
1016,15645,207-29-2-2-1,0.000140536076730211_0.000140536076730211_0.000140536076730211_0.000140536076730211_0.000140536076730211
1016,15646,1-1-1-1-1,1.6167867234449e-05_1.6167867234449e-05_1.6167867234449e-05_1.6167867234449e-05_1.6167867234449e-05
1016,15648,185-41-9-2-1,3.73104628487285e-06_3.73104628487285e-06_3.73104628487285e-06_3.73104628487285e-06_3.73104628487285e-06
1016,15649,203-11-4-2-1,2.54954829466311e-05_2.54954829466311e-05_2.54954829466311e-05_2.54954829466311e-05_2.54954829466311e-05
1016,15650,147-11-4-2-1,3.04702113264616e-05_3.04702113264616e-05_3.04702113264616e-05_3.04702113264616e-05_3.04702113264616e-05
1016,15651,57-7-4-2-1,1.98989135193218e-05_1.98989135193218e-05_1.98989135193218e-05_1.98989135193218e-05_1.98989135193218e-05
1016,15652,147-11-4-2-1,6.84025152226688e-06_6.84025152226688e-06_6.84025152226688e-06_6.84025152226688e-06_6.84025152226688e-06
1016,15653,147-11-4-2-1,9.94945675966092e-06_9.94945675966092e-06_9.94945675966092e-06_9.94945675966092e-06_9.94945675966092e-06
1016,15654,178-44-12-1-1,7.46209256974569e-06_7.46209256974569e-06_7.46209256974569e-06_7.46209256974569e-06_7.46209256974569e-06
1016,15655,191-37-4-2-1,7.46209256974569e-06_7.46209256974569e-06_7.46209256974569e-06_7.46209256974569e-06_7.46209256974569e-06
1016,15656,57-7-4-2-1,3.10920523739404e-06_3.10920523739404e-06_3.10920523739404e-06_3.10920523739404e-06_3.10920523739404e-06
1016,15658,45-5-5-1-1,3.73104628487285e-06_3.73104628487285e-06_3.73104628487285e-06_3.73104628487285e-06_3.73104628487285e-06
1016,15659,203-11-4-2-1,4.35288733235165e-06_4.35288733235165e-06_4.35288733235165e-06_4.35288733235165e-06_4.35288733235165e-06
1016,15660,136-26-4-2-1,4.35288733235165e-06_4.35288733235165e-06_4.35288733235165e-06_4.35288733235165e-06_4.35288733235165e-06
1016,15662,153-18-4-2-1,1.05712978071397e-05_1.05712978071397e-05_1.05712978071397e-05_1.05712978071397e-05_1.05712978071397e-05
1016,15663,114-40-4-2-1,3.10920523739404e-06_3.10920523739404e-06_3.10920523739404e-06_3.10920523739404e-06_3.10920523739404e-06
1016,15664,172-40-4-2-1,3.10920523739404e-06_3.10920523739404e-06_3.10920523739404e-06_3.10920523739404e-06_3.10920523739404e-06
1016,15665,229-5-5-1-1,0.000100116408644088_0.000100116408644088_0.000100116408644088_0.000100116408644088_0.000100116408644088
1016,15666,61-13-6-2-1,7.95956540772874e-05_7.95956540772874e-05_7.95956540772874e-05_7.95956540772874e-05_7.95956540772874e-05
1016,15667,49-22-8-1-1,8.70577466470331e-06_8.70577466470331e-06_8.70577466470331e-06_8.70577466470331e-06_8.70577466470331e-06
1016,15668,83-33-5-1-1,0.000210804115095316_0.000210804115095316_0.000210804115095316_0.000210804115095316_0.000210804115095316
1016,15669,83-33-5-1-1,6.65369920802324e-05_6.65369920802324e-05_6.65369920802324e-05_6.65369920802324e-05_6.65369920802324e-05
1016,15670,83-33-5-1-1,2.36299598041947e-05_2.36299598041947e-05_2.36299598041947e-05_2.36299598041947e-05_2.36299598041947e-05
1016,15671,177-7-4-2-1,4.47725554184741e-05_4.47725554184741e-05_4.47725554184741e-05_4.47725554184741e-05_4.47725554184741e-05
1016,15672,42-13-6-2-1,0.000171628129104151_0.000171628129104151_0.000171628129104151_0.000171628129104151_0.000171628129104151
1016,15673,108-13-6-2-1,0.000280450312412942_0.000280450312412942_0.000280450312412942_0.000280450312412942_0.000280450312412942
1016,15674,54-26-4-2-1,5.65875353205715e-05_5.65875353205715e-05_5.65875353205715e-05_5.65875353205715e-05_5.65875353205715e-05
1016,15675,54-26-4-2-1,0.000124368209495762_0.000124368209495762_0.000124368209495762_0.000124368209495762_0.000124368209495762
1016,15676,13-6-6-2-1,9.26543160743423e-05_9.26543160743423e-05_9.26543160743423e-05_9.26543160743423e-05_9.26543160743423e-05
1016,15677,58-13-6-2-1,2.9226529231504e-05_2.9226529231504e-05_2.9226529231504e-05_2.9226529231504e-05_2.9226529231504e-05
1016,15678,32-18-4-2-1,1.86552314243642e-06_1.86552314243642e-06_1.86552314243642e-06_1.86552314243642e-06_1.86552314243642e-06
1016,15679,47-22-8-1-1,8.0839336172245e-06_8.0839336172245e-06_8.0839336172245e-06_8.0839336172245e-06_8.0839336172245e-06
1016,15680,118-36-10-1-1,1.9277072471843e-05_1.9277072471843e-05_1.9277072471843e-05_1.9277072471843e-05_1.9277072471843e-05
1016,15681,205-12-8-1-1,7.46209256974569e-06_7.46209256974569e-06_7.46209256974569e-06_7.46209256974569e-06_7.46209256974569e-06
1016,15683,40-23-8-1-1,4.22851912285589e-05_4.22851912285589e-05_4.22851912285589e-05_4.22851912285589e-05_4.22851912285589e-05
1016,15684,40-23-8-1-1,7.46209256974569e-06_7.46209256974569e-06_7.46209256974569e-06_7.46209256974569e-06_7.46209256974569e-06
1016,15685,40-23-8-1-1,3.73104628487285e-06_3.73104628487285e-06_3.73104628487285e-06_3.73104628487285e-06_3.73104628487285e-06
1016,15686,65-1-1-1-1,0.000489388904365822_0.000489388904365822_0.000489388904365822_0.000489388904365822_0.000489388904365822
1016,15687,18-12-8-1-1,1.67897082819278e-05_1.67897082819278e-05_1.67897082819278e-05_1.67897082819278e-05_1.67897082819278e-05
1016,15688,75-1-1-1-1,2.30081187567159e-05_2.30081187567159e-05_2.30081187567159e-05_2.30081187567159e-05_2.30081187567159e-05
1016,15689,75-1-1-1-1,2.86046881840252e-05_2.86046881840252e-05_2.86046881840252e-05_2.86046881840252e-05_2.86046881840252e-05
1016,15690,55-22-8-1-1,6.4671468937796e-05_6.4671468937796e-05_6.4671468937796e-05_6.4671468937796e-05_6.4671468937796e-05
1016,15692,222-35-4-2-1,1.05712978071397e-05_1.05712978071397e-05_1.05712978071397e-05_1.05712978071397e-05_1.05712978071397e-05
1016,15693,88-35-4-2-1,3.73104628487285e-06_3.73104628487285e-06_3.73104628487285e-06_3.73104628487285e-06_3.73104628487285e-06
1016,15694,185-41-9-2-1,3.10920523739404e-06_3.10920523739404e-06_3.10920523739404e-06_3.10920523739404e-06_3.10920523739404e-06
1016,15695,118-36-10-1-1,4.97472837983046e-06_4.97472837983046e-06_4.97472837983046e-06_4.97472837983046e-06_4.97472837983046e-06
1016,15696,57-7-4-2-1,4.97472837983046e-06_4.97472837983046e-06_4.97472837983046e-06_4.97472837983046e-06_4.97472837983046e-06
1016,15697,95-37-4-2-1,2.42518008516735e-05_2.42518008516735e-05_2.42518008516735e-05_2.42518008516735e-05_2.42518008516735e-05
1016,15698,199-19-9-2-1,1.43023440920126e-05_1.43023440920126e-05_1.43023440920126e-05_1.43023440920126e-05_1.43023440920126e-05
1016,15699,141-42-12-1-1,5.47220121781351e-05_5.47220121781351e-05_5.47220121781351e-05_5.47220121781351e-05_5.47220121781351e-05
1016,15700,118-36-10-1-1,2.61173239941099e-05_2.61173239941099e-05_2.61173239941099e-05_2.61173239941099e-05_2.61173239941099e-05
1016,15701,32-18-4-2-1,1.24368209495762e-05_1.24368209495762e-05_1.24368209495762e-05_1.24368209495762e-05_1.24368209495762e-05
1016,15703,68-30-1-1-1,3.48230986588132e-05_3.48230986588132e-05_3.48230986588132e-05_3.48230986588132e-05_3.48230986588132e-05
1016,15704,88-35-4-2-1,2.05207545668007e-05_2.05207545668007e-05_2.05207545668007e-05_2.05207545668007e-05_2.05207545668007e-05
1016,15705,88-35-4-2-1,3.10920523739404e-06_3.10920523739404e-06_3.10920523739404e-06_3.10920523739404e-06_3.10920523739404e-06
1016,15706,126-29-2-2-1,1.74115493294066e-05_1.74115493294066e-05_1.74115493294066e-05_1.74115493294066e-05_1.74115493294066e-05
1016,15707,209-35-4-2-1,3.66886218012497e-05_3.66886218012497e-05_3.66886218012497e-05_3.66886218012497e-05_3.66886218012497e-05
1016,15708,200-15-9-2-1,6.84025152226688e-06_6.84025152226688e-06_6.84025152226688e-06_6.84025152226688e-06_6.84025152226688e-06
1016,15709,39-22-8-1-1,3.10920523739404e-05_3.10920523739404e-05_3.10920523739404e-05_3.10920523739404e-05_3.10920523739404e-05
1016,15710,158-2-2-2-1,8.70577466470331e-05_8.70577466470331e-05_8.70577466470331e-05_8.70577466470331e-05_8.70577466470331e-05
1016,15711,8-7-4-2-1,3.73104628487285e-06_3.73104628487285e-06_3.73104628487285e-06_3.73104628487285e-06_3.73104628487285e-06
1016,15712,145-25-8-1-1,0.000100738249691567_0.000100738249691567_0.000100738249691567_0.000100738249691567_0.000100738249691567
1016,15713,124-29-2-2-1,0.000179712062721375_0.000179712062721375_0.000179712062721375_0.000179712062721375_0.000179712062721375
1016,15715,75-1-1-1-1,1.18149799020973e-05_1.18149799020973e-05_1.18149799020973e-05_1.18149799020973e-05_1.18149799020973e-05
1016,15716,222-35-4-2-1,1.86552314243642e-05_1.86552314243642e-05_1.86552314243642e-05_1.86552314243642e-05_1.86552314243642e-05
1016,15717,172-40-4-2-1,3.73104628487285e-06_3.73104628487285e-06_3.73104628487285e-06_3.73104628487285e-06_3.73104628487285e-06
1016,15718,205-12-8-1-1,1.18149799020973e-05_1.18149799020973e-05_1.18149799020973e-05_1.18149799020973e-05_1.18149799020973e-05
1016,15719,32-18-4-2-1,7.46209256974569e-06_7.46209256974569e-06_7.46209256974569e-06_7.46209256974569e-06_7.46209256974569e-06
1016,15721,57-7-4-2-1,5.59656942730927e-06_5.59656942730927e-06_5.59656942730927e-06_5.59656942730927e-06_5.59656942730927e-06
1016,15722,148-29-2-2-1,1.24368209495762e-05_1.24368209495762e-05_1.24368209495762e-05_1.24368209495762e-05_1.24368209495762e-05
1016,15723,4-4-4-2-1,3.73104628487285e-06_3.73104628487285e-06_3.73104628487285e-06_3.73104628487285e-06_3.73104628487285e-06
1016,15724,130-12-8-1-1,2.17644366617583e-05_2.17644366617583e-05_2.17644366617583e-05_2.17644366617583e-05_2.17644366617583e-05
1016,15725,172-40-4-2-1,3.73104628487285e-06_3.73104628487285e-06_3.73104628487285e-06_3.73104628487285e-06_3.73104628487285e-06
1016,15726,205-12-8-1-1,2.86046881840252e-05_2.86046881840252e-05_2.86046881840252e-05_2.86046881840252e-05_2.86046881840252e-05
1016,15727,83-33-5-1-1,2.79828471365463e-05_2.79828471365463e-05_2.79828471365463e-05_2.79828471365463e-05_2.79828471365463e-05
1016,15728,196-14-4-2-1,3.73104628487285e-06_3.73104628487285e-06_3.73104628487285e-06_3.73104628487285e-06_3.73104628487285e-06
1016,15729,57-7-4-2-1,3.73104628487285e-06_3.73104628487285e-06_3.73104628487285e-06_3.73104628487285e-06_3.73104628487285e-06
1016,15730,97-26-4-2-1,3.48230986588132e-05_3.48230986588132e-05_3.48230986588132e-05_3.48230986588132e-05_3.48230986588132e-05
1016,15731,153-18-4-2-1,3.73104628487285e-06_3.73104628487285e-06_3.73104628487285e-06_3.73104628487285e-06_3.73104628487285e-06
1016,15732,180-40-4-2-1,5.59656942730927e-06_5.59656942730927e-06_5.59656942730927e-06_5.59656942730927e-06_5.59656942730927e-06
1016,15733,218-7-4-2-1,5.59656942730927e-06_5.59656942730927e-06_5.59656942730927e-06_5.59656942730927e-06_5.59656942730927e-06
1016,15734,229-5-5-1-1,8.51922235045966e-05_8.51922235045966e-05_8.51922235045966e-05_8.51922235045966e-05_8.51922235045966e-05
1016,15735,143-1-1-1-1,0.00023443407489951_0.00023443407489951_0.00023443407489951_0.00023443407489951_0.00023443407489951
1016,15736,170-43-4-2-1,7.71082898873721e-05_7.71082898873721e-05_7.71082898873721e-05_7.71082898873721e-05_7.71082898873721e-05
1016,15737,71-29-2-2-1,4.97472837983046e-06_4.97472837983046e-06_4.97472837983046e-06_4.97472837983046e-06_4.97472837983046e-06
1016,15738,47-22-8-1-1,1.43023440920126e-05_1.43023440920126e-05_1.43023440920126e-05_1.43023440920126e-05_1.43023440920126e-05
1016,15739,207-29-2-2-1,3.60667807537708e-05_3.60667807537708e-05_3.60667807537708e-05_3.60667807537708e-05_3.60667807537708e-05
1016,15740,153-18-4-2-1,3.73104628487285e-06_3.73104628487285e-06_3.73104628487285e-06_3.73104628487285e-06_3.73104628487285e-06
1016,15741,34-19-9-2-1,8.70577466470331e-06_8.70577466470331e-06_8.70577466470331e-06_8.70577466470331e-06_8.70577466470331e-06
1016,15742,126-29-2-2-1,1.6167867234449e-05_1.6167867234449e-05_1.6167867234449e-05_1.6167867234449e-05_1.6167867234449e-05
1016,15743,227-41-9-2-1,5.59656942730927e-06_5.59656942730927e-06_5.59656942730927e-06_5.59656942730927e-06_5.59656942730927e-06
1016,15744,193-40-4-2-1,1.43023440920126e-05_1.43023440920126e-05_1.43023440920126e-05_1.43023440920126e-05_1.43023440920126e-05
1016,15746,45-5-5-1-1,3.29575755163768e-05_3.29575755163768e-05_3.29575755163768e-05_3.29575755163768e-05_3.29575755163768e-05
1016,15747,35-20-9-2-1,3.73104628487285e-06_3.73104628487285e-06_3.73104628487285e-06_3.73104628487285e-06_3.73104628487285e-06
1016,15748,206-30-1-1-1,8.70577466470331e-05_8.70577466470331e-05_8.70577466470331e-05_8.70577466470331e-05_8.70577466470331e-05
1016,15749,96-13-6-2-1,3.97978270386437e-05_3.97978270386437e-05_3.97978270386437e-05_3.97978270386437e-05_3.97978270386437e-05
1016,15750,75-1-1-1-1,4.97472837983046e-06_4.97472837983046e-06_4.97472837983046e-06_4.97472837983046e-06_4.97472837983046e-06
1016,15751,83-33-5-1-1,2.67391650415887e-05_2.67391650415887e-05_2.67391650415887e-05_2.67391650415887e-05_2.67391650415887e-05
1016,15752,167-18-4-2-1,9.32761571218212e-06_9.32761571218212e-06_9.32761571218212e-06_9.32761571218212e-06_9.32761571218212e-06
1016,15753,206-30-1-1-1,0.000315895252119234_0.000315895252119234_0.000315895252119234_0.000315895252119234_0.000315895252119234
1016,15754,65-1-1-1-1,1.18149799020973e-05_1.18149799020973e-05_1.18149799020973e-05_1.18149799020973e-05_1.18149799020973e-05
1016,15755,65-1-1-1-1,0.000113175070641143_0.000113175070641143_0.000113175070641143_0.000113175070641143_0.000113175070641143
1016,15756,55-22-8-1-1,1.86552314243642e-05_1.86552314243642e-05_1.86552314243642e-05_1.86552314243642e-05_1.86552314243642e-05
1016,15757,183-23-8-1-1,6.84025152226688e-05_6.84025152226688e-05_6.84025152226688e-05_6.84025152226688e-05_6.84025152226688e-05
1016,15758,148-29-2-2-1,9.94945675966092e-05_9.94945675966092e-05_9.94945675966092e-05_9.94945675966092e-05_9.94945675966092e-05
1016,15759,63-27-8-1-1,6.21841047478808e-06_6.21841047478808e-06_6.21841047478808e-06_6.21841047478808e-06_6.21841047478808e-06
1016,15760,154-25-8-1-1,4.35288733235165e-06_4.35288733235165e-06_4.35288733235165e-06_4.35288733235165e-06_4.35288733235165e-06
1016,15761,30-2-2-2-1,0.000345743622398217_0.000345743622398217_0.000345743622398217_0.000345743622398217_0.000345743622398217
1016,15762,133-12-8-1-1,1.05712978071397e-05_1.05712978071397e-05_1.05712978071397e-05_1.05712978071397e-05_1.05712978071397e-05
1016,15763,133-12-8-1-1,3.73104628487285e-06_3.73104628487285e-06_3.73104628487285e-06_3.73104628487285e-06_3.73104628487285e-06
1016,15764,199-19-9-2-1,0.000391759859911649_0.000391759859911649_0.000391759859911649_0.000391759859911649_0.000391759859911649
1016,15765,192-19-9-2-1,0.000498094679030525_0.000498094679030525_0.000498094679030525_0.000498094679030525_0.000498094679030525
1016,15766,142-42-12-1-1,3.10920523739404e-06_3.10920523739404e-06_3.10920523739404e-06_3.10920523739404e-06_3.10920523739404e-06
1016,15767,40-23-8-1-1,8.70577466470331e-06_8.70577466470331e-06_8.70577466470331e-06_8.70577466470331e-06_8.70577466470331e-06
1016,15768,172-40-4-2-1,3.73104628487285e-06_3.73104628487285e-06_3.73104628487285e-06_3.73104628487285e-06_3.73104628487285e-06
1016,15769,66-29-2-2-1,9.32761571218212e-06_9.32761571218212e-06_9.32761571218212e-06_9.32761571218212e-06_9.32761571218212e-06
1016,15770,159-4-4-2-1,8.70577466470331e-06_8.70577466470331e-06_8.70577466470331e-06_8.70577466470331e-06_8.70577466470331e-06
1016,15771,70-27-8-1-1,6.21841047478808e-06_6.21841047478808e-06_6.21841047478808e-06_6.21841047478808e-06_6.21841047478808e-06
1016,15772,127-30-1-1-1,1.18149799020973e-05_1.18149799020973e-05_1.18149799020973e-05_1.18149799020973e-05_1.18149799020973e-05
1016,15773,74-31-9-2-1,1.43023440920126e-05_1.43023440920126e-05_1.43023440920126e-05_1.43023440920126e-05_1.43023440920126e-05
1016,15774,114-40-4-2-1,3.73104628487285e-06_3.73104628487285e-06_3.73104628487285e-06_3.73104628487285e-06_3.73104628487285e-06
1016,15775,40-23-8-1-1,4.35288733235165e-06_4.35288733235165e-06_4.35288733235165e-06_4.35288733235165e-06_4.35288733235165e-06
1016,15776,32-18-4-2-1,6.84025152226688e-06_6.84025152226688e-06_6.84025152226688e-06_6.84025152226688e-06_6.84025152226688e-06
1016,15777,168-2-2-2-1,4.29070322760377e-05_4.29070322760377e-05_4.29070322760377e-05_4.29070322760377e-05_4.29070322760377e-05
1016,15778,172-40-4-2-1,3.73104628487285e-06_3.73104628487285e-06_3.73104628487285e-06_3.73104628487285e-06_3.73104628487285e-06
1016,15779,168-2-2-2-1,4.16633501810801e-05_4.16633501810801e-05_4.16633501810801e-05_4.16633501810801e-05_4.16633501810801e-05
1016,15780,207-29-2-2-1,0.000381188562104509_0.000381188562104509_0.000381188562104509_0.000381188562104509_0.000381188562104509
1016,15781,137-26-4-2-1,4.35288733235165e-06_4.35288733235165e-06_4.35288733235165e-06_4.35288733235165e-06_4.35288733235165e-06
1016,15782,137-26-4-2-1,4.35288733235165e-06_4.35288733235165e-06_4.35288733235165e-06_4.35288733235165e-06_4.35288733235165e-06
1016,15783,212-41-9-2-1,3.73104628487285e-06_3.73104628487285e-06_3.73104628487285e-06_3.73104628487285e-06_3.73104628487285e-06
1016,15784,17-11-4-2-1,2.48736418991523e-06_2.48736418991523e-06_2.48736418991523e-06_2.48736418991523e-06_2.48736418991523e-06
1016,15785,229-5-5-1-1,0.000319004457356628_0.000319004457356628_0.000319004457356628_0.000319004457356628_0.000319004457356628
1016,15786,148-29-2-2-1,2.9226529231504e-05_2.9226529231504e-05_2.9226529231504e-05_2.9226529231504e-05_2.9226529231504e-05
1016,15787,129-21-4-2-1,1.80333903768854e-05_1.80333903768854e-05_1.80333903768854e-05_1.80333903768854e-05_1.80333903768854e-05
1016,15788,5-5-5-1-1,0.000212047797190273_0.000212047797190273_0.000212047797190273_0.000212047797190273_0.000212047797190273
1016,15789,53-21-4-2-1,8.64359055995543e-05_8.64359055995543e-05_8.64359055995543e-05_8.64359055995543e-05_8.64359055995543e-05
1016,15791,179-26-4-2-1,1.74115493294066e-05_1.74115493294066e-05_1.74115493294066e-05_1.74115493294066e-05_1.74115493294066e-05
1016,15793,53-21-4-2-1,0.000208938591952879_0.000208938591952879_0.000208938591952879_0.000208938591952879_0.000208938591952879
1016,15794,18-12-8-1-1,2.48736418991523e-05_2.48736418991523e-05_2.48736418991523e-05_2.48736418991523e-05_2.48736418991523e-05
1016,15795,70-27-8-1-1,3.5444939706292e-05_3.5444939706292e-05_3.5444939706292e-05_3.5444939706292e-05_3.5444939706292e-05
1016,15796,76-4-4-2-1,1.11931388546185e-05_1.11931388546185e-05_1.11931388546185e-05_1.11931388546185e-05_1.11931388546185e-05
1016,15797,177-7-4-2-1,4.97472837983046e-06_4.97472837983046e-06_4.97472837983046e-06_4.97472837983046e-06_4.97472837983046e-06
1016,15800,151-19-9-2-1,9.32761571218212e-06_9.32761571218212e-06_9.32761571218212e-06_9.32761571218212e-06_9.32761571218212e-06
1016,15801,122-16-2-2-1,4.97472837983046e-06_4.97472837983046e-06_4.97472837983046e-06_4.97472837983046e-06_4.97472837983046e-06
1016,15802,214-26-4-2-1,5.59656942730927e-06_5.59656942730927e-06_5.59656942730927e-06_5.59656942730927e-06_5.59656942730927e-06
1016,15803,102-13-6-2-1,1.67897082819278e-05_1.67897082819278e-05_1.67897082819278e-05_1.67897082819278e-05_1.67897082819278e-05
1016,15804,163-43-4-2-1,3.73104628487285e-06_3.73104628487285e-06_3.73104628487285e-06_3.73104628487285e-06_3.73104628487285e-06
1016,15805,214-26-4-2-1,1.24368209495762e-05_1.24368209495762e-05_1.24368209495762e-05_1.24368209495762e-05_1.24368209495762e-05
1016,15806,4-4-4-2-1,3.73104628487285e-06_3.73104628487285e-06_3.73104628487285e-06_3.73104628487285e-06_3.73104628487285e-06
1016,15807,204-35-4-2-1,3.73104628487285e-06_3.73104628487285e-06_3.73104628487285e-06_3.73104628487285e-06_3.73104628487285e-06
1016,15808,222-35-4-2-1,8.0839336172245e-06_8.0839336172245e-06_8.0839336172245e-06_8.0839336172245e-06_8.0839336172245e-06
1016,15809,177-7-4-2-1,4.35288733235165e-06_4.35288733235165e-06_4.35288733235165e-06_4.35288733235165e-06_4.35288733235165e-06
1016,15810,172-40-4-2-1,1.05712978071397e-05_1.05712978071397e-05_1.05712978071397e-05_1.05712978071397e-05_1.05712978071397e-05
1016,15811,166-18-4-2-1,3.10920523739404e-06_3.10920523739404e-06_3.10920523739404e-06_3.10920523739404e-06_3.10920523739404e-06
1016,15812,40-23-8-1-1,5.59656942730927e-06_5.59656942730927e-06_5.59656942730927e-06_5.59656942730927e-06_5.59656942730927e-06
1016,15813,201-17-10-1-1,2.48736418991523e-05_2.48736418991523e-05_2.48736418991523e-05_2.48736418991523e-05_2.48736418991523e-05
1016,15814,29-17-10-1-1,1.43023440920126e-05_1.43023440920126e-05_1.43023440920126e-05_1.43023440920126e-05_1.43023440920126e-05
1016,15815,22-13-6-2-1,0.000366886218012497_0.000366886218012497_0.000366886218012497_0.000366886218012497_0.000366886218012497
1016,15816,13-6-6-2-1,0.000128099255780634_0.000128099255780634_0.000128099255780634_0.000128099255780634_0.000128099255780634
1016,15817,168-2-2-2-1,9.51416802642576e-05_9.51416802642576e-05_9.51416802642576e-05_9.51416802642576e-05_9.51416802642576e-05
1016,15818,84-2-2-2-1,3.79323038962073e-05_3.79323038962073e-05_3.79323038962073e-05_3.79323038962073e-05_3.79323038962073e-05
1016,15819,199-19-9-2-1,3.73104628487285e-06_3.73104628487285e-06_3.73104628487285e-06_3.73104628487285e-06_3.73104628487285e-06
1016,15820,127-30-1-1-1,3.10920523739404e-06_3.10920523739404e-06_3.10920523739404e-06_3.10920523739404e-06_3.10920523739404e-06
1016,15821,172-40-4-2-1,7.46209256974569e-06_7.46209256974569e-06_7.46209256974569e-06_7.46209256974569e-06_7.46209256974569e-06
1016,15822,204-35-4-2-1,6.21841047478808e-06_6.21841047478808e-06_6.21841047478808e-06_6.21841047478808e-06_6.21841047478808e-06
1016,15823,63-27-8-1-1,1.24368209495762e-05_1.24368209495762e-05_1.24368209495762e-05_1.24368209495762e-05_1.24368209495762e-05
1016,15824,209-35-4-2-1,1.11931388546185e-05_1.11931388546185e-05_1.11931388546185e-05_1.11931388546185e-05_1.11931388546185e-05
1016,15825,153-18-4-2-1,2.48736418991523e-06_2.48736418991523e-06_2.48736418991523e-06_2.48736418991523e-06_2.48736418991523e-06
1016,15827,177-7-4-2-1,4.35288733235165e-06_4.35288733235165e-06_4.35288733235165e-06_4.35288733235165e-06_4.35288733235165e-06
1016,15828,156-37-4-2-1,1.55460261869702e-05_1.55460261869702e-05_1.55460261869702e-05_1.55460261869702e-05_1.55460261869702e-05
1016,15829,66-29-2-2-1,3.17138934214192e-05_3.17138934214192e-05_3.17138934214192e-05_3.17138934214192e-05_3.17138934214192e-05
1016,15830,138-23-8-1-1,7.46209256974569e-06_7.46209256974569e-06_7.46209256974569e-06_7.46209256974569e-06_7.46209256974569e-06
1016,15831,185-41-9-2-1,8.0839336172245e-06_8.0839336172245e-06_8.0839336172245e-06_8.0839336172245e-06_8.0839336172245e-06
1016,15833,126-29-2-2-1,6.21841047478808e-06_6.21841047478808e-06_6.21841047478808e-06_6.21841047478808e-06_6.21841047478808e-06
1016,15834,222-35-4-2-1,2.86046881840252e-05_2.86046881840252e-05_2.86046881840252e-05_2.86046881840252e-05_2.86046881840252e-05
1016,15835,222-35-4-2-1,3.10920523739404e-06_3.10920523739404e-06_3.10920523739404e-06_3.10920523739404e-06_3.10920523739404e-06
1016,15836,24-14-4-2-1,4.35288733235165e-05_4.35288733235165e-05_4.35288733235165e-05_4.35288733235165e-05_4.35288733235165e-05
1016,15837,196-14-4-2-1,1.24368209495762e-05_1.24368209495762e-05_1.24368209495762e-05_1.24368209495762e-05_1.24368209495762e-05
1016,15838,196-14-4-2-1,1.18149799020973e-05_1.18149799020973e-05_1.18149799020973e-05_1.18149799020973e-05_1.18149799020973e-05
1016,15839,127-30-1-1-1,1.18149799020973e-05_1.18149799020973e-05_1.18149799020973e-05_1.18149799020973e-05_1.18149799020973e-05
1016,15840,64-28-5-1-1,0.000167275241771799_0.000167275241771799_0.000167275241771799_0.000167275241771799_0.000167275241771799
1016,15841,58-13-6-2-1,2.05207545668007e-05_2.05207545668007e-05_2.05207545668007e-05_2.05207545668007e-05_2.05207545668007e-05
1016,15842,222-35-4-2-1,3.10920523739404e-06_3.10920523739404e-06_3.10920523739404e-06_3.10920523739404e-06_3.10920523739404e-06
1016,15843,214-26-4-2-1,1.05712978071397e-05_1.05712978071397e-05_1.05712978071397e-05_1.05712978071397e-05_1.05712978071397e-05
1016,15844,72-10-2-2-1,0.000261795080988578_0.000261795080988578_0.000261795080988578_0.000261795080988578_0.000261795080988578
1016,15845,185-41-9-2-1,3.10920523739404e-06_3.10920523739404e-06_3.10920523739404e-06_3.10920523739404e-06_3.10920523739404e-06
1016,15846,177-7-4-2-1,5.59656942730927e-06_5.59656942730927e-06_5.59656942730927e-06_5.59656942730927e-06_5.59656942730927e-06
1016,15847,140-42-12-1-1,5.47220121781351e-05_5.47220121781351e-05_5.47220121781351e-05_5.47220121781351e-05_5.47220121781351e-05
1016,15848,25-10-2-2-1,4.35288733235165e-06_4.35288733235165e-06_4.35288733235165e-06_4.35288733235165e-06_4.35288733235165e-06
1016,15849,141-42-12-1-1,3.10920523739404e-06_3.10920523739404e-06_3.10920523739404e-06_3.10920523739404e-06_3.10920523739404e-06
1016,15850,180-40-4-2-1,6.21841047478808e-06_6.21841047478808e-06_6.21841047478808e-06_6.21841047478808e-06_6.21841047478808e-06
1016,15851,179-26-4-2-1,2.48736418991523e-06_2.48736418991523e-06_2.48736418991523e-06_2.48736418991523e-06_2.48736418991523e-06
1016,15852,8-7-4-2-1,7.46209256974569e-06_7.46209256974569e-06_7.46209256974569e-06_7.46209256974569e-06_7.46209256974569e-06
1016,15853,212-41-9-2-1,3.73104628487285e-06_3.73104628487285e-06_3.73104628487285e-06_3.73104628487285e-06_3.73104628487285e-06
1016,15854,172-40-4-2-1,5.59656942730927e-06_5.59656942730927e-06_5.59656942730927e-06_5.59656942730927e-06_5.59656942730927e-06
1016,15855,194-31-9-2-1,6.21841047478808e-06_6.21841047478808e-06_6.21841047478808e-06_6.21841047478808e-06_6.21841047478808e-06
1016,15856,74-31-9-2-1,3.10920523739404e-06_3.10920523739404e-06_3.10920523739404e-06_3.10920523739404e-06_3.10920523739404e-06
1016,15857,23-10-2-2-1,1.98989135193218e-05_1.98989135193218e-05_1.98989135193218e-05_1.98989135193218e-05_1.98989135193218e-05
1016,15858,185-41-9-2-1,6.21841047478808e-06_6.21841047478808e-06_6.21841047478808e-06_6.21841047478808e-06_6.21841047478808e-06
1016,15859,91-33-5-1-1,3.85541449436861e-05_3.85541449436861e-05_3.85541449436861e-05_3.85541449436861e-05_3.85541449436861e-05
1016,15860,26-15-9-2-1,6.84025152226688e-06_6.84025152226688e-06_6.84025152226688e-06_6.84025152226688e-06_6.84025152226688e-06
1016,15861,51-22-8-1-1,8.70577466470331e-06_8.70577466470331e-06_8.70577466470331e-06_8.70577466470331e-06_8.70577466470331e-06
1016,15862,109-28-5-1-1,1.36805030445338e-05_1.36805030445338e-05_1.36805030445338e-05_1.36805030445338e-05_1.36805030445338e-05
1016,15863,166-18-4-2-1,3.10920523739404e-06_3.10920523739404e-06_3.10920523739404e-06_3.10920523739404e-06_3.10920523739404e-06
1016,15865,4-4-4-2-1,4.97472837983046e-06_4.97472837983046e-06_4.97472837983046e-06_4.97472837983046e-06_4.97472837983046e-06
1016,15866,185-41-9-2-1,2.48736418991523e-06_2.48736418991523e-06_2.48736418991523e-06_2.48736418991523e-06_2.48736418991523e-06
1016,15867,171-18-4-2-1,3.35794165638556e-05_3.35794165638556e-05_3.35794165638556e-05_3.35794165638556e-05_3.35794165638556e-05
1016,15869,185-41-9-2-1,3.10920523739404e-06_3.10920523739404e-06_3.10920523739404e-06_3.10920523739404e-06_3.10920523739404e-06
1016,15870,185-41-9-2-1,5.59656942730927e-06_5.59656942730927e-06_5.59656942730927e-06_5.59656942730927e-06_5.59656942730927e-06
1016,15871,152-32-10-1-1,3.10920523739404e-06_3.10920523739404e-06_3.10920523739404e-06_3.10920523739404e-06_3.10920523739404e-06
1016,15872,4-4-4-2-1,3.73104628487285e-06_3.73104628487285e-06_3.73104628487285e-06_3.73104628487285e-06_3.73104628487285e-06
1016,15873,200-15-9-2-1,1.18149799020973e-05_1.18149799020973e-05_1.18149799020973e-05_1.18149799020973e-05_1.18149799020973e-05
1016,15874,118-36-10-1-1,4.35288733235165e-06_4.35288733235165e-06_4.35288733235165e-06_4.35288733235165e-06_4.35288733235165e-06
1016,15875,128-7-4-2-1,3.73104628487285e-06_3.73104628487285e-06_3.73104628487285e-06_3.73104628487285e-06_3.73104628487285e-06
1016,15876,152-32-10-1-1,8.0839336172245e-06_8.0839336172245e-06_8.0839336172245e-06_8.0839336172245e-06_8.0839336172245e-06
1016,15877,160-30-1-1-1,3.73104628487285e-06_3.73104628487285e-06_3.73104628487285e-06_3.73104628487285e-06_3.73104628487285e-06
1016,15878,140-42-12-1-1,4.97472837983046e-06_4.97472837983046e-06_4.97472837983046e-06_4.97472837983046e-06_4.97472837983046e-06
1016,15879,199-19-9-2-1,1.05712978071397e-05_1.05712978071397e-05_1.05712978071397e-05_1.05712978071397e-05_1.05712978071397e-05
1016,15880,151-19-9-2-1,5.84530584630079e-05_5.84530584630079e-05_5.84530584630079e-05_5.84530584630079e-05_5.84530584630079e-05
1016,15881,61-13-6-2-1,8.83014287419907e-05_8.83014287419907e-05_8.83014287419907e-05_8.83014287419907e-05_8.83014287419907e-05
1016,15882,184-31-9-2-1,1.55460261869702e-05_1.55460261869702e-05_1.55460261869702e-05_1.55460261869702e-05_1.55460261869702e-05
1016,15883,57-7-4-2-1,4.97472837983046e-06_4.97472837983046e-06_4.97472837983046e-06_4.97472837983046e-06_4.97472837983046e-06
1016,15884,140-42-12-1-1,9.94945675966092e-06_9.94945675966092e-06_9.94945675966092e-06_9.94945675966092e-06_9.94945675966092e-06
1016,15885,32-18-4-2-1,5.59656942730927e-06_5.59656942730927e-06_5.59656942730927e-06_5.59656942730927e-06_5.59656942730927e-06
1016,15886,33-16-2-2-1,0.000175981016436503_0.000175981016436503_0.000175981016436503_0.000175981016436503_0.000175981016436503
1016,15887,128-7-4-2-1,5.59656942730927e-06_5.59656942730927e-06_5.59656942730927e-06_5.59656942730927e-06_5.59656942730927e-06
1016,15888,63-27-8-1-1,0.000117527957973495_0.000117527957973495_0.000117527957973495_0.000117527957973495_0.000117527957973495
1016,15889,144-43-4-2-1,1.36805030445338e-05_1.36805030445338e-05_1.36805030445338e-05_1.36805030445338e-05_1.36805030445338e-05
1016,15890,154-25-8-1-1,8.70577466470331e-06_8.70577466470331e-06_8.70577466470331e-06_8.70577466470331e-06_8.70577466470331e-06
1016,15891,156-37-4-2-1,0.000353205714967963_0.000353205714967963_0.000353205714967963_0.000353205714967963_0.000353205714967963
1016,15892,221-35-4-2-1,2.48736418991523e-05_2.48736418991523e-05_2.48736418991523e-05_2.48736418991523e-05_2.48736418991523e-05
1016,15893,156-37-4-2-1,3.60667807537708e-05_3.60667807537708e-05_3.60667807537708e-05_3.60667807537708e-05_3.60667807537708e-05
1016,15894,156-37-4-2-1,4.35288733235165e-05_4.35288733235165e-05_4.35288733235165e-05_4.35288733235165e-05_4.35288733235165e-05
1016,15895,112-14-4-2-1,8.70577466470331e-06_8.70577466470331e-06_8.70577466470331e-06_8.70577466470331e-06_8.70577466470331e-06
1016,15896,141-42-12-1-1,4.97472837983046e-06_4.97472837983046e-06_4.97472837983046e-06_4.97472837983046e-06_4.97472837983046e-06
1016,15897,172-40-4-2-1,3.10920523739404e-06_3.10920523739404e-06_3.10920523739404e-06_3.10920523739404e-06_3.10920523739404e-06
1016,15898,31-6-6-2-1,0.000147998169299956_0.000147998169299956_0.000147998169299956_0.000147998169299956_0.000147998169299956
1016,15899,36-6-6-2-1,3.04702113264616e-05_3.04702113264616e-05_3.04702113264616e-05_3.04702113264616e-05_3.04702113264616e-05
1016,15900,156-37-4-2-1,0.000163544195486926_0.000163544195486926_0.000163544195486926_0.000163544195486926_0.000163544195486926
1016,15901,172-40-4-2-1,3.10920523739404e-06_3.10920523739404e-06_3.10920523739404e-06_3.10920523739404e-06_3.10920523739404e-06
1016,15902,191-37-4-2-1,4.97472837983046e-06_4.97472837983046e-06_4.97472837983046e-06_4.97472837983046e-06_4.97472837983046e-06
1016,15903,8-7-4-2-1,4.35288733235165e-06_4.35288733235165e-06_4.35288733235165e-06_4.35288733235165e-06_4.35288733235165e-06
1016,15904,18-12-8-1-1,9.94945675966092e-06_9.94945675966092e-06_9.94945675966092e-06_9.94945675966092e-06_9.94945675966092e-06
1016,15905,167-18-4-2-1,2.48736418991523e-06_2.48736418991523e-06_2.48736418991523e-06_2.48736418991523e-06_2.48736418991523e-06
1016,15906,216-19-9-2-1,6.21841047478808e-06_6.21841047478808e-06_6.21841047478808e-06_6.21841047478808e-06_6.21841047478808e-06
1016,15907,172-40-4-2-1,3.73104628487285e-06_3.73104628487285e-06_3.73104628487285e-06_3.73104628487285e-06_3.73104628487285e-06
1016,15908,44-13-6-2-1,8.0839336172245e-06_8.0839336172245e-06_8.0839336172245e-06_8.0839336172245e-06_8.0839336172245e-06
1016,15909,148-29-2-2-1,7.46209256974569e-06_7.46209256974569e-06_7.46209256974569e-06_7.46209256974569e-06_7.46209256974569e-06
1016,15910,154-25-8-1-1,3.10920523739404e-05_3.10920523739404e-05_3.10920523739404e-05_3.10920523739404e-05_3.10920523739404e-05
1016,15911,58-13-6-2-1,0.000147998169299956_0.000147998169299956_0.000147998169299956_0.000147998169299956_0.000147998169299956
1016,15913,185-41-9-2-1,3.73104628487285e-06_3.73104628487285e-06_3.73104628487285e-06_3.73104628487285e-06_3.73104628487285e-06
1016,15914,149-16-2-2-1,4.35288733235165e-06_4.35288733235165e-06_4.35288733235165e-06_4.35288733235165e-06_4.35288733235165e-06
1016,15915,216-19-9-2-1,3.10920523739404e-06_3.10920523739404e-06_3.10920523739404e-06_3.10920523739404e-06_3.10920523739404e-06
1016,15916,160-30-1-1-1,0.000138048712540295_0.000138048712540295_0.000138048712540295_0.000138048712540295_0.000138048712540295
1016,15917,177-7-4-2-1,4.35288733235165e-06_4.35288733235165e-06_4.35288733235165e-06_4.35288733235165e-06_4.35288733235165e-06
1016,15918,163-43-4-2-1,2.05207545668007e-05_2.05207545668007e-05_2.05207545668007e-05_2.05207545668007e-05_2.05207545668007e-05
1016,15920,160-30-1-1-1,3.48230986588132e-05_3.48230986588132e-05_3.48230986588132e-05_3.48230986588132e-05_3.48230986588132e-05
1016,15921,68-30-1-1-1,2.61173239941099e-05_2.61173239941099e-05_2.61173239941099e-05_2.61173239941099e-05_2.61173239941099e-05
1016,15922,128-7-4-2-1,4.97472837983046e-06_4.97472837983046e-06_4.97472837983046e-06_4.97472837983046e-06_4.97472837983046e-06
1016,15924,109-28-5-1-1,1.11931388546185e-05_1.11931388546185e-05_1.11931388546185e-05_1.11931388546185e-05_1.11931388546185e-05
1016,15925,140-42-12-1-1,1.11931388546185e-05_1.11931388546185e-05_1.11931388546185e-05_1.11931388546185e-05_1.11931388546185e-05
1016,15926,98-27-8-1-1,1.9277072471843e-05_1.9277072471843e-05_1.9277072471843e-05_1.9277072471843e-05_1.9277072471843e-05
1016,15927,177-7-4-2-1,9.32761571218212e-06_9.32761571218212e-06_9.32761571218212e-06_9.32761571218212e-06_9.32761571218212e-06
1016,15928,96-13-6-2-1,5.41001711306563e-05_5.41001711306563e-05_5.41001711306563e-05_5.41001711306563e-05_5.41001711306563e-05
1016,15929,47-22-8-1-1,3.73104628487285e-06_3.73104628487285e-06_3.73104628487285e-06_3.73104628487285e-06_3.73104628487285e-06
1016,15930,205-12-8-1-1,4.35288733235165e-06_4.35288733235165e-06_4.35288733235165e-06_4.35288733235165e-06_4.35288733235165e-06
1016,15931,150-30-1-1-1,6.09404226529231e-05_6.09404226529231e-05_6.09404226529231e-05_6.09404226529231e-05_6.09404226529231e-05
1016,15932,225-31-9-2-1,9.32761571218212e-06_9.32761571218212e-06_9.32761571218212e-06_9.32761571218212e-06_9.32761571218212e-06
1016,15933,163-43-4-2-1,1.36805030445338e-05_1.36805030445338e-05_1.36805030445338e-05_1.36805030445338e-05_1.36805030445338e-05
1016,15934,26-15-9-2-1,6.84025152226688e-06_6.84025152226688e-06_6.84025152226688e-06_6.84025152226688e-06_6.84025152226688e-06
1016,15935,14-9-7-1-1,7.83519719823298e-05_7.83519719823298e-05_7.83519719823298e-05_7.83519719823298e-05_7.83519719823298e-05
1016,15936,160-30-1-1-1,1.18149799020973e-05_1.18149799020973e-05_1.18149799020973e-05_1.18149799020973e-05_1.18149799020973e-05
1016,15937,44-13-6-2-1,2.54954829466311e-05_2.54954829466311e-05_2.54954829466311e-05_2.54954829466311e-05_2.54954829466311e-05
1016,15938,158-2-2-2-1,0.000368751741154933_0.000368751741154933_0.000368751741154933_0.000368751741154933_0.000368751741154933
1016,15939,44-13-6-2-1,2.05207545668007e-05_2.05207545668007e-05_2.05207545668007e-05_2.05207545668007e-05_2.05207545668007e-05
1016,15940,158-2-2-2-1,4.72599196083894e-05_4.72599196083894e-05_4.72599196083894e-05_4.72599196083894e-05_4.72599196083894e-05
1016,15941,102-13-6-2-1,2.48736418991523e-05_2.48736418991523e-05_2.48736418991523e-05_2.48736418991523e-05_2.48736418991523e-05
1016,15943,4-4-4-2-1,4.35288733235165e-06_4.35288733235165e-06_4.35288733235165e-06_4.35288733235165e-06_4.35288733235165e-06
1016,15944,8-7-4-2-1,3.10920523739404e-06_3.10920523739404e-06_3.10920523739404e-06_3.10920523739404e-06_3.10920523739404e-06
1016,15945,109-28-5-1-1,8.70577466470331e-06_8.70577466470331e-06_8.70577466470331e-06_8.70577466470331e-06_8.70577466470331e-06
1016,15946,142-42-12-1-1,1.3058661997055e-05_1.3058661997055e-05_1.3058661997055e-05_1.3058661997055e-05_1.3058661997055e-05
1016,15947,152-32-10-1-1,8.70577466470331e-06_8.70577466470331e-06_8.70577466470331e-06_8.70577466470331e-06_8.70577466470331e-06
1016,15949,140-42-12-1-1,3.73104628487285e-06_3.73104628487285e-06_3.73104628487285e-06_3.73104628487285e-06_3.73104628487285e-06
1016,15950,140-42-12-1-1,3.73104628487285e-06_3.73104628487285e-06_3.73104628487285e-06_3.73104628487285e-06_3.73104628487285e-06
1016,15951,120-16-2-2-1,0.000144267123015083_0.000144267123015083_0.000144267123015083_0.000144267123015083_0.000144267123015083
1016,15952,118-36-10-1-1,3.73104628487285e-06_3.73104628487285e-06_3.73104628487285e-06_3.73104628487285e-06_3.73104628487285e-06
1016,15953,196-14-4-2-1,6.21841047478808e-06_6.21841047478808e-06_6.21841047478808e-06_6.21841047478808e-06_6.21841047478808e-06
1016,15954,218-7-4-2-1,1.6167867234449e-05_1.6167867234449e-05_1.6167867234449e-05_1.6167867234449e-05_1.6167867234449e-05
1016,15955,224-39-11-1-1,1.24368209495762e-05_1.24368209495762e-05_1.24368209495762e-05_1.24368209495762e-05_1.24368209495762e-05
1016,15956,185-41-9-2-1,5.59656942730927e-06_5.59656942730927e-06_5.59656942730927e-06_5.59656942730927e-06_5.59656942730927e-06
1016,15958,218-7-4-2-1,4.97472837983046e-06_4.97472837983046e-06_4.97472837983046e-06_4.97472837983046e-06_4.97472837983046e-06
1016,15959,127-30-1-1-1,4.35288733235165e-06_4.35288733235165e-06_4.35288733235165e-06_4.35288733235165e-06_4.35288733235165e-06
1016,15960,185-41-9-2-1,3.10920523739404e-06_3.10920523739404e-06_3.10920523739404e-06_3.10920523739404e-06_3.10920523739404e-06
1016,15961,47-22-8-1-1,0.000128721096828113_0.000128721096828113_0.000128721096828113_0.000128721096828113_0.000128721096828113
1016,15962,75-1-1-1-1,5.59656942730927e-06_5.59656942730927e-06_5.59656942730927e-06_5.59656942730927e-06_5.59656942730927e-06
1016,15963,47-22-8-1-1,4.35288733235165e-06_4.35288733235165e-06_4.35288733235165e-06_4.35288733235165e-06_4.35288733235165e-06
1016,15964,221-35-4-2-1,1.80333903768854e-05_1.80333903768854e-05_1.80333903768854e-05_1.80333903768854e-05_1.80333903768854e-05
1016,15965,62-3-3-1-1,2.98483702789828e-05_2.98483702789828e-05_2.98483702789828e-05_2.98483702789828e-05_2.98483702789828e-05
1016,15966,152-32-10-1-1,1.36805030445338e-05_1.36805030445338e-05_1.36805030445338e-05_1.36805030445338e-05_1.36805030445338e-05
1016,15967,40-23-8-1-1,3.10920523739404e-06_3.10920523739404e-06_3.10920523739404e-06_3.10920523739404e-06_3.10920523739404e-06
1016,15968,138-23-8-1-1,7.46209256974569e-06_7.46209256974569e-06_7.46209256974569e-06_7.46209256974569e-06_7.46209256974569e-06
1016,15969,112-14-4-2-1,0.00127726151152147_0.00127726151152147_0.00127726151152147_0.00127726151152147_0.00127726151152147
1016,15970,26-15-9-2-1,3.10920523739404e-06_3.10920523739404e-06_3.10920523739404e-06_3.10920523739404e-06_3.10920523739404e-06
1016,15971,209-35-4-2-1,7.46209256974569e-06_7.46209256974569e-06_7.46209256974569e-06_7.46209256974569e-06_7.46209256974569e-06
1016,15972,156-37-4-2-1,3.73104628487285e-06_3.73104628487285e-06_3.73104628487285e-06_3.73104628487285e-06_3.73104628487285e-06
1016,15973,112-14-4-2-1,0.000258064034703705_0.000258064034703705_0.000258064034703705_0.000258064034703705_0.000258064034703705
1016,15974,180-40-4-2-1,3.10920523739404e-06_3.10920523739404e-06_3.10920523739404e-06_3.10920523739404e-06_3.10920523739404e-06
1016,15975,126-29-2-2-1,1.05712978071397e-05_1.05712978071397e-05_1.05712978071397e-05_1.05712978071397e-05_1.05712978071397e-05
1016,15976,26-15-9-2-1,5.59656942730927e-06_5.59656942730927e-06_5.59656942730927e-06_5.59656942730927e-06_5.59656942730927e-06
1016,15977,142-42-12-1-1,3.10920523739404e-06_3.10920523739404e-06_3.10920523739404e-06_3.10920523739404e-06_3.10920523739404e-06
1016,15978,230-14-4-2-1,4.35288733235165e-06_4.35288733235165e-06_4.35288733235165e-06_4.35288733235165e-06_4.35288733235165e-06
1016,15979,112-14-4-2-1,9.94945675966092e-06_9.94945675966092e-06_9.94945675966092e-06_9.94945675966092e-06_9.94945675966092e-06
1016,15980,221-35-4-2-1,6.21841047478808e-06_6.21841047478808e-06_6.21841047478808e-06_6.21841047478808e-06_6.21841047478808e-06
1016,15981,216-19-9-2-1,1.43023440920126e-05_1.43023440920126e-05_1.43023440920126e-05_1.43023440920126e-05_1.43023440920126e-05
1016,15982,184-31-9-2-1,1.67897082819278e-05_1.67897082819278e-05_1.67897082819278e-05_1.67897082819278e-05_1.67897082819278e-05
1016,15983,185-41-9-2-1,4.97472837983046e-06_4.97472837983046e-06_4.97472837983046e-06_4.97472837983046e-06_4.97472837983046e-06
1016,15984,40-23-8-1-1,5.59656942730927e-06_5.59656942730927e-06_5.59656942730927e-06_5.59656942730927e-06_5.59656942730927e-06
1016,15985,34-19-9-2-1,3.48230986588132e-05_3.48230986588132e-05_3.48230986588132e-05_3.48230986588132e-05_3.48230986588132e-05
1016,15986,199-19-9-2-1,6.84025152226688e-06_6.84025152226688e-06_6.84025152226688e-06_6.84025152226688e-06_6.84025152226688e-06
1016,15987,34-19-9-2-1,8.0839336172245e-06_8.0839336172245e-06_8.0839336172245e-06_8.0839336172245e-06_8.0839336172245e-06
1016,15988,34-19-9-2-1,4.97472837983046e-06_4.97472837983046e-06_4.97472837983046e-06_4.97472837983046e-06_4.97472837983046e-06
1016,15989,184-31-9-2-1,3.10920523739404e-06_3.10920523739404e-06_3.10920523739404e-06_3.10920523739404e-06_3.10920523739404e-06
1016,15990,128-7-4-2-1,8.70577466470331e-06_8.70577466470331e-06_8.70577466470331e-06_8.70577466470331e-06_8.70577466470331e-06
1016,15991,204-35-4-2-1,4.29070322760377e-05_4.29070322760377e-05_4.29070322760377e-05_4.29070322760377e-05_4.29070322760377e-05
1016,15992,121-39-11-1-1,3.73104628487285e-06_3.73104628487285e-06_3.73104628487285e-06_3.73104628487285e-06_3.73104628487285e-06
1016,15993,156-37-4-2-1,8.0839336172245e-06_8.0839336172245e-06_8.0839336172245e-06_8.0839336172245e-06_8.0839336172245e-06
1016,15994,140-42-12-1-1,2.23862777092371e-05_2.23862777092371e-05_2.23862777092371e-05_2.23862777092371e-05_2.23862777092371e-05
1016,15995,128-7-4-2-1,3.73104628487285e-06_3.73104628487285e-06_3.73104628487285e-06_3.73104628487285e-06_3.73104628487285e-06
1016,15996,26-15-9-2-1,4.35288733235165e-06_4.35288733235165e-06_4.35288733235165e-06_4.35288733235165e-06_4.35288733235165e-06
1016,15997,212-41-9-2-1,2.36299598041947e-05_2.36299598041947e-05_2.36299598041947e-05_2.36299598041947e-05_2.36299598041947e-05
1016,15998,236-42-12-1-1,3.10920523739404e-06_3.10920523739404e-06_3.10920523739404e-06_3.10920523739404e-06_3.10920523739404e-06
1016,15999,185-41-9-2-1,2.48736418991523e-06_2.48736418991523e-06_2.48736418991523e-06_2.48736418991523e-06_2.48736418991523e-06
1016,16000,180-40-4-2-1,4.35288733235165e-06_4.35288733235165e-06_4.35288733235165e-06_4.35288733235165e-06_4.35288733235165e-06
1016,16002,163-43-4-2-1,2.48736418991523e-06_2.48736418991523e-06_2.48736418991523e-06_2.48736418991523e-06_2.48736418991523e-06
1016,16003,44-13-6-2-1,1.18149799020973e-05_1.18149799020973e-05_1.18149799020973e-05_1.18149799020973e-05_1.18149799020973e-05
1016,16004,216-19-9-2-1,3.73104628487285e-06_3.73104628487285e-06_3.73104628487285e-06_3.73104628487285e-06_3.73104628487285e-06
1016,16005,34-19-9-2-1,4.35288733235165e-06_4.35288733235165e-06_4.35288733235165e-06_4.35288733235165e-06_4.35288733235165e-06
1016,16006,11-4-4-2-1,3.73104628487285e-06_3.73104628487285e-06_3.73104628487285e-06_3.73104628487285e-06_3.73104628487285e-06
1016,16007,32-18-4-2-1,3.73104628487285e-06_3.73104628487285e-06_3.73104628487285e-06_3.73104628487285e-06_3.73104628487285e-06
1016,16008,152-32-10-1-1,0.000198989135193218_0.000198989135193218_0.000198989135193218_0.000198989135193218_0.000198989135193218
1016,16009,200-15-9-2-1,1.3058661997055e-05_1.3058661997055e-05_1.3058661997055e-05_1.3058661997055e-05_1.3058661997055e-05
1016,16010,44-13-6-2-1,8.70577466470331e-06_8.70577466470331e-06_8.70577466470331e-06_8.70577466470331e-06_8.70577466470331e-06
1016,16011,17-11-4-2-1,2.23862777092371e-05_2.23862777092371e-05_2.23862777092371e-05_2.23862777092371e-05_2.23862777092371e-05
1016,16012,185-41-9-2-1,2.48736418991523e-06_2.48736418991523e-06_2.48736418991523e-06_2.48736418991523e-06_2.48736418991523e-06
1016,16013,227-41-9-2-1,1.05712978071397e-05_1.05712978071397e-05_1.05712978071397e-05_1.05712978071397e-05_1.05712978071397e-05
1016,16014,26-15-9-2-1,6.1562263700402e-05_6.1562263700402e-05_6.1562263700402e-05_6.1562263700402e-05_6.1562263700402e-05
1016,16015,79-32-10-1-1,8.70577466470331e-06_8.70577466470331e-06_8.70577466470331e-06_8.70577466470331e-06_8.70577466470331e-06
1016,16016,117-27-8-1-1,1.43023440920126e-05_1.43023440920126e-05_1.43023440920126e-05_1.43023440920126e-05_1.43023440920126e-05
1016,16017,156-37-4-2-1,1.98989135193218e-05_1.98989135193218e-05_1.98989135193218e-05_1.98989135193218e-05_1.98989135193218e-05
1016,16018,180-40-4-2-1,3.10920523739404e-06_3.10920523739404e-06_3.10920523739404e-06_3.10920523739404e-06_3.10920523739404e-06
1016,16019,172-40-4-2-1,3.10920523739404e-06_3.10920523739404e-06_3.10920523739404e-06_3.10920523739404e-06_3.10920523739404e-06
1016,16020,122-16-2-2-1,5.59656942730927e-06_5.59656942730927e-06_5.59656942730927e-06_5.59656942730927e-06_5.59656942730927e-06
1016,16021,142-42-12-1-1,6.21841047478808e-06_6.21841047478808e-06_6.21841047478808e-06_6.21841047478808e-06_6.21841047478808e-06
1016,16023,185-41-9-2-1,3.73104628487285e-06_3.73104628487285e-06_3.73104628487285e-06_3.73104628487285e-06_3.73104628487285e-06
1016,16024,142-42-12-1-1,4.35288733235165e-06_4.35288733235165e-06_4.35288733235165e-06_4.35288733235165e-06_4.35288733235165e-06
1016,16025,140-42-12-1-1,3.73104628487285e-06_3.73104628487285e-06_3.73104628487285e-06_3.73104628487285e-06_3.73104628487285e-06
1016,16026,55-22-8-1-1,0.000215157002427667_0.000215157002427667_0.000215157002427667_0.000215157002427667_0.000215157002427667
1016,16027,55-22-8-1-1,0.000101360090739046_0.000101360090739046_0.000101360090739046_0.000101360090739046_0.000101360090739046
1016,16029,79-32-10-1-1,9.38979981693e-05_9.38979981693e-05_9.38979981693e-05_9.38979981693e-05_9.38979981693e-05
1016,16030,44-13-6-2-1,2.36299598041947e-05_2.36299598041947e-05_2.36299598041947e-05_2.36299598041947e-05_2.36299598041947e-05
1016,16031,98-27-8-1-1,1.49241851394914e-05_1.49241851394914e-05_1.49241851394914e-05_1.49241851394914e-05_1.49241851394914e-05
1016,16032,167-18-4-2-1,3.10920523739404e-06_3.10920523739404e-06_3.10920523739404e-06_3.10920523739404e-06_3.10920523739404e-06
1016,16033,8-7-4-2-1,3.73104628487285e-06_3.73104628487285e-06_3.73104628487285e-06_3.73104628487285e-06_3.73104628487285e-06
1016,16034,176-20-9-2-1,5.34783300831775e-05_5.34783300831775e-05_5.34783300831775e-05_5.34783300831775e-05_5.34783300831775e-05
1016,16035,133-12-8-1-1,5.59656942730927e-06_5.59656942730927e-06_5.59656942730927e-06_5.59656942730927e-06_5.59656942730927e-06
1016,16036,159-4-4-2-1,5.65875353205715e-05_5.65875353205715e-05_5.65875353205715e-05_5.65875353205715e-05_5.65875353205715e-05
1016,16038,212-41-9-2-1,8.70577466470331e-06_8.70577466470331e-06_8.70577466470331e-06_8.70577466470331e-06_8.70577466470331e-06
1016,16039,228-17-10-1-1,5.59656942730927e-06_5.59656942730927e-06_5.59656942730927e-06_5.59656942730927e-06_5.59656942730927e-06
1016,16040,147-11-4-2-1,9.94945675966092e-06_9.94945675966092e-06_9.94945675966092e-06_9.94945675966092e-06_9.94945675966092e-06
1016,16041,153-18-4-2-1,1.05712978071397e-05_1.05712978071397e-05_1.05712978071397e-05_1.05712978071397e-05_1.05712978071397e-05
1016,16042,227-41-9-2-1,4.97472837983046e-06_4.97472837983046e-06_4.97472837983046e-06_4.97472837983046e-06_4.97472837983046e-06
1016,16043,23-10-2-2-1,4.47725554184741e-05_4.47725554184741e-05_4.47725554184741e-05_4.47725554184741e-05_4.47725554184741e-05
1016,16044,167-18-4-2-1,6.84025152226688e-06_6.84025152226688e-06_6.84025152226688e-06_6.84025152226688e-06_6.84025152226688e-06
1016,16045,7-4-4-2-1,3.10920523739404e-06_3.10920523739404e-06_3.10920523739404e-06_3.10920523739404e-06_3.10920523739404e-06
1016,16046,188-14-4-2-1,1.11931388546185e-05_1.11931388546185e-05_1.11931388546185e-05_1.11931388546185e-05_1.11931388546185e-05
1016,16047,185-41-9-2-1,6.21841047478808e-06_6.21841047478808e-06_6.21841047478808e-06_6.21841047478808e-06_6.21841047478808e-06
1016,16048,103-13-6-2-1,2.61173239941099e-05_2.61173239941099e-05_2.61173239941099e-05_2.61173239941099e-05_2.61173239941099e-05
1016,16049,138-23-8-1-1,9.45198392167788e-05_9.45198392167788e-05_9.45198392167788e-05_9.45198392167788e-05_9.45198392167788e-05
1016,16050,138-23-8-1-1,8.0839336172245e-06_8.0839336172245e-06_8.0839336172245e-06_8.0839336172245e-06_8.0839336172245e-06
1016,16051,149-16-2-2-1,3.2335734468898e-05_3.2335734468898e-05_3.2335734468898e-05_3.2335734468898e-05_3.2335734468898e-05
1016,16052,218-7-4-2-1,5.59656942730927e-06_5.59656942730927e-06_5.59656942730927e-06_5.59656942730927e-06_5.59656942730927e-06
1016,16053,172-40-4-2-1,3.10920523739404e-06_3.10920523739404e-06_3.10920523739404e-06_3.10920523739404e-06_3.10920523739404e-06
1016,16054,140-42-12-1-1,1.18149799020973e-05_1.18149799020973e-05_1.18149799020973e-05_1.18149799020973e-05_1.18149799020973e-05
1016,16055,205-12-8-1-1,2.98483702789828e-05_2.98483702789828e-05_2.98483702789828e-05_2.98483702789828e-05_2.98483702789828e-05
1016,16056,154-25-8-1-1,2.54954829466311e-05_2.54954829466311e-05_2.54954829466311e-05_2.54954829466311e-05_2.54954829466311e-05
1016,16057,177-7-4-2-1,9.32761571218212e-06_9.32761571218212e-06_9.32761571218212e-06_9.32761571218212e-06_9.32761571218212e-06
1016,16058,140-42-12-1-1,4.97472837983046e-06_4.97472837983046e-06_4.97472837983046e-06_4.97472837983046e-06_4.97472837983046e-06
1016,16059,76-4-4-2-1,2.86046881840252e-05_2.86046881840252e-05_2.86046881840252e-05_2.86046881840252e-05_2.86046881840252e-05
1016,16060,57-7-4-2-1,3.10920523739404e-06_3.10920523739404e-06_3.10920523739404e-06_3.10920523739404e-06_3.10920523739404e-06
1016,16061,129-21-4-2-1,1.49241851394914e-05_1.49241851394914e-05_1.49241851394914e-05_1.49241851394914e-05_1.49241851394914e-05
1016,16062,200-15-9-2-1,3.10920523739404e-06_3.10920523739404e-06_3.10920523739404e-06_3.10920523739404e-06_3.10920523739404e-06
1016,16063,141-42-12-1-1,1.18149799020973e-05_1.18149799020973e-05_1.18149799020973e-05_1.18149799020973e-05_1.18149799020973e-05
1016,16064,74-31-9-2-1,1.55460261869702e-05_1.55460261869702e-05_1.55460261869702e-05_1.55460261869702e-05_1.55460261869702e-05
1016,16065,172-40-4-2-1,3.73104628487285e-06_3.73104628487285e-06_3.73104628487285e-06_3.73104628487285e-06_3.73104628487285e-06
1016,16066,184-31-9-2-1,3.73104628487285e-06_3.73104628487285e-06_3.73104628487285e-06_3.73104628487285e-06_3.73104628487285e-06
1016,16067,112-14-4-2-1,4.35288733235165e-06_4.35288733235165e-06_4.35288733235165e-06_4.35288733235165e-06_4.35288733235165e-06
1016,16068,200-15-9-2-1,3.48230986588132e-05_3.48230986588132e-05_3.48230986588132e-05_3.48230986588132e-05_3.48230986588132e-05
1016,16069,142-42-12-1-1,3.10920523739404e-06_3.10920523739404e-06_3.10920523739404e-06_3.10920523739404e-06_3.10920523739404e-06
1016,16070,213-15-9-2-1,5.59656942730927e-06_5.59656942730927e-06_5.59656942730927e-06_5.59656942730927e-06_5.59656942730927e-06
1016,16071,209-35-4-2-1,3.73104628487285e-06_3.73104628487285e-06_3.73104628487285e-06_3.73104628487285e-06_3.73104628487285e-06
1016,16072,142-42-12-1-1,3.10920523739404e-06_3.10920523739404e-06_3.10920523739404e-06_3.10920523739404e-06_3.10920523739404e-06
1016,16073,200-15-9-2-1,4.35288733235165e-06_4.35288733235165e-06_4.35288733235165e-06_4.35288733235165e-06_4.35288733235165e-06
1016,16074,4-4-4-2-1,4.35288733235165e-06_4.35288733235165e-06_4.35288733235165e-06_4.35288733235165e-06_4.35288733235165e-06
1016,16075,118-36-10-1-1,6.84025152226688e-06_6.84025152226688e-06_6.84025152226688e-06_6.84025152226688e-06_6.84025152226688e-06
1016,16076,228-17-10-1-1,4.97472837983046e-06_4.97472837983046e-06_4.97472837983046e-06_4.97472837983046e-06_4.97472837983046e-06
1016,16077,186-15-9-2-1,9.94945675966092e-06_9.94945675966092e-06_9.94945675966092e-06_9.94945675966092e-06_9.94945675966092e-06
1016,16078,137-26-4-2-1,1.74115493294066e-05_1.74115493294066e-05_1.74115493294066e-05_1.74115493294066e-05_1.74115493294066e-05
1016,16079,55-22-8-1-1,4.35288733235165e-06_4.35288733235165e-06_4.35288733235165e-06_4.35288733235165e-06_4.35288733235165e-06
1016,16080,153-18-4-2-1,4.97472837983046e-06_4.97472837983046e-06_4.97472837983046e-06_4.97472837983046e-06_4.97472837983046e-06
1016,16081,114-40-4-2-1,6.84025152226688e-06_6.84025152226688e-06_6.84025152226688e-06_6.84025152226688e-06_6.84025152226688e-06
1016,16082,199-19-9-2-1,1.43023440920126e-05_1.43023440920126e-05_1.43023440920126e-05_1.43023440920126e-05_1.43023440920126e-05
1016,16083,7-4-4-2-1,7.46209256974569e-06_7.46209256974569e-06_7.46209256974569e-06_7.46209256974569e-06_7.46209256974569e-06
1016,16084,35-20-9-2-1,8.70577466470331e-06_8.70577466470331e-06_8.70577466470331e-06_8.70577466470331e-06_8.70577466470331e-06
1016,16085,122-16-2-2-1,8.70577466470331e-06_8.70577466470331e-06_8.70577466470331e-06_8.70577466470331e-06_8.70577466470331e-06
1016,16086,138-23-8-1-1,8.70577466470331e-06_8.70577466470331e-06_8.70577466470331e-06_8.70577466470331e-06_8.70577466470331e-06
1016,16087,205-12-8-1-1,4.97472837983046e-06_4.97472837983046e-06_4.97472837983046e-06_4.97472837983046e-06_4.97472837983046e-06
1016,16088,128-7-4-2-1,3.10920523739404e-06_3.10920523739404e-06_3.10920523739404e-06_3.10920523739404e-06_3.10920523739404e-06
1016,16089,199-19-9-2-1,9.32761571218212e-06_9.32761571218212e-06_9.32761571218212e-06_9.32761571218212e-06_9.32761571218212e-06
1016,16090,33-16-2-2-1,0.000134939507302901_0.000134939507302901_0.000134939507302901_0.000134939507302901_0.000134939507302901
1016,16091,22-13-6-2-1,0.000142401599872647_0.000142401599872647_0.000142401599872647_0.000142401599872647_0.000142401599872647
1016,16092,197-30-1-1-1,0.000244383531659171_0.000244383531659171_0.000244383531659171_0.000244383531659171_0.000244383531659171
1016,16093,112-14-4-2-1,2.73610060890675e-05_2.73610060890675e-05_2.73610060890675e-05_2.73610060890675e-05_2.73610060890675e-05
1016,16094,112-14-4-2-1,6.21841047478808e-06_6.21841047478808e-06_6.21841047478808e-06_6.21841047478808e-06_6.21841047478808e-06
1016,16096,47-22-8-1-1,7.46209256974569e-06_7.46209256974569e-06_7.46209256974569e-06_7.46209256974569e-06_7.46209256974569e-06
1016,16097,179-26-4-2-1,3.10920523739404e-06_3.10920523739404e-06_3.10920523739404e-06_3.10920523739404e-06_3.10920523739404e-06
1016,16099,186-15-9-2-1,1.18149799020973e-05_1.18149799020973e-05_1.18149799020973e-05_1.18149799020973e-05_1.18149799020973e-05
1016,16100,179-26-4-2-1,1.74115493294066e-05_1.74115493294066e-05_1.74115493294066e-05_1.74115493294066e-05_1.74115493294066e-05
1016,16101,201-17-10-1-1,3.60667807537708e-05_3.60667807537708e-05_3.60667807537708e-05_3.60667807537708e-05_3.60667807537708e-05
1016,16102,188-14-4-2-1,0.000256198511561269_0.000256198511561269_0.000256198511561269_0.000256198511561269_0.000256198511561269
1016,16103,109-28-5-1-1,4.35288733235165e-06_4.35288733235165e-06_4.35288733235165e-06_4.35288733235165e-06_4.35288733235165e-06
1016,16104,133-12-8-1-1,1.80333903768854e-05_1.80333903768854e-05_1.80333903768854e-05_1.80333903768854e-05_1.80333903768854e-05
1016,16105,165-37-4-2-1,0.000119393481115931_0.000119393481115931_0.000119393481115931_0.000119393481115931_0.000119393481115931
1016,16106,119-6-6-2-1,3.66886218012497e-05_3.66886218012497e-05_3.66886218012497e-05_3.66886218012497e-05_3.66886218012497e-05
1016,16107,148-29-2-2-1,7.46209256974569e-06_7.46209256974569e-06_7.46209256974569e-06_7.46209256974569e-06_7.46209256974569e-06
1016,16108,212-41-9-2-1,4.97472837983046e-06_4.97472837983046e-06_4.97472837983046e-06_4.97472837983046e-06_4.97472837983046e-06
1016,16109,17-11-4-2-1,3.73104628487285e-06_3.73104628487285e-06_3.73104628487285e-06_3.73104628487285e-06_3.73104628487285e-06
1016,16110,112-14-4-2-1,1.36805030445338e-05_1.36805030445338e-05_1.36805030445338e-05_1.36805030445338e-05_1.36805030445338e-05
1016,16111,172-40-4-2-1,6.84025152226688e-06_6.84025152226688e-06_6.84025152226688e-06_6.84025152226688e-06_6.84025152226688e-06
1016,16112,118-36-10-1-1,8.76795876945119e-05_8.76795876945119e-05_8.76795876945119e-05_8.76795876945119e-05_8.76795876945119e-05
1016,16113,226-32-10-1-1,1.3058661997055e-05_1.3058661997055e-05_1.3058661997055e-05_1.3058661997055e-05_1.3058661997055e-05
1016,16114,35-20-9-2-1,8.70577466470331e-06_8.70577466470331e-06_8.70577466470331e-06_8.70577466470331e-06_8.70577466470331e-06
1016,16115,91-33-5-1-1,8.0839336172245e-06_8.0839336172245e-06_8.0839336172245e-06_8.0839336172245e-06_8.0839336172245e-06
1016,16116,68-30-1-1-1,9.94945675966092e-06_9.94945675966092e-06_9.94945675966092e-06_9.94945675966092e-06_9.94945675966092e-06
1016,16117,212-41-9-2-1,4.35288733235165e-06_4.35288733235165e-06_4.35288733235165e-06_4.35288733235165e-06_4.35288733235165e-06
1016,16118,142-42-12-1-1,3.10920523739404e-06_3.10920523739404e-06_3.10920523739404e-06_3.10920523739404e-06_3.10920523739404e-06
1016,16119,116-36-10-1-1,0.000158569467107096_0.000158569467107096_0.000158569467107096_0.000158569467107096_0.000158569467107096
1016,16120,216-19-9-2-1,4.97472837983046e-06_4.97472837983046e-06_4.97472837983046e-06_4.97472837983046e-06_4.97472837983046e-06
1016,16121,172-40-4-2-1,3.10920523739404e-06_3.10920523739404e-06_3.10920523739404e-06_3.10920523739404e-06_3.10920523739404e-06
1016,16122,213-15-9-2-1,6.21841047478808e-06_6.21841047478808e-06_6.21841047478808e-06_6.21841047478808e-06_6.21841047478808e-06
1016,16123,200-15-9-2-1,2.98483702789828e-05_2.98483702789828e-05_2.98483702789828e-05_2.98483702789828e-05_2.98483702789828e-05
1016,16124,29-17-10-1-1,1.18149799020973e-05_1.18149799020973e-05_1.18149799020973e-05_1.18149799020973e-05_1.18149799020973e-05
1016,16125,220-22-8-1-1,2.48736418991523e-06_2.48736418991523e-06_2.48736418991523e-06_2.48736418991523e-06_2.48736418991523e-06
1016,16126,174-15-9-2-1,8.0839336172245e-06_8.0839336172245e-06_8.0839336172245e-06_8.0839336172245e-06_8.0839336172245e-06
1016,16127,63-27-8-1-1,6.21841047478808e-06_6.21841047478808e-06_6.21841047478808e-06_6.21841047478808e-06_6.21841047478808e-06
1016,16128,226-32-10-1-1,4.97472837983046e-06_4.97472837983046e-06_4.97472837983046e-06_4.97472837983046e-06_4.97472837983046e-06
1016,16129,176-20-9-2-1,3.73104628487285e-06_3.73104628487285e-06_3.73104628487285e-06_3.73104628487285e-06_3.73104628487285e-06
1016,16130,174-15-9-2-1,6.84025152226688e-06_6.84025152226688e-06_6.84025152226688e-06_6.84025152226688e-06_6.84025152226688e-06
1016,16131,196-14-4-2-1,4.97472837983046e-06_4.97472837983046e-06_4.97472837983046e-06_4.97472837983046e-06_4.97472837983046e-06
1016,16132,53-21-4-2-1,3.17138934214192e-05_3.17138934214192e-05_3.17138934214192e-05_3.17138934214192e-05_3.17138934214192e-05
1016,16133,186-15-9-2-1,2.86046881840252e-05_2.86046881840252e-05_2.86046881840252e-05_2.86046881840252e-05_2.86046881840252e-05
1016,16134,35-20-9-2-1,2.54954829466311e-05_2.54954829466311e-05_2.54954829466311e-05_2.54954829466311e-05_2.54954829466311e-05
1016,16135,29-17-10-1-1,8.70577466470331e-06_8.70577466470331e-06_8.70577466470331e-06_8.70577466470331e-06_8.70577466470331e-06
1016,16136,83-33-5-1-1,7.46209256974569e-06_7.46209256974569e-06_7.46209256974569e-06_7.46209256974569e-06_7.46209256974569e-06
1016,16137,205-12-8-1-1,9.94945675966092e-06_9.94945675966092e-06_9.94945675966092e-06_9.94945675966092e-06_9.94945675966092e-06
1016,16138,45-5-5-1-1,1.36805030445338e-05_1.36805030445338e-05_1.36805030445338e-05_1.36805030445338e-05_1.36805030445338e-05
1016,16139,191-37-4-2-1,2.11425956142795e-05_2.11425956142795e-05_2.11425956142795e-05_2.11425956142795e-05_2.11425956142795e-05
1016,16140,44-13-6-2-1,5.59656942730927e-06_5.59656942730927e-06_5.59656942730927e-06_5.59656942730927e-06_5.59656942730927e-06
1016,16141,63-27-8-1-1,0.000108822183308791_0.000108822183308791_0.000108822183308791_0.000108822183308791_0.000108822183308791
1016,16142,160-30-1-1-1,1.36805030445338e-05_1.36805030445338e-05_1.36805030445338e-05_1.36805030445338e-05_1.36805030445338e-05
1016,16143,185-41-9-2-1,3.73104628487285e-06_3.73104628487285e-06_3.73104628487285e-06_3.73104628487285e-06_3.73104628487285e-06
1016,16144,44-13-6-2-1,0.000107578501213834_0.000107578501213834_0.000107578501213834_0.000107578501213834_0.000107578501213834
1016,16145,205-12-8-1-1,3.73104628487285e-06_3.73104628487285e-06_3.73104628487285e-06_3.73104628487285e-06_3.73104628487285e-06
1016,16146,8-7-4-2-1,3.10920523739404e-06_3.10920523739404e-06_3.10920523739404e-06_3.10920523739404e-06_3.10920523739404e-06
1016,16147,57-7-4-2-1,1.3058661997055e-05_1.3058661997055e-05_1.3058661997055e-05_1.3058661997055e-05_1.3058661997055e-05
1016,16148,226-32-10-1-1,7.08898794125841e-05_7.08898794125841e-05_7.08898794125841e-05_7.08898794125841e-05_7.08898794125841e-05
1016,16149,161-36-10-1-1,3.73104628487285e-06_3.73104628487285e-06_3.73104628487285e-06_3.73104628487285e-06_3.73104628487285e-06
1016,16150,161-36-10-1-1,3.73104628487285e-06_3.73104628487285e-06_3.73104628487285e-06_3.73104628487285e-06_3.73104628487285e-06
1016,16151,138-23-8-1-1,3.73104628487285e-06_3.73104628487285e-06_3.73104628487285e-06_3.73104628487285e-06_3.73104628487285e-06
1016,16152,44-13-6-2-1,2.05207545668007e-05_2.05207545668007e-05_2.05207545668007e-05_2.05207545668007e-05_2.05207545668007e-05
1016,16153,31-6-6-2-1,4.04196680861225e-05_4.04196680861225e-05_4.04196680861225e-05_4.04196680861225e-05_4.04196680861225e-05
1016,16154,123-41-9-2-1,2.67391650415887e-05_2.67391650415887e-05_2.67391650415887e-05_2.67391650415887e-05_2.67391650415887e-05
1016,16155,63-27-8-1-1,1.11931388546185e-05_1.11931388546185e-05_1.11931388546185e-05_1.11931388546185e-05_1.11931388546185e-05
1016,16156,122-16-2-2-1,3.10920523739404e-06_3.10920523739404e-06_3.10920523739404e-06_3.10920523739404e-06_3.10920523739404e-06
1016,16158,168-2-2-2-1,0.00016167867234449_0.00016167867234449_0.00016167867234449_0.00016167867234449_0.00016167867234449
1016,16159,57-7-4-2-1,1.43023440920126e-05_1.43023440920126e-05_1.43023440920126e-05_1.43023440920126e-05_1.43023440920126e-05
1016,16160,94-9-7-1-1,0.00129218569666096_0.00129218569666096_0.00129218569666096_0.00129218569666096_0.00129218569666096
1016,16161,220-22-8-1-1,9.32761571218212e-06_9.32761571218212e-06_9.32761571218212e-06_9.32761571218212e-06_9.32761571218212e-06
1016,16162,118-36-10-1-1,8.70577466470331e-06_8.70577466470331e-06_8.70577466470331e-06_8.70577466470331e-06_8.70577466470331e-06
1016,16163,175-20-9-2-1,5.59656942730927e-06_5.59656942730927e-06_5.59656942730927e-06_5.59656942730927e-06_5.59656942730927e-06
1016,16164,112-14-4-2-1,2.48736418991523e-06_2.48736418991523e-06_2.48736418991523e-06_2.48736418991523e-06_2.48736418991523e-06
1016,16165,196-14-4-2-1,3.10920523739404e-06_3.10920523739404e-06_3.10920523739404e-06_3.10920523739404e-06_3.10920523739404e-06
1016,16166,160-30-1-1-1,4.35288733235165e-06_4.35288733235165e-06_4.35288733235165e-06_4.35288733235165e-06_4.35288733235165e-06
1016,16167,128-7-4-2-1,9.94945675966092e-06_9.94945675966092e-06_9.94945675966092e-06_9.94945675966092e-06_9.94945675966092e-06
1016,16168,180-40-4-2-1,1.43023440920126e-05_1.43023440920126e-05_1.43023440920126e-05_1.43023440920126e-05_1.43023440920126e-05
1016,16169,103-13-6-2-1,0.000666613602897282_0.000666613602897282_0.000666613602897282_0.000666613602897282_0.000666613602897282
1016,16170,161-36-10-1-1,5.59656942730927e-06_5.59656942730927e-06_5.59656942730927e-06_5.59656942730927e-06_5.59656942730927e-06
1016,16171,218-7-4-2-1,4.29070322760377e-05_4.29070322760377e-05_4.29070322760377e-05_4.29070322760377e-05_4.29070322760377e-05
1016,16172,166-18-4-2-1,8.70577466470331e-06_8.70577466470331e-06_8.70577466470331e-06_8.70577466470331e-06_8.70577466470331e-06
1016,16173,172-40-4-2-1,5.59656942730927e-06_5.59656942730927e-06_5.59656942730927e-06_5.59656942730927e-06_5.59656942730927e-06
1016,16174,40-23-8-1-1,1.55460261869702e-05_1.55460261869702e-05_1.55460261869702e-05_1.55460261869702e-05_1.55460261869702e-05
1016,16175,218-7-4-2-1,1.80333903768854e-05_1.80333903768854e-05_1.80333903768854e-05_1.80333903768854e-05_1.80333903768854e-05
1016,16176,31-6-6-2-1,0.000532917777689338_0.000532917777689338_0.000532917777689338_0.000532917777689338_0.000532917777689338
1016,16177,45-5-5-1-1,1.74115493294066e-05_1.74115493294066e-05_1.74115493294066e-05_1.74115493294066e-05_1.74115493294066e-05
1016,16178,3-3-3-1-1,9.20324750268635e-05_9.20324750268635e-05_9.20324750268635e-05_9.20324750268635e-05_9.20324750268635e-05
1016,16179,71-29-2-2-1,6.84025152226688e-06_6.84025152226688e-06_6.84025152226688e-06_6.84025152226688e-06_6.84025152226688e-06
1016,16180,185-41-9-2-1,3.73104628487285e-06_3.73104628487285e-06_3.73104628487285e-06_3.73104628487285e-06_3.73104628487285e-06
1016,16181,103-13-6-2-1,7.52427667449357e-05_7.52427667449357e-05_7.52427667449357e-05_7.52427667449357e-05_7.52427667449357e-05
1016,16182,112-14-4-2-1,3.73104628487285e-06_3.73104628487285e-06_3.73104628487285e-06_3.73104628487285e-06_3.73104628487285e-06
1016,16183,188-14-4-2-1,0.00010446929597644_0.00010446929597644_0.00010446929597644_0.00010446929597644_0.00010446929597644
1016,16185,44-13-6-2-1,1.98989135193218e-05_1.98989135193218e-05_1.98989135193218e-05_1.98989135193218e-05_1.98989135193218e-05
1016,16186,8-7-4-2-1,4.97472837983046e-06_4.97472837983046e-06_4.97472837983046e-06_4.97472837983046e-06_4.97472837983046e-06
1016,16187,163-43-4-2-1,1.9277072471843e-05_1.9277072471843e-05_1.9277072471843e-05_1.9277072471843e-05_1.9277072471843e-05
1016,16188,74-31-9-2-1,7.46209256974569e-06_7.46209256974569e-06_7.46209256974569e-06_7.46209256974569e-06_7.46209256974569e-06
1016,16189,127-30-1-1-1,2.36299598041947e-05_2.36299598041947e-05_2.36299598041947e-05_2.36299598041947e-05_2.36299598041947e-05
1016,16190,153-18-4-2-1,2.54954829466311e-05_2.54954829466311e-05_2.54954829466311e-05_2.54954829466311e-05_2.54954829466311e-05
1016,16191,153-18-4-2-1,3.60667807537708e-05_3.60667807537708e-05_3.60667807537708e-05_3.60667807537708e-05_3.60667807537708e-05
1016,16192,138-23-8-1-1,5.59656942730927e-06_5.59656942730927e-06_5.59656942730927e-06_5.59656942730927e-06_5.59656942730927e-06
1016,16193,172-40-4-2-1,4.35288733235165e-06_4.35288733235165e-06_4.35288733235165e-06_4.35288733235165e-06_4.35288733235165e-06
1016,16194,98-27-8-1-1,1.18149799020973e-05_1.18149799020973e-05_1.18149799020973e-05_1.18149799020973e-05_1.18149799020973e-05
1016,16195,55-22-8-1-1,5.59656942730927e-06_5.59656942730927e-06_5.59656942730927e-06_5.59656942730927e-06_5.59656942730927e-06
1016,16196,222-35-4-2-1,3.10920523739404e-06_3.10920523739404e-06_3.10920523739404e-06_3.10920523739404e-06_3.10920523739404e-06
1016,16197,172-40-4-2-1,3.10920523739404e-06_3.10920523739404e-06_3.10920523739404e-06_3.10920523739404e-06_3.10920523739404e-06
1016,16199,221-35-4-2-1,2.42518008516735e-05_2.42518008516735e-05_2.42518008516735e-05_2.42518008516735e-05_2.42518008516735e-05
1016,16200,140-42-12-1-1,4.35288733235165e-06_4.35288733235165e-06_4.35288733235165e-06_4.35288733235165e-06_4.35288733235165e-06
1016,16201,140-42-12-1-1,3.73104628487285e-06_3.73104628487285e-06_3.73104628487285e-06_3.73104628487285e-06_3.73104628487285e-06
1016,16202,95-37-4-2-1,6.84025152226688e-06_6.84025152226688e-06_6.84025152226688e-06_6.84025152226688e-06_6.84025152226688e-06
1016,16203,200-15-9-2-1,4.66380785609106e-05_4.66380785609106e-05_4.66380785609106e-05_4.66380785609106e-05_4.66380785609106e-05
1016,16204,7-4-4-2-1,4.97472837983046e-06_4.97472837983046e-06_4.97472837983046e-06_4.97472837983046e-06_4.97472837983046e-06
1016,16205,122-16-2-2-1,1.3058661997055e-05_1.3058661997055e-05_1.3058661997055e-05_1.3058661997055e-05_1.3058661997055e-05
1016,16206,140-42-12-1-1,3.73104628487285e-06_3.73104628487285e-06_3.73104628487285e-06_3.73104628487285e-06_3.73104628487285e-06
1016,16207,216-19-9-2-1,3.10920523739404e-06_3.10920523739404e-06_3.10920523739404e-06_3.10920523739404e-06_3.10920523739404e-06
1016,16208,91-33-5-1-1,7.46209256974569e-06_7.46209256974569e-06_7.46209256974569e-06_7.46209256974569e-06_7.46209256974569e-06
1016,16209,130-12-8-1-1,2.48736418991523e-06_2.48736418991523e-06_2.48736418991523e-06_2.48736418991523e-06_2.48736418991523e-06
1016,16211,91-33-5-1-1,4.97472837983046e-06_4.97472837983046e-06_4.97472837983046e-06_4.97472837983046e-06_4.97472837983046e-06
1016,16212,91-33-5-1-1,4.35288733235165e-06_4.35288733235165e-06_4.35288733235165e-06_4.35288733235165e-06_4.35288733235165e-06
1016,16213,66-29-2-2-1,0.000430935845902814_0.000430935845902814_0.000430935845902814_0.000430935845902814_0.000430935845902814
1016,16214,66-29-2-2-1,3.73104628487285e-06_3.73104628487285e-06_3.73104628487285e-06_3.73104628487285e-06_3.73104628487285e-06
1016,16215,140-42-12-1-1,7.46209256974569e-06_7.46209256974569e-06_7.46209256974569e-06_7.46209256974569e-06_7.46209256974569e-06
1016,16216,140-42-12-1-1,7.46209256974569e-06_7.46209256974569e-06_7.46209256974569e-06_7.46209256974569e-06_7.46209256974569e-06
1016,16217,65-1-1-1-1,3.73104628487285e-06_3.73104628487285e-06_3.73104628487285e-06_3.73104628487285e-06_3.73104628487285e-06
1016,16218,49-22-8-1-1,7.46209256974569e-06_7.46209256974569e-06_7.46209256974569e-06_7.46209256974569e-06_7.46209256974569e-06
1016,16219,228-17-10-1-1,2.48736418991523e-06_2.48736418991523e-06_2.48736418991523e-06_2.48736418991523e-06_2.48736418991523e-06
1016,16220,167-18-4-2-1,3.10920523739404e-06_3.10920523739404e-06_3.10920523739404e-06_3.10920523739404e-06_3.10920523739404e-06
1016,16221,140-42-12-1-1,2.17644366617583e-05_2.17644366617583e-05_2.17644366617583e-05_2.17644366617583e-05_2.17644366617583e-05
1016,16222,148-29-2-2-1,1.3058661997055e-05_1.3058661997055e-05_1.3058661997055e-05_1.3058661997055e-05_1.3058661997055e-05
1016,16223,148-29-2-2-1,8.0839336172245e-06_8.0839336172245e-06_8.0839336172245e-06_8.0839336172245e-06_8.0839336172245e-06
1016,16224,148-29-2-2-1,6.84025152226688e-06_6.84025152226688e-06_6.84025152226688e-06_6.84025152226688e-06_6.84025152226688e-06
1016,16225,28-16-2-2-1,0.000158569467107096_0.000158569467107096_0.000158569467107096_0.000158569467107096_0.000158569467107096
1016,16226,126-29-2-2-1,3.10920523739404e-06_3.10920523739404e-06_3.10920523739404e-06_3.10920523739404e-06_3.10920523739404e-06
1016,16227,185-41-9-2-1,3.73104628487285e-06_3.73104628487285e-06_3.73104628487285e-06_3.73104628487285e-06_3.73104628487285e-06
1016,16228,153-18-4-2-1,1.9277072471843e-05_1.9277072471843e-05_1.9277072471843e-05_1.9277072471843e-05_1.9277072471843e-05
1016,16229,10-3-3-1-1,9.76290444541728e-05_9.76290444541728e-05_9.76290444541728e-05_9.76290444541728e-05_9.76290444541728e-05
1016,16230,44-13-6-2-1,5.59656942730927e-06_5.59656942730927e-06_5.59656942730927e-06_5.59656942730927e-06_5.59656942730927e-06
1016,16231,47-22-8-1-1,8.0839336172245e-06_8.0839336172245e-06_8.0839336172245e-06_8.0839336172245e-06_8.0839336172245e-06
1016,16232,5-5-5-1-1,8.0839336172245e-06_8.0839336172245e-06_8.0839336172245e-06_8.0839336172245e-06_8.0839336172245e-06
1016,16233,111-8-3-1-1,0.00106397003223624_0.00106397003223624_0.00106397003223624_0.00106397003223624_0.00106397003223624
1016,16234,209-35-4-2-1,3.73104628487285e-06_3.73104628487285e-06_3.73104628487285e-06_3.73104628487285e-06_3.73104628487285e-06
1016,16235,172-40-4-2-1,5.78312174155291e-05_5.78312174155291e-05_5.78312174155291e-05_5.78312174155291e-05_5.78312174155291e-05
1016,16236,93-16-2-2-1,4.97472837983046e-05_4.97472837983046e-05_4.97472837983046e-05_4.97472837983046e-05_4.97472837983046e-05
1016,16237,122-16-2-2-1,2.61173239941099e-05_2.61173239941099e-05_2.61173239941099e-05_2.61173239941099e-05_2.61173239941099e-05
1016,16238,111-8-3-1-1,0.000333306801448641_0.000333306801448641_0.000333306801448641_0.000333306801448641_0.000333306801448641
1016,16239,53-21-4-2-1,2.48736418991523e-06_2.48736418991523e-06_2.48736418991523e-06_2.48736418991523e-06_2.48736418991523e-06
1016,16240,228-17-10-1-1,5.59656942730927e-06_5.59656942730927e-06_5.59656942730927e-06_5.59656942730927e-06_5.59656942730927e-06
1016,16241,234-24-7-1-1,5.84530584630079e-05_5.84530584630079e-05_5.84530584630079e-05_5.84530584630079e-05_5.84530584630079e-05
1016,16242,227-41-9-2-1,2.42518008516735e-05_2.42518008516735e-05_2.42518008516735e-05_2.42518008516735e-05_2.42518008516735e-05
1016,16243,199-19-9-2-1,3.10920523739404e-06_3.10920523739404e-06_3.10920523739404e-06_3.10920523739404e-06_3.10920523739404e-06
1016,16244,128-7-4-2-1,7.46209256974569e-06_7.46209256974569e-06_7.46209256974569e-06_7.46209256974569e-06_7.46209256974569e-06
1016,16245,149-16-2-2-1,1.43023440920126e-05_1.43023440920126e-05_1.43023440920126e-05_1.43023440920126e-05_1.43023440920126e-05
1016,16246,70-27-8-1-1,3.10920523739404e-06_3.10920523739404e-06_3.10920523739404e-06_3.10920523739404e-06_3.10920523739404e-06
1016,16247,216-19-9-2-1,1.49241851394914e-05_1.49241851394914e-05_1.49241851394914e-05_1.49241851394914e-05_1.49241851394914e-05
1016,16248,216-19-9-2-1,6.21841047478808e-06_6.21841047478808e-06_6.21841047478808e-06_6.21841047478808e-06_6.21841047478808e-06
1016,16249,209-35-4-2-1,2.05207545668007e-05_2.05207545668007e-05_2.05207545668007e-05_2.05207545668007e-05_2.05207545668007e-05
1016,16250,226-32-10-1-1,7.46209256974569e-06_7.46209256974569e-06_7.46209256974569e-06_7.46209256974569e-06_7.46209256974569e-06
1016,16251,6-6-6-2-1,6.28059457953596e-05_6.28059457953596e-05_6.28059457953596e-05_6.28059457953596e-05_6.28059457953596e-05
1016,16252,8-7-4-2-1,3.73104628487285e-06_3.73104628487285e-06_3.73104628487285e-06_3.73104628487285e-06_3.73104628487285e-06
1016,16253,29-17-10-1-1,4.35288733235165e-06_4.35288733235165e-06_4.35288733235165e-06_4.35288733235165e-06_4.35288733235165e-06
1016,16254,216-19-9-2-1,2.42518008516735e-05_2.42518008516735e-05_2.42518008516735e-05_2.42518008516735e-05_2.42518008516735e-05
1016,16255,216-19-9-2-1,5.59656942730927e-06_5.59656942730927e-06_5.59656942730927e-06_5.59656942730927e-06_5.59656942730927e-06
1016,16256,172-40-4-2-1,6.84025152226688e-06_6.84025152226688e-06_6.84025152226688e-06_6.84025152226688e-06_6.84025152226688e-06
1016,16257,136-26-4-2-1,5.59656942730927e-06_5.59656942730927e-06_5.59656942730927e-06_5.59656942730927e-06_5.59656942730927e-06
1016,16258,55-22-8-1-1,2.11425956142795e-05_2.11425956142795e-05_2.11425956142795e-05_2.11425956142795e-05_2.11425956142795e-05
1016,16259,129-21-4-2-1,0.000173493652246587_0.000173493652246587_0.000173493652246587_0.000173493652246587_0.000173493652246587
1016,16260,117-27-8-1-1,0.000177846539578939_0.000177846539578939_0.000177846539578939_0.000177846539578939_0.000177846539578939
1016,16261,136-26-4-2-1,0.000154838420822223_0.000154838420822223_0.000154838420822223_0.000154838420822223_0.000154838420822223
1016,16263,118-36-10-1-1,4.97472837983046e-06_4.97472837983046e-06_4.97472837983046e-06_4.97472837983046e-06_4.97472837983046e-06
1016,16265,236-42-12-1-1,2.11425956142795e-05_2.11425956142795e-05_2.11425956142795e-05_2.11425956142795e-05_2.11425956142795e-05
1016,16266,112-14-4-2-1,4.35288733235165e-06_4.35288733235165e-06_4.35288733235165e-06_4.35288733235165e-06_4.35288733235165e-06
1016,16267,177-7-4-2-1,4.97472837983046e-06_4.97472837983046e-06_4.97472837983046e-06_4.97472837983046e-06_4.97472837983046e-06
1016,16268,151-19-9-2-1,1.18149799020973e-05_1.18149799020973e-05_1.18149799020973e-05_1.18149799020973e-05_1.18149799020973e-05
1016,16269,160-30-1-1-1,2.48736418991523e-06_2.48736418991523e-06_2.48736418991523e-06_2.48736418991523e-06_2.48736418991523e-06
1016,16270,208-30-1-1-1,4.22851912285589e-05_4.22851912285589e-05_4.22851912285589e-05_4.22851912285589e-05_4.22851912285589e-05
1016,16271,208-30-1-1-1,1.36805030445338e-05_1.36805030445338e-05_1.36805030445338e-05_1.36805030445338e-05_1.36805030445338e-05
1016,16272,236-42-12-1-1,4.97472837983046e-06_4.97472837983046e-06_4.97472837983046e-06_4.97472837983046e-06_4.97472837983046e-06
1016,16273,185-41-9-2-1,2.36299598041947e-05_2.36299598041947e-05_2.36299598041947e-05_2.36299598041947e-05_2.36299598041947e-05
1016,16274,216-19-9-2-1,2.86046881840252e-05_2.86046881840252e-05_2.86046881840252e-05_2.86046881840252e-05_2.86046881840252e-05
1016,16275,216-19-9-2-1,4.35288733235165e-06_4.35288733235165e-06_4.35288733235165e-06_4.35288733235165e-06_4.35288733235165e-06
1016,16276,194-31-9-2-1,3.10920523739404e-06_3.10920523739404e-06_3.10920523739404e-06_3.10920523739404e-06_3.10920523739404e-06
1016,16277,216-19-9-2-1,9.94945675966092e-06_9.94945675966092e-06_9.94945675966092e-06_9.94945675966092e-06_9.94945675966092e-06
1016,16278,185-41-9-2-1,5.59656942730927e-06_5.59656942730927e-06_5.59656942730927e-06_5.59656942730927e-06_5.59656942730927e-06
1016,16279,63-27-8-1-1,3.10920523739404e-06_3.10920523739404e-06_3.10920523739404e-06_3.10920523739404e-06_3.10920523739404e-06
1016,16280,128-7-4-2-1,5.59656942730927e-06_5.59656942730927e-06_5.59656942730927e-06_5.59656942730927e-06_5.59656942730927e-06
1016,16281,70-27-8-1-1,1.24368209495762e-05_1.24368209495762e-05_1.24368209495762e-05_1.24368209495762e-05_1.24368209495762e-05
1016,16282,150-30-1-1-1,0.000118771640068452_0.000118771640068452_0.000118771640068452_0.000118771640068452_0.000118771640068452
1016,16283,172-40-4-2-1,4.35288733235165e-06_4.35288733235165e-06_4.35288733235165e-06_4.35288733235165e-06_4.35288733235165e-06
1016,16284,163-43-4-2-1,4.97472837983046e-06_4.97472837983046e-06_4.97472837983046e-06_4.97472837983046e-06_4.97472837983046e-06
1016,16285,98-27-8-1-1,3.04702113264616e-05_3.04702113264616e-05_3.04702113264616e-05_3.04702113264616e-05_3.04702113264616e-05
1016,16286,45-5-5-1-1,8.0839336172245e-06_8.0839336172245e-06_8.0839336172245e-06_8.0839336172245e-06_8.0839336172245e-06
1016,16287,75-1-1-1-1,3.10920523739404e-06_3.10920523739404e-06_3.10920523739404e-06_3.10920523739404e-06_3.10920523739404e-06
1016,16288,150-30-1-1-1,9.94945675966092e-06_9.94945675966092e-06_9.94945675966092e-06_9.94945675966092e-06_9.94945675966092e-06
1016,16289,91-33-5-1-1,4.60162375134318e-05_4.60162375134318e-05_4.60162375134318e-05_4.60162375134318e-05_4.60162375134318e-05
1016,16290,166-18-4-2-1,4.97472837983046e-06_4.97472837983046e-06_4.97472837983046e-06_4.97472837983046e-06_4.97472837983046e-06
1016,16291,203-11-4-2-1,2.36299598041947e-05_2.36299598041947e-05_2.36299598041947e-05_2.36299598041947e-05_2.36299598041947e-05
1016,16292,26-15-9-2-1,9.94945675966092e-06_9.94945675966092e-06_9.94945675966092e-06_9.94945675966092e-06_9.94945675966092e-06
1016,16293,26-15-9-2-1,2.67391650415887e-05_2.67391650415887e-05_2.67391650415887e-05_2.67391650415887e-05_2.67391650415887e-05
1016,16294,227-41-9-2-1,3.10920523739404e-06_3.10920523739404e-06_3.10920523739404e-06_3.10920523739404e-06_3.10920523739404e-06
1016,16295,152-32-10-1-1,3.10920523739404e-06_3.10920523739404e-06_3.10920523739404e-06_3.10920523739404e-06_3.10920523739404e-06
1016,16296,185-41-9-2-1,4.35288733235165e-06_4.35288733235165e-06_4.35288733235165e-06_4.35288733235165e-06_4.35288733235165e-06
1016,16297,185-41-9-2-1,3.73104628487285e-06_3.73104628487285e-06_3.73104628487285e-06_3.73104628487285e-06_3.73104628487285e-06
1016,16298,26-15-9-2-1,3.73104628487285e-06_3.73104628487285e-06_3.73104628487285e-06_3.73104628487285e-06_3.73104628487285e-06
1016,16299,68-30-1-1-1,1.98989135193218e-05_1.98989135193218e-05_1.98989135193218e-05_1.98989135193218e-05_1.98989135193218e-05
1016,16300,188-14-4-2-1,9.94945675966092e-06_9.94945675966092e-06_9.94945675966092e-06_9.94945675966092e-06_9.94945675966092e-06
1016,16301,8-7-4-2-1,4.97472837983046e-06_4.97472837983046e-06_4.97472837983046e-06_4.97472837983046e-06_4.97472837983046e-06
1016,16302,216-19-9-2-1,3.97978270386437e-05_3.97978270386437e-05_3.97978270386437e-05_3.97978270386437e-05_3.97978270386437e-05
1016,16303,216-19-9-2-1,1.18149799020973e-05_1.18149799020973e-05_1.18149799020973e-05_1.18149799020973e-05_1.18149799020973e-05
1016,16304,26-15-9-2-1,9.94945675966092e-06_9.94945675966092e-06_9.94945675966092e-06_9.94945675966092e-06_9.94945675966092e-06
1016,16305,37-11-4-2-1,1.36805030445338e-05_1.36805030445338e-05_1.36805030445338e-05_1.36805030445338e-05_1.36805030445338e-05
1016,16306,8-7-4-2-1,4.97472837983046e-06_4.97472837983046e-06_4.97472837983046e-06_4.97472837983046e-06_4.97472837983046e-06
1016,16307,199-19-9-2-1,3.10920523739404e-06_3.10920523739404e-06_3.10920523739404e-06_3.10920523739404e-06_3.10920523739404e-06
1016,16308,180-40-4-2-1,8.0839336172245e-06_8.0839336172245e-06_8.0839336172245e-06_8.0839336172245e-06_8.0839336172245e-06
1016,16309,193-40-4-2-1,4.97472837983046e-06_4.97472837983046e-06_4.97472837983046e-06_4.97472837983046e-06_4.97472837983046e-06
1016,16310,159-4-4-2-1,3.17138934214192e-05_3.17138934214192e-05_3.17138934214192e-05_3.17138934214192e-05_3.17138934214192e-05
1016,16311,76-4-4-2-1,3.73104628487285e-06_3.73104628487285e-06_3.73104628487285e-06_3.73104628487285e-06_3.73104628487285e-06
1016,16312,45-5-5-1-1,2.61173239941099e-05_2.61173239941099e-05_2.61173239941099e-05_2.61173239941099e-05_2.61173239941099e-05
1016,16313,45-5-5-1-1,6.84025152226688e-06_6.84025152226688e-06_6.84025152226688e-06_6.84025152226688e-06_6.84025152226688e-06
1016,16314,163-43-4-2-1,1.74115493294066e-05_1.74115493294066e-05_1.74115493294066e-05_1.74115493294066e-05_1.74115493294066e-05
1016,16315,112-14-4-2-1,5.59656942730927e-06_5.59656942730927e-06_5.59656942730927e-06_5.59656942730927e-06_5.59656942730927e-06
1016,16316,135-41-9-2-1,1.9277072471843e-05_1.9277072471843e-05_1.9277072471843e-05_1.9277072471843e-05_1.9277072471843e-05
1016,16317,156-37-4-2-1,1.3058661997055e-05_1.3058661997055e-05_1.3058661997055e-05_1.3058661997055e-05_1.3058661997055e-05
1016,16318,167-18-4-2-1,2.48736418991523e-06_2.48736418991523e-06_2.48736418991523e-06_2.48736418991523e-06_2.48736418991523e-06
1016,16319,140-42-12-1-1,6.84025152226688e-06_6.84025152226688e-06_6.84025152226688e-06_6.84025152226688e-06_6.84025152226688e-06
1016,16320,221-35-4-2-1,1.80333903768854e-05_1.80333903768854e-05_1.80333903768854e-05_1.80333903768854e-05_1.80333903768854e-05
1016,16321,40-23-8-1-1,9.94945675966092e-06_9.94945675966092e-06_9.94945675966092e-06_9.94945675966092e-06_9.94945675966092e-06
1016,16322,200-15-9-2-1,6.84025152226688e-06_6.84025152226688e-06_6.84025152226688e-06_6.84025152226688e-06_6.84025152226688e-06
1016,16323,122-16-2-2-1,4.97472837983046e-06_4.97472837983046e-06_4.97472837983046e-06_4.97472837983046e-06_4.97472837983046e-06
1016,16324,112-14-4-2-1,5.59656942730927e-06_5.59656942730927e-06_5.59656942730927e-06_5.59656942730927e-06_5.59656942730927e-06
1016,16325,112-14-4-2-1,4.97472837983046e-06_4.97472837983046e-06_4.97472837983046e-06_4.97472837983046e-06_4.97472837983046e-06
1016,16326,213-15-9-2-1,9.32761571218212e-06_9.32761571218212e-06_9.32761571218212e-06_9.32761571218212e-06_9.32761571218212e-06
1016,16327,122-16-2-2-1,2.48736418991523e-06_2.48736418991523e-06_2.48736418991523e-06_2.48736418991523e-06_2.48736418991523e-06
1016,16328,45-5-5-1-1,1.05712978071397e-05_1.05712978071397e-05_1.05712978071397e-05_1.05712978071397e-05_1.05712978071397e-05
1016,16329,29-17-10-1-1,9.32761571218212e-06_9.32761571218212e-06_9.32761571218212e-06_9.32761571218212e-06_9.32761571218212e-06
1016,16330,199-19-9-2-1,2.48736418991523e-06_2.48736418991523e-06_2.48736418991523e-06_2.48736418991523e-06_2.48736418991523e-06
1016,16331,144-43-4-2-1,0.000147376328252477_0.000147376328252477_0.000147376328252477_0.000147376328252477_0.000147376328252477
1016,16332,49-22-8-1-1,5.59656942730927e-06_5.59656942730927e-06_5.59656942730927e-06_5.59656942730927e-06_5.59656942730927e-06
1016,16333,228-17-10-1-1,3.73104628487285e-06_3.73104628487285e-06_3.73104628487285e-06_3.73104628487285e-06_3.73104628487285e-06
1016,16334,57-7-4-2-1,3.73104628487285e-06_3.73104628487285e-06_3.73104628487285e-06_3.73104628487285e-06_3.73104628487285e-06
1016,16335,79-32-10-1-1,1.18149799020973e-05_1.18149799020973e-05_1.18149799020973e-05_1.18149799020973e-05_1.18149799020973e-05
1016,16336,32-18-4-2-1,1.3058661997055e-05_1.3058661997055e-05_1.3058661997055e-05_1.3058661997055e-05_1.3058661997055e-05
1016,16337,142-42-12-1-1,6.21841047478808e-06_6.21841047478808e-06_6.21841047478808e-06_6.21841047478808e-06_6.21841047478808e-06
1016,16338,142-42-12-1-1,3.10920523739404e-06_3.10920523739404e-06_3.10920523739404e-06_3.10920523739404e-06_3.10920523739404e-06
1016,16339,51-22-8-1-1,1.86552314243642e-05_1.86552314243642e-05_1.86552314243642e-05_1.86552314243642e-05_1.86552314243642e-05
1016,16340,138-23-8-1-1,3.10920523739404e-06_3.10920523739404e-06_3.10920523739404e-06_3.10920523739404e-06_3.10920523739404e-06
1016,16341,18-12-8-1-1,1.55460261869702e-05_1.55460261869702e-05_1.55460261869702e-05_1.55460261869702e-05_1.55460261869702e-05
1016,16342,222-35-4-2-1,1.11931388546185e-05_1.11931388546185e-05_1.11931388546185e-05_1.11931388546185e-05_1.11931388546185e-05
1016,16343,208-30-1-1-1,8.70577466470331e-06_8.70577466470331e-06_8.70577466470331e-06_8.70577466470331e-06_8.70577466470331e-06
1016,16344,171-18-4-2-1,7.46209256974569e-06_7.46209256974569e-06_7.46209256974569e-06_7.46209256974569e-06_7.46209256974569e-06
1016,16345,27-8-3-1-1,0.000561522465873363_0.000561522465873363_0.000561522465873363_0.000561522465873363_0.000561522465873363
1016,16346,180-40-4-2-1,4.35288733235165e-06_4.35288733235165e-06_4.35288733235165e-06_4.35288733235165e-06_4.35288733235165e-06
1016,16347,29-17-10-1-1,4.60162375134318e-05_4.60162375134318e-05_4.60162375134318e-05_4.60162375134318e-05_4.60162375134318e-05
1016,16349,216-19-9-2-1,7.89738130298086e-05_7.89738130298086e-05_7.89738130298086e-05_7.89738130298086e-05_7.89738130298086e-05
1016,16350,216-19-9-2-1,1.43023440920126e-05_1.43023440920126e-05_1.43023440920126e-05_1.43023440920126e-05_1.43023440920126e-05
1016,16351,216-19-9-2-1,6.21841047478808e-06_6.21841047478808e-06_6.21841047478808e-06_6.21841047478808e-06_6.21841047478808e-06
1016,16352,34-19-9-2-1,8.0839336172245e-06_8.0839336172245e-06_8.0839336172245e-06_8.0839336172245e-06_8.0839336172245e-06
1016,16353,74-31-9-2-1,2.36299598041947e-05_2.36299598041947e-05_2.36299598041947e-05_2.36299598041947e-05_2.36299598041947e-05
1016,16354,25-10-2-2-1,5.59656942730927e-06_5.59656942730927e-06_5.59656942730927e-06_5.59656942730927e-06_5.59656942730927e-06
1016,16355,175-20-9-2-1,4.97472837983046e-06_4.97472837983046e-06_4.97472837983046e-06_4.97472837983046e-06_4.97472837983046e-06
1016,16356,177-7-4-2-1,3.42012576113344e-05_3.42012576113344e-05_3.42012576113344e-05_3.42012576113344e-05_3.42012576113344e-05
1016,16357,194-31-9-2-1,1.6167867234449e-05_1.6167867234449e-05_1.6167867234449e-05_1.6167867234449e-05_1.6167867234449e-05
1016,16359,227-41-9-2-1,5.59656942730927e-06_5.59656942730927e-06_5.59656942730927e-06_5.59656942730927e-06_5.59656942730927e-06
1016,16360,97-26-4-2-1,0.000298483702789828_0.000298483702789828_0.000298483702789828_0.000298483702789828_0.000298483702789828
1016,16361,97-26-4-2-1,8.70577466470331e-05_8.70577466470331e-05_8.70577466470331e-05_8.70577466470331e-05_8.70577466470331e-05
1016,16362,132-42-12-1-1,9.32761571218212e-06_9.32761571218212e-06_9.32761571218212e-06_9.32761571218212e-06_9.32761571218212e-06
1016,16363,184-31-9-2-1,7.46209256974569e-06_7.46209256974569e-06_7.46209256974569e-06_7.46209256974569e-06_7.46209256974569e-06
1016,16364,118-36-10-1-1,1.11931388546185e-05_1.11931388546185e-05_1.11931388546185e-05_1.11931388546185e-05_1.11931388546185e-05
1016,16365,129-21-4-2-1,0.000103847454928961_0.000103847454928961_0.000103847454928961_0.000103847454928961_0.000103847454928961
1016,16366,129-21-4-2-1,0.000134939507302901_0.000134939507302901_0.000134939507302901_0.000134939507302901_0.000134939507302901
1016,16367,35-20-9-2-1,9.94945675966092e-06_9.94945675966092e-06_9.94945675966092e-06_9.94945675966092e-06_9.94945675966092e-06
1016,16368,151-19-9-2-1,5.59656942730927e-06_5.59656942730927e-06_5.59656942730927e-06_5.59656942730927e-06_5.59656942730927e-06
1016,16369,172-40-4-2-1,3.10920523739404e-06_3.10920523739404e-06_3.10920523739404e-06_3.10920523739404e-06_3.10920523739404e-06
1016,16370,18-12-8-1-1,1.9277072471843e-05_1.9277072471843e-05_1.9277072471843e-05_1.9277072471843e-05_1.9277072471843e-05
1016,16371,152-32-10-1-1,2.48736418991523e-06_2.48736418991523e-06_2.48736418991523e-06_2.48736418991523e-06_2.48736418991523e-06
1016,16373,121-39-11-1-1,1.3058661997055e-05_1.3058661997055e-05_1.3058661997055e-05_1.3058661997055e-05_1.3058661997055e-05
1016,16374,26-15-9-2-1,6.21841047478808e-06_6.21841047478808e-06_6.21841047478808e-06_6.21841047478808e-06_6.21841047478808e-06
1016,16375,222-35-4-2-1,4.97472837983046e-06_4.97472837983046e-06_4.97472837983046e-06_4.97472837983046e-06_4.97472837983046e-06
1016,16376,194-31-9-2-1,6.71588331277112e-05_6.71588331277112e-05_6.71588331277112e-05_6.71588331277112e-05_6.71588331277112e-05
1016,16377,55-22-8-1-1,4.97472837983046e-06_4.97472837983046e-06_4.97472837983046e-06_4.97472837983046e-06_4.97472837983046e-06
1016,16378,51-22-8-1-1,6.21841047478808e-06_6.21841047478808e-06_6.21841047478808e-06_6.21841047478808e-06_6.21841047478808e-06
1016,16379,142-42-12-1-1,8.0839336172245e-06_8.0839336172245e-06_8.0839336172245e-06_8.0839336172245e-06_8.0839336172245e-06
1016,16380,161-36-10-1-1,4.35288733235165e-06_4.35288733235165e-06_4.35288733235165e-06_4.35288733235165e-06_4.35288733235165e-06
1016,16381,128-7-4-2-1,3.10920523739404e-06_3.10920523739404e-06_3.10920523739404e-06_3.10920523739404e-06_3.10920523739404e-06
1016,16382,109-28-5-1-1,0.000106956660166355_0.000106956660166355_0.000106956660166355_0.000106956660166355_0.000106956660166355
1016,16383,83-33-5-1-1,3.10920523739404e-05_3.10920523739404e-05_3.10920523739404e-05_3.10920523739404e-05_3.10920523739404e-05
1016,16384,109-28-5-1-1,1.9277072471843e-05_1.9277072471843e-05_1.9277072471843e-05_1.9277072471843e-05_1.9277072471843e-05
1016,16385,109-28-5-1-1,2.42518008516735e-05_2.42518008516735e-05_2.42518008516735e-05_2.42518008516735e-05_2.42518008516735e-05
1016,16386,83-33-5-1-1,8.0839336172245e-06_8.0839336172245e-06_8.0839336172245e-06_8.0839336172245e-06_8.0839336172245e-06
1016,16387,109-28-5-1-1,1.98989135193218e-05_1.98989135193218e-05_1.98989135193218e-05_1.98989135193218e-05_1.98989135193218e-05
1016,16388,4-4-4-2-1,4.66380785609106e-05_4.66380785609106e-05_4.66380785609106e-05_4.66380785609106e-05_4.66380785609106e-05
1016,16389,199-19-9-2-1,6.84025152226688e-06_6.84025152226688e-06_6.84025152226688e-06_6.84025152226688e-06_6.84025152226688e-06
1016,16390,228-17-10-1-1,3.10920523739404e-06_3.10920523739404e-06_3.10920523739404e-06_3.10920523739404e-06_3.10920523739404e-06
1016,16391,37-11-4-2-1,3.73104628487285e-06_3.73104628487285e-06_3.73104628487285e-06_3.73104628487285e-06_3.73104628487285e-06
1016,16392,95-37-4-2-1,3.73104628487285e-06_3.73104628487285e-06_3.73104628487285e-06_3.73104628487285e-06_3.73104628487285e-06
1016,16393,180-40-4-2-1,1.49241851394914e-05_1.49241851394914e-05_1.49241851394914e-05_1.49241851394914e-05_1.49241851394914e-05
1016,16394,163-43-4-2-1,1.3058661997055e-05_1.3058661997055e-05_1.3058661997055e-05_1.3058661997055e-05_1.3058661997055e-05
1016,16395,172-40-4-2-1,4.97472837983046e-06_4.97472837983046e-06_4.97472837983046e-06_4.97472837983046e-06_4.97472837983046e-06
1016,16396,203-11-4-2-1,1.05712978071397e-05_1.05712978071397e-05_1.05712978071397e-05_1.05712978071397e-05_1.05712978071397e-05
1016,16397,225-31-9-2-1,9.94945675966092e-06_9.94945675966092e-06_9.94945675966092e-06_9.94945675966092e-06_9.94945675966092e-06
1016,16398,77-28-5-1-1,5.59656942730927e-06_5.59656942730927e-06_5.59656942730927e-06_5.59656942730927e-06_5.59656942730927e-06
1016,16399,186-15-9-2-1,4.35288733235165e-06_4.35288733235165e-06_4.35288733235165e-06_4.35288733235165e-06_4.35288733235165e-06
1016,16400,4-4-4-2-1,5.59656942730927e-06_5.59656942730927e-06_5.59656942730927e-06_5.59656942730927e-06_5.59656942730927e-06
1016,16401,126-29-2-2-1,8.0839336172245e-06_8.0839336172245e-06_8.0839336172245e-06_8.0839336172245e-06_8.0839336172245e-06
1016,16402,44-13-6-2-1,2.48736418991523e-05_2.48736418991523e-05_2.48736418991523e-05_2.48736418991523e-05_2.48736418991523e-05
1016,16403,44-13-6-2-1,0.000207694909857922_0.000207694909857922_0.000207694909857922_0.000207694909857922_0.000207694909857922
1016,16404,174-15-9-2-1,8.0839336172245e-06_8.0839336172245e-06_8.0839336172245e-06_8.0839336172245e-06_8.0839336172245e-06
1016,16405,197-30-1-1-1,5.1612806940741e-05_5.1612806940741e-05_5.1612806940741e-05_5.1612806940741e-05_5.1612806940741e-05
1016,16406,194-31-9-2-1,3.73104628487285e-06_3.73104628487285e-06_3.73104628487285e-06_3.73104628487285e-06_3.73104628487285e-06
1016,16407,112-14-4-2-1,6.84025152226688e-06_6.84025152226688e-06_6.84025152226688e-06_6.84025152226688e-06_6.84025152226688e-06
1016,16408,4-4-4-2-1,4.35288733235165e-06_4.35288733235165e-06_4.35288733235165e-06_4.35288733235165e-06_4.35288733235165e-06
1016,16409,225-31-9-2-1,4.97472837983046e-06_4.97472837983046e-06_4.97472837983046e-06_4.97472837983046e-06_4.97472837983046e-06
1016,16410,8-7-4-2-1,3.73104628487285e-06_3.73104628487285e-06_3.73104628487285e-06_3.73104628487285e-06_3.73104628487285e-06
1016,16411,177-7-4-2-1,5.34783300831775e-05_5.34783300831775e-05_5.34783300831775e-05_5.34783300831775e-05_5.34783300831775e-05
1016,16412,209-35-4-2-1,3.10920523739404e-06_3.10920523739404e-06_3.10920523739404e-06_3.10920523739404e-06_3.10920523739404e-06
1016,16413,172-40-4-2-1,3.10920523739404e-06_3.10920523739404e-06_3.10920523739404e-06_3.10920523739404e-06_3.10920523739404e-06
1016,16414,4-4-4-2-1,3.10920523739404e-06_3.10920523739404e-06_3.10920523739404e-06_3.10920523739404e-06_3.10920523739404e-06
1016,16415,44-13-6-2-1,1.67897082819278e-05_1.67897082819278e-05_1.67897082819278e-05_1.67897082819278e-05_1.67897082819278e-05
1016,16416,132-42-12-1-1,1.36805030445338e-05_1.36805030445338e-05_1.36805030445338e-05_1.36805030445338e-05_1.36805030445338e-05
1016,16417,36-6-6-2-1,6.1562263700402e-05_6.1562263700402e-05_6.1562263700402e-05_6.1562263700402e-05_6.1562263700402e-05
1016,16418,137-26-4-2-1,4.97472837983046e-06_4.97472837983046e-06_4.97472837983046e-06_4.97472837983046e-06_4.97472837983046e-06
1016,16419,180-40-4-2-1,1.80333903768854e-05_1.80333903768854e-05_1.80333903768854e-05_1.80333903768854e-05_1.80333903768854e-05
1016,16420,149-16-2-2-1,0.000228837505472201_0.000228837505472201_0.000228837505472201_0.000228837505472201_0.000228837505472201
1016,16421,26-15-9-2-1,3.35794165638556e-05_3.35794165638556e-05_3.35794165638556e-05_3.35794165638556e-05_3.35794165638556e-05
1016,16422,79-32-10-1-1,3.48230986588132e-05_3.48230986588132e-05_3.48230986588132e-05_3.48230986588132e-05_3.48230986588132e-05
1016,16423,26-15-9-2-1,3.35794165638556e-05_3.35794165638556e-05_3.35794165638556e-05_3.35794165638556e-05_3.35794165638556e-05
1016,16424,34-19-9-2-1,4.97472837983046e-06_4.97472837983046e-06_4.97472837983046e-06_4.97472837983046e-06_4.97472837983046e-06
1016,16425,4-4-4-2-1,6.21841047478808e-06_6.21841047478808e-06_6.21841047478808e-06_6.21841047478808e-06_6.21841047478808e-06
1016,16426,226-32-10-1-1,1.24368209495762e-05_1.24368209495762e-05_1.24368209495762e-05_1.24368209495762e-05_1.24368209495762e-05
1016,16427,119-6-6-2-1,8.3948541409639e-05_8.3948541409639e-05_8.3948541409639e-05_8.3948541409639e-05_8.3948541409639e-05
1016,16428,81-9-7-1-1,7.08898794125841e-05_7.08898794125841e-05_7.08898794125841e-05_7.08898794125841e-05_7.08898794125841e-05
1016,16429,102-13-6-2-1,1.98989135193218e-05_1.98989135193218e-05_1.98989135193218e-05_1.98989135193218e-05_1.98989135193218e-05
1016,16430,57-7-4-2-1,8.70577466470331e-06_8.70577466470331e-06_8.70577466470331e-06_8.70577466470331e-06_8.70577466470331e-06
1016,16431,129-21-4-2-1,7.08898794125841e-05_7.08898794125841e-05_7.08898794125841e-05_7.08898794125841e-05_7.08898794125841e-05
1016,16432,153-18-4-2-1,1.74115493294066e-05_1.74115493294066e-05_1.74115493294066e-05_1.74115493294066e-05_1.74115493294066e-05
1016,16433,95-37-4-2-1,4.97472837983046e-06_4.97472837983046e-06_4.97472837983046e-06_4.97472837983046e-06_4.97472837983046e-06
1016,16434,44-13-6-2-1,4.97472837983046e-06_4.97472837983046e-06_4.97472837983046e-06_4.97472837983046e-06_4.97472837983046e-06
1016,16435,172-40-4-2-1,1.86552314243642e-06_1.86552314243642e-06_1.86552314243642e-06_1.86552314243642e-06_1.86552314243642e-06
1016,16436,172-40-4-2-1,4.97472837983046e-06_4.97472837983046e-06_4.97472837983046e-06_4.97472837983046e-06_4.97472837983046e-06
1016,16437,53-21-4-2-1,1.6167867234449e-05_1.6167867234449e-05_1.6167867234449e-05_1.6167867234449e-05_1.6167867234449e-05
1016,16438,51-22-8-1-1,6.21841047478808e-06_6.21841047478808e-06_6.21841047478808e-06_6.21841047478808e-06_6.21841047478808e-06
1016,16439,220-22-8-1-1,0.00112366677279421_0.00112366677279421_0.00112366677279421_0.00112366677279421_0.00112366677279421
1016,16440,220-22-8-1-1,7.46209256974569e-06_7.46209256974569e-06_7.46209256974569e-06_7.46209256974569e-06_7.46209256974569e-06
1016,16441,220-22-8-1-1,3.10920523739404e-06_3.10920523739404e-06_3.10920523739404e-06_3.10920523739404e-06_3.10920523739404e-06
1016,16442,180-40-4-2-1,4.35288733235165e-06_4.35288733235165e-06_4.35288733235165e-06_4.35288733235165e-06_4.35288733235165e-06
1016,16443,220-22-8-1-1,1.36805030445338e-05_1.36805030445338e-05_1.36805030445338e-05_1.36805030445338e-05_1.36805030445338e-05
1016,16444,220-22-8-1-1,0.000287290563935209_0.000287290563935209_0.000287290563935209_0.000287290563935209_0.000287290563935209
1016,16445,47-22-8-1-1,1.6167867234449e-05_1.6167867234449e-05_1.6167867234449e-05_1.6167867234449e-05_1.6167867234449e-05
1016,16446,47-22-8-1-1,0.000282315835555379_0.000282315835555379_0.000282315835555379_0.000282315835555379_0.000282315835555379
1016,16447,47-22-8-1-1,2.23862777092371e-05_2.23862777092371e-05_2.23862777092371e-05_2.23862777092371e-05_2.23862777092371e-05
1016,16448,178-44-12-1-1,2.42518008516735e-05_2.42518008516735e-05_2.42518008516735e-05_2.42518008516735e-05_2.42518008516735e-05
1016,16449,166-18-4-2-1,1.43023440920126e-05_1.43023440920126e-05_1.43023440920126e-05_1.43023440920126e-05_1.43023440920126e-05
1016,16450,66-29-2-2-1,1.43023440920126e-05_1.43023440920126e-05_1.43023440920126e-05_1.43023440920126e-05_1.43023440920126e-05
1016,16452,203-11-4-2-1,6.21841047478808e-06_6.21841047478808e-06_6.21841047478808e-06_6.21841047478808e-06_6.21841047478808e-06
1016,16453,51-22-8-1-1,1.55460261869702e-05_1.55460261869702e-05_1.55460261869702e-05_1.55460261869702e-05_1.55460261869702e-05
1016,16454,180-40-4-2-1,4.35288733235165e-06_4.35288733235165e-06_4.35288733235165e-06_4.35288733235165e-06_4.35288733235165e-06
1016,16455,185-41-9-2-1,3.73104628487285e-06_3.73104628487285e-06_3.73104628487285e-06_3.73104628487285e-06_3.73104628487285e-06
1016,16456,161-36-10-1-1,4.97472837983046e-06_4.97472837983046e-06_4.97472837983046e-06_4.97472837983046e-06_4.97472837983046e-06
1016,16457,128-7-4-2-1,6.21841047478808e-06_6.21841047478808e-06_6.21841047478808e-06_6.21841047478808e-06_6.21841047478808e-06
1016,16458,204-35-4-2-1,7.46209256974569e-06_7.46209256974569e-06_7.46209256974569e-06_7.46209256974569e-06_7.46209256974569e-06
1016,16459,156-37-4-2-1,7.08898794125841e-05_7.08898794125841e-05_7.08898794125841e-05_7.08898794125841e-05_7.08898794125841e-05
1016,16460,156-37-4-2-1,5.28564890356987e-05_5.28564890356987e-05_5.28564890356987e-05_5.28564890356987e-05_5.28564890356987e-05
1016,16461,75-1-1-1-1,1.86552314243642e-05_1.86552314243642e-05_1.86552314243642e-05_1.86552314243642e-05_1.86552314243642e-05
1016,16462,34-19-9-2-1,1.86552314243642e-06_1.86552314243642e-06_1.86552314243642e-06_1.86552314243642e-06_1.86552314243642e-06
1016,16463,185-41-9-2-1,3.10920523739404e-06_3.10920523739404e-06_3.10920523739404e-06_3.10920523739404e-06_3.10920523739404e-06
1016,16464,185-41-9-2-1,5.59656942730927e-06_5.59656942730927e-06_5.59656942730927e-06_5.59656942730927e-06_5.59656942730927e-06
1016,16465,123-41-9-2-1,5.22346479882198e-05_5.22346479882198e-05_5.22346479882198e-05_5.22346479882198e-05_5.22346479882198e-05
1016,16466,121-39-11-1-1,1.49241851394914e-05_1.49241851394914e-05_1.49241851394914e-05_1.49241851394914e-05_1.49241851394914e-05
1016,16467,51-22-8-1-1,1.18149799020973e-05_1.18149799020973e-05_1.18149799020973e-05_1.18149799020973e-05_1.18149799020973e-05
1016,16468,123-41-9-2-1,6.84025152226688e-06_6.84025152226688e-06_6.84025152226688e-06_6.84025152226688e-06_6.84025152226688e-06
1016,16469,199-19-9-2-1,9.32761571218212e-06_9.32761571218212e-06_9.32761571218212e-06_9.32761571218212e-06_9.32761571218212e-06
1016,16470,212-41-9-2-1,5.78312174155291e-05_5.78312174155291e-05_5.78312174155291e-05_5.78312174155291e-05_5.78312174155291e-05
1016,16471,212-41-9-2-1,2.48736418991523e-06_2.48736418991523e-06_2.48736418991523e-06_2.48736418991523e-06_2.48736418991523e-06
1016,16472,66-29-2-2-1,4.78817606558682e-05_4.78817606558682e-05_4.78817606558682e-05_4.78817606558682e-05_4.78817606558682e-05
1016,16473,212-41-9-2-1,1.9277072471843e-05_1.9277072471843e-05_1.9277072471843e-05_1.9277072471843e-05_1.9277072471843e-05
1016,16474,166-18-4-2-1,4.97472837983046e-06_4.97472837983046e-06_4.97472837983046e-06_4.97472837983046e-06_4.97472837983046e-06
1016,16475,160-30-1-1-1,6.84025152226688e-06_6.84025152226688e-06_6.84025152226688e-06_6.84025152226688e-06_6.84025152226688e-06
1016,16476,113-31-9-2-1,8.0839336172245e-06_8.0839336172245e-06_8.0839336172245e-06_8.0839336172245e-06_8.0839336172245e-06
1016,16477,161-36-10-1-1,2.11425956142795e-05_2.11425956142795e-05_2.11425956142795e-05_2.11425956142795e-05_2.11425956142795e-05
1016,16478,161-36-10-1-1,8.70577466470331e-06_8.70577466470331e-06_8.70577466470331e-06_8.70577466470331e-06_8.70577466470331e-06
1016,16479,161-36-10-1-1,1.98989135193218e-05_1.98989135193218e-05_1.98989135193218e-05_1.98989135193218e-05_1.98989135193218e-05
1016,16480,185-41-9-2-1,6.84025152226688e-06_6.84025152226688e-06_6.84025152226688e-06_6.84025152226688e-06_6.84025152226688e-06
1016,16481,122-16-2-2-1,8.0839336172245e-06_8.0839336172245e-06_8.0839336172245e-06_8.0839336172245e-06_8.0839336172245e-06
1016,16482,141-42-12-1-1,6.21841047478808e-06_6.21841047478808e-06_6.21841047478808e-06_6.21841047478808e-06_6.21841047478808e-06
1016,16483,26-15-9-2-1,4.97472837983046e-06_4.97472837983046e-06_4.97472837983046e-06_4.97472837983046e-06_4.97472837983046e-06
1016,16484,63-27-8-1-1,2.05207545668007e-05_2.05207545668007e-05_2.05207545668007e-05_2.05207545668007e-05_2.05207545668007e-05
1016,16485,129-21-4-2-1,8.70577466470331e-06_8.70577466470331e-06_8.70577466470331e-06_8.70577466470331e-06_8.70577466470331e-06
1016,16486,55-22-8-1-1,4.35288733235165e-06_4.35288733235165e-06_4.35288733235165e-06_4.35288733235165e-06_4.35288733235165e-06
1016,16487,39-22-8-1-1,8.70577466470331e-06_8.70577466470331e-06_8.70577466470331e-06_8.70577466470331e-06_8.70577466470331e-06
1016,16488,175-20-9-2-1,8.0839336172245e-06_8.0839336172245e-06_8.0839336172245e-06_8.0839336172245e-06_8.0839336172245e-06
1016,16489,18-12-8-1-1,5.59656942730927e-06_5.59656942730927e-06_5.59656942730927e-06_5.59656942730927e-06_5.59656942730927e-06
1016,16490,172-40-4-2-1,3.73104628487285e-06_3.73104628487285e-06_3.73104628487285e-06_3.73104628487285e-06_3.73104628487285e-06
1016,16491,196-14-4-2-1,4.5394396465953e-05_4.5394396465953e-05_4.5394396465953e-05_4.5394396465953e-05_4.5394396465953e-05
1016,16492,196-14-4-2-1,1.24368209495762e-05_1.24368209495762e-05_1.24368209495762e-05_1.24368209495762e-05_1.24368209495762e-05
1016,16493,196-14-4-2-1,2.36299598041947e-05_2.36299598041947e-05_2.36299598041947e-05_2.36299598041947e-05_2.36299598041947e-05
1016,16494,180-40-4-2-1,6.84025152226688e-06_6.84025152226688e-06_6.84025152226688e-06_6.84025152226688e-06_6.84025152226688e-06
1016,16495,163-43-4-2-1,2.36299598041947e-05_2.36299598041947e-05_2.36299598041947e-05_2.36299598041947e-05_2.36299598041947e-05
1016,16496,40-23-8-1-1,1.3058661997055e-05_1.3058661997055e-05_1.3058661997055e-05_1.3058661997055e-05_1.3058661997055e-05
1016,16497,163-43-4-2-1,8.33267003621602e-05_8.33267003621602e-05_8.33267003621602e-05_8.33267003621602e-05_8.33267003621602e-05
1016,16498,163-43-4-2-1,1.36805030445338e-05_1.36805030445338e-05_1.36805030445338e-05_1.36805030445338e-05_1.36805030445338e-05
1016,16499,163-43-4-2-1,8.0839336172245e-06_8.0839336172245e-06_8.0839336172245e-06_8.0839336172245e-06_8.0839336172245e-06
1016,16500,130-12-8-1-1,0.000179712062721375_0.000179712062721375_0.000179712062721375_0.000179712062721375_0.000179712062721375
1016,16501,65-1-1-1-1,3.73104628487285e-06_3.73104628487285e-06_3.73104628487285e-06_3.73104628487285e-06_3.73104628487285e-06
1016,16502,4-4-4-2-1,3.73104628487285e-06_3.73104628487285e-06_3.73104628487285e-06_3.73104628487285e-06_3.73104628487285e-06
1016,16504,185-41-9-2-1,4.8503601703347e-05_4.8503601703347e-05_4.8503601703347e-05_4.8503601703347e-05_4.8503601703347e-05
1016,16505,185-41-9-2-1,7.46209256974569e-06_7.46209256974569e-06_7.46209256974569e-06_7.46209256974569e-06_7.46209256974569e-06
1016,16506,185-41-9-2-1,3.73104628487285e-05_3.73104628487285e-05_3.73104628487285e-05_3.73104628487285e-05_3.73104628487285e-05
1016,16507,85-33-5-1-1,3.17138934214192e-05_3.17138934214192e-05_3.17138934214192e-05_3.17138934214192e-05_3.17138934214192e-05
1016,16508,83-33-5-1-1,1.74115493294066e-05_1.74115493294066e-05_1.74115493294066e-05_1.74115493294066e-05_1.74115493294066e-05
1016,16509,47-22-8-1-1,3.10920523739404e-06_3.10920523739404e-06_3.10920523739404e-06_3.10920523739404e-06_3.10920523739404e-06
1016,16510,22-13-6-2-1,2.42518008516735e-05_2.42518008516735e-05_2.42518008516735e-05_2.42518008516735e-05_2.42518008516735e-05
1016,16511,130-12-8-1-1,3.10920523739404e-06_3.10920523739404e-06_3.10920523739404e-06_3.10920523739404e-06_3.10920523739404e-06
1016,16512,83-33-5-1-1,4.10415091336013e-05_4.10415091336013e-05_4.10415091336013e-05_4.10415091336013e-05_4.10415091336013e-05
1016,16513,55-22-8-1-1,4.35288733235165e-06_4.35288733235165e-06_4.35288733235165e-06_4.35288733235165e-06_4.35288733235165e-06
1016,16514,179-26-4-2-1,6.21841047478808e-06_6.21841047478808e-06_6.21841047478808e-06_6.21841047478808e-06_6.21841047478808e-06
1016,16515,8-7-4-2-1,2.42518008516735e-05_2.42518008516735e-05_2.42518008516735e-05_2.42518008516735e-05_2.42518008516735e-05
1016,16516,17-11-4-2-1,3.73104628487285e-06_3.73104628487285e-06_3.73104628487285e-06_3.73104628487285e-06_3.73104628487285e-06
1016,16517,152-32-10-1-1,4.35288733235165e-06_4.35288733235165e-06_4.35288733235165e-06_4.35288733235165e-06_4.35288733235165e-06
1016,16518,77-28-5-1-1,1.49241851394914e-05_1.49241851394914e-05_1.49241851394914e-05_1.49241851394914e-05_1.49241851394914e-05
1016,16519,133-12-8-1-1,7.46209256974569e-06_7.46209256974569e-06_7.46209256974569e-06_7.46209256974569e-06_7.46209256974569e-06
1016,16520,175-20-9-2-1,8.70577466470331e-06_8.70577466470331e-06_8.70577466470331e-06_8.70577466470331e-06_8.70577466470331e-06
1016,16521,138-23-8-1-1,3.73104628487285e-06_3.73104628487285e-06_3.73104628487285e-06_3.73104628487285e-06_3.73104628487285e-06
1016,16522,185-41-9-2-1,3.10920523739404e-06_3.10920523739404e-06_3.10920523739404e-06_3.10920523739404e-06_3.10920523739404e-06
1016,16523,160-30-1-1-1,6.21841047478808e-06_6.21841047478808e-06_6.21841047478808e-06_6.21841047478808e-06_6.21841047478808e-06
1016,16524,26-15-9-2-1,4.97472837983046e-06_4.97472837983046e-06_4.97472837983046e-06_4.97472837983046e-06_4.97472837983046e-06
1016,16525,142-42-12-1-1,8.0839336172245e-06_8.0839336172245e-06_8.0839336172245e-06_8.0839336172245e-06_8.0839336172245e-06
1016,16526,225-31-9-2-1,2.05207545668007e-05_2.05207545668007e-05_2.05207545668007e-05_2.05207545668007e-05_2.05207545668007e-05
1016,16527,140-42-12-1-1,1.18149799020973e-05_1.18149799020973e-05_1.18149799020973e-05_1.18149799020973e-05_1.18149799020973e-05
1016,16528,44-13-6-2-1,1.43023440920126e-05_1.43023440920126e-05_1.43023440920126e-05_1.43023440920126e-05_1.43023440920126e-05
1016,16529,196-14-4-2-1,5.59656942730927e-06_5.59656942730927e-06_5.59656942730927e-06_5.59656942730927e-06_5.59656942730927e-06
1016,16530,112-14-4-2-1,9.94945675966092e-06_9.94945675966092e-06_9.94945675966092e-06_9.94945675966092e-06_9.94945675966092e-06
1016,16531,172-40-4-2-1,7.46209256974569e-06_7.46209256974569e-06_7.46209256974569e-06_7.46209256974569e-06_7.46209256974569e-06
1016,16532,98-27-8-1-1,1.11931388546185e-05_1.11931388546185e-05_1.11931388546185e-05_1.11931388546185e-05_1.11931388546185e-05
1016,16533,137-26-4-2-1,3.10920523739404e-06_3.10920523739404e-06_3.10920523739404e-06_3.10920523739404e-06_3.10920523739404e-06
1016,16534,10-3-3-1-1,7.58646077924145e-05_7.58646077924145e-05_7.58646077924145e-05_7.58646077924145e-05_7.58646077924145e-05
1016,16535,180-40-4-2-1,5.59656942730927e-06_5.59656942730927e-06_5.59656942730927e-06_5.59656942730927e-06_5.59656942730927e-06
1016,16536,201-17-10-1-1,7.89738130298086e-05_7.89738130298086e-05_7.89738130298086e-05_7.89738130298086e-05_7.89738130298086e-05
1016,16538,199-19-9-2-1,3.17138934214192e-05_3.17138934214192e-05_3.17138934214192e-05_3.17138934214192e-05_3.17138934214192e-05
1016,16539,68-30-1-1-1,2.67391650415887e-05_2.67391650415887e-05_2.67391650415887e-05_2.67391650415887e-05_2.67391650415887e-05
1016,16540,161-36-10-1-1,6.21841047478808e-06_6.21841047478808e-06_6.21841047478808e-06_6.21841047478808e-06_6.21841047478808e-06
1016,16541,185-41-9-2-1,3.10920523739404e-06_3.10920523739404e-06_3.10920523739404e-06_3.10920523739404e-06_3.10920523739404e-06
1016,16542,185-41-9-2-1,4.35288733235165e-06_4.35288733235165e-06_4.35288733235165e-06_4.35288733235165e-06_4.35288733235165e-06
1016,16543,181-40-4-2-1,1.55460261869702e-05_1.55460261869702e-05_1.55460261869702e-05_1.55460261869702e-05_1.55460261869702e-05
1016,16544,171-18-4-2-1,2.23862777092371e-05_2.23862777092371e-05_2.23862777092371e-05_2.23862777092371e-05_2.23862777092371e-05
1016,16545,138-23-8-1-1,6.84025152226688e-06_6.84025152226688e-06_6.84025152226688e-06_6.84025152226688e-06_6.84025152226688e-06
1016,16546,153-18-4-2-1,3.10920523739404e-06_3.10920523739404e-06_3.10920523739404e-06_3.10920523739404e-06_3.10920523739404e-06
1016,16547,167-18-4-2-1,3.73104628487285e-06_3.73104628487285e-06_3.73104628487285e-06_3.73104628487285e-06_3.73104628487285e-06
1016,16548,155-10-2-2-1,0.000378079356867115_0.000378079356867115_0.000378079356867115_0.000378079356867115_0.000378079356867115
1016,16549,82-6-6-2-1,8.64359055995543e-05_8.64359055995543e-05_8.64359055995543e-05_8.64359055995543e-05_8.64359055995543e-05
1016,16550,113-31-9-2-1,4.04196680861225e-05_4.04196680861225e-05_4.04196680861225e-05_4.04196680861225e-05_4.04196680861225e-05
1016,16551,10-3-3-1-1,0.00021888804871254_0.00021888804871254_0.00021888804871254_0.00021888804871254_0.00021888804871254
1016,16552,227-41-9-2-1,5.59656942730927e-06_5.59656942730927e-06_5.59656942730927e-06_5.59656942730927e-06_5.59656942730927e-06
1016,16553,26-15-9-2-1,3.73104628487285e-06_3.73104628487285e-06_3.73104628487285e-06_3.73104628487285e-06_3.73104628487285e-06
1016,16554,226-32-10-1-1,0.000186552314243642_0.000186552314243642_0.000186552314243642_0.000186552314243642_0.000186552314243642
1016,16555,199-19-9-2-1,2.05207545668007e-05_2.05207545668007e-05_2.05207545668007e-05_2.05207545668007e-05_2.05207545668007e-05
1016,16556,122-16-2-2-1,6.21841047478808e-06_6.21841047478808e-06_6.21841047478808e-06_6.21841047478808e-06_6.21841047478808e-06
1016,16557,216-19-9-2-1,6.84025152226688e-06_6.84025152226688e-06_6.84025152226688e-06_6.84025152226688e-06_6.84025152226688e-06
1016,16558,175-20-9-2-1,2.73610060890675e-05_2.73610060890675e-05_2.73610060890675e-05_2.73610060890675e-05_2.73610060890675e-05
1016,16559,144-43-4-2-1,0.000241274326421777_0.000241274326421777_0.000241274326421777_0.000241274326421777_0.000241274326421777
1016,16560,140-42-12-1-1,7.46209256974569e-06_7.46209256974569e-06_7.46209256974569e-06_7.46209256974569e-06_7.46209256974569e-06
1016,16561,185-41-9-2-1,3.73104628487285e-06_3.73104628487285e-06_3.73104628487285e-06_3.73104628487285e-06_3.73104628487285e-06
1016,16562,144-43-4-2-1,3.42012576113344e-05_3.42012576113344e-05_3.42012576113344e-05_3.42012576113344e-05_3.42012576113344e-05
1016,16563,196-14-4-2-1,1.05712978071397e-05_1.05712978071397e-05_1.05712978071397e-05_1.05712978071397e-05_1.05712978071397e-05
1016,16564,118-36-10-1-1,3.10920523739404e-06_3.10920523739404e-06_3.10920523739404e-06_3.10920523739404e-06_3.10920523739404e-06
1016,16565,144-43-4-2-1,5.22346479882198e-05_5.22346479882198e-05_5.22346479882198e-05_5.22346479882198e-05_5.22346479882198e-05
1016,16566,144-43-4-2-1,0.00019836729414574_0.00019836729414574_0.00019836729414574_0.00019836729414574_0.00019836729414574
1016,16567,161-36-10-1-1,2.11425956142795e-05_2.11425956142795e-05_2.11425956142795e-05_2.11425956142795e-05_2.11425956142795e-05
1016,16568,185-41-9-2-1,3.10920523739404e-06_3.10920523739404e-06_3.10920523739404e-06_3.10920523739404e-06_3.10920523739404e-06
1016,16570,39-22-8-1-1,7.46209256974569e-06_7.46209256974569e-06_7.46209256974569e-06_7.46209256974569e-06_7.46209256974569e-06
1016,16571,218-7-4-2-1,2.42518008516735e-05_2.42518008516735e-05_2.42518008516735e-05_2.42518008516735e-05_2.42518008516735e-05
1016,16572,220-22-8-1-1,3.73104628487285e-05_3.73104628487285e-05_3.73104628487285e-05_3.73104628487285e-05_3.73104628487285e-05
1016,16573,70-27-8-1-1,1.43023440920126e-05_1.43023440920126e-05_1.43023440920126e-05_1.43023440920126e-05_1.43023440920126e-05
1016,16574,21-8-3-1-1,0.000155460261869702_0.000155460261869702_0.000155460261869702_0.000155460261869702_0.000155460261869702
1016,16575,153-18-4-2-1,9.32761571218212e-06_9.32761571218212e-06_9.32761571218212e-06_9.32761571218212e-06_9.32761571218212e-06
1016,16576,134-29-2-2-1,4.97472837983046e-06_4.97472837983046e-06_4.97472837983046e-06_4.97472837983046e-06_4.97472837983046e-06
1016,16577,234-24-7-1-1,5.59656942730927e-05_5.59656942730927e-05_5.59656942730927e-05_5.59656942730927e-05_5.59656942730927e-05
1016,16578,185-41-9-2-1,8.70577466470331e-06_8.70577466470331e-06_8.70577466470331e-06_8.70577466470331e-06_8.70577466470331e-06
1016,16579,177-7-4-2-1,1.67897082819278e-05_1.67897082819278e-05_1.67897082819278e-05_1.67897082819278e-05_1.67897082819278e-05
1016,16580,64-28-5-1-1,0.000261795080988578_0.000261795080988578_0.000261795080988578_0.000261795080988578_0.000261795080988578
1016,16581,234-24-7-1-1,9.82508855016516e-05_9.82508855016516e-05_9.82508855016516e-05_9.82508855016516e-05_9.82508855016516e-05
1016,16582,49-22-8-1-1,7.89738130298086e-05_7.89738130298086e-05_7.89738130298086e-05_7.89738130298086e-05_7.89738130298086e-05
1016,16583,55-22-8-1-1,1.24368209495762e-05_1.24368209495762e-05_1.24368209495762e-05_1.24368209495762e-05_1.24368209495762e-05
1016,16584,96-13-6-2-1,0.00013556134835038_0.00013556134835038_0.00013556134835038_0.00013556134835038_0.00013556134835038
1016,16585,142-42-12-1-1,3.10920523739404e-06_3.10920523739404e-06_3.10920523739404e-06_3.10920523739404e-06_3.10920523739404e-06
1016,16586,55-22-8-1-1,3.10920523739404e-05_3.10920523739404e-05_3.10920523739404e-05_3.10920523739404e-05_3.10920523739404e-05
1016,16587,63-27-8-1-1,6.21841047478808e-06_6.21841047478808e-06_6.21841047478808e-06_6.21841047478808e-06_6.21841047478808e-06
1016,16588,55-22-8-1-1,1.6167867234449e-05_1.6167867234449e-05_1.6167867234449e-05_1.6167867234449e-05_1.6167867234449e-05
1016,16589,7-4-4-2-1,0.000287912404982688_0.000287912404982688_0.000287912404982688_0.000287912404982688_0.000287912404982688
1016,16590,196-14-4-2-1,1.74115493294066e-05_1.74115493294066e-05_1.74115493294066e-05_1.74115493294066e-05_1.74115493294066e-05
1016,16591,68-30-1-1-1,1.3058661997055e-05_1.3058661997055e-05_1.3058661997055e-05_1.3058661997055e-05_1.3058661997055e-05
1016,16592,172-40-4-2-1,4.97472837983046e-06_4.97472837983046e-06_4.97472837983046e-06_4.97472837983046e-06_4.97472837983046e-06
1016,16593,40-23-8-1-1,4.97472837983046e-06_4.97472837983046e-06_4.97472837983046e-06_4.97472837983046e-06_4.97472837983046e-06
1016,16594,185-41-9-2-1,3.73104628487285e-06_3.73104628487285e-06_3.73104628487285e-06_3.73104628487285e-06_3.73104628487285e-06
1016,16595,216-19-9-2-1,1.3058661997055e-05_1.3058661997055e-05_1.3058661997055e-05_1.3058661997055e-05_1.3058661997055e-05
1016,16596,70-27-8-1-1,4.35288733235165e-06_4.35288733235165e-06_4.35288733235165e-06_4.35288733235165e-06_4.35288733235165e-06
1016,16597,53-21-4-2-1,0.00013556134835038_0.00013556134835038_0.00013556134835038_0.00013556134835038_0.00013556134835038
1016,16598,214-26-4-2-1,3.42012576113344e-05_3.42012576113344e-05_3.42012576113344e-05_3.42012576113344e-05_3.42012576113344e-05
1016,16599,201-17-10-1-1,2.11425956142795e-05_2.11425956142795e-05_2.11425956142795e-05_2.11425956142795e-05_2.11425956142795e-05
1016,16600,39-22-8-1-1,0.000114418752736101_0.000114418752736101_0.000114418752736101_0.000114418752736101_0.000114418752736101
1016,16601,75-1-1-1-1,3.73104628487285e-06_3.73104628487285e-06_3.73104628487285e-06_3.73104628487285e-06_3.73104628487285e-06
1016,16602,185-41-9-2-1,3.10920523739404e-06_3.10920523739404e-06_3.10920523739404e-06_3.10920523739404e-06_3.10920523739404e-06
1016,16603,6-6-6-2-1,5.47220121781351e-05_5.47220121781351e-05_5.47220121781351e-05_5.47220121781351e-05_5.47220121781351e-05
1016,16604,112-14-4-2-1,3.10920523739404e-06_3.10920523739404e-06_3.10920523739404e-06_3.10920523739404e-06_3.10920523739404e-06
1016,16605,161-36-10-1-1,2.17644366617583e-05_2.17644366617583e-05_2.17644366617583e-05_2.17644366617583e-05_2.17644366617583e-05
1016,16607,71-29-2-2-1,1.05712978071397e-05_1.05712978071397e-05_1.05712978071397e-05_1.05712978071397e-05_1.05712978071397e-05
1016,16608,112-14-4-2-1,2.48736418991523e-06_2.48736418991523e-06_2.48736418991523e-06_2.48736418991523e-06_2.48736418991523e-06
1016,16609,4-4-4-2-1,4.97472837983046e-06_4.97472837983046e-06_4.97472837983046e-06_4.97472837983046e-06_4.97472837983046e-06
1016,16610,29-17-10-1-1,1.49241851394914e-05_1.49241851394914e-05_1.49241851394914e-05_1.49241851394914e-05_1.49241851394914e-05
1016,16611,222-35-4-2-1,3.73104628487285e-06_3.73104628487285e-06_3.73104628487285e-06_3.73104628487285e-06_3.73104628487285e-06
1016,16612,180-40-4-2-1,5.59656942730927e-06_5.59656942730927e-06_5.59656942730927e-06_5.59656942730927e-06_5.59656942730927e-06
1016,16613,83-33-5-1-1,8.0839336172245e-06_8.0839336172245e-06_8.0839336172245e-06_8.0839336172245e-06_8.0839336172245e-06
1016,16614,77-28-5-1-1,3.91759859911649e-05_3.91759859911649e-05_3.91759859911649e-05_3.91759859911649e-05_3.91759859911649e-05
1016,16615,77-28-5-1-1,2.67391650415887e-05_2.67391650415887e-05_2.67391650415887e-05_2.67391650415887e-05_2.67391650415887e-05
1016,16616,221-35-4-2-1,7.46209256974569e-06_7.46209256974569e-06_7.46209256974569e-06_7.46209256974569e-06_7.46209256974569e-06
1016,16617,70-27-8-1-1,7.33772436024993e-05_7.33772436024993e-05_7.33772436024993e-05_7.33772436024993e-05_7.33772436024993e-05
1016,16618,47-22-8-1-1,6.84025152226688e-06_6.84025152226688e-06_6.84025152226688e-06_6.84025152226688e-06_6.84025152226688e-06
1016,16619,172-40-4-2-1,3.73104628487285e-06_3.73104628487285e-06_3.73104628487285e-06_3.73104628487285e-06_3.73104628487285e-06
1016,16620,191-37-4-2-1,5.59656942730927e-06_5.59656942730927e-06_5.59656942730927e-06_5.59656942730927e-06_5.59656942730927e-06
1016,16621,170-43-4-2-1,4.97472837983046e-05_4.97472837983046e-05_4.97472837983046e-05_4.97472837983046e-05_4.97472837983046e-05
1016,16622,205-12-8-1-1,4.97472837983046e-06_4.97472837983046e-06_4.97472837983046e-06_4.97472837983046e-06_4.97472837983046e-06
1016,16623,57-7-4-2-1,1.05712978071397e-05_1.05712978071397e-05_1.05712978071397e-05_1.05712978071397e-05_1.05712978071397e-05
1016,16624,231-34-11-1-1,0.000419120866000716_0.000419120866000716_0.000419120866000716_0.000419120866000716_0.000419120866000716
1016,16625,34-19-9-2-1,3.10920523739404e-06_3.10920523739404e-06_3.10920523739404e-06_3.10920523739404e-06_3.10920523739404e-06
1016,16626,117-27-8-1-1,0.000519859115692283_0.000519859115692283_0.000519859115692283_0.000519859115692283_0.000519859115692283
1016,16627,117-27-8-1-1,3.91759859911649e-05_3.91759859911649e-05_3.91759859911649e-05_3.91759859911649e-05_3.91759859911649e-05
1016,16628,196-14-4-2-1,4.97472837983046e-06_4.97472837983046e-06_4.97472837983046e-06_4.97472837983046e-06_4.97472837983046e-06
1016,16629,70-27-8-1-1,3.10920523739404e-05_3.10920523739404e-05_3.10920523739404e-05_3.10920523739404e-05_3.10920523739404e-05
1016,16630,117-27-8-1-1,0.000310920523739404_0.000310920523739404_0.000310920523739404_0.000310920523739404_0.000310920523739404
1016,16631,70-27-8-1-1,0.000113175070641143_0.000113175070641143_0.000113175070641143_0.000113175070641143_0.000113175070641143
1016,16632,51-22-8-1-1,6.21841047478808e-06_6.21841047478808e-06_6.21841047478808e-06_6.21841047478808e-06_6.21841047478808e-06
1016,16633,8-7-4-2-1,1.18149799020973e-05_1.18149799020973e-05_1.18149799020973e-05_1.18149799020973e-05_1.18149799020973e-05
1016,16634,133-12-8-1-1,6.84025152226688e-06_6.84025152226688e-06_6.84025152226688e-06_6.84025152226688e-06_6.84025152226688e-06
1016,16635,60-22-8-1-1,0.000116284275878537_0.000116284275878537_0.000116284275878537_0.000116284275878537_0.000116284275878537
1016,16636,51-22-8-1-1,3.73104628487285e-06_3.73104628487285e-06_3.73104628487285e-06_3.73104628487285e-06_3.73104628487285e-06
1016,16637,119-6-6-2-1,6.90243562701477e-05_6.90243562701477e-05_6.90243562701477e-05_6.90243562701477e-05_6.90243562701477e-05
1016,16638,203-11-4-2-1,1.43023440920126e-05_1.43023440920126e-05_1.43023440920126e-05_1.43023440920126e-05_1.43023440920126e-05
1016,16639,166-18-4-2-1,3.10920523739404e-06_3.10920523739404e-06_3.10920523739404e-06_3.10920523739404e-06_3.10920523739404e-06
1016,16640,185-41-9-2-1,4.97472837983046e-06_4.97472837983046e-06_4.97472837983046e-06_4.97472837983046e-06_4.97472837983046e-06
1016,16641,185-41-9-2-1,4.35288733235165e-06_4.35288733235165e-06_4.35288733235165e-06_4.35288733235165e-06_4.35288733235165e-06
1016,16642,128-7-4-2-1,8.0839336172245e-06_8.0839336172245e-06_8.0839336172245e-06_8.0839336172245e-06_8.0839336172245e-06
1016,16643,85-33-5-1-1,0.000578312174155291_0.000578312174155291_0.000578312174155291_0.000578312174155291_0.000578312174155291
1016,16644,83-33-5-1-1,0.000107578501213834_0.000107578501213834_0.000107578501213834_0.000107578501213834_0.000107578501213834
1016,16645,185-41-9-2-1,4.35288733235165e-06_4.35288733235165e-06_4.35288733235165e-06_4.35288733235165e-06_4.35288733235165e-06
1016,16646,222-35-4-2-1,2.23862777092371e-05_2.23862777092371e-05_2.23862777092371e-05_2.23862777092371e-05_2.23862777092371e-05
1016,16647,55-22-8-1-1,6.90243562701477e-05_6.90243562701477e-05_6.90243562701477e-05_6.90243562701477e-05_6.90243562701477e-05
1016,16648,76-4-4-2-1,1.3058661997055e-05_1.3058661997055e-05_1.3058661997055e-05_1.3058661997055e-05_1.3058661997055e-05
1016,16649,102-13-6-2-1,1.24368209495762e-05_1.24368209495762e-05_1.24368209495762e-05_1.24368209495762e-05_1.24368209495762e-05
1016,16650,58-13-6-2-1,0.000298483702789828_0.000298483702789828_0.000298483702789828_0.000298483702789828_0.000298483702789828
1016,16651,127-30-1-1-1,9.32761571218212e-06_9.32761571218212e-06_9.32761571218212e-06_9.32761571218212e-06_9.32761571218212e-06
1016,16652,57-7-4-2-1,4.72599196083894e-05_4.72599196083894e-05_4.72599196083894e-05_4.72599196083894e-05_4.72599196083894e-05
1016,16653,4-4-4-2-1,4.35288733235165e-06_4.35288733235165e-06_4.35288733235165e-06_4.35288733235165e-06_4.35288733235165e-06
1016,16654,196-14-4-2-1,8.0839336172245e-06_8.0839336172245e-06_8.0839336172245e-06_8.0839336172245e-06_8.0839336172245e-06
1016,16655,196-14-4-2-1,7.46209256974569e-06_7.46209256974569e-06_7.46209256974569e-06_7.46209256974569e-06_7.46209256974569e-06
1016,16656,70-27-8-1-1,7.46209256974569e-06_7.46209256974569e-06_7.46209256974569e-06_7.46209256974569e-06_7.46209256974569e-06
1016,16657,126-29-2-2-1,2.05207545668007e-05_2.05207545668007e-05_2.05207545668007e-05_2.05207545668007e-05_2.05207545668007e-05
1016,16658,153-18-4-2-1,6.84025152226688e-06_6.84025152226688e-06_6.84025152226688e-06_6.84025152226688e-06_6.84025152226688e-06
1016,16659,75-1-1-1-1,9.32761571218212e-06_9.32761571218212e-06_9.32761571218212e-06_9.32761571218212e-06_9.32761571218212e-06
1016,16660,153-18-4-2-1,6.21841047478808e-06_6.21841047478808e-06_6.21841047478808e-06_6.21841047478808e-06_6.21841047478808e-06
1016,16661,129-21-4-2-1,9.94945675966092e-06_9.94945675966092e-06_9.94945675966092e-06_9.94945675966092e-06_9.94945675966092e-06
1016,16662,160-30-1-1-1,2.54954829466311e-05_2.54954829466311e-05_2.54954829466311e-05_2.54954829466311e-05_2.54954829466311e-05
1016,16663,76-4-4-2-1,2.17644366617583e-05_2.17644366617583e-05_2.17644366617583e-05_2.17644366617583e-05_2.17644366617583e-05
1016,16664,122-16-2-2-1,8.70577466470331e-06_8.70577466470331e-06_8.70577466470331e-06_8.70577466470331e-06_8.70577466470331e-06
1016,16665,136-26-4-2-1,1.86552314243642e-05_1.86552314243642e-05_1.86552314243642e-05_1.86552314243642e-05_1.86552314243642e-05
1016,16666,22-13-6-2-1,9.63853623592152e-05_9.63853623592152e-05_9.63853623592152e-05_9.63853623592152e-05_9.63853623592152e-05
1016,16667,179-26-4-2-1,1.86552314243642e-05_1.86552314243642e-05_1.86552314243642e-05_1.86552314243642e-05_1.86552314243642e-05
1016,16668,36-6-6-2-1,2.30081187567159e-05_2.30081187567159e-05_2.30081187567159e-05_2.30081187567159e-05_2.30081187567159e-05
1016,16669,68-30-1-1-1,8.0839336172245e-06_8.0839336172245e-06_8.0839336172245e-06_8.0839336172245e-06_8.0839336172245e-06
1016,16670,102-13-6-2-1,1.05712978071397e-05_1.05712978071397e-05_1.05712978071397e-05_1.05712978071397e-05_1.05712978071397e-05
1016,16671,53-21-4-2-1,1.67897082819278e-05_1.67897082819278e-05_1.67897082819278e-05_1.67897082819278e-05_1.67897082819278e-05
1016,16672,84-2-2-2-1,2.23862777092371e-05_2.23862777092371e-05_2.23862777092371e-05_2.23862777092371e-05_2.23862777092371e-05
1016,16673,140-42-12-1-1,3.73104628487285e-06_3.73104628487285e-06_3.73104628487285e-06_3.73104628487285e-06_3.73104628487285e-06
1016,16674,135-41-9-2-1,0.000827048593146814_0.000827048593146814_0.000827048593146814_0.000827048593146814_0.000827048593146814
1016,16675,4-4-4-2-1,4.97472837983046e-06_4.97472837983046e-06_4.97472837983046e-06_4.97472837983046e-06_4.97472837983046e-06
1016,16676,4-4-4-2-1,4.97472837983046e-06_4.97472837983046e-06_4.97472837983046e-06_4.97472837983046e-06_4.97472837983046e-06
1016,16677,34-19-9-2-1,2.48736418991523e-06_2.48736418991523e-06_2.48736418991523e-06_2.48736418991523e-06_2.48736418991523e-06
1016,16678,185-41-9-2-1,2.48736418991523e-06_2.48736418991523e-06_2.48736418991523e-06_2.48736418991523e-06_2.48736418991523e-06
1016,16679,57-7-4-2-1,3.73104628487285e-06_3.73104628487285e-06_3.73104628487285e-06_3.73104628487285e-06_3.73104628487285e-06
1016,16680,227-41-9-2-1,3.10920523739404e-06_3.10920523739404e-06_3.10920523739404e-06_3.10920523739404e-06_3.10920523739404e-06
1016,16682,213-15-9-2-1,1.55460261869702e-05_1.55460261869702e-05_1.55460261869702e-05_1.55460261869702e-05_1.55460261869702e-05
1016,16683,184-31-9-2-1,0.000106334819118876_0.000106334819118876_0.000106334819118876_0.000106334819118876_0.000106334819118876
1016,16684,8-7-4-2-1,6.21841047478808e-06_6.21841047478808e-06_6.21841047478808e-06_6.21841047478808e-06_6.21841047478808e-06
1016,16685,153-18-4-2-1,4.97472837983046e-06_4.97472837983046e-06_4.97472837983046e-06_4.97472837983046e-06_4.97472837983046e-06
1016,16686,227-41-9-2-1,4.35288733235165e-06_4.35288733235165e-06_4.35288733235165e-06_4.35288733235165e-06_4.35288733235165e-06
1016,16687,209-35-4-2-1,8.70577466470331e-06_8.70577466470331e-06_8.70577466470331e-06_8.70577466470331e-06_8.70577466470331e-06
1016,16688,199-19-9-2-1,0.000100116408644088_0.000100116408644088_0.000100116408644088_0.000100116408644088_0.000100116408644088
1016,16689,199-19-9-2-1,7.39990846499781e-05_7.39990846499781e-05_7.39990846499781e-05_7.39990846499781e-05_7.39990846499781e-05
1016,16690,37-11-4-2-1,8.33267003621602e-05_8.33267003621602e-05_8.33267003621602e-05_8.33267003621602e-05_8.33267003621602e-05
1016,16691,17-11-4-2-1,1.24368209495762e-05_1.24368209495762e-05_1.24368209495762e-05_1.24368209495762e-05_1.24368209495762e-05
1016,16692,199-19-9-2-1,3.35794165638556e-05_3.35794165638556e-05_3.35794165638556e-05_3.35794165638556e-05_3.35794165638556e-05
1016,16693,48-24-7-1-1,0.0014787380109046_0.0014787380109046_0.0014787380109046_0.0014787380109046_0.0014787380109046
1016,16694,196-14-4-2-1,1.74115493294066e-05_1.74115493294066e-05_1.74115493294066e-05_1.74115493294066e-05_1.74115493294066e-05
1016,16695,124-29-2-2-1,0.000667235443944761_0.000667235443944761_0.000667235443944761_0.000667235443944761_0.000667235443944761
1016,16696,196-14-4-2-1,9.94945675966092e-06_9.94945675966092e-06_9.94945675966092e-06_9.94945675966092e-06_9.94945675966092e-06
1016,16697,34-19-9-2-1,5.1612806940741e-05_5.1612806940741e-05_5.1612806940741e-05_5.1612806940741e-05_5.1612806940741e-05
1016,16698,140-42-12-1-1,7.46209256974569e-06_7.46209256974569e-06_7.46209256974569e-06_7.46209256974569e-06_7.46209256974569e-06
1016,16699,76-4-4-2-1,1.49241851394914e-05_1.49241851394914e-05_1.49241851394914e-05_1.49241851394914e-05_1.49241851394914e-05
1016,16700,70-27-8-1-1,5.59656942730927e-06_5.59656942730927e-06_5.59656942730927e-06_5.59656942730927e-06_5.59656942730927e-06
1016,16701,175-20-9-2-1,1.98989135193218e-05_1.98989135193218e-05_1.98989135193218e-05_1.98989135193218e-05_1.98989135193218e-05
1016,16702,76-4-4-2-1,3.10920523739404e-06_3.10920523739404e-06_3.10920523739404e-06_3.10920523739404e-06_3.10920523739404e-06
1016,16703,149-16-2-2-1,6.21841047478808e-06_6.21841047478808e-06_6.21841047478808e-06_6.21841047478808e-06_6.21841047478808e-06
1016,16704,46-2-2-2-1,0.000110687706451228_0.000110687706451228_0.000110687706451228_0.000110687706451228_0.000110687706451228
1016,16705,59-5-5-1-1,0.000113796911688622_0.000113796911688622_0.000113796911688622_0.000113796911688622_0.000113796911688622
1016,16706,31-6-6-2-1,0.000652933099852748_0.000652933099852748_0.000652933099852748_0.000652933099852748_0.000652933099852748
1016,16707,172-40-4-2-1,3.10920523739404e-06_3.10920523739404e-06_3.10920523739404e-06_3.10920523739404e-06_3.10920523739404e-06
1016,16708,31-6-6-2-1,4.60162375134318e-05_4.60162375134318e-05_4.60162375134318e-05_4.60162375134318e-05_4.60162375134318e-05
1016,16709,22-13-6-2-1,0.000100116408644088_0.000100116408644088_0.000100116408644088_0.000100116408644088_0.000100116408644088
1016,16710,77-28-5-1-1,2.11425956142795e-05_2.11425956142795e-05_2.11425956142795e-05_2.11425956142795e-05_2.11425956142795e-05
1016,16711,52-25-8-1-1,4.97472837983046e-05_4.97472837983046e-05_4.97472837983046e-05_4.97472837983046e-05_4.97472837983046e-05
1016,16712,146-2-2-2-1,4.5394396465953e-05_4.5394396465953e-05_4.5394396465953e-05_4.5394396465953e-05_4.5394396465953e-05
1016,16713,71-29-2-2-1,1.98989135193218e-05_1.98989135193218e-05_1.98989135193218e-05_1.98989135193218e-05_1.98989135193218e-05
1016,16714,149-16-2-2-1,5.59656942730927e-06_5.59656942730927e-06_5.59656942730927e-06_5.59656942730927e-06_5.59656942730927e-06
1016,16715,213-15-9-2-1,1.67897082819278e-05_1.67897082819278e-05_1.67897082819278e-05_1.67897082819278e-05_1.67897082819278e-05
1016,16716,96-13-6-2-1,5.78312174155291e-05_5.78312174155291e-05_5.78312174155291e-05_5.78312174155291e-05_5.78312174155291e-05
1016,16717,17-11-4-2-1,5.59656942730927e-06_5.59656942730927e-06_5.59656942730927e-06_5.59656942730927e-06_5.59656942730927e-06
1016,16718,185-41-9-2-1,3.73104628487285e-06_3.73104628487285e-06_3.73104628487285e-06_3.73104628487285e-06_3.73104628487285e-06
1016,16719,175-20-9-2-1,0.000118149799020973_0.000118149799020973_0.000118149799020973_0.000118149799020973_0.000118149799020973
1016,16720,55-22-8-1-1,2.67391650415887e-05_2.67391650415887e-05_2.67391650415887e-05_2.67391650415887e-05_2.67391650415887e-05
1016,16721,203-11-4-2-1,9.94945675966092e-06_9.94945675966092e-06_9.94945675966092e-06_9.94945675966092e-06_9.94945675966092e-06
1016,16723,5-5-5-1-1,1.43023440920126e-05_1.43023440920126e-05_1.43023440920126e-05_1.43023440920126e-05_1.43023440920126e-05
1016,16724,8-7-4-2-1,4.97472837983046e-06_4.97472837983046e-06_4.97472837983046e-06_4.97472837983046e-06_4.97472837983046e-06
1016,16725,63-27-8-1-1,4.35288733235165e-06_4.35288733235165e-06_4.35288733235165e-06_4.35288733235165e-06_4.35288733235165e-06
1016,16726,70-27-8-1-1,9.32761571218212e-06_9.32761571218212e-06_9.32761571218212e-06_9.32761571218212e-06_9.32761571218212e-06
1016,16727,8-7-4-2-1,3.10920523739404e-06_3.10920523739404e-06_3.10920523739404e-06_3.10920523739404e-06_3.10920523739404e-06
1016,16728,124-29-2-2-1,0.000116906116926016_0.000116906116926016_0.000116906116926016_0.000116906116926016_0.000116906116926016
1016,16729,227-41-9-2-1,8.0839336172245e-06_8.0839336172245e-06_8.0839336172245e-06_8.0839336172245e-06_8.0839336172245e-06
1016,16730,61-13-6-2-1,5.53438532256139e-05_5.53438532256139e-05_5.53438532256139e-05_5.53438532256139e-05_5.53438532256139e-05
1016,16731,174-15-9-2-1,7.46209256974569e-06_7.46209256974569e-06_7.46209256974569e-06_7.46209256974569e-06_7.46209256974569e-06
1016,16732,204-35-4-2-1,1.11931388546185e-05_1.11931388546185e-05_1.11931388546185e-05_1.11931388546185e-05_1.11931388546185e-05
1016,16733,226-32-10-1-1,1.11931388546185e-05_1.11931388546185e-05_1.11931388546185e-05_1.11931388546185e-05_1.11931388546185e-05
1016,16734,185-41-9-2-1,9.94945675966092e-06_9.94945675966092e-06_9.94945675966092e-06_9.94945675966092e-06_9.94945675966092e-06
1016,16735,65-1-1-1-1,2.17644366617583e-05_2.17644366617583e-05_2.17644366617583e-05_2.17644366617583e-05_2.17644366617583e-05
1016,16736,65-1-1-1-1,2.36299598041947e-05_2.36299598041947e-05_2.36299598041947e-05_2.36299598041947e-05_2.36299598041947e-05
1016,16738,29-17-10-1-1,5.28564890356987e-05_5.28564890356987e-05_5.28564890356987e-05_5.28564890356987e-05_5.28564890356987e-05
1016,16739,185-41-9-2-1,3.73104628487285e-06_3.73104628487285e-06_3.73104628487285e-06_3.73104628487285e-06_3.73104628487285e-06
1016,16740,218-7-4-2-1,2.61173239941099e-05_2.61173239941099e-05_2.61173239941099e-05_2.61173239941099e-05_2.61173239941099e-05
1016,16741,175-20-9-2-1,3.10920523739404e-06_3.10920523739404e-06_3.10920523739404e-06_3.10920523739404e-06_3.10920523739404e-06
1016,16742,128-7-4-2-1,5.59656942730927e-06_5.59656942730927e-06_5.59656942730927e-06_5.59656942730927e-06_5.59656942730927e-06
1016,16743,234-24-7-1-1,7.71082898873721e-05_7.71082898873721e-05_7.71082898873721e-05_7.71082898873721e-05_7.71082898873721e-05
1016,16745,122-16-2-2-1,3.73104628487285e-06_3.73104628487285e-06_3.73104628487285e-06_3.73104628487285e-06_3.73104628487285e-06
1016,16746,149-16-2-2-1,3.35794165638556e-05_3.35794165638556e-05_3.35794165638556e-05_3.35794165638556e-05_3.35794165638556e-05
1016,16747,228-17-10-1-1,4.35288733235165e-06_4.35288733235165e-06_4.35288733235165e-06_4.35288733235165e-06_4.35288733235165e-06
1016,16748,95-37-4-2-1,3.73104628487285e-06_3.73104628487285e-06_3.73104628487285e-06_3.73104628487285e-06_3.73104628487285e-06
1016,16749,159-4-4-2-1,3.2335734468898e-05_3.2335734468898e-05_3.2335734468898e-05_3.2335734468898e-05_3.2335734468898e-05
1016,16750,6-6-6-2-1,2.42518008516735e-05_2.42518008516735e-05_2.42518008516735e-05_2.42518008516735e-05_2.42518008516735e-05
1016,16751,172-40-4-2-1,3.10920523739404e-06_3.10920523739404e-06_3.10920523739404e-06_3.10920523739404e-06_3.10920523739404e-06
1016,16752,141-42-12-1-1,9.32761571218212e-06_9.32761571218212e-06_9.32761571218212e-06_9.32761571218212e-06_9.32761571218212e-06
1016,16753,185-41-9-2-1,3.10920523739404e-06_3.10920523739404e-06_3.10920523739404e-06_3.10920523739404e-06_3.10920523739404e-06
1016,16754,150-30-1-1-1,3.79323038962073e-05_3.79323038962073e-05_3.79323038962073e-05_3.79323038962073e-05_3.79323038962073e-05
1016,16755,121-39-11-1-1,3.73104628487285e-06_3.73104628487285e-06_3.73104628487285e-06_3.73104628487285e-06_3.73104628487285e-06
1016,16756,25-10-2-2-1,6.21841047478808e-06_6.21841047478808e-06_6.21841047478808e-06_6.21841047478808e-06_6.21841047478808e-06
1016,16757,130-12-8-1-1,6.21841047478808e-06_6.21841047478808e-06_6.21841047478808e-06_6.21841047478808e-06_6.21841047478808e-06
1016,16758,144-43-4-2-1,8.51922235045966e-05_8.51922235045966e-05_8.51922235045966e-05_8.51922235045966e-05_8.51922235045966e-05
1016,16759,180-40-4-2-1,5.59656942730927e-06_5.59656942730927e-06_5.59656942730927e-06_5.59656942730927e-06_5.59656942730927e-06
1016,16760,63-27-8-1-1,4.97472837983046e-06_4.97472837983046e-06_4.97472837983046e-06_4.97472837983046e-06_4.97472837983046e-06
1016,16761,8-7-4-2-1,7.46209256974569e-06_7.46209256974569e-06_7.46209256974569e-06_7.46209256974569e-06_7.46209256974569e-06
1016,16762,216-19-9-2-1,3.73104628487285e-06_3.73104628487285e-06_3.73104628487285e-06_3.73104628487285e-06_3.73104628487285e-06
1016,16763,128-7-4-2-1,4.97472837983046e-06_4.97472837983046e-06_4.97472837983046e-06_4.97472837983046e-06_4.97472837983046e-06
1016,16764,199-19-9-2-1,7.46209256974569e-06_7.46209256974569e-06_7.46209256974569e-06_7.46209256974569e-06_7.46209256974569e-06
1016,16765,57-7-4-2-1,1.6167867234449e-05_1.6167867234449e-05_1.6167867234449e-05_1.6167867234449e-05_1.6167867234449e-05
1016,16766,185-41-9-2-1,4.35288733235165e-06_4.35288733235165e-06_4.35288733235165e-06_4.35288733235165e-06_4.35288733235165e-06
1016,16768,208-30-1-1-1,6.65369920802324e-05_6.65369920802324e-05_6.65369920802324e-05_6.65369920802324e-05_6.65369920802324e-05
1016,16769,160-30-1-1-1,2.42518008516735e-05_2.42518008516735e-05_2.42518008516735e-05_2.42518008516735e-05_2.42518008516735e-05
1016,16770,225-31-9-2-1,1.24368209495762e-05_1.24368209495762e-05_1.24368209495762e-05_1.24368209495762e-05_1.24368209495762e-05
1016,16771,208-30-1-1-1,4.35288733235165e-06_4.35288733235165e-06_4.35288733235165e-06_4.35288733235165e-06_4.35288733235165e-06
1016,16772,213-15-9-2-1,2.73610060890675e-05_2.73610060890675e-05_2.73610060890675e-05_2.73610060890675e-05_2.73610060890675e-05
1016,16773,2-2-2-2-1,0.000885501651609822_0.000885501651609822_0.000885501651609822_0.000885501651609822_0.000885501651609822
1016,16774,134-29-2-2-1,4.35288733235165e-06_4.35288733235165e-06_4.35288733235165e-06_4.35288733235165e-06_4.35288733235165e-06
1016,16775,172-40-4-2-1,3.10920523739404e-06_3.10920523739404e-06_3.10920523739404e-06_3.10920523739404e-06_3.10920523739404e-06
1016,16776,2-2-2-2-1,0.000180955744816333_0.000180955744816333_0.000180955744816333_0.000180955744816333_0.000180955744816333
1016,16777,205-12-8-1-1,3.04702113264616e-05_3.04702113264616e-05_3.04702113264616e-05_3.04702113264616e-05_3.04702113264616e-05
1016,16778,154-25-8-1-1,3.73104628487285e-06_3.73104628487285e-06_3.73104628487285e-06_3.73104628487285e-06_3.73104628487285e-06
1016,16779,129-21-4-2-1,3.29575755163768e-05_3.29575755163768e-05_3.29575755163768e-05_3.29575755163768e-05_3.29575755163768e-05
1016,16780,153-18-4-2-1,2.48736418991523e-06_2.48736418991523e-06_2.48736418991523e-06_2.48736418991523e-06_2.48736418991523e-06
1016,16781,2-2-2-2-1,0.000192148883670952_0.000192148883670952_0.000192148883670952_0.000192148883670952_0.000192148883670952
1016,16782,160-30-1-1-1,1.05712978071397e-05_1.05712978071397e-05_1.05712978071397e-05_1.05712978071397e-05_1.05712978071397e-05
1016,16783,26-15-9-2-1,9.32761571218212e-06_9.32761571218212e-06_9.32761571218212e-06_9.32761571218212e-06_9.32761571218212e-06
1016,16784,213-15-9-2-1,2.11425956142795e-05_2.11425956142795e-05_2.11425956142795e-05_2.11425956142795e-05_2.11425956142795e-05
1016,16785,74-31-9-2-1,4.97472837983046e-06_4.97472837983046e-06_4.97472837983046e-06_4.97472837983046e-06_4.97472837983046e-06
1016,16786,74-31-9-2-1,3.73104628487285e-06_3.73104628487285e-06_3.73104628487285e-06_3.73104628487285e-06_3.73104628487285e-06
1016,16788,114-40-4-2-1,4.35288733235165e-06_4.35288733235165e-06_4.35288733235165e-06_4.35288733235165e-06_4.35288733235165e-06
1016,16789,63-27-8-1-1,8.0839336172245e-06_8.0839336172245e-06_8.0839336172245e-06_8.0839336172245e-06_8.0839336172245e-06
1016,16790,8-7-4-2-1,6.21841047478808e-06_6.21841047478808e-06_6.21841047478808e-06_6.21841047478808e-06_6.21841047478808e-06
1016,16791,125-30-1-1-1,7.7730130934851e-05_7.7730130934851e-05_7.7730130934851e-05_7.7730130934851e-05_7.7730130934851e-05
1016,16792,174-15-9-2-1,8.0839336172245e-06_8.0839336172245e-06_8.0839336172245e-06_8.0839336172245e-06_8.0839336172245e-06
1016,16793,125-30-1-1-1,6.1562263700402e-05_6.1562263700402e-05_6.1562263700402e-05_6.1562263700402e-05_6.1562263700402e-05
1016,16794,218-7-4-2-1,5.59656942730927e-06_5.59656942730927e-06_5.59656942730927e-06_5.59656942730927e-06_5.59656942730927e-06
1016,16795,199-19-9-2-1,5.59656942730927e-06_5.59656942730927e-06_5.59656942730927e-06_5.59656942730927e-06_5.59656942730927e-06
1016,16796,118-36-10-1-1,5.59656942730927e-06_5.59656942730927e-06_5.59656942730927e-06_5.59656942730927e-06_5.59656942730927e-06
1016,16797,152-32-10-1-1,6.21841047478808e-06_6.21841047478808e-06_6.21841047478808e-06_6.21841047478808e-06_6.21841047478808e-06
1016,16798,140-42-12-1-1,1.11931388546185e-05_1.11931388546185e-05_1.11931388546185e-05_1.11931388546185e-05_1.11931388546185e-05
1016,16799,145-25-8-1-1,0.000105091137023918_0.000105091137023918_0.000105091137023918_0.000105091137023918_0.000105091137023918
1016,16800,122-16-2-2-1,6.21841047478808e-06_6.21841047478808e-06_6.21841047478808e-06_6.21841047478808e-06_6.21841047478808e-06
1016,16801,98-27-8-1-1,9.32761571218212e-06_9.32761571218212e-06_9.32761571218212e-06_9.32761571218212e-06_9.32761571218212e-06
1016,16802,40-23-8-1-1,1.43023440920126e-05_1.43023440920126e-05_1.43023440920126e-05_1.43023440920126e-05_1.43023440920126e-05
1016,16803,44-13-6-2-1,2.30081187567159e-05_2.30081187567159e-05_2.30081187567159e-05_2.30081187567159e-05_2.30081187567159e-05
1016,16804,118-36-10-1-1,2.48736418991523e-06_2.48736418991523e-06_2.48736418991523e-06_2.48736418991523e-06_2.48736418991523e-06
1016,16805,65-1-1-1-1,4.8503601703347e-05_4.8503601703347e-05_4.8503601703347e-05_4.8503601703347e-05_4.8503601703347e-05
1016,16806,127-30-1-1-1,1.80333903768854e-05_1.80333903768854e-05_1.80333903768854e-05_1.80333903768854e-05_1.80333903768854e-05
1016,16807,23-10-2-2-1,1.98989135193218e-05_1.98989135193218e-05_1.98989135193218e-05_1.98989135193218e-05_1.98989135193218e-05
1016,16808,181-40-4-2-1,2.79828471365463e-05_2.79828471365463e-05_2.79828471365463e-05_2.79828471365463e-05_2.79828471365463e-05
1016,16809,177-7-4-2-1,2.42518008516735e-05_2.42518008516735e-05_2.42518008516735e-05_2.42518008516735e-05_2.42518008516735e-05
1016,16810,199-19-9-2-1,3.10920523739404e-06_3.10920523739404e-06_3.10920523739404e-06_3.10920523739404e-06_3.10920523739404e-06
1016,16811,185-41-9-2-1,3.73104628487285e-06_3.73104628487285e-06_3.73104628487285e-06_3.73104628487285e-06_3.73104628487285e-06
1016,16812,223-40-4-2-1,6.778067417519e-05_6.778067417519e-05_6.778067417519e-05_6.778067417519e-05_6.778067417519e-05
1016,16813,185-41-9-2-1,8.70577466470331e-06_8.70577466470331e-06_8.70577466470331e-06_8.70577466470331e-06_8.70577466470331e-06
1016,16814,40-23-8-1-1,3.85541449436861e-05_3.85541449436861e-05_3.85541449436861e-05_3.85541449436861e-05_3.85541449436861e-05
1016,16815,151-19-9-2-1,5.22346479882198e-05_5.22346479882198e-05_5.22346479882198e-05_5.22346479882198e-05_5.22346479882198e-05
1016,16816,230-14-4-2-1,8.70577466470331e-06_8.70577466470331e-06_8.70577466470331e-06_8.70577466470331e-06_8.70577466470331e-06
1016,16818,55-22-8-1-1,3.73104628487285e-06_3.73104628487285e-06_3.73104628487285e-06_3.73104628487285e-06_3.73104628487285e-06
1016,16819,122-16-2-2-1,1.98989135193218e-05_1.98989135193218e-05_1.98989135193218e-05_1.98989135193218e-05_1.98989135193218e-05
1016,16820,185-41-9-2-1,9.94945675966092e-06_9.94945675966092e-06_9.94945675966092e-06_9.94945675966092e-06_9.94945675966092e-06
1016,16821,185-41-9-2-1,3.10920523739404e-06_3.10920523739404e-06_3.10920523739404e-06_3.10920523739404e-06_3.10920523739404e-06
1016,16822,126-29-2-2-1,8.0839336172245e-06_8.0839336172245e-06_8.0839336172245e-06_8.0839336172245e-06_8.0839336172245e-06
1016,16823,98-27-8-1-1,4.97472837983046e-06_4.97472837983046e-06_4.97472837983046e-06_4.97472837983046e-06_4.97472837983046e-06
1016,16824,172-40-4-2-1,4.97472837983046e-06_4.97472837983046e-06_4.97472837983046e-06_4.97472837983046e-06_4.97472837983046e-06
1016,16825,40-23-8-1-1,2.79828471365463e-05_2.79828471365463e-05_2.79828471365463e-05_2.79828471365463e-05_2.79828471365463e-05
1016,16826,8-7-4-2-1,3.73104628487285e-06_3.73104628487285e-06_3.73104628487285e-06_3.73104628487285e-06_3.73104628487285e-06
1016,16827,177-7-4-2-1,7.46209256974569e-06_7.46209256974569e-06_7.46209256974569e-06_7.46209256974569e-06_7.46209256974569e-06
1016,16828,172-40-4-2-1,5.59656942730927e-06_5.59656942730927e-06_5.59656942730927e-06_5.59656942730927e-06_5.59656942730927e-06
1016,16829,161-36-10-1-1,3.10920523739404e-06_3.10920523739404e-06_3.10920523739404e-06_3.10920523739404e-06_3.10920523739404e-06
1016,16830,197-30-1-1-1,0.000139292394635253_0.000139292394635253_0.000139292394635253_0.000139292394635253_0.000139292394635253
1016,16831,183-23-8-1-1,8.70577466470331e-06_8.70577466470331e-06_8.70577466470331e-06_8.70577466470331e-06_8.70577466470331e-06
1016,16833,122-16-2-2-1,1.3058661997055e-05_1.3058661997055e-05_1.3058661997055e-05_1.3058661997055e-05_1.3058661997055e-05
1016,16834,137-26-4-2-1,8.02174951247662e-05_8.02174951247662e-05_8.02174951247662e-05_8.02174951247662e-05_8.02174951247662e-05
1016,16835,112-14-4-2-1,4.97472837983046e-06_4.97472837983046e-06_4.97472837983046e-06_4.97472837983046e-06_4.97472837983046e-06
1016,16836,234-24-7-1-1,5.72093763680503e-05_5.72093763680503e-05_5.72093763680503e-05_5.72093763680503e-05_5.72093763680503e-05
1016,16837,142-42-12-1-1,5.59656942730927e-06_5.59656942730927e-06_5.59656942730927e-06_5.59656942730927e-06_5.59656942730927e-06
1016,16838,68-30-1-1-1,2.48736418991523e-05_2.48736418991523e-05_2.48736418991523e-05_2.48736418991523e-05_2.48736418991523e-05
1016,16839,140-42-12-1-1,1.74115493294066e-05_1.74115493294066e-05_1.74115493294066e-05_1.74115493294066e-05_1.74115493294066e-05
1016,16840,114-40-4-2-1,8.0839336172245e-06_8.0839336172245e-06_8.0839336172245e-06_8.0839336172245e-06_8.0839336172245e-06
1016,16841,11-4-4-2-1,8.70577466470331e-05_8.70577466470331e-05_8.70577466470331e-05_8.70577466470331e-05_8.70577466470331e-05
1016,16842,228-17-10-1-1,3.10920523739404e-06_3.10920523739404e-06_3.10920523739404e-06_3.10920523739404e-06_3.10920523739404e-06
1016,16843,11-4-4-2-1,2.79828471365463e-05_2.79828471365463e-05_2.79828471365463e-05_2.79828471365463e-05_2.79828471365463e-05
1016,16844,11-4-4-2-1,8.3948541409639e-05_8.3948541409639e-05_8.3948541409639e-05_8.3948541409639e-05_8.3948541409639e-05
1016,16845,32-18-4-2-1,2.05207545668007e-05_2.05207545668007e-05_2.05207545668007e-05_2.05207545668007e-05_2.05207545668007e-05
1016,16846,186-15-9-2-1,4.91254427508258e-05_4.91254427508258e-05_4.91254427508258e-05_4.91254427508258e-05_4.91254427508258e-05
1016,16847,185-41-9-2-1,3.10920523739404e-06_3.10920523739404e-06_3.10920523739404e-06_3.10920523739404e-06_3.10920523739404e-06
1016,16848,125-30-1-1-1,0.000172871811199109_0.000172871811199109_0.000172871811199109_0.000172871811199109_0.000172871811199109
1016,16849,127-30-1-1-1,7.52427667449357e-05_7.52427667449357e-05_7.52427667449357e-05_7.52427667449357e-05_7.52427667449357e-05
1016,16850,122-16-2-2-1,1.6167867234449e-05_1.6167867234449e-05_1.6167867234449e-05_1.6167867234449e-05_1.6167867234449e-05
1016,16851,170-43-4-2-1,0.000748074780117006_0.000748074780117006_0.000748074780117006_0.000748074780117006_0.000748074780117006
1016,16852,109-28-5-1-1,3.73104628487285e-06_3.73104628487285e-06_3.73104628487285e-06_3.73104628487285e-06_3.73104628487285e-06
1016,16853,196-14-4-2-1,5.59656942730927e-06_5.59656942730927e-06_5.59656942730927e-06_5.59656942730927e-06_5.59656942730927e-06
1016,16854,161-36-10-1-1,1.98989135193218e-05_1.98989135193218e-05_1.98989135193218e-05_1.98989135193218e-05_1.98989135193218e-05
1016,16855,179-26-4-2-1,1.80333903768854e-05_1.80333903768854e-05_1.80333903768854e-05_1.80333903768854e-05_1.80333903768854e-05
1016,16857,98-27-8-1-1,4.97472837983046e-06_4.97472837983046e-06_4.97472837983046e-06_4.97472837983046e-06_4.97472837983046e-06
1016,16858,172-40-4-2-1,3.10920523739404e-06_3.10920523739404e-06_3.10920523739404e-06_3.10920523739404e-06_3.10920523739404e-06
1016,16859,6-6-6-2-1,1.86552314243642e-05_1.86552314243642e-05_1.86552314243642e-05_1.86552314243642e-05_1.86552314243642e-05
1016,16860,188-14-4-2-1,5.59656942730927e-06_5.59656942730927e-06_5.59656942730927e-06_5.59656942730927e-06_5.59656942730927e-06
1016,16861,228-17-10-1-1,6.21841047478808e-06_6.21841047478808e-06_6.21841047478808e-06_6.21841047478808e-06_6.21841047478808e-06
1016,16862,228-17-10-1-1,3.10920523739404e-06_3.10920523739404e-06_3.10920523739404e-06_3.10920523739404e-06_3.10920523739404e-06
1016,16863,49-22-8-1-1,1.24368209495762e-05_1.24368209495762e-05_1.24368209495762e-05_1.24368209495762e-05_1.24368209495762e-05
1016,16864,36-6-6-2-1,0.000136805030445338_0.000136805030445338_0.000136805030445338_0.000136805030445338_0.000136805030445338
1016,16865,44-13-6-2-1,5.96967405579655e-05_5.96967405579655e-05_5.96967405579655e-05_5.96967405579655e-05_5.96967405579655e-05
1016,16866,31-6-6-2-1,7.15117204600629e-05_7.15117204600629e-05_7.15117204600629e-05_7.15117204600629e-05_7.15117204600629e-05
1016,16867,80-11-4-2-1,2.54954829466311e-05_2.54954829466311e-05_2.54954829466311e-05_2.54954829466311e-05_2.54954829466311e-05
1016,16868,209-35-4-2-1,3.10920523739404e-06_3.10920523739404e-06_3.10920523739404e-06_3.10920523739404e-06_3.10920523739404e-06
1016,16870,172-40-4-2-1,3.10920523739404e-06_3.10920523739404e-06_3.10920523739404e-06_3.10920523739404e-06_3.10920523739404e-06
1016,16871,98-27-8-1-1,8.0839336172245e-06_8.0839336172245e-06_8.0839336172245e-06_8.0839336172245e-06_8.0839336172245e-06
1016,16872,127-30-1-1-1,1.74115493294066e-05_1.74115493294066e-05_1.74115493294066e-05_1.74115493294066e-05_1.74115493294066e-05
1016,16873,109-28-5-1-1,3.10920523739404e-06_3.10920523739404e-06_3.10920523739404e-06_3.10920523739404e-06_3.10920523739404e-06
1016,16874,126-29-2-2-1,9.32761571218212e-06_9.32761571218212e-06_9.32761571218212e-06_9.32761571218212e-06_9.32761571218212e-06
1016,16875,125-30-1-1-1,0.000184064950053727_0.000184064950053727_0.000184064950053727_0.000184064950053727_0.000184064950053727
1016,16876,163-43-4-2-1,1.24368209495762e-05_1.24368209495762e-05_1.24368209495762e-05_1.24368209495762e-05_1.24368209495762e-05
1016,16877,79-32-10-1-1,0.000111309547498707_0.000111309547498707_0.000111309547498707_0.000111309547498707_0.000111309547498707
1016,16878,172-40-4-2-1,6.84025152226688e-06_6.84025152226688e-06_6.84025152226688e-06_6.84025152226688e-06_6.84025152226688e-06
1016,16879,79-32-10-1-1,4.60162375134318e-05_4.60162375134318e-05_4.60162375134318e-05_4.60162375134318e-05_4.60162375134318e-05
1016,16880,203-11-4-2-1,5.59656942730927e-06_5.59656942730927e-06_5.59656942730927e-06_5.59656942730927e-06_5.59656942730927e-06
1016,16881,79-32-10-1-1,9.32761571218212e-06_9.32761571218212e-06_9.32761571218212e-06_9.32761571218212e-06_9.32761571218212e-06
1016,16882,70-27-8-1-1,0.000692109085843913_0.000692109085843913_0.000692109085843913_0.000692109085843913_0.000692109085843913
1016,16883,172-40-4-2-1,3.73104628487285e-06_3.73104628487285e-06_3.73104628487285e-06_3.73104628487285e-06_3.73104628487285e-06
1016,16885,153-18-4-2-1,3.10920523739404e-06_3.10920523739404e-06_3.10920523739404e-06_3.10920523739404e-06_3.10920523739404e-06
1016,16886,8-7-4-2-1,3.73104628487285e-06_3.73104628487285e-06_3.73104628487285e-06_3.73104628487285e-06_3.73104628487285e-06
1016,16887,18-12-8-1-1,1.67897082819278e-05_1.67897082819278e-05_1.67897082819278e-05_1.67897082819278e-05_1.67897082819278e-05
1016,16888,101-9-7-1-1,0.000443994507899869_0.000443994507899869_0.000443994507899869_0.000443994507899869_0.000443994507899869
1016,16889,70-27-8-1-1,0.000625572093763681_0.000625572093763681_0.000625572093763681_0.000625572093763681_0.000625572093763681
1016,16890,33-16-2-2-1,6.84025152226688e-05_6.84025152226688e-05_6.84025152226688e-05_6.84025152226688e-05_6.84025152226688e-05
1016,16891,122-16-2-2-1,0.000102603772834003_0.000102603772834003_0.000102603772834003_0.000102603772834003_0.000102603772834003
1016,16892,13-6-6-2-1,0.000676563059656943_0.000676563059656943_0.000676563059656943_0.000676563059656943_0.000676563059656943
1016,16893,32-18-4-2-1,3.10920523739404e-05_3.10920523739404e-05_3.10920523739404e-05_3.10920523739404e-05_3.10920523739404e-05
1016,16894,180-40-4-2-1,1.24368209495762e-05_1.24368209495762e-05_1.24368209495762e-05_1.24368209495762e-05_1.24368209495762e-05
1016,16895,47-22-8-1-1,4.97472837983046e-06_4.97472837983046e-06_4.97472837983046e-06_4.97472837983046e-06_4.97472837983046e-06
1016,16896,40-23-8-1-1,4.35288733235165e-06_4.35288733235165e-06_4.35288733235165e-06_4.35288733235165e-06_4.35288733235165e-06
1016,16897,1-1-1-1-1,4.35288733235165e-06_4.35288733235165e-06_4.35288733235165e-06_4.35288733235165e-06_4.35288733235165e-06
1016,16898,127-30-1-1-1,4.97472837983046e-06_4.97472837983046e-06_4.97472837983046e-06_4.97472837983046e-06_4.97472837983046e-06
1016,16899,123-41-9-2-1,4.35288733235165e-06_4.35288733235165e-06_4.35288733235165e-06_4.35288733235165e-06_4.35288733235165e-06
1016,16900,127-30-1-1-1,3.73104628487285e-06_3.73104628487285e-06_3.73104628487285e-06_3.73104628487285e-06_3.73104628487285e-06
1016,16901,42-13-6-2-1,2.54954829466311e-05_2.54954829466311e-05_2.54954829466311e-05_2.54954829466311e-05_2.54954829466311e-05
1016,16902,174-15-9-2-1,3.10920523739404e-06_3.10920523739404e-06_3.10920523739404e-06_3.10920523739404e-06_3.10920523739404e-06
1016,16903,185-41-9-2-1,4.97472837983046e-06_4.97472837983046e-06_4.97472837983046e-06_4.97472837983046e-06_4.97472837983046e-06
1016,16904,129-21-4-2-1,9.94945675966092e-06_9.94945675966092e-06_9.94945675966092e-06_9.94945675966092e-06_9.94945675966092e-06
1016,16905,13-6-6-2-1,5.65875353205715e-05_5.65875353205715e-05_5.65875353205715e-05_5.65875353205715e-05_5.65875353205715e-05
1016,16906,1-1-1-1-1,1.18149799020973e-05_1.18149799020973e-05_1.18149799020973e-05_1.18149799020973e-05_1.18149799020973e-05
1016,16907,127-30-1-1-1,2.48736418991523e-05_2.48736418991523e-05_2.48736418991523e-05_2.48736418991523e-05_2.48736418991523e-05
1016,16908,91-33-5-1-1,0.000332684960401162_0.000332684960401162_0.000332684960401162_0.000332684960401162_0.000332684960401162
1016,16909,126-29-2-2-1,4.35288733235165e-06_4.35288733235165e-06_4.35288733235165e-06_4.35288733235165e-06_4.35288733235165e-06
1016,16910,79-32-10-1-1,5.90748995104867e-05_5.90748995104867e-05_5.90748995104867e-05_5.90748995104867e-05_5.90748995104867e-05
1016,16911,98-27-8-1-1,3.10920523739404e-06_3.10920523739404e-06_3.10920523739404e-06_3.10920523739404e-06_3.10920523739404e-06
1016,16912,6-6-6-2-1,3.10920523739404e-05_3.10920523739404e-05_3.10920523739404e-05_3.10920523739404e-05_3.10920523739404e-05
1016,16913,181-40-4-2-1,6.09404226529231e-05_6.09404226529231e-05_6.09404226529231e-05_6.09404226529231e-05_6.09404226529231e-05
1016,16914,114-40-4-2-1,2.61173239941099e-05_2.61173239941099e-05_2.61173239941099e-05_2.61173239941099e-05_2.61173239941099e-05
1016,16915,201-17-10-1-1,7.46209256974569e-05_7.46209256974569e-05_7.46209256974569e-05_7.46209256974569e-05_7.46209256974569e-05
1016,16916,44-13-6-2-1,2.23862777092371e-05_2.23862777092371e-05_2.23862777092371e-05_2.23862777092371e-05_2.23862777092371e-05
1016,16917,163-43-4-2-1,4.72599196083894e-05_4.72599196083894e-05_4.72599196083894e-05_4.72599196083894e-05_4.72599196083894e-05
1016,16918,181-40-4-2-1,9.94945675966092e-06_9.94945675966092e-06_9.94945675966092e-06_9.94945675966092e-06_9.94945675966092e-06
1016,16919,227-41-9-2-1,5.59656942730927e-06_5.59656942730927e-06_5.59656942730927e-06_5.59656942730927e-06_5.59656942730927e-06
1016,16920,44-13-6-2-1,1.11931388546185e-05_1.11931388546185e-05_1.11931388546185e-05_1.11931388546185e-05_1.11931388546185e-05
1016,16921,180-40-4-2-1,4.35288733235165e-06_4.35288733235165e-06_4.35288733235165e-06_4.35288733235165e-06_4.35288733235165e-06
1016,16922,171-18-4-2-1,4.97472837983046e-06_4.97472837983046e-06_4.97472837983046e-06_4.97472837983046e-06_4.97472837983046e-06
1016,16923,179-26-4-2-1,4.97472837983046e-06_4.97472837983046e-06_4.97472837983046e-06_4.97472837983046e-06_4.97472837983046e-06
1016,16924,29-17-10-1-1,3.29575755163768e-05_3.29575755163768e-05_3.29575755163768e-05_3.29575755163768e-05_3.29575755163768e-05
1016,16925,213-15-9-2-1,4.97472837983046e-06_4.97472837983046e-06_4.97472837983046e-06_4.97472837983046e-06_4.97472837983046e-06
1016,16926,213-15-9-2-1,2.05207545668007e-05_2.05207545668007e-05_2.05207545668007e-05_2.05207545668007e-05_2.05207545668007e-05
1016,16927,17-11-4-2-1,8.70577466470331e-06_8.70577466470331e-06_8.70577466470331e-06_8.70577466470331e-06_8.70577466470331e-06
1016,16928,140-42-12-1-1,3.73104628487285e-06_3.73104628487285e-06_3.73104628487285e-06_3.73104628487285e-06_3.73104628487285e-06
1016,16929,134-29-2-2-1,3.73104628487285e-06_3.73104628487285e-06_3.73104628487285e-06_3.73104628487285e-06_3.73104628487285e-06
1016,16930,138-23-8-1-1,8.95451108369483e-05_8.95451108369483e-05_8.95451108369483e-05_8.95451108369483e-05_8.95451108369483e-05
1016,16931,174-15-9-2-1,3.10920523739404e-06_3.10920523739404e-06_3.10920523739404e-06_3.10920523739404e-06_3.10920523739404e-06
1016,16932,183-23-8-1-1,4.97472837983046e-06_4.97472837983046e-06_4.97472837983046e-06_4.97472837983046e-06_4.97472837983046e-06
1016,16933,175-20-9-2-1,4.41507143709953e-05_4.41507143709953e-05_4.41507143709953e-05_4.41507143709953e-05_4.41507143709953e-05
1016,16934,200-15-9-2-1,9.94945675966092e-06_9.94945675966092e-06_9.94945675966092e-06_9.94945675966092e-06_9.94945675966092e-06
1016,16935,188-14-4-2-1,6.21841047478808e-06_6.21841047478808e-06_6.21841047478808e-06_6.21841047478808e-06_6.21841047478808e-06
1016,16936,185-41-9-2-1,3.10920523739404e-06_3.10920523739404e-06_3.10920523739404e-06_3.10920523739404e-06_3.10920523739404e-06
1016,16937,148-29-2-2-1,7.89738130298086e-05_7.89738130298086e-05_7.89738130298086e-05_7.89738130298086e-05_7.89738130298086e-05
1016,16938,63-27-8-1-1,5.59656942730927e-06_5.59656942730927e-06_5.59656942730927e-06_5.59656942730927e-06_5.59656942730927e-06
1016,16939,118-36-10-1-1,9.32761571218212e-06_9.32761571218212e-06_9.32761571218212e-06_9.32761571218212e-06_9.32761571218212e-06
1016,16940,142-42-12-1-1,3.10920523739404e-06_3.10920523739404e-06_3.10920523739404e-06_3.10920523739404e-06_3.10920523739404e-06
1016,16941,163-43-4-2-1,6.84025152226688e-06_6.84025152226688e-06_6.84025152226688e-06_6.84025152226688e-06_6.84025152226688e-06
1016,16942,70-27-8-1-1,6.84025152226688e-06_6.84025152226688e-06_6.84025152226688e-06_6.84025152226688e-06_6.84025152226688e-06
1016,16943,153-18-4-2-1,3.73104628487285e-06_3.73104628487285e-06_3.73104628487285e-06_3.73104628487285e-06_3.73104628487285e-06
1016,16944,74-31-9-2-1,6.21841047478808e-06_6.21841047478808e-06_6.21841047478808e-06_6.21841047478808e-06_6.21841047478808e-06
1016,16945,128-7-4-2-1,3.10920523739404e-06_3.10920523739404e-06_3.10920523739404e-06_3.10920523739404e-06_3.10920523739404e-06
1016,16946,172-40-4-2-1,4.35288733235165e-06_4.35288733235165e-06_4.35288733235165e-06_4.35288733235165e-06_4.35288733235165e-06
1016,16947,204-35-4-2-1,4.35288733235165e-06_4.35288733235165e-06_4.35288733235165e-06_4.35288733235165e-06_4.35288733235165e-06
1016,16948,185-41-9-2-1,3.10920523739404e-06_3.10920523739404e-06_3.10920523739404e-06_3.10920523739404e-06_3.10920523739404e-06
1016,16949,175-20-9-2-1,8.0839336172245e-06_8.0839336172245e-06_8.0839336172245e-06_8.0839336172245e-06_8.0839336172245e-06
1016,16950,137-26-4-2-1,8.70577466470331e-06_8.70577466470331e-06_8.70577466470331e-06_8.70577466470331e-06_8.70577466470331e-06
1016,16951,143-1-1-1-1,0.000221997253949934_0.000221997253949934_0.000221997253949934_0.000221997253949934_0.000221997253949934
1016,16952,235-34-11-1-1,2.48736418991523e-05_2.48736418991523e-05_2.48736418991523e-05_2.48736418991523e-05_2.48736418991523e-05
1016,16953,160-30-1-1-1,6.84025152226688e-06_6.84025152226688e-06_6.84025152226688e-06_6.84025152226688e-06_6.84025152226688e-06
1016,16954,185-41-9-2-1,3.10920523739404e-06_3.10920523739404e-06_3.10920523739404e-06_3.10920523739404e-06_3.10920523739404e-06
1016,16955,98-27-8-1-1,6.84025152226688e-06_6.84025152226688e-06_6.84025152226688e-06_6.84025152226688e-06_6.84025152226688e-06
1016,16956,194-31-9-2-1,2.36299598041947e-05_2.36299598041947e-05_2.36299598041947e-05_2.36299598041947e-05_2.36299598041947e-05
1016,16957,95-37-4-2-1,3.60667807537708e-05_3.60667807537708e-05_3.60667807537708e-05_3.60667807537708e-05_3.60667807537708e-05
1016,16959,125-30-1-1-1,0.000124368209495762_0.000124368209495762_0.000124368209495762_0.000124368209495762_0.000124368209495762
1016,16960,152-32-10-1-1,3.04702113264616e-05_3.04702113264616e-05_3.04702113264616e-05_3.04702113264616e-05_3.04702113264616e-05
1016,16961,128-7-4-2-1,9.32761571218212e-06_9.32761571218212e-06_9.32761571218212e-06_9.32761571218212e-06_9.32761571218212e-06
1016,16962,16-10-2-2-1,2.17644366617583e-05_2.17644366617583e-05_2.17644366617583e-05_2.17644366617583e-05_2.17644366617583e-05
1016,16963,205-12-8-1-1,3.10920523739404e-06_3.10920523739404e-06_3.10920523739404e-06_3.10920523739404e-06_3.10920523739404e-06
1016,16964,199-19-9-2-1,3.73104628487285e-06_3.73104628487285e-06_3.73104628487285e-06_3.73104628487285e-06_3.73104628487285e-06
1016,16965,158-2-2-2-1,0.000358802284395272_0.000358802284395272_0.000358802284395272_0.000358802284395272_0.000358802284395272
1016,16966,167-18-4-2-1,3.73104628487285e-06_3.73104628487285e-06_3.73104628487285e-06_3.73104628487285e-06_3.73104628487285e-06
1016,16967,199-19-9-2-1,3.73104628487285e-06_3.73104628487285e-06_3.73104628487285e-06_3.73104628487285e-06_3.73104628487285e-06
1016,16968,159-4-4-2-1,1.55460261869702e-05_1.55460261869702e-05_1.55460261869702e-05_1.55460261869702e-05_1.55460261869702e-05
1016,16969,163-43-4-2-1,6.84025152226688e-06_6.84025152226688e-06_6.84025152226688e-06_6.84025152226688e-06_6.84025152226688e-06
1016,16970,231-34-11-1-1,0.000437776097425081_0.000437776097425081_0.000437776097425081_0.000437776097425081_0.000437776097425081
1016,16971,8-7-4-2-1,7.46209256974569e-06_7.46209256974569e-06_7.46209256974569e-06_7.46209256974569e-06_7.46209256974569e-06
1016,16972,55-22-8-1-1,6.21841047478808e-06_6.21841047478808e-06_6.21841047478808e-06_6.21841047478808e-06_6.21841047478808e-06
1016,16973,86-10-2-2-1,2.23862777092371e-05_2.23862777092371e-05_2.23862777092371e-05_2.23862777092371e-05_2.23862777092371e-05
1016,16974,142-42-12-1-1,1.18149799020973e-05_1.18149799020973e-05_1.18149799020973e-05_1.18149799020973e-05_1.18149799020973e-05
1016,16975,156-37-4-2-1,1.11931388546185e-05_1.11931388546185e-05_1.11931388546185e-05_1.11931388546185e-05_1.11931388546185e-05
1016,16976,112-14-4-2-1,3.10920523739404e-06_3.10920523739404e-06_3.10920523739404e-06_3.10920523739404e-06_3.10920523739404e-06
1016,16977,172-40-4-2-1,5.59656942730927e-06_5.59656942730927e-06_5.59656942730927e-06_5.59656942730927e-06_5.59656942730927e-06
1016,16978,194-31-9-2-1,3.73104628487285e-06_3.73104628487285e-06_3.73104628487285e-06_3.73104628487285e-06_3.73104628487285e-06
1016,16979,212-41-9-2-1,9.32761571218212e-06_9.32761571218212e-06_9.32761571218212e-06_9.32761571218212e-06_9.32761571218212e-06
1016,16980,140-42-12-1-1,3.73104628487285e-06_3.73104628487285e-06_3.73104628487285e-06_3.73104628487285e-06_3.73104628487285e-06
1016,16981,70-27-8-1-1,3.73104628487285e-06_3.73104628487285e-06_3.73104628487285e-06_3.73104628487285e-06_3.73104628487285e-06
1016,16982,123-41-9-2-1,1.3058661997055e-05_1.3058661997055e-05_1.3058661997055e-05_1.3058661997055e-05_1.3058661997055e-05
1016,16983,115-8-3-1-1,5.65875353205715e-05_5.65875353205715e-05_5.65875353205715e-05_5.65875353205715e-05_5.65875353205715e-05
1016,16984,67-2-2-2-1,7.46209256974569e-06_7.46209256974569e-06_7.46209256974569e-06_7.46209256974569e-06_7.46209256974569e-06
1016,16985,172-40-4-2-1,6.84025152226688e-06_6.84025152226688e-06_6.84025152226688e-06_6.84025152226688e-06_6.84025152226688e-06
1016,16987,23-10-2-2-1,3.42012576113344e-05_3.42012576113344e-05_3.42012576113344e-05_3.42012576113344e-05_3.42012576113344e-05
1016,16988,23-10-2-2-1,2.17644366617583e-05_2.17644366617583e-05_2.17644366617583e-05_2.17644366617583e-05_2.17644366617583e-05
1016,16989,77-28-5-1-1,0.000445860031042305_0.000445860031042305_0.000445860031042305_0.000445860031042305_0.000445860031042305
1016,16990,6-6-6-2-1,1.86552314243642e-05_1.86552314243642e-05_1.86552314243642e-05_1.86552314243642e-05_1.86552314243642e-05
1016,16991,133-12-8-1-1,7.83519719823298e-05_7.83519719823298e-05_7.83519719823298e-05_7.83519719823298e-05_7.83519719823298e-05
1016,16992,122-16-2-2-1,3.10920523739404e-06_3.10920523739404e-06_3.10920523739404e-06_3.10920523739404e-06_3.10920523739404e-06
1016,16993,67-2-2-2-1,1.49241851394914e-05_1.49241851394914e-05_1.49241851394914e-05_1.49241851394914e-05_1.49241851394914e-05
1016,16994,188-14-4-2-1,1.18149799020973e-05_1.18149799020973e-05_1.18149799020973e-05_1.18149799020973e-05_1.18149799020973e-05
1016,16995,83-33-5-1-1,2.79828471365463e-05_2.79828471365463e-05_2.79828471365463e-05_2.79828471365463e-05_2.79828471365463e-05
1016,16996,227-41-9-2-1,8.70577466470331e-06_8.70577466470331e-06_8.70577466470331e-06_8.70577466470331e-06_8.70577466470331e-06
1016,16997,96-13-6-2-1,0.000191527042623473_0.000191527042623473_0.000191527042623473_0.000191527042623473_0.000191527042623473
1016,16998,177-7-4-2-1,8.0839336172245e-06_8.0839336172245e-06_8.0839336172245e-06_8.0839336172245e-06_8.0839336172245e-06
1016,16999,92-2-2-2-1,0.000134939507302901_0.000134939507302901_0.000134939507302901_0.000134939507302901_0.000134939507302901
1016,17000,42-13-6-2-1,6.40496278903172e-05_6.40496278903172e-05_6.40496278903172e-05_6.40496278903172e-05_6.40496278903172e-05
1016,17001,96-13-6-2-1,6.59151510327536e-05_6.59151510327536e-05_6.59151510327536e-05_6.59151510327536e-05_6.59151510327536e-05
1016,17002,6-6-6-2-1,0.000157325785012138_0.000157325785012138_0.000157325785012138_0.000157325785012138_0.000157325785012138
1016,17003,77-28-5-1-1,2.17644366617583e-05_2.17644366617583e-05_2.17644366617583e-05_2.17644366617583e-05_2.17644366617583e-05
1016,17004,44-13-6-2-1,4.97472837983046e-06_4.97472837983046e-06_4.97472837983046e-06_4.97472837983046e-06_4.97472837983046e-06
1016,17005,148-29-2-2-1,3.10920523739404e-05_3.10920523739404e-05_3.10920523739404e-05_3.10920523739404e-05_3.10920523739404e-05
1016,17006,112-14-4-2-1,3.10920523739404e-06_3.10920523739404e-06_3.10920523739404e-06_3.10920523739404e-06_3.10920523739404e-06
1016,17007,185-41-9-2-1,4.41507143709953e-05_4.41507143709953e-05_4.41507143709953e-05_4.41507143709953e-05_4.41507143709953e-05
1016,17008,44-13-6-2-1,1.05712978071397e-05_1.05712978071397e-05_1.05712978071397e-05_1.05712978071397e-05_1.05712978071397e-05
1016,17009,47-22-8-1-1,6.84025152226688e-06_6.84025152226688e-06_6.84025152226688e-06_6.84025152226688e-06_6.84025152226688e-06
1016,17010,138-23-8-1-1,4.35288733235165e-06_4.35288733235165e-06_4.35288733235165e-06_4.35288733235165e-06_4.35288733235165e-06
1016,17011,8-7-4-2-1,6.84025152226688e-06_6.84025152226688e-06_6.84025152226688e-06_6.84025152226688e-06_6.84025152226688e-06
1016,17012,10-3-3-1-1,8.58140645520755e-05_8.58140645520755e-05_8.58140645520755e-05_8.58140645520755e-05_8.58140645520755e-05
1016,17013,172-40-4-2-1,3.10920523739404e-06_3.10920523739404e-06_3.10920523739404e-06_3.10920523739404e-06_3.10920523739404e-06
1016,17014,160-30-1-1-1,6.4671468937796e-05_6.4671468937796e-05_6.4671468937796e-05_6.4671468937796e-05_6.4671468937796e-05
1016,17015,200-15-9-2-1,4.97472837983046e-06_4.97472837983046e-06_4.97472837983046e-06_4.97472837983046e-06_4.97472837983046e-06
1016,17016,90-36-10-1-1,0.000179090221673897_0.000179090221673897_0.000179090221673897_0.000179090221673897_0.000179090221673897
1016,17017,12-3-3-1-1,0.000906022406176623_0.000906022406176623_0.000906022406176623_0.000906022406176623_0.000906022406176623
1016,17018,71-29-2-2-1,5.59656942730927e-06_5.59656942730927e-06_5.59656942730927e-06_5.59656942730927e-06_5.59656942730927e-06
1016,17019,172-40-4-2-1,3.10920523739404e-06_3.10920523739404e-06_3.10920523739404e-06_3.10920523739404e-06_3.10920523739404e-06
1016,17020,188-14-4-2-1,2.30081187567159e-05_2.30081187567159e-05_2.30081187567159e-05_2.30081187567159e-05_2.30081187567159e-05
1016,17021,205-12-8-1-1,3.73104628487285e-06_3.73104628487285e-06_3.73104628487285e-06_3.73104628487285e-06_3.73104628487285e-06
1016,17022,140-42-12-1-1,9.32761571218212e-06_9.32761571218212e-06_9.32761571218212e-06_9.32761571218212e-06_9.32761571218212e-06
1016,17023,13-6-6-2-1,0.000233812233852032_0.000233812233852032_0.000233812233852032_0.000233812233852032_0.000233812233852032
1016,17024,70-27-8-1-1,8.0839336172245e-06_8.0839336172245e-06_8.0839336172245e-06_8.0839336172245e-06_8.0839336172245e-06
1016,17025,176-20-9-2-1,6.21841047478808e-06_6.21841047478808e-06_6.21841047478808e-06_6.21841047478808e-06_6.21841047478808e-06
1016,17026,224-39-11-1-1,4.35288733235165e-06_4.35288733235165e-06_4.35288733235165e-06_4.35288733235165e-06_4.35288733235165e-06
1016,17027,88-35-4-2-1,3.10920523739404e-06_3.10920523739404e-06_3.10920523739404e-06_3.10920523739404e-06_3.10920523739404e-06
1016,17028,89-13-6-2-1,0.000271744537748239_0.000271744537748239_0.000271744537748239_0.000271744537748239_0.000271744537748239
1016,17029,156-37-4-2-1,4.97472837983046e-06_4.97472837983046e-06_4.97472837983046e-06_4.97472837983046e-06_4.97472837983046e-06
1016,17030,151-19-9-2-1,3.10920523739404e-06_3.10920523739404e-06_3.10920523739404e-06_3.10920523739404e-06_3.10920523739404e-06
1016,17031,216-19-9-2-1,7.46209256974569e-06_7.46209256974569e-06_7.46209256974569e-06_7.46209256974569e-06_7.46209256974569e-06
1016,17032,167-18-4-2-1,7.46209256974569e-06_7.46209256974569e-06_7.46209256974569e-06_7.46209256974569e-06_7.46209256974569e-06
1016,17033,67-2-2-2-1,4.97472837983046e-06_4.97472837983046e-06_4.97472837983046e-06_4.97472837983046e-06_4.97472837983046e-06
1016,17034,148-29-2-2-1,1.6167867234449e-05_1.6167867234449e-05_1.6167867234449e-05_1.6167867234449e-05_1.6167867234449e-05
1016,17035,172-40-4-2-1,8.0839336172245e-06_8.0839336172245e-06_8.0839336172245e-06_8.0839336172245e-06_8.0839336172245e-06
1016,17036,7-4-4-2-1,4.35288733235165e-06_4.35288733235165e-06_4.35288733235165e-06_4.35288733235165e-06_4.35288733235165e-06
1016,17037,177-7-4-2-1,4.04196680861225e-05_4.04196680861225e-05_4.04196680861225e-05_4.04196680861225e-05_4.04196680861225e-05
1016,17038,152-32-10-1-1,3.91759859911649e-05_3.91759859911649e-05_3.91759859911649e-05_3.91759859911649e-05_3.91759859911649e-05
1016,17039,210-29-2-2-1,6.40496278903172e-05_6.40496278903172e-05_6.40496278903172e-05_6.40496278903172e-05_6.40496278903172e-05
1016,17040,174-15-9-2-1,9.32761571218212e-06_9.32761571218212e-06_9.32761571218212e-06_9.32761571218212e-06_9.32761571218212e-06
1016,17041,152-32-10-1-1,2.9226529231504e-05_2.9226529231504e-05_2.9226529231504e-05_2.9226529231504e-05_2.9226529231504e-05
1016,17042,212-41-9-2-1,4.97472837983046e-06_4.97472837983046e-06_4.97472837983046e-06_4.97472837983046e-06_4.97472837983046e-06
1016,17043,152-32-10-1-1,4.91254427508258e-05_4.91254427508258e-05_4.91254427508258e-05_4.91254427508258e-05_4.91254427508258e-05
1016,17044,31-6-6-2-1,0.000511775182075059_0.000511775182075059_0.000511775182075059_0.000511775182075059_0.000511775182075059
1016,17045,25-10-2-2-1,1.86552314243642e-05_1.86552314243642e-05_1.86552314243642e-05_1.86552314243642e-05_1.86552314243642e-05
1016,17046,8-7-4-2-1,4.35288733235165e-06_4.35288733235165e-06_4.35288733235165e-06_4.35288733235165e-06_4.35288733235165e-06
1016,17047,177-7-4-2-1,4.97472837983046e-06_4.97472837983046e-06_4.97472837983046e-06_4.97472837983046e-06_4.97472837983046e-06
1016,17048,125-30-1-1-1,5.59656942730927e-06_5.59656942730927e-06_5.59656942730927e-06_5.59656942730927e-06_5.59656942730927e-06
1016,17049,138-23-8-1-1,3.60667807537708e-05_3.60667807537708e-05_3.60667807537708e-05_3.60667807537708e-05_3.60667807537708e-05
1016,17050,5-5-5-1-1,6.84025152226688e-06_6.84025152226688e-06_6.84025152226688e-06_6.84025152226688e-06_6.84025152226688e-06
1016,17051,172-40-4-2-1,4.35288733235165e-06_4.35288733235165e-06_4.35288733235165e-06_4.35288733235165e-06_4.35288733235165e-06
1016,17052,8-7-4-2-1,3.10920523739404e-06_3.10920523739404e-06_3.10920523739404e-06_3.10920523739404e-06_3.10920523739404e-06
1016,17054,4-4-4-2-1,4.35288733235165e-06_4.35288733235165e-06_4.35288733235165e-06_4.35288733235165e-06_4.35288733235165e-06
1016,17055,4-4-4-2-1,2.48736418991523e-06_2.48736418991523e-06_2.48736418991523e-06_2.48736418991523e-06_2.48736418991523e-06
1016,17056,175-20-9-2-1,5.59656942730927e-06_5.59656942730927e-06_5.59656942730927e-06_5.59656942730927e-06_5.59656942730927e-06
1016,17057,180-40-4-2-1,4.97472837983046e-06_4.97472837983046e-06_4.97472837983046e-06_4.97472837983046e-06_4.97472837983046e-06
1016,17058,140-42-12-1-1,5.59656942730927e-06_5.59656942730927e-06_5.59656942730927e-06_5.59656942730927e-06_5.59656942730927e-06
1016,17059,180-40-4-2-1,5.59656942730927e-06_5.59656942730927e-06_5.59656942730927e-06_5.59656942730927e-06_5.59656942730927e-06
1016,17060,184-31-9-2-1,2.61173239941099e-05_2.61173239941099e-05_2.61173239941099e-05_2.61173239941099e-05_2.61173239941099e-05
1016,17061,204-35-4-2-1,1.05712978071397e-05_1.05712978071397e-05_1.05712978071397e-05_1.05712978071397e-05_1.05712978071397e-05
1016,17062,204-35-4-2-1,3.97978270386437e-05_3.97978270386437e-05_3.97978270386437e-05_3.97978270386437e-05_3.97978270386437e-05
1016,17063,140-42-12-1-1,3.73104628487285e-06_3.73104628487285e-06_3.73104628487285e-06_3.73104628487285e-06_3.73104628487285e-06
1016,17064,216-19-9-2-1,8.70577466470331e-06_8.70577466470331e-06_8.70577466470331e-06_8.70577466470331e-06_8.70577466470331e-06
1016,17065,155-10-2-2-1,0.00015670394396466_0.00015670394396466_0.00015670394396466_0.00015670394396466_0.00015670394396466
1016,17066,193-40-4-2-1,9.32761571218212e-06_9.32761571218212e-06_9.32761571218212e-06_9.32761571218212e-06_9.32761571218212e-06
1016,17067,61-13-6-2-1,3.48230986588132e-05_3.48230986588132e-05_3.48230986588132e-05_3.48230986588132e-05_3.48230986588132e-05
1016,17068,144-43-4-2-1,0.000285425040792773_0.000285425040792773_0.000285425040792773_0.000285425040792773_0.000285425040792773
1016,17069,94-9-7-1-1,0.00164166036534405_0.00164166036534405_0.00164166036534405_0.00164166036534405_0.00164166036534405
1016,17070,101-9-7-1-1,0.000466380785609106_0.000466380785609106_0.000466380785609106_0.000466380785609106_0.000466380785609106
1016,17072,144-43-4-2-1,2.36299598041947e-05_2.36299598041947e-05_2.36299598041947e-05_2.36299598041947e-05_2.36299598041947e-05
1016,17073,185-41-9-2-1,1.86552314243642e-06_1.86552314243642e-06_1.86552314243642e-06_1.86552314243642e-06_1.86552314243642e-06
1016,17074,144-43-4-2-1,0.000278584789270506_0.000278584789270506_0.000278584789270506_0.000278584789270506_0.000278584789270506
1016,17075,188-14-4-2-1,1.6167867234449e-05_1.6167867234449e-05_1.6167867234449e-05_1.6167867234449e-05_1.6167867234449e-05
1016,17076,58-13-6-2-1,0.000886123492657301_0.000886123492657301_0.000886123492657301_0.000886123492657301_0.000886123492657301
1016,17077,4-4-4-2-1,3.73104628487285e-06_3.73104628487285e-06_3.73104628487285e-06_3.73104628487285e-06_3.73104628487285e-06
1016,17078,103-13-6-2-1,7.15117204600629e-05_7.15117204600629e-05_7.15117204600629e-05_7.15117204600629e-05_7.15117204600629e-05
1016,17079,142-42-12-1-1,4.35288733235165e-06_4.35288733235165e-06_4.35288733235165e-06_4.35288733235165e-06_4.35288733235165e-06
1016,17080,142-42-12-1-1,9.32761571218212e-06_9.32761571218212e-06_9.32761571218212e-06_9.32761571218212e-06_9.32761571218212e-06
1016,17081,212-41-9-2-1,6.84025152226688e-06_6.84025152226688e-06_6.84025152226688e-06_6.84025152226688e-06_6.84025152226688e-06
1016,17082,122-16-2-2-1,1.11931388546185e-05_1.11931388546185e-05_1.11931388546185e-05_1.11931388546185e-05_1.11931388546185e-05
1016,17083,185-41-9-2-1,3.10920523739404e-06_3.10920523739404e-06_3.10920523739404e-06_3.10920523739404e-06_3.10920523739404e-06
1016,17084,127-30-1-1-1,0.000206451227762964_0.000206451227762964_0.000206451227762964_0.000206451227762964_0.000206451227762964
1016,17085,98-27-8-1-1,6.21841047478808e-06_6.21841047478808e-06_6.21841047478808e-06_6.21841047478808e-06_6.21841047478808e-06
1016,17086,74-31-9-2-1,6.96461973176265e-05_6.96461973176265e-05_6.96461973176265e-05_6.96461973176265e-05_6.96461973176265e-05
1016,17087,127-30-1-1-1,2.11425956142795e-05_2.11425956142795e-05_2.11425956142795e-05_2.11425956142795e-05_2.11425956142795e-05
1016,17088,216-19-9-2-1,5.59656942730927e-06_5.59656942730927e-06_5.59656942730927e-06_5.59656942730927e-06_5.59656942730927e-06
1016,17089,76-4-4-2-1,3.10920523739404e-06_3.10920523739404e-06_3.10920523739404e-06_3.10920523739404e-06_3.10920523739404e-06
1016,17090,177-7-4-2-1,3.10920523739404e-06_3.10920523739404e-06_3.10920523739404e-06_3.10920523739404e-06_3.10920523739404e-06
1016,17091,49-22-8-1-1,6.21841047478808e-06_6.21841047478808e-06_6.21841047478808e-06_6.21841047478808e-06_6.21841047478808e-06
1016,17092,186-15-9-2-1,3.10920523739404e-06_3.10920523739404e-06_3.10920523739404e-06_3.10920523739404e-06_3.10920523739404e-06
1016,17093,185-41-9-2-1,3.91759859911649e-05_3.91759859911649e-05_3.91759859911649e-05_3.91759859911649e-05_3.91759859911649e-05
1016,17094,172-40-4-2-1,1.43023440920126e-05_1.43023440920126e-05_1.43023440920126e-05_1.43023440920126e-05_1.43023440920126e-05
1016,17095,191-37-4-2-1,1.24368209495762e-05_1.24368209495762e-05_1.24368209495762e-05_1.24368209495762e-05_1.24368209495762e-05
1016,17096,185-41-9-2-1,4.97472837983046e-06_4.97472837983046e-06_4.97472837983046e-06_4.97472837983046e-06_4.97472837983046e-06
1016,17097,29-17-10-1-1,6.21841047478808e-06_6.21841047478808e-06_6.21841047478808e-06_6.21841047478808e-06_6.21841047478808e-06
1016,17098,185-41-9-2-1,4.97472837983046e-06_4.97472837983046e-06_4.97472837983046e-06_4.97472837983046e-06_4.97472837983046e-06
1016,17099,185-41-9-2-1,3.73104628487285e-06_3.73104628487285e-06_3.73104628487285e-06_3.73104628487285e-06_3.73104628487285e-06
1016,17100,191-37-4-2-1,2.11425956142795e-05_2.11425956142795e-05_2.11425956142795e-05_2.11425956142795e-05_2.11425956142795e-05
1016,17101,203-11-4-2-1,1.3058661997055e-05_1.3058661997055e-05_1.3058661997055e-05_1.3058661997055e-05_1.3058661997055e-05
1016,17102,213-15-9-2-1,1.24368209495762e-05_1.24368209495762e-05_1.24368209495762e-05_1.24368209495762e-05_1.24368209495762e-05
1016,17103,203-11-4-2-1,3.10920523739404e-06_3.10920523739404e-06_3.10920523739404e-06_3.10920523739404e-06_3.10920523739404e-06
1016,17104,212-41-9-2-1,2.48736418991523e-06_2.48736418991523e-06_2.48736418991523e-06_2.48736418991523e-06_2.48736418991523e-06
1016,17105,102-13-6-2-1,2.79828471365463e-05_2.79828471365463e-05_2.79828471365463e-05_2.79828471365463e-05_2.79828471365463e-05
1016,17106,185-41-9-2-1,2.48736418991523e-06_2.48736418991523e-06_2.48736418991523e-06_2.48736418991523e-06_2.48736418991523e-06
1016,17107,218-7-4-2-1,2.48736418991523e-05_2.48736418991523e-05_2.48736418991523e-05_2.48736418991523e-05_2.48736418991523e-05
1016,17108,194-31-9-2-1,1.36805030445338e-05_1.36805030445338e-05_1.36805030445338e-05_1.36805030445338e-05_1.36805030445338e-05
1016,17109,218-7-4-2-1,9.94945675966092e-06_9.94945675966092e-06_9.94945675966092e-06_9.94945675966092e-06_9.94945675966092e-06
1016,17110,80-11-4-2-1,6.40496278903172e-05_6.40496278903172e-05_6.40496278903172e-05_6.40496278903172e-05_6.40496278903172e-05
1016,17111,39-22-8-1-1,3.35794165638556e-05_3.35794165638556e-05_3.35794165638556e-05_3.35794165638556e-05_3.35794165638556e-05
1016,17112,49-22-8-1-1,0.000213291479285231_0.000213291479285231_0.000213291479285231_0.000213291479285231_0.000213291479285231
1016,17113,55-22-8-1-1,4.35288733235165e-06_4.35288733235165e-06_4.35288733235165e-06_4.35288733235165e-06_4.35288733235165e-06
1016,17114,208-30-1-1-1,7.33772436024993e-05_7.33772436024993e-05_7.33772436024993e-05_7.33772436024993e-05_7.33772436024993e-05
1016,17115,70-27-8-1-1,8.70577466470331e-06_8.70577466470331e-06_8.70577466470331e-06_8.70577466470331e-06_8.70577466470331e-06
1016,17116,147-11-4-2-1,6.84025152226688e-06_6.84025152226688e-06_6.84025152226688e-06_6.84025152226688e-06_6.84025152226688e-06
1016,17117,197-30-1-1-1,3.91759859911649e-05_3.91759859911649e-05_3.91759859911649e-05_3.91759859911649e-05_3.91759859911649e-05
1016,17118,147-11-4-2-1,6.84025152226688e-06_6.84025152226688e-06_6.84025152226688e-06_6.84025152226688e-06_6.84025152226688e-06
1016,17119,185-41-9-2-1,3.73104628487285e-06_3.73104628487285e-06_3.73104628487285e-06_3.73104628487285e-06_3.73104628487285e-06
1016,17120,175-20-9-2-1,4.10415091336013e-05_4.10415091336013e-05_4.10415091336013e-05_4.10415091336013e-05_4.10415091336013e-05
1016,17121,112-14-4-2-1,8.70577466470331e-06_8.70577466470331e-06_8.70577466470331e-06_8.70577466470331e-06_8.70577466470331e-06
1016,17122,188-14-4-2-1,1.24368209495762e-05_1.24368209495762e-05_1.24368209495762e-05_1.24368209495762e-05_1.24368209495762e-05
1016,17124,63-27-8-1-1,4.97472837983046e-06_4.97472837983046e-06_4.97472837983046e-06_4.97472837983046e-06_4.97472837983046e-06
1016,17125,185-41-9-2-1,7.46209256974569e-06_7.46209256974569e-06_7.46209256974569e-06_7.46209256974569e-06_7.46209256974569e-06
1016,17126,128-7-4-2-1,6.84025152226688e-06_6.84025152226688e-06_6.84025152226688e-06_6.84025152226688e-06_6.84025152226688e-06
1016,17127,185-41-9-2-1,2.48736418991523e-06_2.48736418991523e-06_2.48736418991523e-06_2.48736418991523e-06_2.48736418991523e-06
1016,17128,40-23-8-1-1,7.46209256974569e-06_7.46209256974569e-06_7.46209256974569e-06_7.46209256974569e-06_7.46209256974569e-06
1016,17129,213-15-9-2-1,0.000160434990249532_0.000160434990249532_0.000160434990249532_0.000160434990249532_0.000160434990249532
1016,17130,95-37-4-2-1,1.49241851394914e-05_1.49241851394914e-05_1.49241851394914e-05_1.49241851394914e-05_1.49241851394914e-05
1016,17132,177-7-4-2-1,4.97472837983046e-06_4.97472837983046e-06_4.97472837983046e-06_4.97472837983046e-06_4.97472837983046e-06
1016,17133,116-36-10-1-1,2.36299598041947e-05_2.36299598041947e-05_2.36299598041947e-05_2.36299598041947e-05_2.36299598041947e-05
1016,17134,95-37-4-2-1,1.86552314243642e-05_1.86552314243642e-05_1.86552314243642e-05_1.86552314243642e-05_1.86552314243642e-05
1016,17136,185-41-9-2-1,3.10920523739404e-06_3.10920523739404e-06_3.10920523739404e-06_3.10920523739404e-06_3.10920523739404e-06
1016,17137,172-40-4-2-1,2.48736418991523e-06_2.48736418991523e-06_2.48736418991523e-06_2.48736418991523e-06_2.48736418991523e-06
1016,17138,122-16-2-2-1,8.70577466470331e-06_8.70577466470331e-06_8.70577466470331e-06_8.70577466470331e-06_8.70577466470331e-06
1016,17139,91-33-5-1-1,1.05712978071397e-05_1.05712978071397e-05_1.05712978071397e-05_1.05712978071397e-05_1.05712978071397e-05
1016,17140,199-19-9-2-1,3.73104628487285e-06_3.73104628487285e-06_3.73104628487285e-06_3.73104628487285e-06_3.73104628487285e-06
1016,17141,228-17-10-1-1,8.70577466470331e-06_8.70577466470331e-06_8.70577466470331e-06_8.70577466470331e-06_8.70577466470331e-06
1016,17142,201-17-10-1-1,1.67897082819278e-05_1.67897082819278e-05_1.67897082819278e-05_1.67897082819278e-05_1.67897082819278e-05
1016,17143,227-41-9-2-1,1.43023440920126e-05_1.43023440920126e-05_1.43023440920126e-05_1.43023440920126e-05_1.43023440920126e-05
1016,17144,112-14-4-2-1,6.21841047478808e-06_6.21841047478808e-06_6.21841047478808e-06_6.21841047478808e-06_6.21841047478808e-06
1016,17145,112-14-4-2-1,6.21841047478808e-06_6.21841047478808e-06_6.21841047478808e-06_6.21841047478808e-06_6.21841047478808e-06
1016,17146,179-26-4-2-1,9.94945675966092e-06_9.94945675966092e-06_9.94945675966092e-06_9.94945675966092e-06_9.94945675966092e-06
1016,17147,126-29-2-2-1,1.74115493294066e-05_1.74115493294066e-05_1.74115493294066e-05_1.74115493294066e-05_1.74115493294066e-05
1016,17148,6-6-6-2-1,1.11931388546185e-05_1.11931388546185e-05_1.11931388546185e-05_1.11931388546185e-05_1.11931388546185e-05
1016,17149,66-29-2-2-1,5.59656942730927e-06_5.59656942730927e-06_5.59656942730927e-06_5.59656942730927e-06_5.59656942730927e-06
1016,17150,133-12-8-1-1,8.0839336172245e-06_8.0839336172245e-06_8.0839336172245e-06_8.0839336172245e-06_8.0839336172245e-06
1016,17151,4-4-4-2-1,4.97472837983046e-06_4.97472837983046e-06_4.97472837983046e-06_4.97472837983046e-06_4.97472837983046e-06
1016,17152,216-19-9-2-1,4.97472837983046e-06_4.97472837983046e-06_4.97472837983046e-06_4.97472837983046e-06_4.97472837983046e-06
1016,17153,147-11-4-2-1,3.10920523739404e-06_3.10920523739404e-06_3.10920523739404e-06_3.10920523739404e-06_3.10920523739404e-06
1016,17154,147-11-4-2-1,8.70577466470331e-06_8.70577466470331e-06_8.70577466470331e-06_8.70577466470331e-06_8.70577466470331e-06
1016,17155,167-18-4-2-1,9.32761571218212e-06_9.32761571218212e-06_9.32761571218212e-06_9.32761571218212e-06_9.32761571218212e-06
1016,17156,153-18-4-2-1,4.35288733235165e-06_4.35288733235165e-06_4.35288733235165e-06_4.35288733235165e-06_4.35288733235165e-06
1016,17157,185-41-9-2-1,7.46209256974569e-06_7.46209256974569e-06_7.46209256974569e-06_7.46209256974569e-06_7.46209256974569e-06
1016,17158,8-7-4-2-1,3.10920523739404e-06_3.10920523739404e-06_3.10920523739404e-06_3.10920523739404e-06_3.10920523739404e-06
1016,17159,102-13-6-2-1,0.000235055915946989_0.000235055915946989_0.000235055915946989_0.000235055915946989_0.000235055915946989
1016,17160,95-37-4-2-1,7.46209256974569e-06_7.46209256974569e-06_7.46209256974569e-06_7.46209256974569e-06_7.46209256974569e-06
1016,17161,134-29-2-2-1,9.32761571218212e-06_9.32761571218212e-06_9.32761571218212e-06_9.32761571218212e-06_9.32761571218212e-06
1016,17162,123-41-9-2-1,6.40496278903172e-05_6.40496278903172e-05_6.40496278903172e-05_6.40496278903172e-05_6.40496278903172e-05
1016,17164,40-23-8-1-1,4.35288733235165e-06_4.35288733235165e-06_4.35288733235165e-06_4.35288733235165e-06_4.35288733235165e-06
1016,17165,196-14-4-2-1,1.18149799020973e-05_1.18149799020973e-05_1.18149799020973e-05_1.18149799020973e-05_1.18149799020973e-05
1016,17166,159-4-4-2-1,2.36299598041947e-05_2.36299598041947e-05_2.36299598041947e-05_2.36299598041947e-05_2.36299598041947e-05
1016,17167,127-30-1-1-1,6.84025152226688e-06_6.84025152226688e-06_6.84025152226688e-06_6.84025152226688e-06_6.84025152226688e-06
1016,17168,44-13-6-2-1,1.55460261869702e-05_1.55460261869702e-05_1.55460261869702e-05_1.55460261869702e-05_1.55460261869702e-05
1016,17169,199-19-9-2-1,1.6167867234449e-05_1.6167867234449e-05_1.6167867234449e-05_1.6167867234449e-05_1.6167867234449e-05
1016,17170,216-19-9-2-1,7.46209256974569e-06_7.46209256974569e-06_7.46209256974569e-06_7.46209256974569e-06_7.46209256974569e-06
1016,17171,216-19-9-2-1,7.46209256974569e-06_7.46209256974569e-06_7.46209256974569e-06_7.46209256974569e-06_7.46209256974569e-06
1016,17172,186-15-9-2-1,6.84025152226688e-06_6.84025152226688e-06_6.84025152226688e-06_6.84025152226688e-06_6.84025152226688e-06
1016,17173,44-13-6-2-1,1.74115493294066e-05_1.74115493294066e-05_1.74115493294066e-05_1.74115493294066e-05_1.74115493294066e-05
1016,17175,128-7-4-2-1,4.97472837983046e-06_4.97472837983046e-06_4.97472837983046e-06_4.97472837983046e-06_4.97472837983046e-06
1016,17176,138-23-8-1-1,1.3058661997055e-05_1.3058661997055e-05_1.3058661997055e-05_1.3058661997055e-05_1.3058661997055e-05
1016,17177,42-13-6-2-1,4.60162375134318e-05_4.60162375134318e-05_4.60162375134318e-05_4.60162375134318e-05_4.60162375134318e-05
1016,17178,150-30-1-1-1,2.17644366617583e-05_2.17644366617583e-05_2.17644366617583e-05_2.17644366617583e-05_2.17644366617583e-05
1016,17179,28-16-2-2-1,0.000190905201575994_0.000190905201575994_0.000190905201575994_0.000190905201575994_0.000190905201575994
1016,17180,127-30-1-1-1,3.35794165638556e-05_3.35794165638556e-05_3.35794165638556e-05_3.35794165638556e-05_3.35794165638556e-05
1016,17181,118-36-10-1-1,4.35288733235165e-06_4.35288733235165e-06_4.35288733235165e-06_4.35288733235165e-06_4.35288733235165e-06
1016,17182,221-35-4-2-1,3.04702113264616e-05_3.04702113264616e-05_3.04702113264616e-05_3.04702113264616e-05_3.04702113264616e-05
1016,17183,91-33-5-1-1,1.9277072471843e-05_1.9277072471843e-05_1.9277072471843e-05_1.9277072471843e-05_1.9277072471843e-05
1016,17184,8-7-4-2-1,6.21841047478808e-06_6.21841047478808e-06_6.21841047478808e-06_6.21841047478808e-06_6.21841047478808e-06
1016,17185,25-10-2-2-1,4.97472837983046e-06_4.97472837983046e-06_4.97472837983046e-06_4.97472837983046e-06_4.97472837983046e-06
1016,17186,179-26-4-2-1,4.35288733235165e-06_4.35288733235165e-06_4.35288733235165e-06_4.35288733235165e-06_4.35288733235165e-06
1016,17187,180-40-4-2-1,3.10920523739404e-06_3.10920523739404e-06_3.10920523739404e-06_3.10920523739404e-06_3.10920523739404e-06
1016,17190,163-43-4-2-1,6.84025152226688e-06_6.84025152226688e-06_6.84025152226688e-06_6.84025152226688e-06_6.84025152226688e-06
1016,17191,175-20-9-2-1,3.73104628487285e-06_3.73104628487285e-06_3.73104628487285e-06_3.73104628487285e-06_3.73104628487285e-06
1016,17192,91-33-5-1-1,2.54954829466311e-05_2.54954829466311e-05_2.54954829466311e-05_2.54954829466311e-05_2.54954829466311e-05
1016,17193,11-4-4-2-1,2.36299598041947e-05_2.36299598041947e-05_2.36299598041947e-05_2.36299598041947e-05_2.36299598041947e-05
1016,17194,122-16-2-2-1,6.21841047478808e-06_6.21841047478808e-06_6.21841047478808e-06_6.21841047478808e-06_6.21841047478808e-06
1016,17195,121-39-11-1-1,3.10920523739404e-06_3.10920523739404e-06_3.10920523739404e-06_3.10920523739404e-06_3.10920523739404e-06
1016,17196,161-36-10-1-1,3.10920523739404e-06_3.10920523739404e-06_3.10920523739404e-06_3.10920523739404e-06_3.10920523739404e-06
1016,17197,230-14-4-2-1,0.000194014406813388_0.000194014406813388_0.000194014406813388_0.000194014406813388_0.000194014406813388
1016,17198,230-14-4-2-1,2.23862777092371e-05_2.23862777092371e-05_2.23862777092371e-05_2.23862777092371e-05_2.23862777092371e-05
1016,17199,6-6-6-2-1,2.54954829466311e-05_2.54954829466311e-05_2.54954829466311e-05_2.54954829466311e-05_2.54954829466311e-05
1016,17200,6-6-6-2-1,2.17644366617583e-05_2.17644366617583e-05_2.17644366617583e-05_2.17644366617583e-05_2.17644366617583e-05
1016,17201,119-6-6-2-1,0.000103225613881482_0.000103225613881482_0.000103225613881482_0.000103225613881482_0.000103225613881482
1016,17203,172-40-4-2-1,4.35288733235165e-06_4.35288733235165e-06_4.35288733235165e-06_4.35288733235165e-06_4.35288733235165e-06
1016,17204,161-36-10-1-1,4.35288733235165e-06_4.35288733235165e-06_4.35288733235165e-06_4.35288733235165e-06_4.35288733235165e-06
1016,17205,71-29-2-2-1,4.35288733235165e-06_4.35288733235165e-06_4.35288733235165e-06_4.35288733235165e-06_4.35288733235165e-06
1016,17206,228-17-10-1-1,3.10920523739404e-06_3.10920523739404e-06_3.10920523739404e-06_3.10920523739404e-06_3.10920523739404e-06
1016,17207,153-18-4-2-1,4.35288733235165e-06_4.35288733235165e-06_4.35288733235165e-06_4.35288733235165e-06_4.35288733235165e-06
1016,17208,209-35-4-2-1,4.97472837983046e-06_4.97472837983046e-06_4.97472837983046e-06_4.97472837983046e-06_4.97472837983046e-06
1016,17209,147-11-4-2-1,3.10920523739404e-06_3.10920523739404e-06_3.10920523739404e-06_3.10920523739404e-06_3.10920523739404e-06
1016,17210,160-30-1-1-1,8.70577466470331e-06_8.70577466470331e-06_8.70577466470331e-06_8.70577466470331e-06_8.70577466470331e-06
1016,17211,112-14-4-2-1,6.21841047478808e-06_6.21841047478808e-06_6.21841047478808e-06_6.21841047478808e-06_6.21841047478808e-06
1016,17212,112-14-4-2-1,4.35288733235165e-06_4.35288733235165e-06_4.35288733235165e-06_4.35288733235165e-06_4.35288733235165e-06
1016,17213,57-7-4-2-1,4.97472837983046e-06_4.97472837983046e-06_4.97472837983046e-06_4.97472837983046e-06_4.97472837983046e-06
1016,17214,159-4-4-2-1,6.21841047478808e-06_6.21841047478808e-06_6.21841047478808e-06_6.21841047478808e-06_6.21841047478808e-06
1016,17215,216-19-9-2-1,5.59656942730927e-06_5.59656942730927e-06_5.59656942730927e-06_5.59656942730927e-06_5.59656942730927e-06
1016,17216,127-30-1-1-1,8.95451108369483e-05_8.95451108369483e-05_8.95451108369483e-05_8.95451108369483e-05_8.95451108369483e-05
1016,17217,42-13-6-2-1,1.05712978071397e-05_1.05712978071397e-05_1.05712978071397e-05_1.05712978071397e-05_1.05712978071397e-05
1016,17219,125-30-1-1-1,6.4671468937796e-05_6.4671468937796e-05_6.4671468937796e-05_6.4671468937796e-05_6.4671468937796e-05
1016,17220,75-1-1-1-1,1.24368209495762e-05_1.24368209495762e-05_1.24368209495762e-05_1.24368209495762e-05_1.24368209495762e-05
1016,17221,133-12-8-1-1,3.10920523739404e-06_3.10920523739404e-06_3.10920523739404e-06_3.10920523739404e-06_3.10920523739404e-06
1016,17222,130-12-8-1-1,3.04702113264616e-05_3.04702113264616e-05_3.04702113264616e-05_3.04702113264616e-05_3.04702113264616e-05
1016,17223,91-33-5-1-1,3.73104628487285e-05_3.73104628487285e-05_3.73104628487285e-05_3.73104628487285e-05_3.73104628487285e-05
1016,17224,218-7-4-2-1,1.24368209495762e-05_1.24368209495762e-05_1.24368209495762e-05_1.24368209495762e-05_1.24368209495762e-05
1016,17225,160-30-1-1-1,4.97472837983046e-06_4.97472837983046e-06_4.97472837983046e-06_4.97472837983046e-06_4.97472837983046e-06
1016,17226,209-35-4-2-1,3.10920523739404e-06_3.10920523739404e-06_3.10920523739404e-06_3.10920523739404e-06_3.10920523739404e-06
1016,17227,176-20-9-2-1,0.000113796911688622_0.000113796911688622_0.000113796911688622_0.000113796911688622_0.000113796911688622
1016,17228,176-20-9-2-1,1.43023440920126e-05_1.43023440920126e-05_1.43023440920126e-05_1.43023440920126e-05_1.43023440920126e-05
1016,17229,185-41-9-2-1,8.0839336172245e-06_8.0839336172245e-06_8.0839336172245e-06_8.0839336172245e-06_8.0839336172245e-06
1016,17230,176-20-9-2-1,3.04702113264616e-05_3.04702113264616e-05_3.04702113264616e-05_3.04702113264616e-05_3.04702113264616e-05
1016,17231,201-17-10-1-1,1.43023440920126e-05_1.43023440920126e-05_1.43023440920126e-05_1.43023440920126e-05_1.43023440920126e-05
1016,17232,176-20-9-2-1,6.21841047478808e-06_6.21841047478808e-06_6.21841047478808e-06_6.21841047478808e-06_6.21841047478808e-06
1016,17233,166-18-4-2-1,2.48736418991523e-05_2.48736418991523e-05_2.48736418991523e-05_2.48736418991523e-05_2.48736418991523e-05
1016,17234,170-43-4-2-1,5.22346479882198e-05_5.22346479882198e-05_5.22346479882198e-05_5.22346479882198e-05_5.22346479882198e-05
1016,17235,125-30-1-1-1,9.57635213117364e-05_9.57635213117364e-05_9.57635213117364e-05_9.57635213117364e-05_9.57635213117364e-05
1016,17236,44-13-6-2-1,9.32761571218212e-06_9.32761571218212e-06_9.32761571218212e-06_9.32761571218212e-06_9.32761571218212e-06
1016,17237,174-15-9-2-1,1.18149799020973e-05_1.18149799020973e-05_1.18149799020973e-05_1.18149799020973e-05_1.18149799020973e-05
1016,17238,197-30-1-1-1,6.59151510327536e-05_6.59151510327536e-05_6.59151510327536e-05_6.59151510327536e-05_6.59151510327536e-05
1016,17239,213-15-9-2-1,3.42012576113344e-05_3.42012576113344e-05_3.42012576113344e-05_3.42012576113344e-05_3.42012576113344e-05
1016,17240,161-36-10-1-1,8.0839336172245e-06_8.0839336172245e-06_8.0839336172245e-06_8.0839336172245e-06_8.0839336172245e-06
1016,17241,200-15-9-2-1,5.59656942730927e-06_5.59656942730927e-06_5.59656942730927e-06_5.59656942730927e-06_5.59656942730927e-06
1016,17242,172-40-4-2-1,4.97472837983046e-06_4.97472837983046e-06_4.97472837983046e-06_4.97472837983046e-06_4.97472837983046e-06
1016,17243,98-27-8-1-1,7.46209256974569e-06_7.46209256974569e-06_7.46209256974569e-06_7.46209256974569e-06_7.46209256974569e-06
1016,17244,176-20-9-2-1,0.000215157002427667_0.000215157002427667_0.000215157002427667_0.000215157002427667_0.000215157002427667
1016,17245,34-19-9-2-1,9.32761571218212e-06_9.32761571218212e-06_9.32761571218212e-06_9.32761571218212e-06_9.32761571218212e-06
1016,17246,7-4-4-2-1,1.24368209495762e-06_1.24368209495762e-06_1.24368209495762e-06_1.24368209495762e-06_1.24368209495762e-06
1016,17247,153-18-4-2-1,1.49241851394914e-05_1.49241851394914e-05_1.49241851394914e-05_1.49241851394914e-05_1.49241851394914e-05
1016,17248,178-44-12-1-1,1.36805030445338e-05_1.36805030445338e-05_1.36805030445338e-05_1.36805030445338e-05_1.36805030445338e-05
1016,17249,153-18-4-2-1,1.55460261869702e-05_1.55460261869702e-05_1.55460261869702e-05_1.55460261869702e-05_1.55460261869702e-05
1016,17250,161-36-10-1-1,9.32761571218212e-06_9.32761571218212e-06_9.32761571218212e-06_9.32761571218212e-06_9.32761571218212e-06
1016,17251,142-42-12-1-1,7.46209256974569e-06_7.46209256974569e-06_7.46209256974569e-06_7.46209256974569e-06_7.46209256974569e-06
1016,17252,153-18-4-2-1,7.89738130298086e-05_7.89738130298086e-05_7.89738130298086e-05_7.89738130298086e-05_7.89738130298086e-05
1016,17253,185-41-9-2-1,3.10920523739404e-06_3.10920523739404e-06_3.10920523739404e-06_3.10920523739404e-06_3.10920523739404e-06
1016,17254,176-20-9-2-1,6.84025152226688e-06_6.84025152226688e-06_6.84025152226688e-06_6.84025152226688e-06_6.84025152226688e-06
1016,17255,114-40-4-2-1,2.86046881840252e-05_2.86046881840252e-05_2.86046881840252e-05_2.86046881840252e-05_2.86046881840252e-05
1016,17256,67-2-2-2-1,6.21841047478808e-06_6.21841047478808e-06_6.21841047478808e-06_6.21841047478808e-06_6.21841047478808e-06
1016,17257,199-19-9-2-1,2.48736418991523e-06_2.48736418991523e-06_2.48736418991523e-06_2.48736418991523e-06_2.48736418991523e-06
1016,17258,36-6-6-2-1,1.18149799020973e-05_1.18149799020973e-05_1.18149799020973e-05_1.18149799020973e-05_1.18149799020973e-05
1016,17259,5-5-5-1-1,3.10920523739404e-05_3.10920523739404e-05_3.10920523739404e-05_3.10920523739404e-05_3.10920523739404e-05
1016,17260,26-15-9-2-1,5.59656942730927e-06_5.59656942730927e-06_5.59656942730927e-06_5.59656942730927e-06_5.59656942730927e-06
1016,17261,185-41-9-2-1,4.35288733235165e-06_4.35288733235165e-06_4.35288733235165e-06_4.35288733235165e-06_4.35288733235165e-06
1016,17262,216-19-9-2-1,1.24368209495762e-05_1.24368209495762e-05_1.24368209495762e-05_1.24368209495762e-05_1.24368209495762e-05
1016,17263,34-19-9-2-1,3.66886218012497e-05_3.66886218012497e-05_3.66886218012497e-05_3.66886218012497e-05_3.66886218012497e-05
1016,17264,18-12-8-1-1,1.43023440920126e-05_1.43023440920126e-05_1.43023440920126e-05_1.43023440920126e-05_1.43023440920126e-05
1016,17265,128-7-4-2-1,2.48736418991523e-06_2.48736418991523e-06_2.48736418991523e-06_2.48736418991523e-06_2.48736418991523e-06
1016,17266,227-41-9-2-1,4.35288733235165e-06_4.35288733235165e-06_4.35288733235165e-06_4.35288733235165e-06_4.35288733235165e-06
1016,17267,8-7-4-2-1,1.86552314243642e-05_1.86552314243642e-05_1.86552314243642e-05_1.86552314243642e-05_1.86552314243642e-05
1016,17268,8-7-4-2-1,1.18149799020973e-05_1.18149799020973e-05_1.18149799020973e-05_1.18149799020973e-05_1.18149799020973e-05
1016,17269,31-6-6-2-1,2.42518008516735e-05_2.42518008516735e-05_2.42518008516735e-05_2.42518008516735e-05_2.42518008516735e-05
1016,17270,172-40-4-2-1,6.84025152226688e-06_6.84025152226688e-06_6.84025152226688e-06_6.84025152226688e-06_6.84025152226688e-06
1016,17271,138-23-8-1-1,1.55460261869702e-05_1.55460261869702e-05_1.55460261869702e-05_1.55460261869702e-05_1.55460261869702e-05
1016,17272,18-12-8-1-1,6.21841047478808e-06_6.21841047478808e-06_6.21841047478808e-06_6.21841047478808e-06_6.21841047478808e-06
1016,17273,213-15-9-2-1,4.35288733235165e-06_4.35288733235165e-06_4.35288733235165e-06_4.35288733235165e-06_4.35288733235165e-06
1016,17274,123-41-9-2-1,6.21841047478808e-06_6.21841047478808e-06_6.21841047478808e-06_6.21841047478808e-06_6.21841047478808e-06
1016,17275,8-7-4-2-1,4.35288733235165e-06_4.35288733235165e-06_4.35288733235165e-06_4.35288733235165e-06_4.35288733235165e-06
1016,17276,112-14-4-2-1,4.97472837983046e-06_4.97472837983046e-06_4.97472837983046e-06_4.97472837983046e-06_4.97472837983046e-06
1016,17277,44-13-6-2-1,4.35288733235165e-06_4.35288733235165e-06_4.35288733235165e-06_4.35288733235165e-06_4.35288733235165e-06
1016,17278,91-33-5-1-1,8.70577466470331e-06_8.70577466470331e-06_8.70577466470331e-06_8.70577466470331e-06_8.70577466470331e-06
1016,17279,74-31-9-2-1,1.67897082819278e-05_1.67897082819278e-05_1.67897082819278e-05_1.67897082819278e-05_1.67897082819278e-05
1016,17280,70-27-8-1-1,3.10920523739404e-06_3.10920523739404e-06_3.10920523739404e-06_3.10920523739404e-06_3.10920523739404e-06
1016,17281,127-30-1-1-1,9.94945675966092e-06_9.94945675966092e-06_9.94945675966092e-06_9.94945675966092e-06_9.94945675966092e-06
1016,17282,126-29-2-2-1,4.35288733235165e-06_4.35288733235165e-06_4.35288733235165e-06_4.35288733235165e-06_4.35288733235165e-06
1016,17283,186-15-9-2-1,1.49241851394914e-05_1.49241851394914e-05_1.49241851394914e-05_1.49241851394914e-05_1.49241851394914e-05
1016,17284,45-5-5-1-1,1.80333903768854e-05_1.80333903768854e-05_1.80333903768854e-05_1.80333903768854e-05_1.80333903768854e-05
1016,17285,159-4-4-2-1,1.05712978071397e-05_1.05712978071397e-05_1.05712978071397e-05_1.05712978071397e-05_1.05712978071397e-05
1016,17286,45-5-5-1-1,1.74115493294066e-05_1.74115493294066e-05_1.74115493294066e-05_1.74115493294066e-05_1.74115493294066e-05
1016,17287,185-41-9-2-1,4.97472837983046e-06_4.97472837983046e-06_4.97472837983046e-06_4.97472837983046e-06_4.97472837983046e-06
1016,17288,172-40-4-2-1,8.0839336172245e-06_8.0839336172245e-06_8.0839336172245e-06_8.0839336172245e-06_8.0839336172245e-06
1016,17291,177-7-4-2-1,4.97472837983046e-06_4.97472837983046e-06_4.97472837983046e-06_4.97472837983046e-06_4.97472837983046e-06
1016,17292,122-16-2-2-1,9.94945675966092e-06_9.94945675966092e-06_9.94945675966092e-06_9.94945675966092e-06_9.94945675966092e-06
1016,17293,150-30-1-1-1,5.59656942730927e-06_5.59656942730927e-06_5.59656942730927e-06_5.59656942730927e-06_5.59656942730927e-06
1016,17294,74-31-9-2-1,8.0839336172245e-06_8.0839336172245e-06_8.0839336172245e-06_8.0839336172245e-06_8.0839336172245e-06
1016,17295,185-41-9-2-1,3.10920523739404e-06_3.10920523739404e-06_3.10920523739404e-06_3.10920523739404e-06_3.10920523739404e-06
1016,17296,26-15-9-2-1,4.97472837983046e-06_4.97472837983046e-06_4.97472837983046e-06_4.97472837983046e-06_4.97472837983046e-06
1016,17297,26-15-9-2-1,6.21841047478808e-06_6.21841047478808e-06_6.21841047478808e-06_6.21841047478808e-06_6.21841047478808e-06
1016,17298,26-15-9-2-1,4.35288733235165e-06_4.35288733235165e-06_4.35288733235165e-06_4.35288733235165e-06_4.35288733235165e-06
1016,17300,174-15-9-2-1,8.0839336172245e-06_8.0839336172245e-06_8.0839336172245e-06_8.0839336172245e-06_8.0839336172245e-06
1016,17301,218-7-4-2-1,5.22346479882198e-05_5.22346479882198e-05_5.22346479882198e-05_5.22346479882198e-05_5.22346479882198e-05
1016,17302,218-7-4-2-1,3.73104628487285e-06_3.73104628487285e-06_3.73104628487285e-06_3.73104628487285e-06_3.73104628487285e-06
1016,17303,218-7-4-2-1,4.35288733235165e-06_4.35288733235165e-06_4.35288733235165e-06_4.35288733235165e-06_4.35288733235165e-06
1016,17304,236-42-12-1-1,4.35288733235165e-06_4.35288733235165e-06_4.35288733235165e-06_4.35288733235165e-06_4.35288733235165e-06
1016,17305,218-7-4-2-1,6.84025152226688e-06_6.84025152226688e-06_6.84025152226688e-06_6.84025152226688e-06_6.84025152226688e-06
1016,17306,172-40-4-2-1,3.10920523739404e-06_3.10920523739404e-06_3.10920523739404e-06_3.10920523739404e-06_3.10920523739404e-06
1016,17307,152-32-10-1-1,1.11931388546185e-05_1.11931388546185e-05_1.11931388546185e-05_1.11931388546185e-05_1.11931388546185e-05
1016,17308,138-23-8-1-1,1.05712978071397e-05_1.05712978071397e-05_1.05712978071397e-05_1.05712978071397e-05_1.05712978071397e-05
1016,17309,175-20-9-2-1,6.84025152226688e-06_6.84025152226688e-06_6.84025152226688e-06_6.84025152226688e-06_6.84025152226688e-06
1016,17310,159-4-4-2-1,4.47725554184741e-05_4.47725554184741e-05_4.47725554184741e-05_4.47725554184741e-05_4.47725554184741e-05
1016,17311,176-20-9-2-1,6.84025152226688e-06_6.84025152226688e-06_6.84025152226688e-06_6.84025152226688e-06_6.84025152226688e-06
1016,17312,25-10-2-2-1,6.21841047478808e-06_6.21841047478808e-06_6.21841047478808e-06_6.21841047478808e-06_6.21841047478808e-06
1016,17313,7-4-4-2-1,4.35288733235165e-06_4.35288733235165e-06_4.35288733235165e-06_4.35288733235165e-06_4.35288733235165e-06
1016,17314,114-40-4-2-1,1.3058661997055e-05_1.3058661997055e-05_1.3058661997055e-05_1.3058661997055e-05_1.3058661997055e-05
1016,17315,226-32-10-1-1,6.21841047478808e-05_6.21841047478808e-05_6.21841047478808e-05_6.21841047478808e-05_6.21841047478808e-05
1016,17316,25-10-2-2-1,9.32761571218212e-06_9.32761571218212e-06_9.32761571218212e-06_9.32761571218212e-06_9.32761571218212e-06
1016,17317,14-9-7-1-1,0.000855653281330839_0.000855653281330839_0.000855653281330839_0.000855653281330839_0.000855653281330839
1016,17318,220-22-8-1-1,4.35288733235165e-06_4.35288733235165e-06_4.35288733235165e-06_4.35288733235165e-06_4.35288733235165e-06
1016,17319,25-10-2-2-1,2.42518008516735e-05_2.42518008516735e-05_2.42518008516735e-05_2.42518008516735e-05_2.42518008516735e-05
1016,17320,40-23-8-1-1,3.10920523739404e-06_3.10920523739404e-06_3.10920523739404e-06_3.10920523739404e-06_3.10920523739404e-06
1016,17321,25-10-2-2-1,2.36299598041947e-05_2.36299598041947e-05_2.36299598041947e-05_2.36299598041947e-05_2.36299598041947e-05
1016,17322,166-18-4-2-1,1.11931388546185e-05_1.11931388546185e-05_1.11931388546185e-05_1.11931388546185e-05_1.11931388546185e-05
1016,17323,122-16-2-2-1,1.05712978071397e-05_1.05712978071397e-05_1.05712978071397e-05_1.05712978071397e-05_1.05712978071397e-05
1016,17324,152-32-10-1-1,9.94945675966092e-06_9.94945675966092e-06_9.94945675966092e-06_9.94945675966092e-06_9.94945675966092e-06
1016,17325,25-10-2-2-1,6.1562263700402e-05_6.1562263700402e-05_6.1562263700402e-05_6.1562263700402e-05_6.1562263700402e-05
1016,17326,32-18-4-2-1,1.3058661997055e-05_1.3058661997055e-05_1.3058661997055e-05_1.3058661997055e-05_1.3058661997055e-05
1016,17327,228-17-10-1-1,4.97472837983046e-06_4.97472837983046e-06_4.97472837983046e-06_4.97472837983046e-06_4.97472837983046e-06
1016,17328,47-22-8-1-1,1.24368209495762e-05_1.24368209495762e-05_1.24368209495762e-05_1.24368209495762e-05_1.24368209495762e-05
1016,17329,147-11-4-2-1,0.000131208461018028_0.000131208461018028_0.000131208461018028_0.000131208461018028_0.000131208461018028
1016,17330,71-29-2-2-1,4.35288733235165e-06_4.35288733235165e-06_4.35288733235165e-06_4.35288733235165e-06_4.35288733235165e-06
1016,17331,147-11-4-2-1,4.97472837983046e-06_4.97472837983046e-06_4.97472837983046e-06_4.97472837983046e-06_4.97472837983046e-06
1016,17332,49-22-8-1-1,5.59656942730927e-06_5.59656942730927e-06_5.59656942730927e-06_5.59656942730927e-06_5.59656942730927e-06
1016,17333,26-15-9-2-1,3.10920523739404e-06_3.10920523739404e-06_3.10920523739404e-06_3.10920523739404e-06_3.10920523739404e-06
1016,17334,114-40-4-2-1,8.0839336172245e-06_8.0839336172245e-06_8.0839336172245e-06_8.0839336172245e-06_8.0839336172245e-06
1016,17335,185-41-9-2-1,1.86552314243642e-06_1.86552314243642e-06_1.86552314243642e-06_1.86552314243642e-06_1.86552314243642e-06
1016,17336,127-30-1-1-1,2.98483702789828e-05_2.98483702789828e-05_2.98483702789828e-05_2.98483702789828e-05_2.98483702789828e-05
1016,17337,8-7-4-2-1,6.21841047478808e-06_6.21841047478808e-06_6.21841047478808e-06_6.21841047478808e-06_6.21841047478808e-06
1016,17338,141-42-12-1-1,1.18149799020973e-05_1.18149799020973e-05_1.18149799020973e-05_1.18149799020973e-05_1.18149799020973e-05
1016,17339,63-27-8-1-1,2.42518008516735e-05_2.42518008516735e-05_2.42518008516735e-05_2.42518008516735e-05_2.42518008516735e-05
1016,17340,70-27-8-1-1,5.59656942730927e-06_5.59656942730927e-06_5.59656942730927e-06_5.59656942730927e-06_5.59656942730927e-06
1016,17341,114-40-4-2-1,6.90243562701477e-05_6.90243562701477e-05_6.90243562701477e-05_6.90243562701477e-05_6.90243562701477e-05
1016,17342,226-32-10-1-1,4.97472837983046e-06_4.97472837983046e-06_4.97472837983046e-06_4.97472837983046e-06_4.97472837983046e-06
1016,17343,8-7-4-2-1,3.10920523739404e-06_3.10920523739404e-06_3.10920523739404e-06_3.10920523739404e-06_3.10920523739404e-06
1016,17344,160-30-1-1-1,7.46209256974569e-06_7.46209256974569e-06_7.46209256974569e-06_7.46209256974569e-06_7.46209256974569e-06
1016,17345,49-22-8-1-1,0.000121259004258367_0.000121259004258367_0.000121259004258367_0.000121259004258367_0.000121259004258367
1016,17346,216-19-9-2-1,5.59656942730927e-06_5.59656942730927e-06_5.59656942730927e-06_5.59656942730927e-06_5.59656942730927e-06
1016,17347,122-16-2-2-1,6.40496278903172e-05_6.40496278903172e-05_6.40496278903172e-05_6.40496278903172e-05_6.40496278903172e-05
1016,17348,194-31-9-2-1,2.05207545668007e-05_2.05207545668007e-05_2.05207545668007e-05_2.05207545668007e-05_2.05207545668007e-05
1016,17349,142-42-12-1-1,3.73104628487285e-06_3.73104628487285e-06_3.73104628487285e-06_3.73104628487285e-06_3.73104628487285e-06
1016,17350,186-15-9-2-1,1.05712978071397e-05_1.05712978071397e-05_1.05712978071397e-05_1.05712978071397e-05_1.05712978071397e-05
1016,17351,35-20-9-2-1,5.03691248457834e-05_5.03691248457834e-05_5.03691248457834e-05_5.03691248457834e-05_5.03691248457834e-05
1016,17352,117-27-8-1-1,0.000274231901938154_0.000274231901938154_0.000274231901938154_0.000274231901938154_0.000274231901938154
1016,17353,70-27-8-1-1,3.10920523739404e-06_3.10920523739404e-06_3.10920523739404e-06_3.10920523739404e-06_3.10920523739404e-06
1016,17354,76-4-4-2-1,5.59656942730927e-06_5.59656942730927e-06_5.59656942730927e-06_5.59656942730927e-06_5.59656942730927e-06
1016,17355,212-41-9-2-1,5.59656942730927e-06_5.59656942730927e-06_5.59656942730927e-06_5.59656942730927e-06_5.59656942730927e-06
1016,17356,142-42-12-1-1,9.94945675966092e-06_9.94945675966092e-06_9.94945675966092e-06_9.94945675966092e-06_9.94945675966092e-06
1016,17357,214-26-4-2-1,3.48230986588132e-05_3.48230986588132e-05_3.48230986588132e-05_3.48230986588132e-05_3.48230986588132e-05
1016,17358,127-30-1-1-1,2.05207545668007e-05_2.05207545668007e-05_2.05207545668007e-05_2.05207545668007e-05_2.05207545668007e-05
1016,17359,196-14-4-2-1,6.21841047478808e-06_6.21841047478808e-06_6.21841047478808e-06_6.21841047478808e-06_6.21841047478808e-06
1016,17360,112-14-4-2-1,4.97472837983046e-06_4.97472837983046e-06_4.97472837983046e-06_4.97472837983046e-06_4.97472837983046e-06
1016,17361,17-11-4-2-1,9.45198392167788e-05_9.45198392167788e-05_9.45198392167788e-05_9.45198392167788e-05_9.45198392167788e-05
1016,17362,167-18-4-2-1,1.74115493294066e-05_1.74115493294066e-05_1.74115493294066e-05_1.74115493294066e-05_1.74115493294066e-05
1016,17363,71-29-2-2-1,3.73104628487285e-06_3.73104628487285e-06_3.73104628487285e-06_3.73104628487285e-06_3.73104628487285e-06
1016,17364,25-10-2-2-1,4.97472837983046e-06_4.97472837983046e-06_4.97472837983046e-06_4.97472837983046e-06_4.97472837983046e-06
1016,17365,23-10-2-2-1,0.000103847454928961_0.000103847454928961_0.000103847454928961_0.000103847454928961_0.000103847454928961
1016,17366,89-13-6-2-1,0.00010446929597644_0.00010446929597644_0.00010446929597644_0.00010446929597644_0.00010446929597644
1016,17367,98-27-8-1-1,4.04196680861225e-05_4.04196680861225e-05_4.04196680861225e-05_4.04196680861225e-05_4.04196680861225e-05
1016,17368,65-1-1-1-1,4.22851912285589e-05_4.22851912285589e-05_4.22851912285589e-05_4.22851912285589e-05_4.22851912285589e-05
1016,17369,163-43-4-2-1,1.55460261869702e-05_1.55460261869702e-05_1.55460261869702e-05_1.55460261869702e-05_1.55460261869702e-05
1016,17370,49-22-8-1-1,1.3058661997055e-05_1.3058661997055e-05_1.3058661997055e-05_1.3058661997055e-05_1.3058661997055e-05
1016,17371,200-15-9-2-1,4.35288733235165e-06_4.35288733235165e-06_4.35288733235165e-06_4.35288733235165e-06_4.35288733235165e-06
1016,17372,40-23-8-1-1,3.10920523739404e-06_3.10920523739404e-06_3.10920523739404e-06_3.10920523739404e-06_3.10920523739404e-06
1016,17373,160-30-1-1-1,8.70577466470331e-06_8.70577466470331e-06_8.70577466470331e-06_8.70577466470331e-06_8.70577466470331e-06
1016,17374,6-6-6-2-1,5.1612806940741e-05_5.1612806940741e-05_5.1612806940741e-05_5.1612806940741e-05_5.1612806940741e-05
1016,17375,63-27-8-1-1,1.11931388546185e-05_1.11931388546185e-05_1.11931388546185e-05_1.11931388546185e-05_1.11931388546185e-05
1016,17376,26-15-9-2-1,1.74115493294066e-05_1.74115493294066e-05_1.74115493294066e-05_1.74115493294066e-05_1.74115493294066e-05
1016,17377,122-16-2-2-1,4.97472837983046e-06_4.97472837983046e-06_4.97472837983046e-06_4.97472837983046e-06_4.97472837983046e-06
1016,17378,185-41-9-2-1,3.10920523739404e-06_3.10920523739404e-06_3.10920523739404e-06_3.10920523739404e-06_3.10920523739404e-06
1016,17379,112-14-4-2-1,4.97472837983046e-06_4.97472837983046e-06_4.97472837983046e-06_4.97472837983046e-06_4.97472837983046e-06
1016,17380,216-19-9-2-1,1.18149799020973e-05_1.18149799020973e-05_1.18149799020973e-05_1.18149799020973e-05_1.18149799020973e-05
1016,17381,102-13-6-2-1,0.000133073984160465_0.000133073984160465_0.000133073984160465_0.000133073984160465_0.000133073984160465
1016,17382,18-12-8-1-1,5.59656942730927e-06_5.59656942730927e-06_5.59656942730927e-06_5.59656942730927e-06_5.59656942730927e-06
1016,17383,152-32-10-1-1,9.07887929319059e-05_9.07887929319059e-05_9.07887929319059e-05_9.07887929319059e-05_9.07887929319059e-05
1016,17384,152-32-10-1-1,8.70577466470331e-05_8.70577466470331e-05_8.70577466470331e-05_8.70577466470331e-05_8.70577466470331e-05
1016,17385,152-32-10-1-1,3.73104628487285e-06_3.73104628487285e-06_3.73104628487285e-06_3.73104628487285e-06_3.73104628487285e-06
1016,17386,152-32-10-1-1,3.10920523739404e-06_3.10920523739404e-06_3.10920523739404e-06_3.10920523739404e-06_3.10920523739404e-06
1016,17387,152-32-10-1-1,4.97472837983046e-06_4.97472837983046e-06_4.97472837983046e-06_4.97472837983046e-06_4.97472837983046e-06
1016,17388,126-29-2-2-1,1.55460261869702e-05_1.55460261869702e-05_1.55460261869702e-05_1.55460261869702e-05_1.55460261869702e-05
1016,17389,130-12-8-1-1,1.49241851394914e-05_1.49241851394914e-05_1.49241851394914e-05_1.49241851394914e-05_1.49241851394914e-05
1016,17390,79-32-10-1-1,7.46209256974569e-06_7.46209256974569e-06_7.46209256974569e-06_7.46209256974569e-06_7.46209256974569e-06
1016,17391,138-23-8-1-1,3.10920523739404e-06_3.10920523739404e-06_3.10920523739404e-06_3.10920523739404e-06_3.10920523739404e-06
1016,17392,58-13-6-2-1,3.73104628487285e-05_3.73104628487285e-05_3.73104628487285e-05_3.73104628487285e-05_3.73104628487285e-05
1016,17393,191-37-4-2-1,3.10920523739404e-06_3.10920523739404e-06_3.10920523739404e-06_3.10920523739404e-06_3.10920523739404e-06
1016,17394,113-31-9-2-1,2.05207545668007e-05_2.05207545668007e-05_2.05207545668007e-05_2.05207545668007e-05_2.05207545668007e-05
1016,17395,114-40-4-2-1,1.3058661997055e-05_1.3058661997055e-05_1.3058661997055e-05_1.3058661997055e-05_1.3058661997055e-05
1016,17396,57-7-4-2-1,4.35288733235165e-06_4.35288733235165e-06_4.35288733235165e-06_4.35288733235165e-06_4.35288733235165e-06
1016,17397,4-4-4-2-1,3.73104628487285e-06_3.73104628487285e-06_3.73104628487285e-06_3.73104628487285e-06_3.73104628487285e-06
1016,17398,32-18-4-2-1,4.97472837983046e-06_4.97472837983046e-06_4.97472837983046e-06_4.97472837983046e-06_4.97472837983046e-06
1016,17399,45-5-5-1-1,4.35288733235165e-05_4.35288733235165e-05_4.35288733235165e-05_4.35288733235165e-05_4.35288733235165e-05
1016,17400,153-18-4-2-1,4.35288733235165e-06_4.35288733235165e-06_4.35288733235165e-06_4.35288733235165e-06_4.35288733235165e-06
1016,17401,26-15-9-2-1,4.35288733235165e-06_4.35288733235165e-06_4.35288733235165e-06_4.35288733235165e-06_4.35288733235165e-06
1016,17402,121-39-11-1-1,3.10920523739404e-06_3.10920523739404e-06_3.10920523739404e-06_3.10920523739404e-06_3.10920523739404e-06
1016,17403,12-3-3-1-1,0.000642983643093087_0.000642983643093087_0.000642983643093087_0.000642983643093087_0.000642983643093087
1016,17404,152-32-10-1-1,1.86552314243642e-05_1.86552314243642e-05_1.86552314243642e-05_1.86552314243642e-05_1.86552314243642e-05
1016,17405,207-29-2-2-1,7.64864488398933e-05_7.64864488398933e-05_7.64864488398933e-05_7.64864488398933e-05_7.64864488398933e-05
1016,17406,197-30-1-1-1,3.79323038962073e-05_3.79323038962073e-05_3.79323038962073e-05_3.79323038962073e-05_3.79323038962073e-05
1016,17407,101-9-7-1-1,0.000122502686353325_0.000122502686353325_0.000122502686353325_0.000122502686353325_0.000122502686353325
1016,17408,185-41-9-2-1,3.73104628487285e-06_3.73104628487285e-06_3.73104628487285e-06_3.73104628487285e-06_3.73104628487285e-06
1016,17409,214-26-4-2-1,1.80333903768854e-05_1.80333903768854e-05_1.80333903768854e-05_1.80333903768854e-05_1.80333903768854e-05
1016,17410,201-17-10-1-1,8.64359055995543e-05_8.64359055995543e-05_8.64359055995543e-05_8.64359055995543e-05_8.64359055995543e-05
1016,17411,67-2-2-2-1,6.84025152226688e-06_6.84025152226688e-06_6.84025152226688e-06_6.84025152226688e-06_6.84025152226688e-06
1016,17412,152-32-10-1-1,1.24368209495762e-05_1.24368209495762e-05_1.24368209495762e-05_1.24368209495762e-05_1.24368209495762e-05
1016,17413,31-6-6-2-1,0.000298483702789828_0.000298483702789828_0.000298483702789828_0.000298483702789828_0.000298483702789828
1016,17414,152-32-10-1-1,4.97472837983046e-06_4.97472837983046e-06_4.97472837983046e-06_4.97472837983046e-06_4.97472837983046e-06
1016,17415,152-32-10-1-1,9.94945675966092e-06_9.94945675966092e-06_9.94945675966092e-06_9.94945675966092e-06_9.94945675966092e-06
1016,17416,204-35-4-2-1,4.22851912285589e-05_4.22851912285589e-05_4.22851912285589e-05_4.22851912285589e-05_4.22851912285589e-05
1016,17417,57-7-4-2-1,2.61173239941099e-05_2.61173239941099e-05_2.61173239941099e-05_2.61173239941099e-05_2.61173239941099e-05
1016,17418,140-42-12-1-1,3.73104628487285e-06_3.73104628487285e-06_3.73104628487285e-06_3.73104628487285e-06_3.73104628487285e-06
1016,17419,185-41-9-2-1,3.73104628487285e-06_3.73104628487285e-06_3.73104628487285e-06_3.73104628487285e-06_3.73104628487285e-06
1016,17420,31-6-6-2-1,0.000248114577944044_0.000248114577944044_0.000248114577944044_0.000248114577944044_0.000248114577944044
1016,17421,228-17-10-1-1,2.11425956142795e-05_2.11425956142795e-05_2.11425956142795e-05_2.11425956142795e-05_2.11425956142795e-05
1016,17422,199-19-9-2-1,2.67391650415887e-05_2.67391650415887e-05_2.67391650415887e-05_2.67391650415887e-05_2.67391650415887e-05
1016,17423,151-19-9-2-1,2.42518008516735e-05_2.42518008516735e-05_2.42518008516735e-05_2.42518008516735e-05_2.42518008516735e-05
1016,17424,124-29-2-2-1,0.000223240936044892_0.000223240936044892_0.000223240936044892_0.000223240936044892_0.000223240936044892
1016,17425,123-41-9-2-1,4.97472837983046e-06_4.97472837983046e-06_4.97472837983046e-06_4.97472837983046e-06_4.97472837983046e-06
1016,17426,70-27-8-1-1,1.49241851394914e-05_1.49241851394914e-05_1.49241851394914e-05_1.49241851394914e-05_1.49241851394914e-05
1016,17427,101-9-7-1-1,0.000173493652246587_0.000173493652246587_0.000173493652246587_0.000173493652246587_0.000173493652246587
1016,17428,32-18-4-2-1,1.05712978071397e-05_1.05712978071397e-05_1.05712978071397e-05_1.05712978071397e-05_1.05712978071397e-05
1016,17429,177-7-4-2-1,9.32761571218212e-06_9.32761571218212e-06_9.32761571218212e-06_9.32761571218212e-06_9.32761571218212e-06
1016,17430,33-16-2-2-1,0.00110563338241732_0.00110563338241732_0.00110563338241732_0.00110563338241732_0.00110563338241732
1016,17431,122-16-2-2-1,8.70577466470331e-06_8.70577466470331e-06_8.70577466470331e-06_8.70577466470331e-06_8.70577466470331e-06
1016,17432,122-16-2-2-1,1.18149799020973e-05_1.18149799020973e-05_1.18149799020973e-05_1.18149799020973e-05_1.18149799020973e-05
1016,17433,93-16-2-2-1,6.34277868428384e-05_6.34277868428384e-05_6.34277868428384e-05_6.34277868428384e-05_6.34277868428384e-05
1016,17434,230-14-4-2-1,9.32761571218212e-06_9.32761571218212e-06_9.32761571218212e-06_9.32761571218212e-06_9.32761571218212e-06
1016,17435,71-29-2-2-1,2.54954829466311e-05_2.54954829466311e-05_2.54954829466311e-05_2.54954829466311e-05_2.54954829466311e-05
1016,17436,202-37-4-2-1,8.0839336172245e-06_8.0839336172245e-06_8.0839336172245e-06_8.0839336172245e-06_8.0839336172245e-06
1016,17437,95-37-4-2-1,9.32761571218212e-06_9.32761571218212e-06_9.32761571218212e-06_9.32761571218212e-06_9.32761571218212e-06
1016,17438,175-20-9-2-1,6.84025152226688e-06_6.84025152226688e-06_6.84025152226688e-06_6.84025152226688e-06_6.84025152226688e-06
1016,17439,93-16-2-2-1,0.000171628129104151_0.000171628129104151_0.000171628129104151_0.000171628129104151_0.000171628129104151
1016,17441,160-30-1-1-1,9.94945675966092e-06_9.94945675966092e-06_9.94945675966092e-06_9.94945675966092e-06_9.94945675966092e-06
1016,17442,191-37-4-2-1,1.05712978071397e-05_1.05712978071397e-05_1.05712978071397e-05_1.05712978071397e-05_1.05712978071397e-05
1016,17443,79-32-10-1-1,4.35288733235165e-06_4.35288733235165e-06_4.35288733235165e-06_4.35288733235165e-06_4.35288733235165e-06
1016,17444,122-16-2-2-1,4.97472837983046e-05_4.97472837983046e-05_4.97472837983046e-05_4.97472837983046e-05_4.97472837983046e-05
1016,17445,8-7-4-2-1,1.11931388546185e-05_1.11931388546185e-05_1.11931388546185e-05_1.11931388546185e-05_1.11931388546185e-05
1016,17446,70-27-8-1-1,1.80333903768854e-05_1.80333903768854e-05_1.80333903768854e-05_1.80333903768854e-05_1.80333903768854e-05
1016,17447,70-27-8-1-1,1.11931388546185e-05_1.11931388546185e-05_1.11931388546185e-05_1.11931388546185e-05_1.11931388546185e-05
1016,17448,32-18-4-2-1,6.84025152226688e-06_6.84025152226688e-06_6.84025152226688e-06_6.84025152226688e-06_6.84025152226688e-06
1016,17449,57-7-4-2-1,4.35288733235165e-06_4.35288733235165e-06_4.35288733235165e-06_4.35288733235165e-06_4.35288733235165e-06
1016,17450,79-32-10-1-1,8.0839336172245e-06_8.0839336172245e-06_8.0839336172245e-06_8.0839336172245e-06_8.0839336172245e-06
1016,17452,216-19-9-2-1,1.49241851394914e-05_1.49241851394914e-05_1.49241851394914e-05_1.49241851394914e-05_1.49241851394914e-05
1016,17453,172-40-4-2-1,3.10920523739404e-06_3.10920523739404e-06_3.10920523739404e-06_3.10920523739404e-06_3.10920523739404e-06
1016,17454,196-14-4-2-1,3.73104628487285e-06_3.73104628487285e-06_3.73104628487285e-06_3.73104628487285e-06_3.73104628487285e-06
1016,17455,84-2-2-2-1,2.73610060890675e-05_2.73610060890675e-05_2.73610060890675e-05_2.73610060890675e-05_2.73610060890675e-05
1016,17456,105-8-3-1-1,0.000554682214351096_0.000554682214351096_0.000554682214351096_0.000554682214351096_0.000554682214351096
1016,17457,172-40-4-2-1,6.21841047478808e-06_6.21841047478808e-06_6.21841047478808e-06_6.21841047478808e-06_6.21841047478808e-06
1016,17458,120-16-2-2-1,0.000124368209495762_0.000124368209495762_0.000124368209495762_0.000124368209495762_0.000124368209495762
1016,17459,154-25-8-1-1,2.30081187567159e-05_2.30081187567159e-05_2.30081187567159e-05_2.30081187567159e-05_2.30081187567159e-05
1016,17461,195-37-4-2-1,3.29575755163768e-05_3.29575755163768e-05_3.29575755163768e-05_3.29575755163768e-05_3.29575755163768e-05
1016,17462,201-17-10-1-1,3.66886218012497e-05_3.66886218012497e-05_3.66886218012497e-05_3.66886218012497e-05_3.66886218012497e-05
1016,17463,47-22-8-1-1,3.73104628487285e-06_3.73104628487285e-06_3.73104628487285e-06_3.73104628487285e-06_3.73104628487285e-06
1016,17464,152-32-10-1-1,2.48736418991523e-06_2.48736418991523e-06_2.48736418991523e-06_2.48736418991523e-06_2.48736418991523e-06
1016,17465,222-35-4-2-1,1.18149799020973e-05_1.18149799020973e-05_1.18149799020973e-05_1.18149799020973e-05_1.18149799020973e-05
1016,17466,80-11-4-2-1,4.29070322760377e-05_4.29070322760377e-05_4.29070322760377e-05_4.29070322760377e-05_4.29070322760377e-05
1016,17467,137-26-4-2-1,2.48736418991523e-06_2.48736418991523e-06_2.48736418991523e-06_2.48736418991523e-06_2.48736418991523e-06
1016,17468,167-18-4-2-1,4.35288733235165e-06_4.35288733235165e-06_4.35288733235165e-06_4.35288733235165e-06_4.35288733235165e-06
1016,17469,9-8-3-1-1,0.000219509889760019_0.000219509889760019_0.000219509889760019_0.000219509889760019_0.000219509889760019
1016,17470,203-11-4-2-1,8.0839336172245e-06_8.0839336172245e-06_8.0839336172245e-06_8.0839336172245e-06_8.0839336172245e-06
1016,17471,154-25-8-1-1,5.53438532256139e-05_5.53438532256139e-05_5.53438532256139e-05_5.53438532256139e-05_5.53438532256139e-05
1016,17472,205-12-8-1-1,1.18149799020973e-05_1.18149799020973e-05_1.18149799020973e-05_1.18149799020973e-05_1.18149799020973e-05
1016,17473,11-4-4-2-1,7.46209256974569e-06_7.46209256974569e-06_7.46209256974569e-06_7.46209256974569e-06_7.46209256974569e-06
1016,17474,209-35-4-2-1,3.73104628487285e-06_3.73104628487285e-06_3.73104628487285e-06_3.73104628487285e-06_3.73104628487285e-06
1016,17475,142-42-12-1-1,4.35288733235165e-06_4.35288733235165e-06_4.35288733235165e-06_4.35288733235165e-06_4.35288733235165e-06
1016,17477,49-22-8-1-1,8.70577466470331e-06_8.70577466470331e-06_8.70577466470331e-06_8.70577466470331e-06_8.70577466470331e-06
1016,17478,191-37-4-2-1,4.97472837983046e-06_4.97472837983046e-06_4.97472837983046e-06_4.97472837983046e-06_4.97472837983046e-06
1016,17479,185-41-9-2-1,7.46209256974569e-06_7.46209256974569e-06_7.46209256974569e-06_7.46209256974569e-06_7.46209256974569e-06
1016,17480,26-15-9-2-1,9.32761571218212e-06_9.32761571218212e-06_9.32761571218212e-06_9.32761571218212e-06_9.32761571218212e-06
1016,17481,228-17-10-1-1,5.59656942730927e-06_5.59656942730927e-06_5.59656942730927e-06_5.59656942730927e-06_5.59656942730927e-06
1016,17482,172-40-4-2-1,4.35288733235165e-06_4.35288733235165e-06_4.35288733235165e-06_4.35288733235165e-06_4.35288733235165e-06
1016,17483,185-41-9-2-1,7.46209256974569e-06_7.46209256974569e-06_7.46209256974569e-06_7.46209256974569e-06_7.46209256974569e-06
1016,17484,80-11-4-2-1,0.000254332988418832_0.000254332988418832_0.000254332988418832_0.000254332988418832_0.000254332988418832
1016,17485,80-11-4-2-1,4.04196680861225e-05_4.04196680861225e-05_4.04196680861225e-05_4.04196680861225e-05_4.04196680861225e-05
1016,17486,158-2-2-2-1,4.5394396465953e-05_4.5394396465953e-05_4.5394396465953e-05_4.5394396465953e-05_4.5394396465953e-05
1016,17487,80-11-4-2-1,0.000111931388546185_0.000111931388546185_0.000111931388546185_0.000111931388546185_0.000111931388546185
1016,17488,57-7-4-2-1,2.54954829466311e-05_2.54954829466311e-05_2.54954829466311e-05_2.54954829466311e-05_2.54954829466311e-05
1016,17489,68-30-1-1-1,3.73104628487285e-06_3.73104628487285e-06_3.73104628487285e-06_3.73104628487285e-06_3.73104628487285e-06
1016,17490,18-12-8-1-1,4.97472837983046e-06_4.97472837983046e-06_4.97472837983046e-06_4.97472837983046e-06_4.97472837983046e-06
1016,17491,113-31-9-2-1,0.000263660604131014_0.000263660604131014_0.000263660604131014_0.000263660604131014_0.000263660604131014
1016,17492,47-22-8-1-1,3.73104628487285e-06_3.73104628487285e-06_3.73104628487285e-06_3.73104628487285e-06_3.73104628487285e-06
1016,17493,98-27-8-1-1,2.98483702789828e-05_2.98483702789828e-05_2.98483702789828e-05_2.98483702789828e-05_2.98483702789828e-05
1016,17494,55-22-8-1-1,1.43023440920126e-05_1.43023440920126e-05_1.43023440920126e-05_1.43023440920126e-05_1.43023440920126e-05
1016,17495,4-4-4-2-1,2.17644366617583e-05_2.17644366617583e-05_2.17644366617583e-05_2.17644366617583e-05_2.17644366617583e-05
1016,17496,4-4-4-2-1,6.21841047478808e-06_6.21841047478808e-06_6.21841047478808e-06_6.21841047478808e-06_6.21841047478808e-06
1016,17497,4-4-4-2-1,8.95451108369483e-05_8.95451108369483e-05_8.95451108369483e-05_8.95451108369483e-05_8.95451108369483e-05
1016,17498,4-4-4-2-1,2.86046881840252e-05_2.86046881840252e-05_2.86046881840252e-05_2.86046881840252e-05_2.86046881840252e-05
1016,17499,55-22-8-1-1,5.59656942730927e-06_5.59656942730927e-06_5.59656942730927e-06_5.59656942730927e-06_5.59656942730927e-06
1016,17500,185-41-9-2-1,3.10920523739404e-06_3.10920523739404e-06_3.10920523739404e-06_3.10920523739404e-06_3.10920523739404e-06
1016,17501,191-37-4-2-1,3.73104628487285e-06_3.73104628487285e-06_3.73104628487285e-06_3.73104628487285e-06_3.73104628487285e-06
1016,17502,129-21-4-2-1,5.59656942730927e-06_5.59656942730927e-06_5.59656942730927e-06_5.59656942730927e-06_5.59656942730927e-06
1016,17503,225-31-9-2-1,1.11931388546185e-05_1.11931388546185e-05_1.11931388546185e-05_1.11931388546185e-05_1.11931388546185e-05
1016,17504,172-40-4-2-1,3.73104628487285e-06_3.73104628487285e-06_3.73104628487285e-06_3.73104628487285e-06_3.73104628487285e-06
1016,17505,23-10-2-2-1,1.9277072471843e-05_1.9277072471843e-05_1.9277072471843e-05_1.9277072471843e-05_1.9277072471843e-05
1016,17506,29-17-10-1-1,2.30081187567159e-05_2.30081187567159e-05_2.30081187567159e-05_2.30081187567159e-05_2.30081187567159e-05
1016,17507,34-19-9-2-1,6.84025152226688e-06_6.84025152226688e-06_6.84025152226688e-06_6.84025152226688e-06_6.84025152226688e-06
1016,17508,175-20-9-2-1,2.17644366617583e-05_2.17644366617583e-05_2.17644366617583e-05_2.17644366617583e-05_2.17644366617583e-05
1016,17509,101-9-7-1-1,0.000514262546264974_0.000514262546264974_0.000514262546264974_0.000514262546264974_0.000514262546264974
1016,17510,82-6-6-2-1,0.000338281529828471_0.000338281529828471_0.000338281529828471_0.000338281529828471_0.000338281529828471
1016,17511,138-23-8-1-1,3.10920523739404e-06_3.10920523739404e-06_3.10920523739404e-06_3.10920523739404e-06_3.10920523739404e-06
1016,17512,124-29-2-2-1,1.24368209495762e-05_1.24368209495762e-05_1.24368209495762e-05_1.24368209495762e-05_1.24368209495762e-05
1016,17513,98-27-8-1-1,4.35288733235165e-06_4.35288733235165e-06_4.35288733235165e-06_4.35288733235165e-06_4.35288733235165e-06
1016,17514,130-12-8-1-1,1.3058661997055e-05_1.3058661997055e-05_1.3058661997055e-05_1.3058661997055e-05_1.3058661997055e-05
1016,17516,194-31-9-2-1,1.43023440920126e-05_1.43023440920126e-05_1.43023440920126e-05_1.43023440920126e-05_1.43023440920126e-05
1016,17517,61-13-6-2-1,2.05207545668007e-05_2.05207545668007e-05_2.05207545668007e-05_2.05207545668007e-05_2.05207545668007e-05
1016,17518,172-40-4-2-1,3.10920523739404e-06_3.10920523739404e-06_3.10920523739404e-06_3.10920523739404e-06_3.10920523739404e-06
1016,17519,228-17-10-1-1,7.46209256974569e-06_7.46209256974569e-06_7.46209256974569e-06_7.46209256974569e-06_7.46209256974569e-06
1016,17520,216-19-9-2-1,3.10920523739404e-06_3.10920523739404e-06_3.10920523739404e-06_3.10920523739404e-06_3.10920523739404e-06
1016,17521,112-14-4-2-1,1.6167867234449e-05_1.6167867234449e-05_1.6167867234449e-05_1.6167867234449e-05_1.6167867234449e-05
1016,17522,229-5-5-1-1,0.000106334819118876_0.000106334819118876_0.000106334819118876_0.000106334819118876_0.000106334819118876
1016,17523,177-7-4-2-1,7.46209256974569e-06_7.46209256974569e-06_7.46209256974569e-06_7.46209256974569e-06_7.46209256974569e-06
1016,17524,44-13-6-2-1,4.35288733235165e-06_4.35288733235165e-06_4.35288733235165e-06_4.35288733235165e-06_4.35288733235165e-06
1016,17525,230-14-4-2-1,0.000373104628487285_0.000373104628487285_0.000373104628487285_0.000373104628487285_0.000373104628487285
1016,17526,230-14-4-2-1,7.02680383651053e-05_7.02680383651053e-05_7.02680383651053e-05_7.02680383651053e-05_7.02680383651053e-05
1016,17527,230-14-4-2-1,4.97472837983046e-06_4.97472837983046e-06_4.97472837983046e-06_4.97472837983046e-06_4.97472837983046e-06
1016,17528,230-14-4-2-1,9.32761571218212e-06_9.32761571218212e-06_9.32761571218212e-06_9.32761571218212e-06_9.32761571218212e-06
1016,17529,133-12-8-1-1,7.64864488398933e-05_7.64864488398933e-05_7.64864488398933e-05_7.64864488398933e-05_7.64864488398933e-05
1016,17530,142-42-12-1-1,3.10920523739404e-06_3.10920523739404e-06_3.10920523739404e-06_3.10920523739404e-06_3.10920523739404e-06
1016,17531,128-7-4-2-1,3.73104628487285e-06_3.73104628487285e-06_3.73104628487285e-06_3.73104628487285e-06_3.73104628487285e-06
1016,17532,161-36-10-1-1,6.84025152226688e-06_6.84025152226688e-06_6.84025152226688e-06_6.84025152226688e-06_6.84025152226688e-06
1016,17533,102-13-6-2-1,1.18149799020973e-05_1.18149799020973e-05_1.18149799020973e-05_1.18149799020973e-05_1.18149799020973e-05
1016,17534,11-4-4-2-1,3.73104628487285e-06_3.73104628487285e-06_3.73104628487285e-06_3.73104628487285e-06_3.73104628487285e-06
1016,17535,218-7-4-2-1,1.36805030445338e-05_1.36805030445338e-05_1.36805030445338e-05_1.36805030445338e-05_1.36805030445338e-05
1016,17536,228-17-10-1-1,2.42518008516735e-05_2.42518008516735e-05_2.42518008516735e-05_2.42518008516735e-05_2.42518008516735e-05
1016,17537,109-28-5-1-1,4.97472837983046e-06_4.97472837983046e-06_4.97472837983046e-06_4.97472837983046e-06_4.97472837983046e-06
1016,17538,171-18-4-2-1,1.24368209495762e-05_1.24368209495762e-05_1.24368209495762e-05_1.24368209495762e-05_1.24368209495762e-05
1016,17539,10-3-3-1-1,0.000552194850161181_0.000552194850161181_0.000552194850161181_0.000552194850161181_0.000552194850161181
1016,17540,10-3-3-1-1,0.000223240936044892_0.000223240936044892_0.000223240936044892_0.000223240936044892_0.000223240936044892
1016,17541,227-41-9-2-1,9.94945675966092e-06_9.94945675966092e-06_9.94945675966092e-06_9.94945675966092e-06_9.94945675966092e-06
1016,17542,119-6-6-2-1,0.000275475584033112_0.000275475584033112_0.000275475584033112_0.000275475584033112_0.000275475584033112
1016,17543,4-4-4-2-1,3.73104628487285e-06_3.73104628487285e-06_3.73104628487285e-06_3.73104628487285e-06_3.73104628487285e-06
1016,17544,185-41-9-2-1,2.48736418991523e-06_2.48736418991523e-06_2.48736418991523e-06_2.48736418991523e-06_2.48736418991523e-06
1016,17545,216-19-9-2-1,2.30081187567159e-05_2.30081187567159e-05_2.30081187567159e-05_2.30081187567159e-05_2.30081187567159e-05
1016,17547,216-19-9-2-1,2.48736418991523e-05_2.48736418991523e-05_2.48736418991523e-05_2.48736418991523e-05_2.48736418991523e-05
1016,17548,216-19-9-2-1,2.79828471365463e-05_2.79828471365463e-05_2.79828471365463e-05_2.79828471365463e-05_2.79828471365463e-05
1016,17549,163-43-4-2-1,1.6167867234449e-05_1.6167867234449e-05_1.6167867234449e-05_1.6167867234449e-05_1.6167867234449e-05
1016,17550,190-20-9-2-1,1.36805030445338e-05_1.36805030445338e-05_1.36805030445338e-05_1.36805030445338e-05_1.36805030445338e-05
1016,17551,172-40-4-2-1,4.97472837983046e-06_4.97472837983046e-06_4.97472837983046e-06_4.97472837983046e-06_4.97472837983046e-06
1016,17552,148-29-2-2-1,1.98989135193218e-05_1.98989135193218e-05_1.98989135193218e-05_1.98989135193218e-05_1.98989135193218e-05
1016,17553,76-4-4-2-1,5.59656942730927e-06_5.59656942730927e-06_5.59656942730927e-06_5.59656942730927e-06_5.59656942730927e-06
1016,17554,185-41-9-2-1,5.59656942730927e-06_5.59656942730927e-06_5.59656942730927e-06_5.59656942730927e-06_5.59656942730927e-06
1016,17555,148-29-2-2-1,1.05712978071397e-05_1.05712978071397e-05_1.05712978071397e-05_1.05712978071397e-05_1.05712978071397e-05
1016,17556,212-41-9-2-1,8.70577466470331e-06_8.70577466470331e-06_8.70577466470331e-06_8.70577466470331e-06_8.70577466470331e-06
1016,17557,185-41-9-2-1,3.73104628487285e-06_3.73104628487285e-06_3.73104628487285e-06_3.73104628487285e-06_3.73104628487285e-06
1016,17558,166-18-4-2-1,1.49241851394914e-05_1.49241851394914e-05_1.49241851394914e-05_1.49241851394914e-05_1.49241851394914e-05
1016,17559,4-4-4-2-1,5.59656942730927e-06_5.59656942730927e-06_5.59656942730927e-06_5.59656942730927e-06_5.59656942730927e-06
1016,17560,4-4-4-2-1,7.46209256974569e-06_7.46209256974569e-06_7.46209256974569e-06_7.46209256974569e-06_7.46209256974569e-06
1016,17562,8-7-4-2-1,8.0839336172245e-06_8.0839336172245e-06_8.0839336172245e-06_8.0839336172245e-06_8.0839336172245e-06
1016,17563,102-13-6-2-1,1.49241851394914e-05_1.49241851394914e-05_1.49241851394914e-05_1.49241851394914e-05_1.49241851394914e-05
1016,17564,227-41-9-2-1,4.72599196083894e-05_4.72599196083894e-05_4.72599196083894e-05_4.72599196083894e-05_4.72599196083894e-05
1016,17565,149-16-2-2-1,1.86552314243642e-05_1.86552314243642e-05_1.86552314243642e-05_1.86552314243642e-05_1.86552314243642e-05
1016,17566,227-41-9-2-1,1.05712978071397e-05_1.05712978071397e-05_1.05712978071397e-05_1.05712978071397e-05_1.05712978071397e-05
1016,17567,172-40-4-2-1,3.73104628487285e-06_3.73104628487285e-06_3.73104628487285e-06_3.73104628487285e-06_3.73104628487285e-06
1016,17568,26-15-9-2-1,1.74115493294066e-05_1.74115493294066e-05_1.74115493294066e-05_1.74115493294066e-05_1.74115493294066e-05
1016,17569,122-16-2-2-1,7.46209256974569e-06_7.46209256974569e-06_7.46209256974569e-06_7.46209256974569e-06_7.46209256974569e-06
1016,17570,170-43-4-2-1,9.32761571218212e-06_9.32761571218212e-06_9.32761571218212e-06_9.32761571218212e-06_9.32761571218212e-06
1016,17571,45-5-5-1-1,1.18149799020973e-05_1.18149799020973e-05_1.18149799020973e-05_1.18149799020973e-05_1.18149799020973e-05
1016,17572,140-42-12-1-1,1.05712978071397e-05_1.05712978071397e-05_1.05712978071397e-05_1.05712978071397e-05_1.05712978071397e-05
1016,17573,180-40-4-2-1,3.10920523739404e-06_3.10920523739404e-06_3.10920523739404e-06_3.10920523739404e-06_3.10920523739404e-06
1016,17574,140-42-12-1-1,6.21841047478808e-06_6.21841047478808e-06_6.21841047478808e-06_6.21841047478808e-06_6.21841047478808e-06
1016,17575,93-16-2-2-1,9.38979981693e-05_9.38979981693e-05_9.38979981693e-05_9.38979981693e-05_9.38979981693e-05
1016,17576,172-40-4-2-1,4.35288733235165e-06_4.35288733235165e-06_4.35288733235165e-06_4.35288733235165e-06_4.35288733235165e-06
1016,17577,161-36-10-1-1,1.24368209495762e-05_1.24368209495762e-05_1.24368209495762e-05_1.24368209495762e-05_1.24368209495762e-05
1016,17578,177-7-4-2-1,6.21841047478808e-06_6.21841047478808e-06_6.21841047478808e-06_6.21841047478808e-06_6.21841047478808e-06
1016,17579,185-41-9-2-1,3.10920523739404e-06_3.10920523739404e-06_3.10920523739404e-06_3.10920523739404e-06_3.10920523739404e-06
1016,17580,167-18-4-2-1,3.10920523739404e-06_3.10920523739404e-06_3.10920523739404e-06_3.10920523739404e-06_3.10920523739404e-06
1016,17581,44-13-6-2-1,7.46209256974569e-06_7.46209256974569e-06_7.46209256974569e-06_7.46209256974569e-06_7.46209256974569e-06
1016,17582,138-23-8-1-1,9.32761571218212e-06_9.32761571218212e-06_9.32761571218212e-06_9.32761571218212e-06_9.32761571218212e-06
1016,17583,180-40-4-2-1,3.73104628487285e-06_3.73104628487285e-06_3.73104628487285e-06_3.73104628487285e-06_3.73104628487285e-06
1016,17584,153-18-4-2-1,3.10920523739404e-06_3.10920523739404e-06_3.10920523739404e-06_3.10920523739404e-06_3.10920523739404e-06
1016,17585,179-26-4-2-1,6.21841047478808e-06_6.21841047478808e-06_6.21841047478808e-06_6.21841047478808e-06_6.21841047478808e-06
1016,17586,103-13-6-2-1,9.14106339793847e-05_9.14106339793847e-05_9.14106339793847e-05_9.14106339793847e-05_9.14106339793847e-05
1016,17587,36-6-6-2-1,7.15117204600629e-05_7.15117204600629e-05_7.15117204600629e-05_7.15117204600629e-05_7.15117204600629e-05
1016,17588,11-4-4-2-1,7.46209256974569e-06_7.46209256974569e-06_7.46209256974569e-06_7.46209256974569e-06_7.46209256974569e-06
1016,17589,185-41-9-2-1,3.73104628487285e-06_3.73104628487285e-06_3.73104628487285e-06_3.73104628487285e-06_3.73104628487285e-06
1016,17590,216-19-9-2-1,6.21841047478808e-06_6.21841047478808e-06_6.21841047478808e-06_6.21841047478808e-06_6.21841047478808e-06
1016,17591,39-22-8-1-1,2.17644366617583e-05_2.17644366617583e-05_2.17644366617583e-05_2.17644366617583e-05_2.17644366617583e-05
1016,17592,17-11-4-2-1,1.80333903768854e-05_1.80333903768854e-05_1.80333903768854e-05_1.80333903768854e-05_1.80333903768854e-05
1016,17593,39-22-8-1-1,4.97472837983046e-06_4.97472837983046e-06_4.97472837983046e-06_4.97472837983046e-06_4.97472837983046e-06
1016,17594,17-11-4-2-1,6.21841047478808e-06_6.21841047478808e-06_6.21841047478808e-06_6.21841047478808e-06_6.21841047478808e-06
1016,17595,39-22-8-1-1,1.36805030445338e-05_1.36805030445338e-05_1.36805030445338e-05_1.36805030445338e-05_1.36805030445338e-05
1016,17596,199-19-9-2-1,1.11931388546185e-05_1.11931388546185e-05_1.11931388546185e-05_1.11931388546185e-05_1.11931388546185e-05
1016,17597,63-27-8-1-1,3.73104628487285e-06_3.73104628487285e-06_3.73104628487285e-06_3.73104628487285e-06_3.73104628487285e-06
1016,17598,8-7-4-2-1,4.97472837983046e-06_4.97472837983046e-06_4.97472837983046e-06_4.97472837983046e-06_4.97472837983046e-06
1016,17599,114-40-4-2-1,6.84025152226688e-06_6.84025152226688e-06_6.84025152226688e-06_6.84025152226688e-06_6.84025152226688e-06
1016,17600,17-11-4-2-1,4.97472837983046e-06_4.97472837983046e-06_4.97472837983046e-06_4.97472837983046e-06_4.97472837983046e-06
1016,17601,152-32-10-1-1,4.97472837983046e-06_4.97472837983046e-06_4.97472837983046e-06_4.97472837983046e-06_4.97472837983046e-06
1016,17603,90-36-10-1-1,0.000195258088908346_0.000195258088908346_0.000195258088908346_0.000195258088908346_0.000195258088908346
1016,17604,196-14-4-2-1,3.10920523739404e-06_3.10920523739404e-06_3.10920523739404e-06_3.10920523739404e-06_3.10920523739404e-06
1016,17605,37-11-4-2-1,3.60667807537708e-05_3.60667807537708e-05_3.60667807537708e-05_3.60667807537708e-05_3.60667807537708e-05
1016,17606,90-36-10-1-1,0.000242518008516735_0.000242518008516735_0.000242518008516735_0.000242518008516735_0.000242518008516735
1016,17607,147-11-4-2-1,5.59656942730927e-06_5.59656942730927e-06_5.59656942730927e-06_5.59656942730927e-06_5.59656942730927e-06
1016,17608,82-6-6-2-1,0.000366886218012497_0.000366886218012497_0.000366886218012497_0.000366886218012497_0.000366886218012497
1016,17609,152-32-10-1-1,4.22851912285589e-05_4.22851912285589e-05_4.22851912285589e-05_4.22851912285589e-05_4.22851912285589e-05
1016,17610,227-41-9-2-1,4.97472837983046e-06_4.97472837983046e-06_4.97472837983046e-06_4.97472837983046e-06_4.97472837983046e-06
1016,17611,147-11-4-2-1,1.67897082819278e-05_1.67897082819278e-05_1.67897082819278e-05_1.67897082819278e-05_1.67897082819278e-05
1016,17612,213-15-9-2-1,3.10920523739404e-06_3.10920523739404e-06_3.10920523739404e-06_3.10920523739404e-06_3.10920523739404e-06
1016,17613,110-3-3-1-1,0.000356314920205357_0.000356314920205357_0.000356314920205357_0.000356314920205357_0.000356314920205357
1016,17614,177-7-4-2-1,3.73104628487285e-06_3.73104628487285e-06_3.73104628487285e-06_3.73104628487285e-06_3.73104628487285e-06
1016,17615,131-13-6-2-1,3.42012576113344e-05_3.42012576113344e-05_3.42012576113344e-05_3.42012576113344e-05_3.42012576113344e-05
1016,17616,213-15-9-2-1,7.46209256974569e-06_7.46209256974569e-06_7.46209256974569e-06_7.46209256974569e-06_7.46209256974569e-06
1016,17617,172-40-4-2-1,4.35288733235165e-06_4.35288733235165e-06_4.35288733235165e-06_4.35288733235165e-06_4.35288733235165e-06
1016,17618,39-22-8-1-1,6.21841047478808e-06_6.21841047478808e-06_6.21841047478808e-06_6.21841047478808e-06_6.21841047478808e-06
1016,17619,147-11-4-2-1,3.73104628487285e-06_3.73104628487285e-06_3.73104628487285e-06_3.73104628487285e-06_3.73104628487285e-06
1016,17620,163-43-4-2-1,4.41507143709953e-05_4.41507143709953e-05_4.41507143709953e-05_4.41507143709953e-05_4.41507143709953e-05
1016,17621,138-23-8-1-1,5.59656942730927e-06_5.59656942730927e-06_5.59656942730927e-06_5.59656942730927e-06_5.59656942730927e-06
1016,17622,138-23-8-1-1,6.21841047478808e-06_6.21841047478808e-06_6.21841047478808e-06_6.21841047478808e-06_6.21841047478808e-06
1016,17623,45-5-5-1-1,0.000230703028614638_0.000230703028614638_0.000230703028614638_0.000230703028614638_0.000230703028614638
1016,17624,69-29-2-2-1,6.65369920802324e-05_6.65369920802324e-05_6.65369920802324e-05_6.65369920802324e-05_6.65369920802324e-05
1016,17625,45-5-5-1-1,1.36805030445338e-05_1.36805030445338e-05_1.36805030445338e-05_1.36805030445338e-05_1.36805030445338e-05
1016,17626,152-32-10-1-1,6.84025152226688e-06_6.84025152226688e-06_6.84025152226688e-06_6.84025152226688e-06_6.84025152226688e-06
1016,17627,65-1-1-1-1,1.11931388546185e-05_1.11931388546185e-05_1.11931388546185e-05_1.11931388546185e-05_1.11931388546185e-05
1016,17629,135-41-9-2-1,0.000145510805110041_0.000145510805110041_0.000145510805110041_0.000145510805110041_0.000145510805110041
1016,17630,213-15-9-2-1,2.54954829466311e-05_2.54954829466311e-05_2.54954829466311e-05_2.54954829466311e-05_2.54954829466311e-05
1016,17631,122-16-2-2-1,1.36805030445338e-05_1.36805030445338e-05_1.36805030445338e-05_1.36805030445338e-05_1.36805030445338e-05
1016,17632,142-42-12-1-1,1.24368209495762e-05_1.24368209495762e-05_1.24368209495762e-05_1.24368209495762e-05_1.24368209495762e-05
1016,17633,112-14-4-2-1,2.48736418991523e-06_2.48736418991523e-06_2.48736418991523e-06_2.48736418991523e-06_2.48736418991523e-06
1016,17634,172-40-4-2-1,3.10920523739404e-06_3.10920523739404e-06_3.10920523739404e-06_3.10920523739404e-06_3.10920523739404e-06
1016,17635,57-7-4-2-1,1.24368209495762e-05_1.24368209495762e-05_1.24368209495762e-05_1.24368209495762e-05_1.24368209495762e-05
1016,17636,57-7-4-2-1,3.10920523739404e-06_3.10920523739404e-06_3.10920523739404e-06_3.10920523739404e-06_3.10920523739404e-06
1016,17637,57-7-4-2-1,1.67897082819278e-05_1.67897082819278e-05_1.67897082819278e-05_1.67897082819278e-05_1.67897082819278e-05
1016,17638,57-7-4-2-1,7.46209256974569e-06_7.46209256974569e-06_7.46209256974569e-06_7.46209256974569e-06_7.46209256974569e-06
1016,17640,140-42-12-1-1,7.46209256974569e-06_7.46209256974569e-06_7.46209256974569e-06_7.46209256974569e-06_7.46209256974569e-06
1016,17641,98-27-8-1-1,3.10920523739404e-06_3.10920523739404e-06_3.10920523739404e-06_3.10920523739404e-06_3.10920523739404e-06
1016,17642,5-5-5-1-1,1.05712978071397e-05_1.05712978071397e-05_1.05712978071397e-05_1.05712978071397e-05_1.05712978071397e-05
1016,17643,185-41-9-2-1,4.35288733235165e-06_4.35288733235165e-06_4.35288733235165e-06_4.35288733235165e-06_4.35288733235165e-06
1016,17644,180-40-4-2-1,6.21841047478808e-06_6.21841047478808e-06_6.21841047478808e-06_6.21841047478808e-06_6.21841047478808e-06
1016,17645,122-16-2-2-1,1.36805030445338e-05_1.36805030445338e-05_1.36805030445338e-05_1.36805030445338e-05_1.36805030445338e-05
1016,17646,236-42-12-1-1,3.10920523739404e-06_3.10920523739404e-06_3.10920523739404e-06_3.10920523739404e-06_3.10920523739404e-06
1016,17647,49-22-8-1-1,8.0839336172245e-06_8.0839336172245e-06_8.0839336172245e-06_8.0839336172245e-06_8.0839336172245e-06
1016,17648,7-4-4-2-1,1.43023440920126e-05_1.43023440920126e-05_1.43023440920126e-05_1.43023440920126e-05_1.43023440920126e-05
1016,17649,191-37-4-2-1,3.73104628487285e-06_3.73104628487285e-06_3.73104628487285e-06_3.73104628487285e-06_3.73104628487285e-06
1016,17650,93-16-2-2-1,0.00019277072471843_0.00019277072471843_0.00019277072471843_0.00019277072471843_0.00019277072471843
1016,17651,180-40-4-2-1,6.21841047478808e-06_6.21841047478808e-06_6.21841047478808e-06_6.21841047478808e-06_6.21841047478808e-06
1016,17652,7-4-4-2-1,1.43023440920126e-05_1.43023440920126e-05_1.43023440920126e-05_1.43023440920126e-05_1.43023440920126e-05
1016,17653,172-40-4-2-1,3.73104628487285e-06_3.73104628487285e-06_3.73104628487285e-06_3.73104628487285e-06_3.73104628487285e-06
1016,17654,191-37-4-2-1,1.36805030445338e-05_1.36805030445338e-05_1.36805030445338e-05_1.36805030445338e-05_1.36805030445338e-05
1016,17655,191-37-4-2-1,6.21841047478808e-06_6.21841047478808e-06_6.21841047478808e-06_6.21841047478808e-06_6.21841047478808e-06
1016,17656,35-20-9-2-1,4.97472837983046e-06_4.97472837983046e-06_4.97472837983046e-06_4.97472837983046e-06_4.97472837983046e-06
1016,17657,175-20-9-2-1,4.35288733235165e-06_4.35288733235165e-06_4.35288733235165e-06_4.35288733235165e-06_4.35288733235165e-06
1016,17658,144-43-4-2-1,2.42518008516735e-05_2.42518008516735e-05_2.42518008516735e-05_2.42518008516735e-05_2.42518008516735e-05
1016,17659,186-15-9-2-1,4.97472837983046e-06_4.97472837983046e-06_4.97472837983046e-06_4.97472837983046e-06_4.97472837983046e-06
1016,17660,112-14-4-2-1,6.84025152226688e-06_6.84025152226688e-06_6.84025152226688e-06_6.84025152226688e-06_6.84025152226688e-06
1016,17661,74-31-9-2-1,3.73104628487285e-06_3.73104628487285e-06_3.73104628487285e-06_3.73104628487285e-06_3.73104628487285e-06
1016,17662,186-15-9-2-1,2.48736418991523e-06_2.48736418991523e-06_2.48736418991523e-06_2.48736418991523e-06_2.48736418991523e-06
1016,17663,185-41-9-2-1,3.73104628487285e-06_3.73104628487285e-06_3.73104628487285e-06_3.73104628487285e-06_3.73104628487285e-06
1016,17664,122-16-2-2-1,3.10920523739404e-06_3.10920523739404e-06_3.10920523739404e-06_3.10920523739404e-06_3.10920523739404e-06
1016,17665,167-18-4-2-1,1.05712978071397e-05_1.05712978071397e-05_1.05712978071397e-05_1.05712978071397e-05_1.05712978071397e-05
1016,17666,167-18-4-2-1,7.46209256974569e-06_7.46209256974569e-06_7.46209256974569e-06_7.46209256974569e-06_7.46209256974569e-06
1016,17667,200-15-9-2-1,1.05712978071397e-05_1.05712978071397e-05_1.05712978071397e-05_1.05712978071397e-05_1.05712978071397e-05
1016,17669,140-42-12-1-1,4.35288733235165e-06_4.35288733235165e-06_4.35288733235165e-06_4.35288733235165e-06_4.35288733235165e-06
1016,17670,140-42-12-1-1,1.05712978071397e-05_1.05712978071397e-05_1.05712978071397e-05_1.05712978071397e-05_1.05712978071397e-05
1016,17671,172-40-4-2-1,4.97472837983046e-06_4.97472837983046e-06_4.97472837983046e-06_4.97472837983046e-06_4.97472837983046e-06
1016,17672,142-42-12-1-1,3.10920523739404e-06_3.10920523739404e-06_3.10920523739404e-06_3.10920523739404e-06_3.10920523739404e-06
1016,17673,17-11-4-2-1,4.97472837983046e-06_4.97472837983046e-06_4.97472837983046e-06_4.97472837983046e-06_4.97472837983046e-06
1016,17674,93-16-2-2-1,0.000810258884864886_0.000810258884864886_0.000810258884864886_0.000810258884864886_0.000810258884864886
1016,17675,203-11-4-2-1,1.80333903768854e-05_1.80333903768854e-05_1.80333903768854e-05_1.80333903768854e-05_1.80333903768854e-05
1016,17676,203-11-4-2-1,2.23862777092371e-05_2.23862777092371e-05_2.23862777092371e-05_2.23862777092371e-05_2.23862777092371e-05
1016,17677,203-11-4-2-1,1.80333903768854e-05_1.80333903768854e-05_1.80333903768854e-05_1.80333903768854e-05_1.80333903768854e-05
1016,17678,203-11-4-2-1,1.67897082819278e-05_1.67897082819278e-05_1.67897082819278e-05_1.67897082819278e-05_1.67897082819278e-05
1016,17679,177-7-4-2-1,1.36805030445338e-05_1.36805030445338e-05_1.36805030445338e-05_1.36805030445338e-05_1.36805030445338e-05
1016,17680,136-26-4-2-1,4.97472837983046e-05_4.97472837983046e-05_4.97472837983046e-05_4.97472837983046e-05_4.97472837983046e-05
1016,17681,180-40-4-2-1,3.10920523739404e-06_3.10920523739404e-06_3.10920523739404e-06_3.10920523739404e-06_3.10920523739404e-06
1016,17682,55-22-8-1-1,4.5394396465953e-05_4.5394396465953e-05_4.5394396465953e-05_4.5394396465953e-05_4.5394396465953e-05
1016,17683,55-22-8-1-1,1.24368209495762e-05_1.24368209495762e-05_1.24368209495762e-05_1.24368209495762e-05_1.24368209495762e-05
1016,17684,196-14-4-2-1,4.97472837983046e-06_4.97472837983046e-06_4.97472837983046e-06_4.97472837983046e-06_4.97472837983046e-06
1016,17685,47-22-8-1-1,6.84025152226688e-06_6.84025152226688e-06_6.84025152226688e-06_6.84025152226688e-06_6.84025152226688e-06
1016,17686,166-18-4-2-1,6.84025152226688e-06_6.84025152226688e-06_6.84025152226688e-06_6.84025152226688e-06_6.84025152226688e-06
1016,17687,66-29-2-2-1,7.64864488398933e-05_7.64864488398933e-05_7.64864488398933e-05_7.64864488398933e-05_7.64864488398933e-05
1016,17688,66-29-2-2-1,1.3058661997055e-05_1.3058661997055e-05_1.3058661997055e-05_1.3058661997055e-05_1.3058661997055e-05
1016,17689,137-26-4-2-1,0.00054224539340152_0.00054224539340152_0.00054224539340152_0.00054224539340152_0.00054224539340152
1016,17690,126-29-2-2-1,3.73104628487285e-06_3.73104628487285e-06_3.73104628487285e-06_3.73104628487285e-06_3.73104628487285e-06
1016,17691,8-7-4-2-1,3.73104628487285e-06_3.73104628487285e-06_3.73104628487285e-06_3.73104628487285e-06_3.73104628487285e-06
1016,17693,40-23-8-1-1,3.10920523739404e-06_3.10920523739404e-06_3.10920523739404e-06_3.10920523739404e-06_3.10920523739404e-06
1016,17694,40-23-8-1-1,9.32761571218212e-06_9.32761571218212e-06_9.32761571218212e-06_9.32761571218212e-06_9.32761571218212e-06
1016,17695,149-16-2-2-1,1.49241851394914e-05_1.49241851394914e-05_1.49241851394914e-05_1.49241851394914e-05_1.49241851394914e-05
1016,17696,14-9-7-1-1,0.000277962948223027_0.000277962948223027_0.000277962948223027_0.000277962948223027_0.000277962948223027
1016,17697,185-41-9-2-1,4.35288733235165e-06_4.35288733235165e-06_4.35288733235165e-06_4.35288733235165e-06_4.35288733235165e-06
1016,17698,71-29-2-2-1,2.48736418991523e-05_2.48736418991523e-05_2.48736418991523e-05_2.48736418991523e-05_2.48736418991523e-05
1016,17699,45-5-5-1-1,4.35288733235165e-06_4.35288733235165e-06_4.35288733235165e-06_4.35288733235165e-06_4.35288733235165e-06
1016,17700,174-15-9-2-1,6.21841047478808e-06_6.21841047478808e-06_6.21841047478808e-06_6.21841047478808e-06_6.21841047478808e-06
1016,17701,45-5-5-1-1,5.59656942730927e-06_5.59656942730927e-06_5.59656942730927e-06_5.59656942730927e-06_5.59656942730927e-06
1016,17702,127-30-1-1-1,1.3058661997055e-05_1.3058661997055e-05_1.3058661997055e-05_1.3058661997055e-05_1.3058661997055e-05
1016,17703,44-13-6-2-1,9.32761571218212e-06_9.32761571218212e-06_9.32761571218212e-06_9.32761571218212e-06_9.32761571218212e-06
1016,17704,76-4-4-2-1,3.10920523739404e-06_3.10920523739404e-06_3.10920523739404e-06_3.10920523739404e-06_3.10920523739404e-06
1016,17705,98-27-8-1-1,7.46209256974569e-06_7.46209256974569e-06_7.46209256974569e-06_7.46209256974569e-06_7.46209256974569e-06
1016,17706,183-23-8-1-1,1.11931388546185e-05_1.11931388546185e-05_1.11931388546185e-05_1.11931388546185e-05_1.11931388546185e-05
1016,17707,172-40-4-2-1,3.10920523739404e-06_3.10920523739404e-06_3.10920523739404e-06_3.10920523739404e-06_3.10920523739404e-06
1016,17708,8-7-4-2-1,1.3058661997055e-05_1.3058661997055e-05_1.3058661997055e-05_1.3058661997055e-05_1.3058661997055e-05
1016,17709,8-7-4-2-1,4.35288733235165e-06_4.35288733235165e-06_4.35288733235165e-06_4.35288733235165e-06_4.35288733235165e-06
1016,17710,144-43-4-2-1,6.778067417519e-05_6.778067417519e-05_6.778067417519e-05_6.778067417519e-05_6.778067417519e-05
1016,17711,138-23-8-1-1,4.97472837983046e-06_4.97472837983046e-06_4.97472837983046e-06_4.97472837983046e-06_4.97472837983046e-06
1016,17712,185-41-9-2-1,6.21841047478808e-06_6.21841047478808e-06_6.21841047478808e-06_6.21841047478808e-06_6.21841047478808e-06
1016,17713,47-22-8-1-1,4.35288733235165e-06_4.35288733235165e-06_4.35288733235165e-06_4.35288733235165e-06_4.35288733235165e-06
1016,17714,220-22-8-1-1,3.10920523739404e-06_3.10920523739404e-06_3.10920523739404e-06_3.10920523739404e-06_3.10920523739404e-06
1016,17715,177-7-4-2-1,1.24368209495762e-05_1.24368209495762e-05_1.24368209495762e-05_1.24368209495762e-05_1.24368209495762e-05
1016,17716,185-41-9-2-1,3.10920523739404e-06_3.10920523739404e-06_3.10920523739404e-06_3.10920523739404e-06_3.10920523739404e-06
1016,17718,40-23-8-1-1,5.59656942730927e-06_5.59656942730927e-06_5.59656942730927e-06_5.59656942730927e-06_5.59656942730927e-06
1016,17719,151-19-9-2-1,2.36299598041947e-05_2.36299598041947e-05_2.36299598041947e-05_2.36299598041947e-05_2.36299598041947e-05
1016,17720,177-7-4-2-1,3.73104628487285e-06_3.73104628487285e-06_3.73104628487285e-06_3.73104628487285e-06_3.73104628487285e-06
1016,17721,196-14-4-2-1,5.59656942730927e-06_5.59656942730927e-06_5.59656942730927e-06_5.59656942730927e-06_5.59656942730927e-06
1016,17722,113-31-9-2-1,3.2335734468898e-05_3.2335734468898e-05_3.2335734468898e-05_3.2335734468898e-05_3.2335734468898e-05
1016,17723,7-4-4-2-1,7.46209256974569e-06_7.46209256974569e-06_7.46209256974569e-06_7.46209256974569e-06_7.46209256974569e-06
1016,17725,18-12-8-1-1,2.98483702789828e-05_2.98483702789828e-05_2.98483702789828e-05_2.98483702789828e-05_2.98483702789828e-05
1016,17726,222-35-4-2-1,3.73104628487285e-06_3.73104628487285e-06_3.73104628487285e-06_3.73104628487285e-06_3.73104628487285e-06
1016,17727,18-12-8-1-1,6.21841047478808e-06_6.21841047478808e-06_6.21841047478808e-06_6.21841047478808e-06_6.21841047478808e-06
1016,17728,203-11-4-2-1,6.21841047478808e-06_6.21841047478808e-06_6.21841047478808e-06_6.21841047478808e-06_6.21841047478808e-06
1016,17729,148-29-2-2-1,9.32761571218212e-06_9.32761571218212e-06_9.32761571218212e-06_9.32761571218212e-06_9.32761571218212e-06
1016,17730,78-3-3-1-1,0.000231946710709595_0.000231946710709595_0.000231946710709595_0.000231946710709595_0.000231946710709595
1016,17731,189-12-8-1-1,4.35288733235165e-06_4.35288733235165e-06_4.35288733235165e-06_4.35288733235165e-06_4.35288733235165e-06
1016,17732,22-13-6-2-1,0.000233812233852032_0.000233812233852032_0.000233812233852032_0.000233812233852032_0.000233812233852032
1016,17733,179-26-4-2-1,5.90748995104867e-05_5.90748995104867e-05_5.90748995104867e-05_5.90748995104867e-05_5.90748995104867e-05
1016,17734,185-41-9-2-1,3.73104628487285e-06_3.73104628487285e-06_3.73104628487285e-06_3.73104628487285e-06_3.73104628487285e-06
1016,17735,144-43-4-2-1,0.000212047797190273_0.000212047797190273_0.000212047797190273_0.000212047797190273_0.000212047797190273
1016,17736,68-30-1-1-1,5.59656942730927e-06_5.59656942730927e-06_5.59656942730927e-06_5.59656942730927e-06_5.59656942730927e-06
1016,17737,39-22-8-1-1,6.84025152226688e-06_6.84025152226688e-06_6.84025152226688e-06_6.84025152226688e-06_6.84025152226688e-06
1016,17738,57-7-4-2-1,5.96967405579655e-05_5.96967405579655e-05_5.96967405579655e-05_5.96967405579655e-05_5.96967405579655e-05
1016,17739,188-14-4-2-1,8.0839336172245e-06_8.0839336172245e-06_8.0839336172245e-06_8.0839336172245e-06_8.0839336172245e-06
1016,17740,172-40-4-2-1,4.97472837983046e-06_4.97472837983046e-06_4.97472837983046e-06_4.97472837983046e-06_4.97472837983046e-06
1016,17742,185-41-9-2-1,3.10920523739404e-06_3.10920523739404e-06_3.10920523739404e-06_3.10920523739404e-06_3.10920523739404e-06
1016,17743,126-29-2-2-1,1.67897082819278e-05_1.67897082819278e-05_1.67897082819278e-05_1.67897082819278e-05_1.67897082819278e-05
1016,17744,200-15-9-2-1,1.18149799020973e-05_1.18149799020973e-05_1.18149799020973e-05_1.18149799020973e-05_1.18149799020973e-05
1016,17745,95-37-4-2-1,3.73104628487285e-05_3.73104628487285e-05_3.73104628487285e-05_3.73104628487285e-05_3.73104628487285e-05
1016,17746,114-40-4-2-1,4.97472837983046e-06_4.97472837983046e-06_4.97472837983046e-06_4.97472837983046e-06_4.97472837983046e-06
1016,17747,151-19-9-2-1,8.0839336172245e-06_8.0839336172245e-06_8.0839336172245e-06_8.0839336172245e-06_8.0839336172245e-06
1016,17748,194-31-9-2-1,0.000121880845305846_0.000121880845305846_0.000121880845305846_0.000121880845305846_0.000121880845305846
1016,17749,34-19-9-2-1,1.55460261869702e-05_1.55460261869702e-05_1.55460261869702e-05_1.55460261869702e-05_1.55460261869702e-05
1016,17750,123-41-9-2-1,2.17644366617583e-05_2.17644366617583e-05_2.17644366617583e-05_2.17644366617583e-05_2.17644366617583e-05
1016,17751,144-43-4-2-1,1.80333903768854e-05_1.80333903768854e-05_1.80333903768854e-05_1.80333903768854e-05_1.80333903768854e-05
1016,17752,153-18-4-2-1,8.0839336172245e-06_8.0839336172245e-06_8.0839336172245e-06_8.0839336172245e-06_8.0839336172245e-06
1016,17753,26-15-9-2-1,4.35288733235165e-06_4.35288733235165e-06_4.35288733235165e-06_4.35288733235165e-06_4.35288733235165e-06
1016,17754,197-30-1-1-1,5.65875353205715e-05_5.65875353205715e-05_5.65875353205715e-05_5.65875353205715e-05_5.65875353205715e-05
1016,17755,185-41-9-2-1,4.97472837983046e-06_4.97472837983046e-06_4.97472837983046e-06_4.97472837983046e-06_4.97472837983046e-06
1016,17756,199-19-9-2-1,8.70577466470331e-06_8.70577466470331e-06_8.70577466470331e-06_8.70577466470331e-06_8.70577466470331e-06
1016,17757,128-7-4-2-1,4.35288733235165e-06_4.35288733235165e-06_4.35288733235165e-06_4.35288733235165e-06_4.35288733235165e-06
1016,17758,225-31-9-2-1,4.72599196083894e-05_4.72599196083894e-05_4.72599196083894e-05_4.72599196083894e-05_4.72599196083894e-05
1016,17759,119-6-6-2-1,0.00130524435865802_0.00130524435865802_0.00130524435865802_0.00130524435865802_0.00130524435865802
1016,17760,205-12-8-1-1,3.10920523739404e-06_3.10920523739404e-06_3.10920523739404e-06_3.10920523739404e-06_3.10920523739404e-06
1016,17761,119-6-6-2-1,0.00078227603772834_0.00078227603772834_0.00078227603772834_0.00078227603772834_0.00078227603772834
1016,17762,221-35-4-2-1,1.80333903768854e-05_1.80333903768854e-05_1.80333903768854e-05_1.80333903768854e-05_1.80333903768854e-05
1016,17763,4-4-4-2-1,6.84025152226688e-06_6.84025152226688e-06_6.84025152226688e-06_6.84025152226688e-06_6.84025152226688e-06
1016,17764,12-3-3-1-1,0.000562144306920842_0.000562144306920842_0.000562144306920842_0.000562144306920842_0.000562144306920842
1016,17765,40-23-8-1-1,4.35288733235165e-06_4.35288733235165e-06_4.35288733235165e-06_4.35288733235165e-06_4.35288733235165e-06
1016,17766,11-4-4-2-1,8.70577466470331e-06_8.70577466470331e-06_8.70577466470331e-06_8.70577466470331e-06_8.70577466470331e-06
1016,17767,13-6-6-2-1,0.000167897082819278_0.000167897082819278_0.000167897082819278_0.000167897082819278_0.000167897082819278
1016,17768,55-22-8-1-1,2.9226529231504e-05_2.9226529231504e-05_2.9226529231504e-05_2.9226529231504e-05_2.9226529231504e-05
1016,17769,55-22-8-1-1,1.18149799020973e-05_1.18149799020973e-05_1.18149799020973e-05_1.18149799020973e-05_1.18149799020973e-05
1016,17770,214-26-4-2-1,5.59656942730927e-06_5.59656942730927e-06_5.59656942730927e-06_5.59656942730927e-06_5.59656942730927e-06
1016,17771,32-18-4-2-1,8.70577466470331e-06_8.70577466470331e-06_8.70577466470331e-06_8.70577466470331e-06_8.70577466470331e-06
1016,17772,160-30-1-1-1,8.0839336172245e-06_8.0839336172245e-06_8.0839336172245e-06_8.0839336172245e-06_8.0839336172245e-06
1016,17773,49-22-8-1-1,1.05712978071397e-05_1.05712978071397e-05_1.05712978071397e-05_1.05712978071397e-05_1.05712978071397e-05
1016,17774,45-5-5-1-1,1.9277072471843e-05_1.9277072471843e-05_1.9277072471843e-05_1.9277072471843e-05_1.9277072471843e-05
1016,17775,96-13-6-2-1,8.33267003621602e-05_8.33267003621602e-05_8.33267003621602e-05_8.33267003621602e-05_8.33267003621602e-05
1016,17776,89-13-6-2-1,0.000103225613881482_0.000103225613881482_0.000103225613881482_0.000103225613881482_0.000103225613881482
1016,17777,58-13-6-2-1,4.10415091336013e-05_4.10415091336013e-05_4.10415091336013e-05_4.10415091336013e-05_4.10415091336013e-05
1016,17778,189-12-8-1-1,6.84025152226688e-06_6.84025152226688e-06_6.84025152226688e-06_6.84025152226688e-06_6.84025152226688e-06
1016,17779,191-37-4-2-1,6.84025152226688e-06_6.84025152226688e-06_6.84025152226688e-06_6.84025152226688e-06_6.84025152226688e-06
1016,17780,83-33-5-1-1,6.34277868428384e-05_6.34277868428384e-05_6.34277868428384e-05_6.34277868428384e-05_6.34277868428384e-05
1016,17781,188-14-4-2-1,0.0011765232618299_0.0011765232618299_0.0011765232618299_0.0011765232618299_0.0011765232618299
1016,17782,172-40-4-2-1,1.67897082819278e-05_1.67897082819278e-05_1.67897082819278e-05_1.67897082819278e-05_1.67897082819278e-05
1016,17783,171-18-4-2-1,4.97472837983046e-06_4.97472837983046e-06_4.97472837983046e-06_4.97472837983046e-06_4.97472837983046e-06
1016,17784,185-41-9-2-1,4.97472837983046e-06_4.97472837983046e-06_4.97472837983046e-06_4.97472837983046e-06_4.97472837983046e-06
1016,17785,188-14-4-2-1,0.00021888804871254_0.00021888804871254_0.00021888804871254_0.00021888804871254_0.00021888804871254
1016,17786,167-18-4-2-1,3.73104628487285e-06_3.73104628487285e-06_3.73104628487285e-06_3.73104628487285e-06_3.73104628487285e-06
1016,17787,66-29-2-2-1,4.97472837983046e-06_4.97472837983046e-06_4.97472837983046e-06_4.97472837983046e-06_4.97472837983046e-06
1016,17788,8-7-4-2-1,6.21841047478808e-06_6.21841047478808e-06_6.21841047478808e-06_6.21841047478808e-06_6.21841047478808e-06
1016,17789,1-1-1-1-1,5.41001711306563e-05_5.41001711306563e-05_5.41001711306563e-05_5.41001711306563e-05_5.41001711306563e-05
1016,17790,1-1-1-1-1,6.28059457953596e-05_6.28059457953596e-05_6.28059457953596e-05_6.28059457953596e-05_6.28059457953596e-05
1016,17791,177-7-4-2-1,9.94945675966092e-06_9.94945675966092e-06_9.94945675966092e-06_9.94945675966092e-06_9.94945675966092e-06
1016,17792,167-18-4-2-1,6.21841047478808e-06_6.21841047478808e-06_6.21841047478808e-06_6.21841047478808e-06_6.21841047478808e-06
1016,17793,143-1-1-1-1,0.000164787877581884_0.000164787877581884_0.000164787877581884_0.000164787877581884_0.000164787877581884
1016,17794,159-4-4-2-1,1.49241851394914e-05_1.49241851394914e-05_1.49241851394914e-05_1.49241851394914e-05_1.49241851394914e-05
1016,17795,195-37-4-2-1,0.00122378318143829_0.00122378318143829_0.00122378318143829_0.00122378318143829_0.00122378318143829
1016,17796,20-3-3-1-1,0.000103847454928961_0.000103847454928961_0.000103847454928961_0.000103847454928961_0.000103847454928961
1016,17797,15-8-3-1-1,0.000624950252716202_0.000624950252716202_0.000624950252716202_0.000624950252716202_0.000624950252716202
1016,17798,10-3-3-1-1,3.85541449436861e-05_3.85541449436861e-05_3.85541449436861e-05_3.85541449436861e-05_3.85541449436861e-05
1016,17800,212-41-9-2-1,3.10920523739404e-06_3.10920523739404e-06_3.10920523739404e-06_3.10920523739404e-06_3.10920523739404e-06
1016,17801,71-29-2-2-1,8.0839336172245e-06_8.0839336172245e-06_8.0839336172245e-06_8.0839336172245e-06_8.0839336172245e-06
1016,17802,102-13-6-2-1,1.9277072471843e-05_1.9277072471843e-05_1.9277072471843e-05_1.9277072471843e-05_1.9277072471843e-05
1016,17803,199-19-9-2-1,2.48736418991523e-05_2.48736418991523e-05_2.48736418991523e-05_2.48736418991523e-05_2.48736418991523e-05
1016,17804,199-19-9-2-1,3.10920523739404e-06_3.10920523739404e-06_3.10920523739404e-06_3.10920523739404e-06_3.10920523739404e-06
1016,17805,204-35-4-2-1,5.09909658932622e-05_5.09909658932622e-05_5.09909658932622e-05_5.09909658932622e-05_5.09909658932622e-05
1016,17806,180-40-4-2-1,3.66886218012497e-05_3.66886218012497e-05_3.66886218012497e-05_3.66886218012497e-05_3.66886218012497e-05
1016,17807,153-18-4-2-1,4.35288733235165e-06_4.35288733235165e-06_4.35288733235165e-06_4.35288733235165e-06_4.35288733235165e-06
1016,17808,213-15-9-2-1,3.10920523739404e-06_3.10920523739404e-06_3.10920523739404e-06_3.10920523739404e-06_3.10920523739404e-06
1016,17809,183-23-8-1-1,4.04196680861225e-05_4.04196680861225e-05_4.04196680861225e-05_4.04196680861225e-05_4.04196680861225e-05
1016,17810,37-11-4-2-1,3.73104628487285e-06_3.73104628487285e-06_3.73104628487285e-06_3.73104628487285e-06_3.73104628487285e-06
1016,17811,171-18-4-2-1,4.97472837983046e-06_4.97472837983046e-06_4.97472837983046e-06_4.97472837983046e-06_4.97472837983046e-06
1016,17812,228-17-10-1-1,3.73104628487285e-06_3.73104628487285e-06_3.73104628487285e-06_3.73104628487285e-06_3.73104628487285e-06
1016,17813,98-27-8-1-1,3.91759859911649e-05_3.91759859911649e-05_3.91759859911649e-05_3.91759859911649e-05_3.91759859911649e-05
1016,17814,218-7-4-2-1,2.42518008516735e-05_2.42518008516735e-05_2.42518008516735e-05_2.42518008516735e-05_2.42518008516735e-05
1016,17815,179-26-4-2-1,1.18149799020973e-05_1.18149799020973e-05_1.18149799020973e-05_1.18149799020973e-05_1.18149799020973e-05
1016,17816,196-14-4-2-1,8.70577466470331e-06_8.70577466470331e-06_8.70577466470331e-06_8.70577466470331e-06_8.70577466470331e-06
1016,17817,180-40-4-2-1,3.73104628487285e-06_3.73104628487285e-06_3.73104628487285e-06_3.73104628487285e-06_3.73104628487285e-06
1016,17818,112-14-4-2-1,4.97472837983046e-06_4.97472837983046e-06_4.97472837983046e-06_4.97472837983046e-06_4.97472837983046e-06
1016,17819,51-22-8-1-1,1.74115493294066e-05_1.74115493294066e-05_1.74115493294066e-05_1.74115493294066e-05_1.74115493294066e-05
1016,17821,109-28-5-1-1,4.35288733235165e-06_4.35288733235165e-06_4.35288733235165e-06_4.35288733235165e-06_4.35288733235165e-06
1016,17822,8-7-4-2-1,6.21841047478808e-06_6.21841047478808e-06_6.21841047478808e-06_6.21841047478808e-06_6.21841047478808e-06
1016,17823,169-32-10-1-1,0.000182199426911291_0.000182199426911291_0.000182199426911291_0.000182199426911291_0.000182199426911291
1016,17824,7-4-4-2-1,3.73104628487285e-06_3.73104628487285e-06_3.73104628487285e-06_3.73104628487285e-06_3.73104628487285e-06
1016,17825,1-1-1-1-1,1.18149799020973e-05_1.18149799020973e-05_1.18149799020973e-05_1.18149799020973e-05_1.18149799020973e-05
1016,17826,26-15-9-2-1,5.59656942730927e-06_5.59656942730927e-06_5.59656942730927e-06_5.59656942730927e-06_5.59656942730927e-06
1016,17827,122-16-2-2-1,9.94945675966092e-06_9.94945675966092e-06_9.94945675966092e-06_9.94945675966092e-06_9.94945675966092e-06
1016,17828,6-6-6-2-1,2.86046881840252e-05_2.86046881840252e-05_2.86046881840252e-05_2.86046881840252e-05_2.86046881840252e-05
1016,17829,44-13-6-2-1,1.49241851394914e-05_1.49241851394914e-05_1.49241851394914e-05_1.49241851394914e-05_1.49241851394914e-05
1016,17830,89-13-6-2-1,0.000113175070641143_0.000113175070641143_0.000113175070641143_0.000113175070641143_0.000113175070641143
1016,17831,130-12-8-1-1,8.0839336172245e-06_8.0839336172245e-06_8.0839336172245e-06_8.0839336172245e-06_8.0839336172245e-06
1016,17832,44-13-6-2-1,1.11931388546185e-05_1.11931388546185e-05_1.11931388546185e-05_1.11931388546185e-05_1.11931388546185e-05
1016,17833,172-40-4-2-1,1.18149799020973e-05_1.18149799020973e-05_1.18149799020973e-05_1.18149799020973e-05_1.18149799020973e-05
1016,17834,185-41-9-2-1,3.73104628487285e-06_3.73104628487285e-06_3.73104628487285e-06_3.73104628487285e-06_3.73104628487285e-06
1016,17835,122-16-2-2-1,3.10920523739404e-06_3.10920523739404e-06_3.10920523739404e-06_3.10920523739404e-06_3.10920523739404e-06
1016,17836,160-30-1-1-1,9.94945675966092e-06_9.94945675966092e-06_9.94945675966092e-06_9.94945675966092e-06_9.94945675966092e-06
1016,17837,185-41-9-2-1,4.97472837983046e-06_4.97472837983046e-06_4.97472837983046e-06_4.97472837983046e-06_4.97472837983046e-06
1016,17838,102-13-6-2-1,1.67897082819278e-05_1.67897082819278e-05_1.67897082819278e-05_1.67897082819278e-05_1.67897082819278e-05
1016,17839,213-15-9-2-1,3.73104628487285e-06_3.73104628487285e-06_3.73104628487285e-06_3.73104628487285e-06_3.73104628487285e-06
1016,17840,1-1-1-1-1,1.11931388546185e-05_1.11931388546185e-05_1.11931388546185e-05_1.11931388546185e-05_1.11931388546185e-05
1016,17841,122-16-2-2-1,3.10920523739404e-06_3.10920523739404e-06_3.10920523739404e-06_3.10920523739404e-06_3.10920523739404e-06
1016,17842,74-31-9-2-1,3.10920523739404e-06_3.10920523739404e-06_3.10920523739404e-06_3.10920523739404e-06_3.10920523739404e-06
1016,17843,161-36-10-1-1,6.21841047478808e-06_6.21841047478808e-06_6.21841047478808e-06_6.21841047478808e-06_6.21841047478808e-06
1016,17844,212-41-9-2-1,7.46209256974569e-06_7.46209256974569e-06_7.46209256974569e-06_7.46209256974569e-06_7.46209256974569e-06
1016,17845,186-15-9-2-1,9.32761571218212e-06_9.32761571218212e-06_9.32761571218212e-06_9.32761571218212e-06_9.32761571218212e-06
1016,17846,177-7-4-2-1,8.0839336172245e-06_8.0839336172245e-06_8.0839336172245e-06_8.0839336172245e-06_8.0839336172245e-06
1016,17847,76-4-4-2-1,3.10920523739404e-06_3.10920523739404e-06_3.10920523739404e-06_3.10920523739404e-06_3.10920523739404e-06
1016,17848,28-16-2-2-1,0.000129964778923071_0.000129964778923071_0.000129964778923071_0.000129964778923071_0.000129964778923071
1016,17849,196-14-4-2-1,2.17644366617583e-05_2.17644366617583e-05_2.17644366617583e-05_2.17644366617583e-05_2.17644366617583e-05
1016,17850,181-40-4-2-1,2.54954829466311e-05_2.54954829466311e-05_2.54954829466311e-05_2.54954829466311e-05_2.54954829466311e-05
1016,17852,177-7-4-2-1,3.04702113264616e-05_3.04702113264616e-05_3.04702113264616e-05_3.04702113264616e-05_3.04702113264616e-05
1016,17853,171-18-4-2-1,2.17644366617583e-05_2.17644366617583e-05_2.17644366617583e-05_2.17644366617583e-05_2.17644366617583e-05
1016,17854,170-43-4-2-1,2.86046881840252e-05_2.86046881840252e-05_2.86046881840252e-05_2.86046881840252e-05_2.86046881840252e-05
1016,17855,225-31-9-2-1,7.46209256974569e-06_7.46209256974569e-06_7.46209256974569e-06_7.46209256974569e-06_7.46209256974569e-06
1016,17856,176-20-9-2-1,3.10920523739404e-06_3.10920523739404e-06_3.10920523739404e-06_3.10920523739404e-06_3.10920523739404e-06
1016,17857,49-22-8-1-1,1.24368209495762e-05_1.24368209495762e-05_1.24368209495762e-05_1.24368209495762e-05_1.24368209495762e-05
1016,17858,44-13-6-2-1,4.35288733235165e-06_4.35288733235165e-06_4.35288733235165e-06_4.35288733235165e-06_4.35288733235165e-06
1016,17859,66-29-2-2-1,1.05712978071397e-05_1.05712978071397e-05_1.05712978071397e-05_1.05712978071397e-05_1.05712978071397e-05
1016,17860,133-12-8-1-1,4.97472837983046e-06_4.97472837983046e-06_4.97472837983046e-06_4.97472837983046e-06_4.97472837983046e-06
1016,17862,174-15-9-2-1,1.55460261869702e-05_1.55460261869702e-05_1.55460261869702e-05_1.55460261869702e-05_1.55460261869702e-05
1016,17863,40-23-8-1-1,4.35288733235165e-06_4.35288733235165e-06_4.35288733235165e-06_4.35288733235165e-06_4.35288733235165e-06
1016,17864,150-30-1-1-1,1.67897082819278e-05_1.67897082819278e-05_1.67897082819278e-05_1.67897082819278e-05_1.67897082819278e-05
1016,17865,185-41-9-2-1,3.10920523739404e-06_3.10920523739404e-06_3.10920523739404e-06_3.10920523739404e-06_3.10920523739404e-06
1016,17866,39-22-8-1-1,1.18149799020973e-05_1.18149799020973e-05_1.18149799020973e-05_1.18149799020973e-05_1.18149799020973e-05
1016,17867,185-41-9-2-1,3.73104628487285e-06_3.73104628487285e-06_3.73104628487285e-06_3.73104628487285e-06_3.73104628487285e-06
1016,17868,172-40-4-2-1,3.73104628487285e-06_3.73104628487285e-06_3.73104628487285e-06_3.73104628487285e-06_3.73104628487285e-06
1016,17869,199-19-9-2-1,1.18149799020973e-05_1.18149799020973e-05_1.18149799020973e-05_1.18149799020973e-05_1.18149799020973e-05
1016,17870,212-41-9-2-1,6.21841047478808e-06_6.21841047478808e-06_6.21841047478808e-06_6.21841047478808e-06_6.21841047478808e-06
1016,17871,142-42-12-1-1,1.24368209495762e-05_1.24368209495762e-05_1.24368209495762e-05_1.24368209495762e-05_1.24368209495762e-05
1016,17872,76-4-4-2-1,4.35288733235165e-06_4.35288733235165e-06_4.35288733235165e-06_4.35288733235165e-06_4.35288733235165e-06
1016,17873,185-41-9-2-1,3.73104628487285e-06_3.73104628487285e-06_3.73104628487285e-06_3.73104628487285e-06_3.73104628487285e-06
1016,17874,95-37-4-2-1,5.59656942730927e-06_5.59656942730927e-06_5.59656942730927e-06_5.59656942730927e-06_5.59656942730927e-06
1016,17875,70-27-8-1-1,0.00019836729414574_0.00019836729414574_0.00019836729414574_0.00019836729414574_0.00019836729414574
1016,17876,151-19-9-2-1,2.54954829466311e-05_2.54954829466311e-05_2.54954829466311e-05_2.54954829466311e-05_2.54954829466311e-05
1016,17877,180-40-4-2-1,1.49241851394914e-05_1.49241851394914e-05_1.49241851394914e-05_1.49241851394914e-05_1.49241851394914e-05
1016,17878,95-37-4-2-1,3.73104628487285e-06_3.73104628487285e-06_3.73104628487285e-06_3.73104628487285e-06_3.73104628487285e-06
1016,17879,141-42-12-1-1,3.73104628487285e-06_3.73104628487285e-06_3.73104628487285e-06_3.73104628487285e-06_3.73104628487285e-06
1016,17880,159-4-4-2-1,6.21841047478808e-06_6.21841047478808e-06_6.21841047478808e-06_6.21841047478808e-06_6.21841047478808e-06
1016,17881,180-40-4-2-1,7.46209256974569e-06_7.46209256974569e-06_7.46209256974569e-06_7.46209256974569e-06_7.46209256974569e-06
1016,17882,159-4-4-2-1,2.11425956142795e-05_2.11425956142795e-05_2.11425956142795e-05_2.11425956142795e-05_2.11425956142795e-05
1016,17883,202-37-4-2-1,9.32761571218212e-06_9.32761571218212e-06_9.32761571218212e-06_9.32761571218212e-06_9.32761571218212e-06
1016,17884,122-16-2-2-1,1.67897082819278e-05_1.67897082819278e-05_1.67897082819278e-05_1.67897082819278e-05_1.67897082819278e-05
1016,17885,44-13-6-2-1,9.94945675966092e-06_9.94945675966092e-06_9.94945675966092e-06_9.94945675966092e-06_9.94945675966092e-06
1016,17886,204-35-4-2-1,4.35288733235165e-05_4.35288733235165e-05_4.35288733235165e-05_4.35288733235165e-05_4.35288733235165e-05
1016,17887,204-35-4-2-1,0.000171628129104151_0.000171628129104151_0.000171628129104151_0.000171628129104151_0.000171628129104151
1016,17888,102-13-6-2-1,2.23862777092371e-05_2.23862777092371e-05_2.23862777092371e-05_2.23862777092371e-05_2.23862777092371e-05
1016,17889,153-18-4-2-1,3.73104628487285e-06_3.73104628487285e-06_3.73104628487285e-06_3.73104628487285e-06_3.73104628487285e-06
1016,17890,153-18-4-2-1,6.84025152226688e-06_6.84025152226688e-06_6.84025152226688e-06_6.84025152226688e-06_6.84025152226688e-06
1016,17891,225-31-9-2-1,4.10415091336013e-05_4.10415091336013e-05_4.10415091336013e-05_4.10415091336013e-05_4.10415091336013e-05
1016,17892,185-41-9-2-1,9.32761571218212e-06_9.32761571218212e-06_9.32761571218212e-06_9.32761571218212e-06_9.32761571218212e-06
1016,17893,185-41-9-2-1,3.73104628487285e-06_3.73104628487285e-06_3.73104628487285e-06_3.73104628487285e-06_3.73104628487285e-06
1016,17894,212-41-9-2-1,1.3058661997055e-05_1.3058661997055e-05_1.3058661997055e-05_1.3058661997055e-05_1.3058661997055e-05
1016,17895,188-14-4-2-1,4.35288733235165e-06_4.35288733235165e-06_4.35288733235165e-06_4.35288733235165e-06_4.35288733235165e-06
1016,17896,197-30-1-1-1,9.01669518844271e-05_9.01669518844271e-05_9.01669518844271e-05_9.01669518844271e-05_9.01669518844271e-05
1016,17898,6-6-6-2-1,0.000835132526764039_0.000835132526764039_0.000835132526764039_0.000835132526764039_0.000835132526764039
1016,17900,95-37-4-2-1,4.35288733235165e-06_4.35288733235165e-06_4.35288733235165e-06_4.35288733235165e-06_4.35288733235165e-06
1016,17901,6-6-6-2-1,0.000330197596211247_0.000330197596211247_0.000330197596211247_0.000330197596211247_0.000330197596211247
1016,17902,126-29-2-2-1,4.97472837983046e-06_4.97472837983046e-06_4.97472837983046e-06_4.97472837983046e-06_4.97472837983046e-06
1016,17903,188-14-4-2-1,9.82508855016516e-05_9.82508855016516e-05_9.82508855016516e-05_9.82508855016516e-05_9.82508855016516e-05
1016,17904,188-14-4-2-1,0.00013058661997055_0.00013058661997055_0.00013058661997055_0.00013058661997055_0.00013058661997055
1016,17905,98-27-8-1-1,8.95451108369483e-05_8.95451108369483e-05_8.95451108369483e-05_8.95451108369483e-05_8.95451108369483e-05
1016,17906,70-27-8-1-1,0.000538514347116647_0.000538514347116647_0.000538514347116647_0.000538514347116647_0.000538514347116647
1016,17907,75-1-1-1-1,2.36299598041947e-05_2.36299598041947e-05_2.36299598041947e-05_2.36299598041947e-05_2.36299598041947e-05
1016,17908,70-27-8-1-1,0.000442750825804911_0.000442750825804911_0.000442750825804911_0.000442750825804911_0.000442750825804911
1016,17909,8-7-4-2-1,1.6167867234449e-05_1.6167867234449e-05_1.6167867234449e-05_1.6167867234449e-05_1.6167867234449e-05
1016,17910,103-13-6-2-1,0.000232568551757074_0.000232568551757074_0.000232568551757074_0.000232568551757074_0.000232568551757074
1016,17911,172-40-4-2-1,8.70577466470331e-06_8.70577466470331e-06_8.70577466470331e-06_8.70577466470331e-06_8.70577466470331e-06
1016,17912,175-20-9-2-1,5.34783300831775e-05_5.34783300831775e-05_5.34783300831775e-05_5.34783300831775e-05_5.34783300831775e-05
1016,17913,172-40-4-2-1,3.10920523739404e-06_3.10920523739404e-06_3.10920523739404e-06_3.10920523739404e-06_3.10920523739404e-06
1016,17914,175-20-9-2-1,1.49241851394914e-05_1.49241851394914e-05_1.49241851394914e-05_1.49241851394914e-05_1.49241851394914e-05
1016,17915,175-20-9-2-1,3.10920523739404e-06_3.10920523739404e-06_3.10920523739404e-06_3.10920523739404e-06_3.10920523739404e-06
1016,17916,103-13-6-2-1,0.00058950531300991_0.00058950531300991_0.00058950531300991_0.00058950531300991_0.00058950531300991
1016,17917,98-27-8-1-1,2.48736418991523e-06_2.48736418991523e-06_2.48736418991523e-06_2.48736418991523e-06_2.48736418991523e-06
1016,17918,98-27-8-1-1,1.86552314243642e-06_1.86552314243642e-06_1.86552314243642e-06_1.86552314243642e-06_1.86552314243642e-06
1016,17919,189-12-8-1-1,1.9277072471843e-05_1.9277072471843e-05_1.9277072471843e-05_1.9277072471843e-05_1.9277072471843e-05
1016,17920,189-12-8-1-1,4.35288733235165e-06_4.35288733235165e-06_4.35288733235165e-06_4.35288733235165e-06_4.35288733235165e-06
1016,17921,36-6-6-2-1,0.000296618179647391_0.000296618179647391_0.000296618179647391_0.000296618179647391_0.000296618179647391
1016,17922,75-1-1-1-1,1.67897082819278e-05_1.67897082819278e-05_1.67897082819278e-05_1.67897082819278e-05_1.67897082819278e-05
1016,17923,45-5-5-1-1,1.9277072471843e-05_1.9277072471843e-05_1.9277072471843e-05_1.9277072471843e-05_1.9277072471843e-05
1016,17924,133-12-8-1-1,3.10920523739404e-06_3.10920523739404e-06_3.10920523739404e-06_3.10920523739404e-06_3.10920523739404e-06
1016,17925,227-41-9-2-1,3.10920523739404e-06_3.10920523739404e-06_3.10920523739404e-06_3.10920523739404e-06_3.10920523739404e-06
1016,17926,32-18-4-2-1,7.46209256974569e-06_7.46209256974569e-06_7.46209256974569e-06_7.46209256974569e-06_7.46209256974569e-06
1016,17927,63-27-8-1-1,8.70577466470331e-06_8.70577466470331e-06_8.70577466470331e-06_8.70577466470331e-06_8.70577466470331e-06
1016,17928,7-4-4-2-1,2.23862777092371e-05_2.23862777092371e-05_2.23862777092371e-05_2.23862777092371e-05_2.23862777092371e-05
1016,17929,131-13-6-2-1,0.000139914235682732_0.000139914235682732_0.000139914235682732_0.000139914235682732_0.000139914235682732
1016,17930,203-11-4-2-1,6.84025152226688e-06_6.84025152226688e-06_6.84025152226688e-06_6.84025152226688e-06_6.84025152226688e-06
1016,17931,144-43-4-2-1,6.84025152226688e-05_6.84025152226688e-05_6.84025152226688e-05_6.84025152226688e-05_6.84025152226688e-05
1016,17932,140-42-12-1-1,4.97472837983046e-06_4.97472837983046e-06_4.97472837983046e-06_4.97472837983046e-06_4.97472837983046e-06
1016,17933,25-10-2-2-1,9.51416802642576e-05_9.51416802642576e-05_9.51416802642576e-05_9.51416802642576e-05_9.51416802642576e-05
1016,17934,180-40-4-2-1,3.10920523739404e-06_3.10920523739404e-06_3.10920523739404e-06_3.10920523739404e-06_3.10920523739404e-06
1016,17935,185-41-9-2-1,4.35288733235165e-06_4.35288733235165e-06_4.35288733235165e-06_4.35288733235165e-06_4.35288733235165e-06
1016,17936,114-40-4-2-1,1.11931388546185e-05_1.11931388546185e-05_1.11931388546185e-05_1.11931388546185e-05_1.11931388546185e-05
1016,17937,8-7-4-2-1,7.46209256974569e-06_7.46209256974569e-06_7.46209256974569e-06_7.46209256974569e-06_7.46209256974569e-06
1016,17938,130-12-8-1-1,3.73104628487285e-06_3.73104628487285e-06_3.73104628487285e-06_3.73104628487285e-06_3.73104628487285e-06
1016,17939,157-12-8-1-1,5.41001711306563e-05_5.41001711306563e-05_5.41001711306563e-05_5.41001711306563e-05_5.41001711306563e-05
1016,17940,32-18-4-2-1,9.94945675966092e-06_9.94945675966092e-06_9.94945675966092e-06_9.94945675966092e-06_9.94945675966092e-06
1016,17941,59-5-5-1-1,2.05207545668007e-05_2.05207545668007e-05_2.05207545668007e-05_2.05207545668007e-05_2.05207545668007e-05
1016,17942,69-29-2-2-1,5.90748995104867e-05_5.90748995104867e-05_5.90748995104867e-05_5.90748995104867e-05_5.90748995104867e-05
1016,17943,122-16-2-2-1,8.70577466470331e-05_8.70577466470331e-05_8.70577466470331e-05_8.70577466470331e-05_8.70577466470331e-05
1016,17944,200-15-9-2-1,3.85541449436861e-05_3.85541449436861e-05_3.85541449436861e-05_3.85541449436861e-05_3.85541449436861e-05
1016,17945,236-42-12-1-1,4.35288733235165e-06_4.35288733235165e-06_4.35288733235165e-06_4.35288733235165e-06_4.35288733235165e-06
1016,17946,112-14-4-2-1,4.35288733235165e-06_4.35288733235165e-06_4.35288733235165e-06_4.35288733235165e-06_4.35288733235165e-06
1016,17947,102-13-6-2-1,1.3058661997055e-05_1.3058661997055e-05_1.3058661997055e-05_1.3058661997055e-05_1.3058661997055e-05
1016,17949,151-19-9-2-1,1.24368209495762e-05_1.24368209495762e-05_1.24368209495762e-05_1.24368209495762e-05_1.24368209495762e-05
1016,17950,180-40-4-2-1,4.35288733235165e-06_4.35288733235165e-06_4.35288733235165e-06_4.35288733235165e-06_4.35288733235165e-06
1016,17951,40-23-8-1-1,1.24368209495762e-05_1.24368209495762e-05_1.24368209495762e-05_1.24368209495762e-05_1.24368209495762e-05
1016,17952,185-41-9-2-1,2.48736418991523e-06_2.48736418991523e-06_2.48736418991523e-06_2.48736418991523e-06_2.48736418991523e-06
1016,17953,114-40-4-2-1,4.35288733235165e-06_4.35288733235165e-06_4.35288733235165e-06_4.35288733235165e-06_4.35288733235165e-06
1016,17954,1-1-1-1-1,6.59151510327536e-05_6.59151510327536e-05_6.59151510327536e-05_6.59151510327536e-05_6.59151510327536e-05
1016,17955,180-40-4-2-1,1.67897082819278e-05_1.67897082819278e-05_1.67897082819278e-05_1.67897082819278e-05_1.67897082819278e-05
1016,17956,178-44-12-1-1,6.84025152226688e-06_6.84025152226688e-06_6.84025152226688e-06_6.84025152226688e-06_6.84025152226688e-06
1016,17958,37-11-4-2-1,4.35288733235165e-06_4.35288733235165e-06_4.35288733235165e-06_4.35288733235165e-06_4.35288733235165e-06
1016,17959,133-12-8-1-1,5.28564890356987e-05_5.28564890356987e-05_5.28564890356987e-05_5.28564890356987e-05_5.28564890356987e-05
1016,17960,226-32-10-1-1,1.36805030445338e-05_1.36805030445338e-05_1.36805030445338e-05_1.36805030445338e-05_1.36805030445338e-05
1016,17961,122-16-2-2-1,1.9277072471843e-05_1.9277072471843e-05_1.9277072471843e-05_1.9277072471843e-05_1.9277072471843e-05
1016,17962,93-16-2-2-1,0.00126109364428702_0.00126109364428702_0.00126109364428702_0.00126109364428702_0.00126109364428702
1016,17963,142-42-12-1-1,3.10920523739404e-06_3.10920523739404e-06_3.10920523739404e-06_3.10920523739404e-06_3.10920523739404e-06
1016,17964,78-3-3-1-1,0.000266769809368408_0.000266769809368408_0.000266769809368408_0.000266769809368408_0.000266769809368408
1016,17965,132-42-12-1-1,3.10920523739404e-06_3.10920523739404e-06_3.10920523739404e-06_3.10920523739404e-06_3.10920523739404e-06
1016,17966,67-2-2-2-1,6.84025152226688e-06_6.84025152226688e-06_6.84025152226688e-06_6.84025152226688e-06_6.84025152226688e-06
1016,17967,191-37-4-2-1,4.10415091336013e-05_4.10415091336013e-05_4.10415091336013e-05_4.10415091336013e-05_4.10415091336013e-05
1016,17968,57-7-4-2-1,8.0839336172245e-06_8.0839336172245e-06_8.0839336172245e-06_8.0839336172245e-06_8.0839336172245e-06
1016,17969,126-29-2-2-1,3.10920523739404e-06_3.10920523739404e-06_3.10920523739404e-06_3.10920523739404e-06_3.10920523739404e-06
1016,17970,235-34-11-1-1,3.73104628487285e-06_3.73104628487285e-06_3.73104628487285e-06_3.73104628487285e-06_3.73104628487285e-06
1016,17971,26-15-9-2-1,3.73104628487285e-06_3.73104628487285e-06_3.73104628487285e-06_3.73104628487285e-06_3.73104628487285e-06
1016,17972,102-13-6-2-1,0.000102603772834003_0.000102603772834003_0.000102603772834003_0.000102603772834003_0.000102603772834003
1016,17973,58-13-6-2-1,7.33772436024993e-05_7.33772436024993e-05_7.33772436024993e-05_7.33772436024993e-05_7.33772436024993e-05
1016,17974,147-11-4-2-1,6.21841047478808e-06_6.21841047478808e-06_6.21841047478808e-06_6.21841047478808e-06_6.21841047478808e-06
1016,17975,58-13-6-2-1,6.28059457953596e-05_6.28059457953596e-05_6.28059457953596e-05_6.28059457953596e-05_6.28059457953596e-05
1016,17976,222-35-4-2-1,1.98989135193218e-05_1.98989135193218e-05_1.98989135193218e-05_1.98989135193218e-05_1.98989135193218e-05
1016,17977,36-6-6-2-1,7.64864488398933e-05_7.64864488398933e-05_7.64864488398933e-05_7.64864488398933e-05_7.64864488398933e-05
1016,17978,172-40-4-2-1,8.0839336172245e-06_8.0839336172245e-06_8.0839336172245e-06_8.0839336172245e-06_8.0839336172245e-06
1016,17979,185-41-9-2-1,4.35288733235165e-06_4.35288733235165e-06_4.35288733235165e-06_4.35288733235165e-06_4.35288733235165e-06
1016,17980,57-7-4-2-1,9.32761571218212e-06_9.32761571218212e-06_9.32761571218212e-06_9.32761571218212e-06_9.32761571218212e-06
1016,17981,44-13-6-2-1,4.35288733235165e-06_4.35288733235165e-06_4.35288733235165e-06_4.35288733235165e-06_4.35288733235165e-06
1016,17982,89-13-6-2-1,7.58646077924145e-05_7.58646077924145e-05_7.58646077924145e-05_7.58646077924145e-05_7.58646077924145e-05
1016,17983,185-41-9-2-1,4.97472837983046e-06_4.97472837983046e-06_4.97472837983046e-06_4.97472837983046e-06_4.97472837983046e-06
1016,17984,158-2-2-2-1,3.2335734468898e-05_3.2335734468898e-05_3.2335734468898e-05_3.2335734468898e-05_3.2335734468898e-05
1016,17985,216-19-9-2-1,3.10920523739404e-06_3.10920523739404e-06_3.10920523739404e-06_3.10920523739404e-06_3.10920523739404e-06
1016,17986,115-8-3-1-1,5.65875353205715e-05_5.65875353205715e-05_5.65875353205715e-05_5.65875353205715e-05_5.65875353205715e-05
1016,17987,203-11-4-2-1,2.86046881840252e-05_2.86046881840252e-05_2.86046881840252e-05_2.86046881840252e-05_2.86046881840252e-05
1016,17988,227-41-9-2-1,1.24368209495762e-05_1.24368209495762e-05_1.24368209495762e-05_1.24368209495762e-05_1.24368209495762e-05
1016,17989,18-12-8-1-1,1.49241851394914e-05_1.49241851394914e-05_1.49241851394914e-05_1.49241851394914e-05_1.49241851394914e-05
1016,17990,191-37-4-2-1,3.10920523739404e-06_3.10920523739404e-06_3.10920523739404e-06_3.10920523739404e-06_3.10920523739404e-06
1016,17991,18-12-8-1-1,1.05712978071397e-05_1.05712978071397e-05_1.05712978071397e-05_1.05712978071397e-05_1.05712978071397e-05
1016,17992,67-2-2-2-1,7.39990846499781e-05_7.39990846499781e-05_7.39990846499781e-05_7.39990846499781e-05_7.39990846499781e-05
1016,17993,127-30-1-1-1,4.35288733235165e-06_4.35288733235165e-06_4.35288733235165e-06_4.35288733235165e-06_4.35288733235165e-06
1016,17994,136-26-4-2-1,8.0839336172245e-06_8.0839336172245e-06_8.0839336172245e-06_8.0839336172245e-06_8.0839336172245e-06
1016,17995,152-32-10-1-1,3.10920523739404e-06_3.10920523739404e-06_3.10920523739404e-06_3.10920523739404e-06_3.10920523739404e-06
1016,17996,152-32-10-1-1,5.59656942730927e-06_5.59656942730927e-06_5.59656942730927e-06_5.59656942730927e-06_5.59656942730927e-06
1016,17997,34-19-9-2-1,5.59656942730927e-06_5.59656942730927e-06_5.59656942730927e-06_5.59656942730927e-06_5.59656942730927e-06
1016,17998,114-40-4-2-1,4.97472837983046e-06_4.97472837983046e-06_4.97472837983046e-06_4.97472837983046e-06_4.97472837983046e-06
1016,17999,176-20-9-2-1,2.11425956142795e-05_2.11425956142795e-05_2.11425956142795e-05_2.11425956142795e-05_2.11425956142795e-05
1016,18000,26-15-9-2-1,1.98989135193218e-05_1.98989135193218e-05_1.98989135193218e-05_1.98989135193218e-05_1.98989135193218e-05
1016,18001,172-40-4-2-1,3.73104628487285e-06_3.73104628487285e-06_3.73104628487285e-06_3.73104628487285e-06_3.73104628487285e-06
1016,18002,228-17-10-1-1,0.000185930473196163_0.000185930473196163_0.000185930473196163_0.000185930473196163_0.000185930473196163
1016,18003,59-5-5-1-1,2.79828471365463e-05_2.79828471365463e-05_2.79828471365463e-05_2.79828471365463e-05_2.79828471365463e-05
1016,18004,55-22-8-1-1,6.84025152226688e-06_6.84025152226688e-06_6.84025152226688e-06_6.84025152226688e-06_6.84025152226688e-06
1016,18005,177-7-4-2-1,4.35288733235165e-06_4.35288733235165e-06_4.35288733235165e-06_4.35288733235165e-06_4.35288733235165e-06
1016,18006,71-29-2-2-1,3.97978270386437e-05_3.97978270386437e-05_3.97978270386437e-05_3.97978270386437e-05_3.97978270386437e-05
1016,18007,122-16-2-2-1,4.97472837983046e-06_4.97472837983046e-06_4.97472837983046e-06_4.97472837983046e-06_4.97472837983046e-06
1016,18008,44-13-6-2-1,3.04702113264616e-05_3.04702113264616e-05_3.04702113264616e-05_3.04702113264616e-05_3.04702113264616e-05
1016,18009,49-22-8-1-1,1.55460261869702e-05_1.55460261869702e-05_1.55460261869702e-05_1.55460261869702e-05_1.55460261869702e-05
1016,18010,42-13-6-2-1,5.22346479882198e-05_5.22346479882198e-05_5.22346479882198e-05_5.22346479882198e-05_5.22346479882198e-05
1016,18011,51-22-8-1-1,1.05712978071397e-05_1.05712978071397e-05_1.05712978071397e-05_1.05712978071397e-05_1.05712978071397e-05
1016,18012,177-7-4-2-1,1.49241851394914e-05_1.49241851394914e-05_1.49241851394914e-05_1.49241851394914e-05_1.49241851394914e-05
1016,18013,102-13-6-2-1,0.000102603772834003_0.000102603772834003_0.000102603772834003_0.000102603772834003_0.000102603772834003
1016,18014,102-13-6-2-1,4.29070322760377e-05_4.29070322760377e-05_4.29070322760377e-05_4.29070322760377e-05_4.29070322760377e-05
1016,18015,203-11-4-2-1,2.54954829466311e-05_2.54954829466311e-05_2.54954829466311e-05_2.54954829466311e-05_2.54954829466311e-05
1016,18016,119-6-6-2-1,0.000322735503641501_0.000322735503641501_0.000322735503641501_0.000322735503641501_0.000322735503641501
1016,18017,186-15-9-2-1,3.10920523739404e-06_3.10920523739404e-06_3.10920523739404e-06_3.10920523739404e-06_3.10920523739404e-06
1016,18018,212-41-9-2-1,6.84025152226688e-06_6.84025152226688e-06_6.84025152226688e-06_6.84025152226688e-06_6.84025152226688e-06
1016,18019,7-4-4-2-1,3.73104628487285e-06_3.73104628487285e-06_3.73104628487285e-06_3.73104628487285e-06_3.73104628487285e-06
1016,18020,148-29-2-2-1,9.94945675966092e-06_9.94945675966092e-06_9.94945675966092e-06_9.94945675966092e-06_9.94945675966092e-06
1016,18021,116-36-10-1-1,4.97472837983046e-06_4.97472837983046e-06_4.97472837983046e-06_4.97472837983046e-06_4.97472837983046e-06
1016,18022,36-6-6-2-1,0.000291021610220082_0.000291021610220082_0.000291021610220082_0.000291021610220082_0.000291021610220082
1016,18023,60-22-8-1-1,0.00108449078680304_0.00108449078680304_0.00108449078680304_0.00108449078680304_0.00108449078680304
1016,18024,51-22-8-1-1,0.000517371751502368_0.000517371751502368_0.000517371751502368_0.000517371751502368_0.000517371751502368
1016,18025,47-22-8-1-1,6.40496278903172e-05_6.40496278903172e-05_6.40496278903172e-05_6.40496278903172e-05_6.40496278903172e-05
1016,18026,60-22-8-1-1,0.000143023440920126_0.000143023440920126_0.000143023440920126_0.000143023440920126_0.000143023440920126
1016,18027,129-21-4-2-1,0.000179090221673897_0.000179090221673897_0.000179090221673897_0.000179090221673897_0.000179090221673897
1016,18028,129-21-4-2-1,5.78312174155291e-05_5.78312174155291e-05_5.78312174155291e-05_5.78312174155291e-05_5.78312174155291e-05
1016,18029,70-27-8-1-1,3.73104628487285e-06_3.73104628487285e-06_3.73104628487285e-06_3.73104628487285e-06_3.73104628487285e-06
1016,18030,60-22-8-1-1,0.000690243562701476_0.000690243562701476_0.000690243562701476_0.000690243562701476_0.000690243562701476
1016,18031,60-22-8-1-1,0.000374970151629721_0.000374970151629721_0.000374970151629721_0.000374970151629721_0.000374970151629721
1016,18032,21-8-3-1-1,0.00139354578740001_0.00139354578740001_0.00139354578740001_0.00139354578740001_0.00139354578740001
1016,18033,11-4-4-2-1,2.86046881840252e-05_2.86046881840252e-05_2.86046881840252e-05_2.86046881840252e-05_2.86046881840252e-05
1016,18034,152-32-10-1-1,4.35288733235165e-06_4.35288733235165e-06_4.35288733235165e-06_4.35288733235165e-06_4.35288733235165e-06
1016,18035,25-10-2-2-1,5.59656942730927e-06_5.59656942730927e-06_5.59656942730927e-06_5.59656942730927e-06_5.59656942730927e-06
1016,18036,176-20-9-2-1,7.46209256974569e-06_7.46209256974569e-06_7.46209256974569e-06_7.46209256974569e-06_7.46209256974569e-06
1016,18037,147-11-4-2-1,6.21841047478808e-06_6.21841047478808e-06_6.21841047478808e-06_6.21841047478808e-06_6.21841047478808e-06
1016,18038,61-13-6-2-1,2.9226529231504e-05_2.9226529231504e-05_2.9226529231504e-05_2.9226529231504e-05_2.9226529231504e-05
1016,18039,174-15-9-2-1,4.97472837983046e-06_4.97472837983046e-06_4.97472837983046e-06_4.97472837983046e-06_4.97472837983046e-06
1016,18040,218-7-4-2-1,1.55460261869702e-05_1.55460261869702e-05_1.55460261869702e-05_1.55460261869702e-05_1.55460261869702e-05
1016,18042,6-6-6-2-1,1.05712978071397e-05_1.05712978071397e-05_1.05712978071397e-05_1.05712978071397e-05_1.05712978071397e-05
1016,18043,23-10-2-2-1,1.86552314243642e-05_1.86552314243642e-05_1.86552314243642e-05_1.86552314243642e-05_1.86552314243642e-05
1016,18045,31-6-6-2-1,0.000267391650415887_0.000267391650415887_0.000267391650415887_0.000267391650415887_0.000267391650415887
1016,18046,152-32-10-1-1,3.10920523739404e-06_3.10920523739404e-06_3.10920523739404e-06_3.10920523739404e-06_3.10920523739404e-06
1016,18047,147-11-4-2-1,1.6167867234449e-05_1.6167867234449e-05_1.6167867234449e-05_1.6167867234449e-05_1.6167867234449e-05
1016,18048,22-13-6-2-1,4.10415091336013e-05_4.10415091336013e-05_4.10415091336013e-05_4.10415091336013e-05_4.10415091336013e-05
1016,18049,223-40-4-2-1,6.84025152226688e-06_6.84025152226688e-06_6.84025152226688e-06_6.84025152226688e-06_6.84025152226688e-06
1016,18050,51-22-8-1-1,7.46209256974569e-06_7.46209256974569e-06_7.46209256974569e-06_7.46209256974569e-06_7.46209256974569e-06
1016,18051,113-31-9-2-1,0.000261795080988578_0.000261795080988578_0.000261795080988578_0.000261795080988578_0.000261795080988578
1016,18052,160-30-1-1-1,1.05712978071397e-05_1.05712978071397e-05_1.05712978071397e-05_1.05712978071397e-05_1.05712978071397e-05
1016,18053,74-31-9-2-1,2.98483702789828e-05_2.98483702789828e-05_2.98483702789828e-05_2.98483702789828e-05_2.98483702789828e-05
1016,18054,203-11-4-2-1,6.21841047478808e-06_6.21841047478808e-06_6.21841047478808e-06_6.21841047478808e-06_6.21841047478808e-06
1016,18055,141-42-12-1-1,6.21841047478808e-06_6.21841047478808e-06_6.21841047478808e-06_6.21841047478808e-06_6.21841047478808e-06
1016,18056,8-7-4-2-1,6.84025152226688e-06_6.84025152226688e-06_6.84025152226688e-06_6.84025152226688e-06_6.84025152226688e-06
1016,18057,74-31-9-2-1,6.21841047478808e-06_6.21841047478808e-06_6.21841047478808e-06_6.21841047478808e-06_6.21841047478808e-06
1016,18058,185-41-9-2-1,1.86552314243642e-06_1.86552314243642e-06_1.86552314243642e-06_1.86552314243642e-06_1.86552314243642e-06
1016,18059,185-41-9-2-1,3.10920523739404e-06_3.10920523739404e-06_3.10920523739404e-06_3.10920523739404e-06_3.10920523739404e-06
1016,18060,196-14-4-2-1,9.94945675966092e-06_9.94945675966092e-06_9.94945675966092e-06_9.94945675966092e-06_9.94945675966092e-06
1016,18061,174-15-9-2-1,5.59656942730927e-06_5.59656942730927e-06_5.59656942730927e-06_5.59656942730927e-06_5.59656942730927e-06
1016,18062,55-22-8-1-1,3.10920523739404e-06_3.10920523739404e-06_3.10920523739404e-06_3.10920523739404e-06_3.10920523739404e-06
1016,18063,133-12-8-1-1,3.10920523739404e-06_3.10920523739404e-06_3.10920523739404e-06_3.10920523739404e-06_3.10920523739404e-06
1016,18064,147-11-4-2-1,3.10920523739404e-06_3.10920523739404e-06_3.10920523739404e-06_3.10920523739404e-06_3.10920523739404e-06
1016,18065,51-22-8-1-1,0.000141157917777689_0.000141157917777689_0.000141157917777689_0.000141157917777689_0.000141157917777689
1016,18066,147-11-4-2-1,9.32761571218212e-06_9.32761571218212e-06_9.32761571218212e-06_9.32761571218212e-06_9.32761571218212e-06
1016,18067,123-41-9-2-1,3.73104628487285e-06_3.73104628487285e-06_3.73104628487285e-06_3.73104628487285e-06_3.73104628487285e-06
1016,18068,234-24-7-1-1,6.52933099852748e-05_6.52933099852748e-05_6.52933099852748e-05_6.52933099852748e-05_6.52933099852748e-05
1016,18069,51-22-8-1-1,5.41001711306563e-05_5.41001711306563e-05_5.41001711306563e-05_5.41001711306563e-05_5.41001711306563e-05
1016,18071,129-21-4-2-1,9.32761571218212e-06_9.32761571218212e-06_9.32761571218212e-06_9.32761571218212e-06_9.32761571218212e-06
1016,18072,154-25-8-1-1,9.32761571218212e-06_9.32761571218212e-06_9.32761571218212e-06_9.32761571218212e-06_9.32761571218212e-06
1016,18073,32-18-4-2-1,3.73104628487285e-06_3.73104628487285e-06_3.73104628487285e-06_3.73104628487285e-06_3.73104628487285e-06
1016,18074,166-18-4-2-1,2.36299598041947e-05_2.36299598041947e-05_2.36299598041947e-05_2.36299598041947e-05_2.36299598041947e-05
1016,18075,166-18-4-2-1,1.74115493294066e-05_1.74115493294066e-05_1.74115493294066e-05_1.74115493294066e-05_1.74115493294066e-05
1016,18076,143-1-1-1-1,5.72093763680503e-05_5.72093763680503e-05_5.72093763680503e-05_5.72093763680503e-05_5.72093763680503e-05
1016,18077,96-13-6-2-1,4.5394396465953e-05_4.5394396465953e-05_4.5394396465953e-05_4.5394396465953e-05_4.5394396465953e-05
1016,18078,1-1-1-1-1,2.23862777092371e-05_2.23862777092371e-05_2.23862777092371e-05_2.23862777092371e-05_2.23862777092371e-05
1016,18079,94-9-7-1-1,0.000672210172324591_0.000672210172324591_0.000672210172324591_0.000672210172324591_0.000672210172324591
1016,18080,61-13-6-2-1,2.79828471365463e-05_2.79828471365463e-05_2.79828471365463e-05_2.79828471365463e-05_2.79828471365463e-05
1016,18081,234-24-7-1-1,0.000100738249691567_0.000100738249691567_0.000100738249691567_0.000100738249691567_0.000100738249691567
1016,18082,123-41-9-2-1,2.11425956142795e-05_2.11425956142795e-05_2.11425956142795e-05_2.11425956142795e-05_2.11425956142795e-05
1016,18083,121-39-11-1-1,3.73104628487285e-06_3.73104628487285e-06_3.73104628487285e-06_3.73104628487285e-06_3.73104628487285e-06
1016,18084,74-31-9-2-1,6.84025152226688e-06_6.84025152226688e-06_6.84025152226688e-06_6.84025152226688e-06_6.84025152226688e-06
1016,18085,166-18-4-2-1,5.59656942730927e-06_5.59656942730927e-06_5.59656942730927e-06_5.59656942730927e-06_5.59656942730927e-06
1016,18086,17-11-4-2-1,3.97978270386437e-05_3.97978270386437e-05_3.97978270386437e-05_3.97978270386437e-05_3.97978270386437e-05
1016,18087,109-28-5-1-1,6.21841047478808e-06_6.21841047478808e-06_6.21841047478808e-06_6.21841047478808e-06_6.21841047478808e-06
1016,18088,83-33-5-1-1,1.18149799020973e-05_1.18149799020973e-05_1.18149799020973e-05_1.18149799020973e-05_1.18149799020973e-05
1016,18089,83-33-5-1-1,1.6167867234449e-05_1.6167867234449e-05_1.6167867234449e-05_1.6167867234449e-05_1.6167867234449e-05
1016,18091,134-29-2-2-1,5.59656942730927e-06_5.59656942730927e-06_5.59656942730927e-06_5.59656942730927e-06_5.59656942730927e-06
1016,18092,4-4-4-2-1,6.84025152226688e-06_6.84025152226688e-06_6.84025152226688e-06_6.84025152226688e-06_6.84025152226688e-06
1016,18093,214-26-4-2-1,4.97472837983046e-06_4.97472837983046e-06_4.97472837983046e-06_4.97472837983046e-06_4.97472837983046e-06
1016,18094,153-18-4-2-1,1.11931388546185e-05_1.11931388546185e-05_1.11931388546185e-05_1.11931388546185e-05_1.11931388546185e-05
1016,18095,172-40-4-2-1,6.84025152226688e-06_6.84025152226688e-06_6.84025152226688e-06_6.84025152226688e-06_6.84025152226688e-06
1016,18096,128-7-4-2-1,3.10920523739404e-06_3.10920523739404e-06_3.10920523739404e-06_3.10920523739404e-06_3.10920523739404e-06
1016,18097,71-29-2-2-1,2.36299598041947e-05_2.36299598041947e-05_2.36299598041947e-05_2.36299598041947e-05_2.36299598041947e-05
1016,18098,138-23-8-1-1,8.0839336172245e-06_8.0839336172245e-06_8.0839336172245e-06_8.0839336172245e-06_8.0839336172245e-06
1016,18099,177-7-4-2-1,3.73104628487285e-06_3.73104628487285e-06_3.73104628487285e-06_3.73104628487285e-06_3.73104628487285e-06
1016,18100,216-19-9-2-1,8.0839336172245e-06_8.0839336172245e-06_8.0839336172245e-06_8.0839336172245e-06_8.0839336172245e-06
1016,18101,172-40-4-2-1,3.73104628487285e-06_3.73104628487285e-06_3.73104628487285e-06_3.73104628487285e-06_3.73104628487285e-06
1016,18102,172-40-4-2-1,3.10920523739404e-06_3.10920523739404e-06_3.10920523739404e-06_3.10920523739404e-06_3.10920523739404e-06
1016,18103,208-30-1-1-1,1.05712978071397e-05_1.05712978071397e-05_1.05712978071397e-05_1.05712978071397e-05_1.05712978071397e-05
1016,18104,126-29-2-2-1,4.97472837983046e-06_4.97472837983046e-06_4.97472837983046e-06_4.97472837983046e-06_4.97472837983046e-06
1016,18105,33-16-2-2-1,0.000242518008516735_0.000242518008516735_0.000242518008516735_0.000242518008516735_0.000242518008516735
1016,18106,71-29-2-2-1,5.41001711306563e-05_5.41001711306563e-05_5.41001711306563e-05_5.41001711306563e-05_5.41001711306563e-05
1016,18107,112-14-4-2-1,8.70577466470331e-06_8.70577466470331e-06_8.70577466470331e-06_8.70577466470331e-06_8.70577466470331e-06
1016,18108,33-16-2-2-1,0.000776679468301031_0.000776679468301031_0.000776679468301031_0.000776679468301031_0.000776679468301031
1016,18109,188-14-4-2-1,2.54954829466311e-05_2.54954829466311e-05_2.54954829466311e-05_2.54954829466311e-05_2.54954829466311e-05
1016,18110,102-13-6-2-1,1.18149799020973e-05_1.18149799020973e-05_1.18149799020973e-05_1.18149799020973e-05_1.18149799020973e-05
1016,18111,32-18-4-2-1,3.73104628487285e-06_3.73104628487285e-06_3.73104628487285e-06_3.73104628487285e-06_3.73104628487285e-06
1016,18112,47-22-8-1-1,3.73104628487285e-06_3.73104628487285e-06_3.73104628487285e-06_3.73104628487285e-06_3.73104628487285e-06
1016,18113,55-22-8-1-1,0.000118771640068452_0.000118771640068452_0.000118771640068452_0.000118771640068452_0.000118771640068452
1016,18114,55-22-8-1-1,8.70577466470331e-05_8.70577466470331e-05_8.70577466470331e-05_8.70577466470331e-05_8.70577466470331e-05
1016,18115,96-13-6-2-1,3.85541449436861e-05_3.85541449436861e-05_3.85541449436861e-05_3.85541449436861e-05_3.85541449436861e-05
1016,18116,199-19-9-2-1,3.10920523739404e-06_3.10920523739404e-06_3.10920523739404e-06_3.10920523739404e-06_3.10920523739404e-06
1016,18117,172-40-4-2-1,3.10920523739404e-06_3.10920523739404e-06_3.10920523739404e-06_3.10920523739404e-06_3.10920523739404e-06
1016,18118,31-6-6-2-1,6.65369920802324e-05_6.65369920802324e-05_6.65369920802324e-05_6.65369920802324e-05_6.65369920802324e-05
1016,18119,133-12-8-1-1,1.18149799020973e-05_1.18149799020973e-05_1.18149799020973e-05_1.18149799020973e-05_1.18149799020973e-05
1016,18120,44-13-6-2-1,9.94945675966092e-06_9.94945675966092e-06_9.94945675966092e-06_9.94945675966092e-06_9.94945675966092e-06
1016,18121,159-4-4-2-1,7.46209256974569e-06_7.46209256974569e-06_7.46209256974569e-06_7.46209256974569e-06_7.46209256974569e-06
1016,18122,25-10-2-2-1,1.11931388546185e-05_1.11931388546185e-05_1.11931388546185e-05_1.11931388546185e-05_1.11931388546185e-05
1016,18123,170-43-4-2-1,8.3948541409639e-05_8.3948541409639e-05_8.3948541409639e-05_8.3948541409639e-05_8.3948541409639e-05
1016,18124,228-17-10-1-1,3.10920523739404e-06_3.10920523739404e-06_3.10920523739404e-06_3.10920523739404e-06_3.10920523739404e-06
1016,18125,147-11-4-2-1,1.05712978071397e-05_1.05712978071397e-05_1.05712978071397e-05_1.05712978071397e-05_1.05712978071397e-05
1016,18126,6-6-6-2-1,4.60162375134318e-05_4.60162375134318e-05_4.60162375134318e-05_4.60162375134318e-05_4.60162375134318e-05
1016,18127,6-6-6-2-1,0.000110687706451228_0.000110687706451228_0.000110687706451228_0.000110687706451228_0.000110687706451228
1016,18128,150-30-1-1-1,0.000125611891590719_0.000125611891590719_0.000125611891590719_0.000125611891590719_0.000125611891590719
1016,18129,63-27-8-1-1,4.35288733235165e-06_4.35288733235165e-06_4.35288733235165e-06_4.35288733235165e-06_4.35288733235165e-06
1016,18130,148-29-2-2-1,4.91254427508258e-05_4.91254427508258e-05_4.91254427508258e-05_4.91254427508258e-05_4.91254427508258e-05
1016,18131,44-13-6-2-1,3.29575755163768e-05_3.29575755163768e-05_3.29575755163768e-05_3.29575755163768e-05_3.29575755163768e-05
1016,18132,175-20-9-2-1,5.59656942730927e-06_5.59656942730927e-06_5.59656942730927e-06_5.59656942730927e-06_5.59656942730927e-06
1016,18133,59-5-5-1-1,6.52933099852748e-05_6.52933099852748e-05_6.52933099852748e-05_6.52933099852748e-05_6.52933099852748e-05
1016,18134,44-13-6-2-1,1.3058661997055e-05_1.3058661997055e-05_1.3058661997055e-05_1.3058661997055e-05_1.3058661997055e-05
1016,18135,127-30-1-1-1,1.3058661997055e-05_1.3058661997055e-05_1.3058661997055e-05_1.3058661997055e-05_1.3058661997055e-05
1016,18136,96-13-6-2-1,4.04196680861225e-05_4.04196680861225e-05_4.04196680861225e-05_4.04196680861225e-05_4.04196680861225e-05
1016,18137,235-34-11-1-1,2.67391650415887e-05_2.67391650415887e-05_2.67391650415887e-05_2.67391650415887e-05_2.67391650415887e-05
1016,18138,172-40-4-2-1,3.73104628487285e-06_3.73104628487285e-06_3.73104628487285e-06_3.73104628487285e-06_3.73104628487285e-06
1016,18139,153-18-4-2-1,4.97472837983046e-06_4.97472837983046e-06_4.97472837983046e-06_4.97472837983046e-06_4.97472837983046e-06
1016,18140,151-19-9-2-1,4.10415091336013e-05_4.10415091336013e-05_4.10415091336013e-05_4.10415091336013e-05_4.10415091336013e-05
1016,18141,216-19-9-2-1,3.73104628487285e-06_3.73104628487285e-06_3.73104628487285e-06_3.73104628487285e-06_3.73104628487285e-06
1016,18142,15-8-3-1-1,0.000368751741154933_0.000368751741154933_0.000368751741154933_0.000368751741154933_0.000368751741154933
1016,18143,64-28-5-1-1,0.0001877959963386_0.0001877959963386_0.0001877959963386_0.0001877959963386_0.0001877959963386
1016,18144,57-7-4-2-1,2.17644366617583e-05_2.17644366617583e-05_2.17644366617583e-05_2.17644366617583e-05_2.17644366617583e-05
1016,18145,110-3-3-1-1,8.0839336172245e-05_8.0839336172245e-05_8.0839336172245e-05_8.0839336172245e-05_8.0839336172245e-05
1016,18146,15-8-3-1-1,0.00144453675329327_0.00144453675329327_0.00144453675329327_0.00144453675329327_0.00144453675329327
1016,18147,42-13-6-2-1,0.000113796911688622_0.000113796911688622_0.000113796911688622_0.000113796911688622_0.000113796911688622
1016,18148,102-13-6-2-1,2.48736418991523e-05_2.48736418991523e-05_2.48736418991523e-05_2.48736418991523e-05_2.48736418991523e-05
1016,18149,229-5-5-1-1,9.7007203406694e-05_9.7007203406694e-05_9.7007203406694e-05_9.7007203406694e-05_9.7007203406694e-05
1016,18150,227-41-9-2-1,3.73104628487285e-06_3.73104628487285e-06_3.73104628487285e-06_3.73104628487285e-06_3.73104628487285e-06
1016,18151,127-30-1-1-1,0.000141157917777689_0.000141157917777689_0.000141157917777689_0.000141157917777689_0.000141157917777689
1016,18152,10-3-3-1-1,0.000134939507302901_0.000134939507302901_0.000134939507302901_0.000134939507302901_0.000134939507302901
1016,18153,40-23-8-1-1,4.35288733235165e-05_4.35288733235165e-05_4.35288733235165e-05_4.35288733235165e-05_4.35288733235165e-05
1016,18154,95-37-4-2-1,1.18149799020973e-05_1.18149799020973e-05_1.18149799020973e-05_1.18149799020973e-05_1.18149799020973e-05
1016,18155,77-28-5-1-1,1.98989135193218e-05_1.98989135193218e-05_1.98989135193218e-05_1.98989135193218e-05_1.98989135193218e-05
1016,18156,110-3-3-1-1,3.5444939706292e-05_3.5444939706292e-05_3.5444939706292e-05_3.5444939706292e-05_3.5444939706292e-05
1016,18157,127-30-1-1-1,5.41001711306563e-05_5.41001711306563e-05_5.41001711306563e-05_5.41001711306563e-05_5.41001711306563e-05
1016,18158,97-26-4-2-1,3.29575755163768e-05_3.29575755163768e-05_3.29575755163768e-05_3.29575755163768e-05_3.29575755163768e-05
1016,18159,65-1-1-1-1,2.61173239941099e-05_2.61173239941099e-05_2.61173239941099e-05_2.61173239941099e-05_2.61173239941099e-05
1016,18160,190-20-9-2-1,0.000368751741154933_0.000368751741154933_0.000368751741154933_0.000368751741154933_0.000368751741154933
1016,18161,142-42-12-1-1,6.21841047478808e-06_6.21841047478808e-06_6.21841047478808e-06_6.21841047478808e-06_6.21841047478808e-06
1016,18162,138-23-8-1-1,7.46209256974569e-06_7.46209256974569e-06_7.46209256974569e-06_7.46209256974569e-06_7.46209256974569e-06
1016,18163,172-40-4-2-1,4.35288733235165e-06_4.35288733235165e-06_4.35288733235165e-06_4.35288733235165e-06_4.35288733235165e-06
1016,18164,227-41-9-2-1,8.0839336172245e-06_8.0839336172245e-06_8.0839336172245e-06_8.0839336172245e-06_8.0839336172245e-06
1016,18165,212-41-9-2-1,5.59656942730927e-06_5.59656942730927e-06_5.59656942730927e-06_5.59656942730927e-06_5.59656942730927e-06
1016,18166,222-35-4-2-1,4.97472837983046e-06_4.97472837983046e-06_4.97472837983046e-06_4.97472837983046e-06_4.97472837983046e-06
1016,18167,216-19-9-2-1,1.86552314243642e-06_1.86552314243642e-06_1.86552314243642e-06_1.86552314243642e-06_1.86552314243642e-06
1016,18168,185-41-9-2-1,2.48736418991523e-06_2.48736418991523e-06_2.48736418991523e-06_2.48736418991523e-06_2.48736418991523e-06
1016,18169,97-26-4-2-1,1.43023440920126e-05_1.43023440920126e-05_1.43023440920126e-05_1.43023440920126e-05_1.43023440920126e-05
1016,18170,123-41-9-2-1,0.000167897082819278_0.000167897082819278_0.000167897082819278_0.000167897082819278_0.000167897082819278
1016,18171,149-16-2-2-1,3.10920523739404e-06_3.10920523739404e-06_3.10920523739404e-06_3.10920523739404e-06_3.10920523739404e-06
1016,18172,185-41-9-2-1,3.10920523739404e-06_3.10920523739404e-06_3.10920523739404e-06_3.10920523739404e-06_3.10920523739404e-06
1016,18173,112-14-4-2-1,1.49241851394914e-05_1.49241851394914e-05_1.49241851394914e-05_1.49241851394914e-05_1.49241851394914e-05
1016,18174,27-8-3-1-1,0.000529808572451944_0.000529808572451944_0.000529808572451944_0.000529808572451944_0.000529808572451944
1016,18175,172-40-4-2-1,7.46209256974569e-06_7.46209256974569e-06_7.46209256974569e-06_7.46209256974569e-06_7.46209256974569e-06
1016,18176,201-17-10-1-1,3.97978270386437e-05_3.97978270386437e-05_3.97978270386437e-05_3.97978270386437e-05_3.97978270386437e-05
1016,18177,228-17-10-1-1,3.10920523739404e-06_3.10920523739404e-06_3.10920523739404e-06_3.10920523739404e-06_3.10920523739404e-06
1016,18178,171-18-4-2-1,1.86552314243642e-05_1.86552314243642e-05_1.86552314243642e-05_1.86552314243642e-05_1.86552314243642e-05
1016,18179,128-7-4-2-1,4.35288733235165e-06_4.35288733235165e-06_4.35288733235165e-06_4.35288733235165e-06_4.35288733235165e-06
1016,18180,163-43-4-2-1,8.70577466470331e-06_8.70577466470331e-06_8.70577466470331e-06_8.70577466470331e-06_8.70577466470331e-06
1016,18181,74-31-9-2-1,2.48736418991523e-06_2.48736418991523e-06_2.48736418991523e-06_2.48736418991523e-06_2.48736418991523e-06
1016,18182,175-20-9-2-1,3.5444939706292e-05_3.5444939706292e-05_3.5444939706292e-05_3.5444939706292e-05_3.5444939706292e-05
1016,18183,175-20-9-2-1,2.42518008516735e-05_2.42518008516735e-05_2.42518008516735e-05_2.42518008516735e-05_2.42518008516735e-05
1016,18184,227-41-9-2-1,3.10920523739404e-06_3.10920523739404e-06_3.10920523739404e-06_3.10920523739404e-06_3.10920523739404e-06
1016,18185,26-15-9-2-1,1.05712978071397e-05_1.05712978071397e-05_1.05712978071397e-05_1.05712978071397e-05_1.05712978071397e-05
1016,18186,201-17-10-1-1,4.41507143709953e-05_4.41507143709953e-05_4.41507143709953e-05_4.41507143709953e-05_4.41507143709953e-05
1016,18187,227-41-9-2-1,8.0839336172245e-06_8.0839336172245e-06_8.0839336172245e-06_8.0839336172245e-06_8.0839336172245e-06
1016,18188,142-42-12-1-1,3.10920523739404e-06_3.10920523739404e-06_3.10920523739404e-06_3.10920523739404e-06_3.10920523739404e-06
1016,18189,68-30-1-1-1,6.65369920802324e-05_6.65369920802324e-05_6.65369920802324e-05_6.65369920802324e-05_6.65369920802324e-05
1016,18190,8-7-4-2-1,4.97472837983046e-06_4.97472837983046e-06_4.97472837983046e-06_4.97472837983046e-06_4.97472837983046e-06
1016,18191,82-6-6-2-1,0.000571471922633024_0.000571471922633024_0.000571471922633024_0.000571471922633024_0.000571471922633024
1016,18192,214-26-4-2-1,1.86552314243642e-05_1.86552314243642e-05_1.86552314243642e-05_1.86552314243642e-05_1.86552314243642e-05
1016,18193,228-17-10-1-1,8.0839336172245e-06_8.0839336172245e-06_8.0839336172245e-06_8.0839336172245e-06_8.0839336172245e-06
1016,18194,70-27-8-1-1,2.48736418991523e-06_2.48736418991523e-06_2.48736418991523e-06_2.48736418991523e-06_2.48736418991523e-06
1016,18195,185-41-9-2-1,3.10920523739404e-06_3.10920523739404e-06_3.10920523739404e-06_3.10920523739404e-06_3.10920523739404e-06
1016,18196,57-7-4-2-1,6.84025152226688e-06_6.84025152226688e-06_6.84025152226688e-06_6.84025152226688e-06_6.84025152226688e-06
1016,18197,57-7-4-2-1,3.10920523739404e-06_3.10920523739404e-06_3.10920523739404e-06_3.10920523739404e-06_3.10920523739404e-06
1016,18198,218-7-4-2-1,6.21841047478808e-06_6.21841047478808e-06_6.21841047478808e-06_6.21841047478808e-06_6.21841047478808e-06
1016,18199,227-41-9-2-1,6.21841047478808e-06_6.21841047478808e-06_6.21841047478808e-06_6.21841047478808e-06_6.21841047478808e-06
1016,18200,153-18-4-2-1,1.43023440920126e-05_1.43023440920126e-05_1.43023440920126e-05_1.43023440920126e-05_1.43023440920126e-05
1016,18201,122-16-2-2-1,1.86552314243642e-06_1.86552314243642e-06_1.86552314243642e-06_1.86552314243642e-06_1.86552314243642e-06
1016,18202,133-12-8-1-1,7.46209256974569e-06_7.46209256974569e-06_7.46209256974569e-06_7.46209256974569e-06_7.46209256974569e-06
1016,18203,151-19-9-2-1,8.95451108369483e-05_8.95451108369483e-05_8.95451108369483e-05_8.95451108369483e-05_8.95451108369483e-05
1016,18204,151-19-9-2-1,0.000123124527400804_0.000123124527400804_0.000123124527400804_0.000123124527400804_0.000123124527400804
1016,18205,142-42-12-1-1,1.55460261869702e-05_1.55460261869702e-05_1.55460261869702e-05_1.55460261869702e-05_1.55460261869702e-05
1016,18206,70-27-8-1-1,5.59656942730927e-06_5.59656942730927e-06_5.59656942730927e-06_5.59656942730927e-06_5.59656942730927e-06
1016,18207,40-23-8-1-1,5.59656942730927e-06_5.59656942730927e-06_5.59656942730927e-06_5.59656942730927e-06_5.59656942730927e-06
1016,18208,76-4-4-2-1,8.0839336172245e-06_8.0839336172245e-06_8.0839336172245e-06_8.0839336172245e-06_8.0839336172245e-06
1016,18209,221-35-4-2-1,7.46209256974569e-06_7.46209256974569e-06_7.46209256974569e-06_7.46209256974569e-06_7.46209256974569e-06
1016,18210,191-37-4-2-1,1.11931388546185e-05_1.11931388546185e-05_1.11931388546185e-05_1.11931388546185e-05_1.11931388546185e-05
1016,18211,83-33-5-1-1,2.67391650415887e-05_2.67391650415887e-05_2.67391650415887e-05_2.67391650415887e-05_2.67391650415887e-05
1016,18212,128-7-4-2-1,4.97472837983046e-06_4.97472837983046e-06_4.97472837983046e-06_4.97472837983046e-06_4.97472837983046e-06
1016,18213,225-31-9-2-1,6.84025152226688e-06_6.84025152226688e-06_6.84025152226688e-06_6.84025152226688e-06_6.84025152226688e-06
1016,18214,214-26-4-2-1,2.67391650415887e-05_2.67391650415887e-05_2.67391650415887e-05_2.67391650415887e-05_2.67391650415887e-05
1016,18215,185-41-9-2-1,8.70577466470331e-06_8.70577466470331e-06_8.70577466470331e-06_8.70577466470331e-06_8.70577466470331e-06
1016,18216,98-27-8-1-1,2.17644366617583e-05_2.17644366617583e-05_2.17644366617583e-05_2.17644366617583e-05_2.17644366617583e-05
1016,18217,98-27-8-1-1,2.86046881840252e-05_2.86046881840252e-05_2.86046881840252e-05_2.86046881840252e-05_2.86046881840252e-05
1016,18218,98-27-8-1-1,1.98989135193218e-05_1.98989135193218e-05_1.98989135193218e-05_1.98989135193218e-05_1.98989135193218e-05
1016,18219,223-40-4-2-1,8.95451108369483e-05_8.95451108369483e-05_8.95451108369483e-05_8.95451108369483e-05_8.95451108369483e-05
1016,18220,124-29-2-2-1,0.000123124527400804_0.000123124527400804_0.000123124527400804_0.000123124527400804_0.000123124527400804
1016,18221,203-11-4-2-1,1.05712978071397e-05_1.05712978071397e-05_1.05712978071397e-05_1.05712978071397e-05_1.05712978071397e-05
1016,18222,69-29-2-2-1,0.000810258884864886_0.000810258884864886_0.000810258884864886_0.000810258884864886_0.000810258884864886
1016,18223,167-18-4-2-1,3.04702113264616e-05_3.04702113264616e-05_3.04702113264616e-05_3.04702113264616e-05_3.04702113264616e-05
1016,18224,70-27-8-1-1,1.6167867234449e-05_1.6167867234449e-05_1.6167867234449e-05_1.6167867234449e-05_1.6167867234449e-05
1016,18225,212-41-9-2-1,1.3058661997055e-05_1.3058661997055e-05_1.3058661997055e-05_1.3058661997055e-05_1.3058661997055e-05
1016,18226,69-29-2-2-1,8.64359055995543e-05_8.64359055995543e-05_8.64359055995543e-05_8.64359055995543e-05_8.64359055995543e-05
1016,18227,148-29-2-2-1,1.98989135193218e-05_1.98989135193218e-05_1.98989135193218e-05_1.98989135193218e-05_1.98989135193218e-05
1016,18228,74-31-9-2-1,2.17644366617583e-05_2.17644366617583e-05_2.17644366617583e-05_2.17644366617583e-05_2.17644366617583e-05
1016,18229,9-8-3-1-1,7.39990846499781e-05_7.39990846499781e-05_7.39990846499781e-05_7.39990846499781e-05_7.39990846499781e-05
1016,18230,36-6-6-2-1,0.000228837505472201_0.000228837505472201_0.000228837505472201_0.000228837505472201_0.000228837505472201
1016,18231,170-43-4-2-1,3.42012576113344e-05_3.42012576113344e-05_3.42012576113344e-05_3.42012576113344e-05_3.42012576113344e-05
1016,18232,227-41-9-2-1,4.97472837983046e-06_4.97472837983046e-06_4.97472837983046e-06_4.97472837983046e-06_4.97472837983046e-06
1016,18233,200-15-9-2-1,3.10920523739404e-06_3.10920523739404e-06_3.10920523739404e-06_3.10920523739404e-06_3.10920523739404e-06
1016,18234,134-29-2-2-1,6.21841047478808e-06_6.21841047478808e-06_6.21841047478808e-06_6.21841047478808e-06_6.21841047478808e-06
1016,18235,126-29-2-2-1,1.74115493294066e-05_1.74115493294066e-05_1.74115493294066e-05_1.74115493294066e-05_1.74115493294066e-05
1016,18236,18-12-8-1-1,5.59656942730927e-06_5.59656942730927e-06_5.59656942730927e-06_5.59656942730927e-06_5.59656942730927e-06
1016,18237,122-16-2-2-1,8.0839336172245e-06_8.0839336172245e-06_8.0839336172245e-06_8.0839336172245e-06_8.0839336172245e-06
1016,18238,88-35-4-2-1,8.0839336172245e-06_8.0839336172245e-06_8.0839336172245e-06_8.0839336172245e-06_8.0839336172245e-06
1016,18239,88-35-4-2-1,4.35288733235165e-06_4.35288733235165e-06_4.35288733235165e-06_4.35288733235165e-06_4.35288733235165e-06
1016,18240,6-6-6-2-1,0.000190905201575994_0.000190905201575994_0.000190905201575994_0.000190905201575994_0.000190905201575994
1016,18241,26-15-9-2-1,2.73610060890675e-05_2.73610060890675e-05_2.73610060890675e-05_2.73610060890675e-05_2.73610060890675e-05
1016,18242,130-12-8-1-1,4.22851912285589e-05_4.22851912285589e-05_4.22851912285589e-05_4.22851912285589e-05_4.22851912285589e-05
1016,18243,236-42-12-1-1,7.46209256974569e-06_7.46209256974569e-06_7.46209256974569e-06_7.46209256974569e-06_7.46209256974569e-06
1016,18244,45-5-5-1-1,2.23862777092371e-05_2.23862777092371e-05_2.23862777092371e-05_2.23862777092371e-05_2.23862777092371e-05
1016,18245,227-41-9-2-1,4.97472837983046e-06_4.97472837983046e-06_4.97472837983046e-06_4.97472837983046e-06_4.97472837983046e-06
1016,18246,152-32-10-1-1,5.59656942730927e-06_5.59656942730927e-06_5.59656942730927e-06_5.59656942730927e-06_5.59656942730927e-06
1016,18247,168-2-2-2-1,1.80333903768854e-05_1.80333903768854e-05_1.80333903768854e-05_1.80333903768854e-05_1.80333903768854e-05
1016,18248,166-18-4-2-1,1.6167867234449e-05_1.6167867234449e-05_1.6167867234449e-05_1.6167867234449e-05_1.6167867234449e-05
1016,18249,4-4-4-2-1,2.05207545668007e-05_2.05207545668007e-05_2.05207545668007e-05_2.05207545668007e-05_2.05207545668007e-05
1016,18250,4-4-4-2-1,7.46209256974569e-06_7.46209256974569e-06_7.46209256974569e-06_7.46209256974569e-06_7.46209256974569e-06
1016,18251,4-4-4-2-1,6.21841047478808e-06_6.21841047478808e-06_6.21841047478808e-06_6.21841047478808e-06_6.21841047478808e-06
1016,18252,4-4-4-2-1,8.0839336172245e-05_8.0839336172245e-05_8.0839336172245e-05_8.0839336172245e-05_8.0839336172245e-05
1016,18253,152-32-10-1-1,3.10920523739404e-06_3.10920523739404e-06_3.10920523739404e-06_3.10920523739404e-06_3.10920523739404e-06
1016,18254,4-4-4-2-1,2.48736418991523e-05_2.48736418991523e-05_2.48736418991523e-05_2.48736418991523e-05_2.48736418991523e-05
1016,18256,184-31-9-2-1,4.97472837983046e-06_4.97472837983046e-06_4.97472837983046e-06_4.97472837983046e-06_4.97472837983046e-06
1016,18257,83-33-5-1-1,7.46209256974569e-06_7.46209256974569e-06_7.46209256974569e-06_7.46209256974569e-06_7.46209256974569e-06
1016,18258,110-3-3-1-1,0.000125611891590719_0.000125611891590719_0.000125611891590719_0.000125611891590719_0.000125611891590719
1016,18259,217-30-1-1-1,0.00015670394396466_0.00015670394396466_0.00015670394396466_0.00015670394396466_0.00015670394396466
1016,18260,57-7-4-2-1,9.32761571218212e-06_9.32761571218212e-06_9.32761571218212e-06_9.32761571218212e-06_9.32761571218212e-06
1016,18261,178-44-12-1-1,2.36299598041947e-05_2.36299598041947e-05_2.36299598041947e-05_2.36299598041947e-05_2.36299598041947e-05
1016,18262,179-26-4-2-1,2.98483702789828e-05_2.98483702789828e-05_2.98483702789828e-05_2.98483702789828e-05_2.98483702789828e-05
1016,18263,8-7-4-2-1,9.32761571218212e-06_9.32761571218212e-06_9.32761571218212e-06_9.32761571218212e-06_9.32761571218212e-06
1016,18264,212-41-9-2-1,7.46209256974569e-06_7.46209256974569e-06_7.46209256974569e-06_7.46209256974569e-06_7.46209256974569e-06
1016,18265,122-16-2-2-1,3.97978270386437e-05_3.97978270386437e-05_3.97978270386437e-05_3.97978270386437e-05_3.97978270386437e-05
1016,18266,144-43-4-2-1,8.0839336172245e-06_8.0839336172245e-06_8.0839336172245e-06_8.0839336172245e-06_8.0839336172245e-06
1016,18267,110-3-3-1-1,4.72599196083894e-05_4.72599196083894e-05_4.72599196083894e-05_4.72599196083894e-05_4.72599196083894e-05
1016,18268,33-16-2-2-1,0.000140536076730211_0.000140536076730211_0.000140536076730211_0.000140536076730211_0.000140536076730211
1016,18269,144-43-4-2-1,2.11425956142795e-05_2.11425956142795e-05_2.11425956142795e-05_2.11425956142795e-05_2.11425956142795e-05
1016,18270,200-15-9-2-1,2.9226529231504e-05_2.9226529231504e-05_2.9226529231504e-05_2.9226529231504e-05_2.9226529231504e-05
1016,18271,200-15-9-2-1,6.09404226529231e-05_6.09404226529231e-05_6.09404226529231e-05_6.09404226529231e-05_6.09404226529231e-05
1016,18272,172-40-4-2-1,1.74115493294066e-05_1.74115493294066e-05_1.74115493294066e-05_1.74115493294066e-05_1.74115493294066e-05
1016,18273,65-1-1-1-1,0.000251223783181438_0.000251223783181438_0.000251223783181438_0.000251223783181438_0.000251223783181438
1016,18274,126-29-2-2-1,4.97472837983046e-06_4.97472837983046e-06_4.97472837983046e-06_4.97472837983046e-06_4.97472837983046e-06
1016,18275,47-22-8-1-1,6.84025152226688e-06_6.84025152226688e-06_6.84025152226688e-06_6.84025152226688e-06_6.84025152226688e-06
1016,18276,65-1-1-1-1,1.24368209495762e-05_1.24368209495762e-05_1.24368209495762e-05_1.24368209495762e-05_1.24368209495762e-05
1016,18277,158-2-2-2-1,3.10920523739404e-05_3.10920523739404e-05_3.10920523739404e-05_3.10920523739404e-05_3.10920523739404e-05
1016,18278,103-13-6-2-1,6.03185816054443e-05_6.03185816054443e-05_6.03185816054443e-05_6.03185816054443e-05_6.03185816054443e-05
1016,18279,166-18-4-2-1,1.11931388546185e-05_1.11931388546185e-05_1.11931388546185e-05_1.11931388546185e-05_1.11931388546185e-05
1016,18280,180-40-4-2-1,1.36805030445338e-05_1.36805030445338e-05_1.36805030445338e-05_1.36805030445338e-05_1.36805030445338e-05
1016,18281,160-30-1-1-1,6.84025152226688e-06_6.84025152226688e-06_6.84025152226688e-06_6.84025152226688e-06_6.84025152226688e-06
1016,18282,209-35-4-2-1,9.94945675966092e-06_9.94945675966092e-06_9.94945675966092e-06_9.94945675966092e-06_9.94945675966092e-06
1016,18283,7-4-4-2-1,6.21841047478808e-06_6.21841047478808e-06_6.21841047478808e-06_6.21841047478808e-06_6.21841047478808e-06
1016,18284,128-7-4-2-1,4.35288733235165e-06_4.35288733235165e-06_4.35288733235165e-06_4.35288733235165e-06_4.35288733235165e-06
1016,18285,45-5-5-1-1,5.59656942730927e-06_5.59656942730927e-06_5.59656942730927e-06_5.59656942730927e-06_5.59656942730927e-06
1016,18286,199-19-9-2-1,4.10415091336013e-05_4.10415091336013e-05_4.10415091336013e-05_4.10415091336013e-05_4.10415091336013e-05
1016,18287,6-6-6-2-1,7.95956540772874e-05_7.95956540772874e-05_7.95956540772874e-05_7.95956540772874e-05_7.95956540772874e-05
1016,18288,159-4-4-2-1,1.67897082819278e-05_1.67897082819278e-05_1.67897082819278e-05_1.67897082819278e-05_1.67897082819278e-05
1016,18289,163-43-4-2-1,4.97472837983046e-06_4.97472837983046e-06_4.97472837983046e-06_4.97472837983046e-06_4.97472837983046e-06
1016,18290,203-11-4-2-1,1.36805030445338e-05_1.36805030445338e-05_1.36805030445338e-05_1.36805030445338e-05_1.36805030445338e-05
1016,18291,205-12-8-1-1,1.11931388546185e-05_1.11931388546185e-05_1.11931388546185e-05_1.11931388546185e-05_1.11931388546185e-05
1016,18292,203-11-4-2-1,5.1612806940741e-05_5.1612806940741e-05_5.1612806940741e-05_5.1612806940741e-05_5.1612806940741e-05
1016,18293,66-29-2-2-1,3.73104628487285e-06_3.73104628487285e-06_3.73104628487285e-06_3.73104628487285e-06_3.73104628487285e-06
1016,18294,230-14-4-2-1,2.36299598041947e-05_2.36299598041947e-05_2.36299598041947e-05_2.36299598041947e-05_2.36299598041947e-05
1016,18295,148-29-2-2-1,1.05712978071397e-05_1.05712978071397e-05_1.05712978071397e-05_1.05712978071397e-05_1.05712978071397e-05
1016,18296,227-41-9-2-1,7.46209256974569e-06_7.46209256974569e-06_7.46209256974569e-06_7.46209256974569e-06_7.46209256974569e-06
1016,18297,139-43-4-2-1,5.22346479882198e-05_5.22346479882198e-05_5.22346479882198e-05_5.22346479882198e-05_5.22346479882198e-05
1016,18298,138-23-8-1-1,9.32761571218212e-06_9.32761571218212e-06_9.32761571218212e-06_9.32761571218212e-06_9.32761571218212e-06
1016,18299,119-6-6-2-1,1.49241851394914e-05_1.49241851394914e-05_1.49241851394914e-05_1.49241851394914e-05_1.49241851394914e-05
1016,18300,122-16-2-2-1,9.32761571218212e-06_9.32761571218212e-06_9.32761571218212e-06_9.32761571218212e-06_9.32761571218212e-06
1016,18301,32-18-4-2-1,8.70577466470331e-06_8.70577466470331e-06_8.70577466470331e-06_8.70577466470331e-06_8.70577466470331e-06
1016,18302,98-27-8-1-1,9.32761571218212e-06_9.32761571218212e-06_9.32761571218212e-06_9.32761571218212e-06_9.32761571218212e-06
1016,18303,98-27-8-1-1,3.91759859911649e-05_3.91759859911649e-05_3.91759859911649e-05_3.91759859911649e-05_3.91759859911649e-05
1016,18304,160-30-1-1-1,3.73104628487285e-06_3.73104628487285e-06_3.73104628487285e-06_3.73104628487285e-06_3.73104628487285e-06
1016,18305,172-40-4-2-1,6.84025152226688e-06_6.84025152226688e-06_6.84025152226688e-06_6.84025152226688e-06_6.84025152226688e-06
1016,18306,200-15-9-2-1,1.80333903768854e-05_1.80333903768854e-05_1.80333903768854e-05_1.80333903768854e-05_1.80333903768854e-05
1016,18307,122-16-2-2-1,1.80333903768854e-05_1.80333903768854e-05_1.80333903768854e-05_1.80333903768854e-05_1.80333903768854e-05
1016,18308,196-14-4-2-1,1.6167867234449e-05_1.6167867234449e-05_1.6167867234449e-05_1.6167867234449e-05_1.6167867234449e-05
1016,18309,196-14-4-2-1,9.32761571218212e-06_9.32761571218212e-06_9.32761571218212e-06_9.32761571218212e-06_9.32761571218212e-06
1016,18310,196-14-4-2-1,3.10920523739404e-06_3.10920523739404e-06_3.10920523739404e-06_3.10920523739404e-06_3.10920523739404e-06
1016,18311,75-1-1-1-1,4.91254427508258e-05_4.91254427508258e-05_4.91254427508258e-05_4.91254427508258e-05_4.91254427508258e-05
1016,18312,75-1-1-1-1,3.10920523739404e-06_3.10920523739404e-06_3.10920523739404e-06_3.10920523739404e-06_3.10920523739404e-06
1016,18313,75-1-1-1-1,4.35288733235165e-06_4.35288733235165e-06_4.35288733235165e-06_4.35288733235165e-06_4.35288733235165e-06
1016,18314,122-16-2-2-1,3.17138934214192e-05_3.17138934214192e-05_3.17138934214192e-05_3.17138934214192e-05_3.17138934214192e-05
1016,18315,5-5-5-1-1,1.11931388546185e-05_1.11931388546185e-05_1.11931388546185e-05_1.11931388546185e-05_1.11931388546185e-05
1016,18316,45-5-5-1-1,3.73104628487285e-06_3.73104628487285e-06_3.73104628487285e-06_3.73104628487285e-06_3.73104628487285e-06
1016,18317,133-12-8-1-1,3.10920523739404e-06_3.10920523739404e-06_3.10920523739404e-06_3.10920523739404e-06_3.10920523739404e-06
1016,18318,213-15-9-2-1,9.32761571218212e-06_9.32761571218212e-06_9.32761571218212e-06_9.32761571218212e-06_9.32761571218212e-06
1016,18319,34-19-9-2-1,5.59656942730927e-06_5.59656942730927e-06_5.59656942730927e-06_5.59656942730927e-06_5.59656942730927e-06
1016,18320,161-36-10-1-1,2.42518008516735e-05_2.42518008516735e-05_2.42518008516735e-05_2.42518008516735e-05_2.42518008516735e-05
1016,18321,149-16-2-2-1,3.73104628487285e-06_3.73104628487285e-06_3.73104628487285e-06_3.73104628487285e-06_3.73104628487285e-06
1016,18322,194-31-9-2-1,7.46209256974569e-06_7.46209256974569e-06_7.46209256974569e-06_7.46209256974569e-06_7.46209256974569e-06
1016,18324,93-16-2-2-1,2.17644366617583e-05_2.17644366617583e-05_2.17644366617583e-05_2.17644366617583e-05_2.17644366617583e-05
1016,18325,117-27-8-1-1,5.41001711306563e-05_5.41001711306563e-05_5.41001711306563e-05_5.41001711306563e-05_5.41001711306563e-05
1016,18326,196-14-4-2-1,7.46209256974569e-06_7.46209256974569e-06_7.46209256974569e-06_7.46209256974569e-06_7.46209256974569e-06
1016,18327,76-4-4-2-1,7.46209256974569e-06_7.46209256974569e-06_7.46209256974569e-06_7.46209256974569e-06_7.46209256974569e-06
1016,18328,185-41-9-2-1,3.10920523739404e-06_3.10920523739404e-06_3.10920523739404e-06_3.10920523739404e-06_3.10920523739404e-06
1016,18329,37-11-4-2-1,8.0839336172245e-06_8.0839336172245e-06_8.0839336172245e-06_8.0839336172245e-06_8.0839336172245e-06
1016,18330,26-15-9-2-1,3.73104628487285e-06_3.73104628487285e-06_3.73104628487285e-06_3.73104628487285e-06_3.73104628487285e-06
1016,18331,122-16-2-2-1,3.73104628487285e-06_3.73104628487285e-06_3.73104628487285e-06_3.73104628487285e-06_3.73104628487285e-06
1016,18332,57-7-4-2-1,3.10920523739404e-06_3.10920523739404e-06_3.10920523739404e-06_3.10920523739404e-06_3.10920523739404e-06
1016,18333,152-32-10-1-1,3.10920523739404e-06_3.10920523739404e-06_3.10920523739404e-06_3.10920523739404e-06_3.10920523739404e-06
1016,18334,131-13-6-2-1,5.72093763680503e-05_5.72093763680503e-05_5.72093763680503e-05_5.72093763680503e-05_5.72093763680503e-05
1016,18335,163-43-4-2-1,1.74115493294066e-05_1.74115493294066e-05_1.74115493294066e-05_1.74115493294066e-05_1.74115493294066e-05
1016,18336,227-41-9-2-1,5.59656942730927e-06_5.59656942730927e-06_5.59656942730927e-06_5.59656942730927e-06_5.59656942730927e-06
1016,18337,197-30-1-1-1,4.16633501810801e-05_4.16633501810801e-05_4.16633501810801e-05_4.16633501810801e-05_4.16633501810801e-05
1016,18338,70-27-8-1-1,4.35288733235165e-06_4.35288733235165e-06_4.35288733235165e-06_4.35288733235165e-06_4.35288733235165e-06
1016,18339,127-30-1-1-1,3.10920523739404e-06_3.10920523739404e-06_3.10920523739404e-06_3.10920523739404e-06_3.10920523739404e-06
1016,18340,175-20-9-2-1,9.94945675966092e-06_9.94945675966092e-06_9.94945675966092e-06_9.94945675966092e-06_9.94945675966092e-06
1016,18341,188-14-4-2-1,1.05712978071397e-05_1.05712978071397e-05_1.05712978071397e-05_1.05712978071397e-05_1.05712978071397e-05
1016,18342,55-22-8-1-1,1.67897082819278e-05_1.67897082819278e-05_1.67897082819278e-05_1.67897082819278e-05_1.67897082819278e-05
1016,18343,25-10-2-2-1,1.05712978071397e-05_1.05712978071397e-05_1.05712978071397e-05_1.05712978071397e-05_1.05712978071397e-05
1016,18344,8-7-4-2-1,3.73104628487285e-06_3.73104628487285e-06_3.73104628487285e-06_3.73104628487285e-06_3.73104628487285e-06
1016,18345,167-18-4-2-1,6.21841047478808e-06_6.21841047478808e-06_6.21841047478808e-06_6.21841047478808e-06_6.21841047478808e-06
1016,18346,216-19-9-2-1,0.000111931388546185_0.000111931388546185_0.000111931388546185_0.000111931388546185_0.000111931388546185
1016,18348,74-31-9-2-1,1.18149799020973e-05_1.18149799020973e-05_1.18149799020973e-05_1.18149799020973e-05_1.18149799020973e-05
1016,18349,4-4-4-2-1,4.97472837983046e-06_4.97472837983046e-06_4.97472837983046e-06_4.97472837983046e-06_4.97472837983046e-06
1016,18350,8-7-4-2-1,3.10920523739404e-06_3.10920523739404e-06_3.10920523739404e-06_3.10920523739404e-06_3.10920523739404e-06
1016,18351,167-18-4-2-1,3.10920523739404e-06_3.10920523739404e-06_3.10920523739404e-06_3.10920523739404e-06_3.10920523739404e-06
1016,18352,112-14-4-2-1,8.0839336172245e-06_8.0839336172245e-06_8.0839336172245e-06_8.0839336172245e-06_8.0839336172245e-06
1016,18353,112-14-4-2-1,3.73104628487285e-06_3.73104628487285e-06_3.73104628487285e-06_3.73104628487285e-06_3.73104628487285e-06
1016,18354,18-12-8-1-1,6.21841047478808e-06_6.21841047478808e-06_6.21841047478808e-06_6.21841047478808e-06_6.21841047478808e-06
1016,18355,147-11-4-2-1,4.35288733235165e-06_4.35288733235165e-06_4.35288733235165e-06_4.35288733235165e-06_4.35288733235165e-06
1016,18356,191-37-4-2-1,5.34783300831775e-05_5.34783300831775e-05_5.34783300831775e-05_5.34783300831775e-05_5.34783300831775e-05
1016,18357,26-15-9-2-1,1.86552314243642e-06_1.86552314243642e-06_1.86552314243642e-06_1.86552314243642e-06_1.86552314243642e-06
1016,18358,185-41-9-2-1,3.10920523739404e-06_3.10920523739404e-06_3.10920523739404e-06_3.10920523739404e-06_3.10920523739404e-06
1016,18359,74-31-9-2-1,6.28059457953596e-05_6.28059457953596e-05_6.28059457953596e-05_6.28059457953596e-05_6.28059457953596e-05
1016,18360,185-41-9-2-1,7.46209256974569e-06_7.46209256974569e-06_7.46209256974569e-06_7.46209256974569e-06_7.46209256974569e-06
1016,18361,47-22-8-1-1,5.84530584630079e-05_5.84530584630079e-05_5.84530584630079e-05_5.84530584630079e-05_5.84530584630079e-05
1016,18362,47-22-8-1-1,3.73104628487285e-06_3.73104628487285e-06_3.73104628487285e-06_3.73104628487285e-06_3.73104628487285e-06
1016,18363,201-17-10-1-1,3.5444939706292e-05_3.5444939706292e-05_3.5444939706292e-05_3.5444939706292e-05_3.5444939706292e-05
1016,18364,122-16-2-2-1,3.73104628487285e-06_3.73104628487285e-06_3.73104628487285e-06_3.73104628487285e-06_3.73104628487285e-06
1016,18365,152-32-10-1-1,7.46209256974569e-06_7.46209256974569e-06_7.46209256974569e-06_7.46209256974569e-06_7.46209256974569e-06
1016,18366,4-4-4-2-1,4.97472837983046e-06_4.97472837983046e-06_4.97472837983046e-06_4.97472837983046e-06_4.97472837983046e-06
1016,18367,138-23-8-1-1,7.46209256974569e-06_7.46209256974569e-06_7.46209256974569e-06_7.46209256974569e-06_7.46209256974569e-06
1016,18368,91-33-5-1-1,8.0839336172245e-06_8.0839336172245e-06_8.0839336172245e-06_8.0839336172245e-06_8.0839336172245e-06
1016,18369,151-19-9-2-1,2.9226529231504e-05_2.9226529231504e-05_2.9226529231504e-05_2.9226529231504e-05_2.9226529231504e-05
1016,18370,98-27-8-1-1,0.000146754487204999_0.000146754487204999_0.000146754487204999_0.000146754487204999_0.000146754487204999
1016,18371,6-6-6-2-1,4.91254427508258e-05_4.91254427508258e-05_4.91254427508258e-05_4.91254427508258e-05_4.91254427508258e-05
1016,18372,83-33-5-1-1,1.36805030445338e-05_1.36805030445338e-05_1.36805030445338e-05_1.36805030445338e-05_1.36805030445338e-05
1016,18373,98-27-8-1-1,3.48230986588132e-05_3.48230986588132e-05_3.48230986588132e-05_3.48230986588132e-05_3.48230986588132e-05
1016,18374,39-22-8-1-1,1.18149799020973e-05_1.18149799020973e-05_1.18149799020973e-05_1.18149799020973e-05_1.18149799020973e-05
1016,18375,76-4-4-2-1,1.05712978071397e-05_1.05712978071397e-05_1.05712978071397e-05_1.05712978071397e-05_1.05712978071397e-05
1016,18376,8-7-4-2-1,4.97472837983046e-06_4.97472837983046e-06_4.97472837983046e-06_4.97472837983046e-06_4.97472837983046e-06
1016,18377,70-27-8-1-1,6.21841047478808e-06_6.21841047478808e-06_6.21841047478808e-06_6.21841047478808e-06_6.21841047478808e-06
1016,18378,25-10-2-2-1,4.35288733235165e-06_4.35288733235165e-06_4.35288733235165e-06_4.35288733235165e-06_4.35288733235165e-06
1016,18379,83-33-5-1-1,8.70577466470331e-06_8.70577466470331e-06_8.70577466470331e-06_8.70577466470331e-06_8.70577466470331e-06
1016,18380,109-28-5-1-1,2.48736418991523e-06_2.48736418991523e-06_2.48736418991523e-06_2.48736418991523e-06_2.48736418991523e-06
1016,18381,188-14-4-2-1,3.73104628487285e-06_3.73104628487285e-06_3.73104628487285e-06_3.73104628487285e-06_3.73104628487285e-06
1016,18382,147-11-4-2-1,4.97472837983046e-06_4.97472837983046e-06_4.97472837983046e-06_4.97472837983046e-06_4.97472837983046e-06
1016,18383,16-10-2-2-1,3.97978270386437e-05_3.97978270386437e-05_3.97978270386437e-05_3.97978270386437e-05_3.97978270386437e-05
1016,18384,122-16-2-2-1,1.18149799020973e-05_1.18149799020973e-05_1.18149799020973e-05_1.18149799020973e-05_1.18149799020973e-05
1016,18385,142-42-12-1-1,6.21841047478808e-05_6.21841047478808e-05_6.21841047478808e-05_6.21841047478808e-05_6.21841047478808e-05
1016,18386,211-45-10-1-1,0.00468495045170534_0.00468495045170534_0.00468495045170534_0.00468495045170534_0.00468495045170534
1016,18387,47-22-8-1-1,4.35288733235165e-06_4.35288733235165e-06_4.35288733235165e-06_4.35288733235165e-06_4.35288733235165e-06
1016,18388,132-42-12-1-1,3.10920523739404e-06_3.10920523739404e-06_3.10920523739404e-06_3.10920523739404e-06_3.10920523739404e-06
1016,18389,200-15-9-2-1,6.40496278903172e-05_6.40496278903172e-05_6.40496278903172e-05_6.40496278903172e-05_6.40496278903172e-05
1016,18390,142-42-12-1-1,3.10920523739404e-06_3.10920523739404e-06_3.10920523739404e-06_3.10920523739404e-06_3.10920523739404e-06
1016,18391,140-42-12-1-1,8.0839336172245e-06_8.0839336172245e-06_8.0839336172245e-06_8.0839336172245e-06_8.0839336172245e-06
1016,18392,142-42-12-1-1,6.21841047478808e-06_6.21841047478808e-06_6.21841047478808e-06_6.21841047478808e-06_6.21841047478808e-06
1016,18393,142-42-12-1-1,4.35288733235165e-06_4.35288733235165e-06_4.35288733235165e-06_4.35288733235165e-06_4.35288733235165e-06
1016,18394,142-42-12-1-1,3.73104628487285e-06_3.73104628487285e-06_3.73104628487285e-06_3.73104628487285e-06_3.73104628487285e-06
1016,18395,126-29-2-2-1,1.67897082819278e-05_1.67897082819278e-05_1.67897082819278e-05_1.67897082819278e-05_1.67897082819278e-05
1016,18396,16-10-2-2-1,1.18149799020973e-05_1.18149799020973e-05_1.18149799020973e-05_1.18149799020973e-05_1.18149799020973e-05
1016,18397,110-3-3-1-1,5.65875353205715e-05_5.65875353205715e-05_5.65875353205715e-05_5.65875353205715e-05_5.65875353205715e-05
1016,18398,142-42-12-1-1,3.10920523739404e-06_3.10920523739404e-06_3.10920523739404e-06_3.10920523739404e-06_3.10920523739404e-06
1016,18399,132-42-12-1-1,8.0839336172245e-06_8.0839336172245e-06_8.0839336172245e-06_8.0839336172245e-06_8.0839336172245e-06
1016,18400,140-42-12-1-1,3.10920523739404e-06_3.10920523739404e-06_3.10920523739404e-06_3.10920523739404e-06_3.10920523739404e-06
1016,18401,51-22-8-1-1,3.73104628487285e-06_3.73104628487285e-06_3.73104628487285e-06_3.73104628487285e-06_3.73104628487285e-06
1016,18402,67-2-2-2-1,1.18149799020973e-05_1.18149799020973e-05_1.18149799020973e-05_1.18149799020973e-05_1.18149799020973e-05
1016,18403,8-7-4-2-1,7.46209256974569e-06_7.46209256974569e-06_7.46209256974569e-06_7.46209256974569e-06_7.46209256974569e-06
1016,18404,153-18-4-2-1,9.32761571218212e-06_9.32761571218212e-06_9.32761571218212e-06_9.32761571218212e-06_9.32761571218212e-06
1016,18405,185-41-9-2-1,4.35288733235165e-06_4.35288733235165e-06_4.35288733235165e-06_4.35288733235165e-06_4.35288733235165e-06
1016,18406,227-41-9-2-1,1.43023440920126e-05_1.43023440920126e-05_1.43023440920126e-05_1.43023440920126e-05_1.43023440920126e-05
1016,18407,235-34-11-1-1,2.42518008516735e-05_2.42518008516735e-05_2.42518008516735e-05_2.42518008516735e-05_2.42518008516735e-05
1016,18408,5-5-5-1-1,1.11931388546185e-05_1.11931388546185e-05_1.11931388546185e-05_1.11931388546185e-05_1.11931388546185e-05
1016,18409,45-5-5-1-1,4.97472837983046e-06_4.97472837983046e-06_4.97472837983046e-06_4.97472837983046e-06_4.97472837983046e-06
1016,18410,45-5-5-1-1,0.000249358260039002_0.000249358260039002_0.000249358260039002_0.000249358260039002_0.000249358260039002
1016,18411,1-1-1-1-1,8.70577466470331e-06_8.70577466470331e-06_8.70577466470331e-06_8.70577466470331e-06_8.70577466470331e-06
1016,18412,37-11-4-2-1,3.73104628487285e-06_3.73104628487285e-06_3.73104628487285e-06_3.73104628487285e-06_3.73104628487285e-06
1016,18413,200-15-9-2-1,5.59656942730927e-06_5.59656942730927e-06_5.59656942730927e-06_5.59656942730927e-06_5.59656942730927e-06
1016,18414,118-36-10-1-1,3.10920523739404e-06_3.10920523739404e-06_3.10920523739404e-06_3.10920523739404e-06_3.10920523739404e-06
1016,18415,102-13-6-2-1,1.43023440920126e-05_1.43023440920126e-05_1.43023440920126e-05_1.43023440920126e-05_1.43023440920126e-05
1016,18416,152-32-10-1-1,5.59656942730927e-06_5.59656942730927e-06_5.59656942730927e-06_5.59656942730927e-06_5.59656942730927e-06
1016,18417,152-32-10-1-1,3.73104628487285e-06_3.73104628487285e-06_3.73104628487285e-06_3.73104628487285e-06_3.73104628487285e-06
1016,18418,185-41-9-2-1,4.35288733235165e-06_4.35288733235165e-06_4.35288733235165e-06_4.35288733235165e-06_4.35288733235165e-06
1016,18419,151-19-9-2-1,2.17644366617583e-05_2.17644366617583e-05_2.17644366617583e-05_2.17644366617583e-05_2.17644366617583e-05
1016,18420,55-22-8-1-1,3.10920523739404e-06_3.10920523739404e-06_3.10920523739404e-06_3.10920523739404e-06_3.10920523739404e-06
1016,18421,89-13-6-2-1,0.000501203884267919_0.000501203884267919_0.000501203884267919_0.000501203884267919_0.000501203884267919
1016,18422,167-18-4-2-1,4.35288733235165e-06_4.35288733235165e-06_4.35288733235165e-06_4.35288733235165e-06_4.35288733235165e-06
1016,18423,167-18-4-2-1,4.97472837983046e-06_4.97472837983046e-06_4.97472837983046e-06_4.97472837983046e-06_4.97472837983046e-06
1016,18424,64-28-5-1-1,0.000141157917777689_0.000141157917777689_0.000141157917777689_0.000141157917777689_0.000141157917777689
1016,18425,142-42-12-1-1,3.10920523739404e-06_3.10920523739404e-06_3.10920523739404e-06_3.10920523739404e-06_3.10920523739404e-06
1016,18426,1-1-1-1-1,8.0839336172245e-06_8.0839336172245e-06_8.0839336172245e-06_8.0839336172245e-06_8.0839336172245e-06
1016,18427,188-14-4-2-1,1.36805030445338e-05_1.36805030445338e-05_1.36805030445338e-05_1.36805030445338e-05_1.36805030445338e-05
1016,18428,161-36-10-1-1,3.10920523739404e-06_3.10920523739404e-06_3.10920523739404e-06_3.10920523739404e-06_3.10920523739404e-06
1016,18429,188-14-4-2-1,1.43023440920126e-05_1.43023440920126e-05_1.43023440920126e-05_1.43023440920126e-05_1.43023440920126e-05
1016,18430,188-14-4-2-1,6.84025152226688e-06_6.84025152226688e-06_6.84025152226688e-06_6.84025152226688e-06_6.84025152226688e-06
1016,18431,188-14-4-2-1,1.11931388546185e-05_1.11931388546185e-05_1.11931388546185e-05_1.11931388546185e-05_1.11931388546185e-05
1016,18432,121-39-11-1-1,3.73104628487285e-06_3.73104628487285e-06_3.73104628487285e-06_3.73104628487285e-06_3.73104628487285e-06
1016,18433,188-14-4-2-1,3.10920523739404e-06_3.10920523739404e-06_3.10920523739404e-06_3.10920523739404e-06_3.10920523739404e-06
1016,18434,188-14-4-2-1,4.97472837983046e-06_4.97472837983046e-06_4.97472837983046e-06_4.97472837983046e-06_4.97472837983046e-06
1016,18435,188-14-4-2-1,3.73104628487285e-06_3.73104628487285e-06_3.73104628487285e-06_3.73104628487285e-06_3.73104628487285e-06
1016,18436,16-10-2-2-1,3.66886218012497e-05_3.66886218012497e-05_3.66886218012497e-05_3.66886218012497e-05_3.66886218012497e-05
1016,18437,190-20-9-2-1,1.24368209495762e-05_1.24368209495762e-05_1.24368209495762e-05_1.24368209495762e-05_1.24368209495762e-05
1016,18438,122-16-2-2-1,3.10920523739404e-06_3.10920523739404e-06_3.10920523739404e-06_3.10920523739404e-06_3.10920523739404e-06
1016,18439,192-19-9-2-1,0.000223240936044892_0.000223240936044892_0.000223240936044892_0.000223240936044892_0.000223240936044892
1016,18440,110-3-3-1-1,5.34783300831775e-05_5.34783300831775e-05_5.34783300831775e-05_5.34783300831775e-05_5.34783300831775e-05
1016,18441,25-10-2-2-1,1.49241851394914e-05_1.49241851394914e-05_1.49241851394914e-05_1.49241851394914e-05_1.49241851394914e-05
1016,18442,226-32-10-1-1,9.32761571218212e-06_9.32761571218212e-06_9.32761571218212e-06_9.32761571218212e-06_9.32761571218212e-06
1016,18443,4-4-4-2-1,1.80333903768854e-05_1.80333903768854e-05_1.80333903768854e-05_1.80333903768854e-05_1.80333903768854e-05
1016,18444,8-7-4-2-1,3.10920523739404e-06_3.10920523739404e-06_3.10920523739404e-06_3.10920523739404e-06_3.10920523739404e-06
1016,18445,74-31-9-2-1,6.21841047478808e-06_6.21841047478808e-06_6.21841047478808e-06_6.21841047478808e-06_6.21841047478808e-06
1016,18446,142-42-12-1-1,7.46209256974569e-06_7.46209256974569e-06_7.46209256974569e-06_7.46209256974569e-06_7.46209256974569e-06
1016,18447,180-40-4-2-1,5.59656942730927e-06_5.59656942730927e-06_5.59656942730927e-06_5.59656942730927e-06_5.59656942730927e-06
1016,18448,196-14-4-2-1,5.59656942730927e-06_5.59656942730927e-06_5.59656942730927e-06_5.59656942730927e-06_5.59656942730927e-06
1016,18449,159-4-4-2-1,2.23862777092371e-05_2.23862777092371e-05_2.23862777092371e-05_2.23862777092371e-05_2.23862777092371e-05
1016,18450,185-41-9-2-1,5.59656942730927e-06_5.59656942730927e-06_5.59656942730927e-06_5.59656942730927e-06_5.59656942730927e-06
1016,18452,8-7-4-2-1,5.59656942730927e-06_5.59656942730927e-06_5.59656942730927e-06_5.59656942730927e-06_5.59656942730927e-06
1016,18453,34-19-9-2-1,6.84025152226688e-06_6.84025152226688e-06_6.84025152226688e-06_6.84025152226688e-06_6.84025152226688e-06
1016,18454,140-42-12-1-1,9.94945675966092e-06_9.94945675966092e-06_9.94945675966092e-06_9.94945675966092e-06_9.94945675966092e-06
1016,18455,237-44-12-1-1,7.46209256974569e-06_7.46209256974569e-06_7.46209256974569e-06_7.46209256974569e-06_7.46209256974569e-06
1016,18456,47-22-8-1-1,5.59656942730927e-06_5.59656942730927e-06_5.59656942730927e-06_5.59656942730927e-06_5.59656942730927e-06
1016,18457,166-18-4-2-1,1.98989135193218e-05_1.98989135193218e-05_1.98989135193218e-05_1.98989135193218e-05_1.98989135193218e-05
1016,18458,185-41-9-2-1,1.74115493294066e-05_1.74115493294066e-05_1.74115493294066e-05_1.74115493294066e-05_1.74115493294066e-05
1016,18459,49-22-8-1-1,0.000134939507302901_0.000134939507302901_0.000134939507302901_0.000134939507302901_0.000134939507302901
1016,18460,49-22-8-1-1,3.10920523739404e-06_3.10920523739404e-06_3.10920523739404e-06_3.10920523739404e-06_3.10920523739404e-06
1016,18461,156-37-4-2-1,3.10920523739404e-06_3.10920523739404e-06_3.10920523739404e-06_3.10920523739404e-06_3.10920523739404e-06
1016,18462,169-32-10-1-1,7.27554025550205e-05_7.27554025550205e-05_7.27554025550205e-05_7.27554025550205e-05_7.27554025550205e-05
1016,18463,194-31-9-2-1,6.84025152226688e-06_6.84025152226688e-06_6.84025152226688e-06_6.84025152226688e-06_6.84025152226688e-06
1016,18464,150-30-1-1-1,3.35794165638556e-05_3.35794165638556e-05_3.35794165638556e-05_3.35794165638556e-05_3.35794165638556e-05
1016,18465,218-7-4-2-1,2.61173239941099e-05_2.61173239941099e-05_2.61173239941099e-05_2.61173239941099e-05_2.61173239941099e-05
1016,18466,191-37-4-2-1,4.97472837983046e-06_4.97472837983046e-06_4.97472837983046e-06_4.97472837983046e-06_4.97472837983046e-06
1016,18467,6-6-6-2-1,2.48736418991523e-05_2.48736418991523e-05_2.48736418991523e-05_2.48736418991523e-05_2.48736418991523e-05
1016,18468,112-14-4-2-1,6.84025152226688e-06_6.84025152226688e-06_6.84025152226688e-06_6.84025152226688e-06_6.84025152226688e-06
1016,18469,112-14-4-2-1,1.05712978071397e-05_1.05712978071397e-05_1.05712978071397e-05_1.05712978071397e-05_1.05712978071397e-05
1016,18470,127-30-1-1-1,1.80333903768854e-05_1.80333903768854e-05_1.80333903768854e-05_1.80333903768854e-05_1.80333903768854e-05
1016,18471,127-30-1-1-1,1.18149799020973e-05_1.18149799020973e-05_1.18149799020973e-05_1.18149799020973e-05_1.18149799020973e-05
1016,18472,127-30-1-1-1,6.84025152226688e-06_6.84025152226688e-06_6.84025152226688e-06_6.84025152226688e-06_6.84025152226688e-06
1016,18473,127-30-1-1-1,9.32761571218212e-06_9.32761571218212e-06_9.32761571218212e-06_9.32761571218212e-06_9.32761571218212e-06
1016,18474,163-43-4-2-1,6.84025152226688e-06_6.84025152226688e-06_6.84025152226688e-06_6.84025152226688e-06_6.84025152226688e-06
1016,18475,140-42-12-1-1,2.61173239941099e-05_2.61173239941099e-05_2.61173239941099e-05_2.61173239941099e-05_2.61173239941099e-05
1016,18476,80-11-4-2-1,4.35288733235165e-06_4.35288733235165e-06_4.35288733235165e-06_4.35288733235165e-06_4.35288733235165e-06
1016,18477,151-19-9-2-1,8.02174951247662e-05_8.02174951247662e-05_8.02174951247662e-05_8.02174951247662e-05_8.02174951247662e-05
1016,18478,159-4-4-2-1,2.36299598041947e-05_2.36299598041947e-05_2.36299598041947e-05_2.36299598041947e-05_2.36299598041947e-05
1016,18479,34-19-9-2-1,6.84025152226688e-06_6.84025152226688e-06_6.84025152226688e-06_6.84025152226688e-06_6.84025152226688e-06
1016,18480,8-7-4-2-1,8.70577466470331e-06_8.70577466470331e-06_8.70577466470331e-06_8.70577466470331e-06_8.70577466470331e-06
1016,18481,75-1-1-1-1,8.70577466470331e-06_8.70577466470331e-06_8.70577466470331e-06_8.70577466470331e-06_8.70577466470331e-06
1016,18482,108-13-6-2-1,0.000289156087077646_0.000289156087077646_0.000289156087077646_0.000289156087077646_0.000289156087077646
1016,18483,13-6-6-2-1,0.000821452023719505_0.000821452023719505_0.000821452023719505_0.000821452023719505_0.000821452023719505
1016,18484,213-15-9-2-1,1.05712978071397e-05_1.05712978071397e-05_1.05712978071397e-05_1.05712978071397e-05_1.05712978071397e-05
1016,18485,114-40-4-2-1,2.61173239941099e-05_2.61173239941099e-05_2.61173239941099e-05_2.61173239941099e-05_2.61173239941099e-05
1016,18486,225-31-9-2-1,1.36805030445338e-05_1.36805030445338e-05_1.36805030445338e-05_1.36805030445338e-05_1.36805030445338e-05
1016,18487,203-11-4-2-1,6.84025152226688e-06_6.84025152226688e-06_6.84025152226688e-06_6.84025152226688e-06_6.84025152226688e-06
1016,18488,32-18-4-2-1,3.10920523739404e-06_3.10920523739404e-06_3.10920523739404e-06_3.10920523739404e-06_3.10920523739404e-06
1016,18489,178-44-12-1-1,0.000518615433597326_0.000518615433597326_0.000518615433597326_0.000518615433597326_0.000518615433597326
1016,18490,8-7-4-2-1,3.10920523739404e-06_3.10920523739404e-06_3.10920523739404e-06_3.10920523739404e-06_3.10920523739404e-06
1016,18491,217-30-1-1-1,0.000100116408644088_0.000100116408644088_0.000100116408644088_0.000100116408644088_0.000100116408644088
1016,18492,178-44-12-1-1,7.46209256974569e-06_7.46209256974569e-06_7.46209256974569e-06_7.46209256974569e-06_7.46209256974569e-06
1016,18493,174-15-9-2-1,3.10920523739404e-06_3.10920523739404e-06_3.10920523739404e-06_3.10920523739404e-06_3.10920523739404e-06
1016,18494,172-40-4-2-1,4.35288733235165e-06_4.35288733235165e-06_4.35288733235165e-06_4.35288733235165e-06_4.35288733235165e-06
1016,18495,131-13-6-2-1,0.000427204799617941_0.000427204799617941_0.000427204799617941_0.000427204799617941_0.000427204799617941
1016,18496,184-31-9-2-1,3.73104628487285e-05_3.73104628487285e-05_3.73104628487285e-05_3.73104628487285e-05_3.73104628487285e-05
1016,18497,133-12-8-1-1,3.10920523739404e-06_3.10920523739404e-06_3.10920523739404e-06_3.10920523739404e-06_3.10920523739404e-06
1016,18498,197-30-1-1-1,8.45703824571178e-05_8.45703824571178e-05_8.45703824571178e-05_8.45703824571178e-05_8.45703824571178e-05
1016,18499,185-41-9-2-1,5.59656942730927e-06_5.59656942730927e-06_5.59656942730927e-06_5.59656942730927e-06_5.59656942730927e-06
1016,18500,153-18-4-2-1,8.0839336172245e-06_8.0839336172245e-06_8.0839336172245e-06_8.0839336172245e-06_8.0839336172245e-06
1016,18501,57-7-4-2-1,3.73104628487285e-06_3.73104628487285e-06_3.73104628487285e-06_3.73104628487285e-06_3.73104628487285e-06
1016,18502,8-7-4-2-1,3.73104628487285e-06_3.73104628487285e-06_3.73104628487285e-06_3.73104628487285e-06_3.73104628487285e-06
1016,18503,142-42-12-1-1,6.21841047478808e-06_6.21841047478808e-06_6.21841047478808e-06_6.21841047478808e-06_6.21841047478808e-06
1016,18506,26-15-9-2-1,3.73104628487285e-06_3.73104628487285e-06_3.73104628487285e-06_3.73104628487285e-06_3.73104628487285e-06
1016,18507,8-7-4-2-1,8.70577466470331e-06_8.70577466470331e-06_8.70577466470331e-06_8.70577466470331e-06_8.70577466470331e-06
1016,18508,216-19-9-2-1,4.35288733235165e-06_4.35288733235165e-06_4.35288733235165e-06_4.35288733235165e-06_4.35288733235165e-06
1016,18509,172-40-4-2-1,6.84025152226688e-06_6.84025152226688e-06_6.84025152226688e-06_6.84025152226688e-06_6.84025152226688e-06
1016,18510,216-19-9-2-1,3.73104628487285e-06_3.73104628487285e-06_3.73104628487285e-06_3.73104628487285e-06_3.73104628487285e-06
1016,18511,185-41-9-2-1,2.48736418991523e-06_2.48736418991523e-06_2.48736418991523e-06_2.48736418991523e-06_2.48736418991523e-06
1016,18512,171-18-4-2-1,6.84025152226688e-06_6.84025152226688e-06_6.84025152226688e-06_6.84025152226688e-06_6.84025152226688e-06
1016,18513,153-18-4-2-1,4.35288733235165e-06_4.35288733235165e-06_4.35288733235165e-06_4.35288733235165e-06_4.35288733235165e-06
1016,18514,83-33-5-1-1,8.70577466470331e-06_8.70577466470331e-06_8.70577466470331e-06_8.70577466470331e-06_8.70577466470331e-06
1016,18515,8-7-4-2-1,3.42012576113344e-05_3.42012576113344e-05_3.42012576113344e-05_3.42012576113344e-05_3.42012576113344e-05
1016,18516,171-18-4-2-1,9.94945675966092e-06_9.94945675966092e-06_9.94945675966092e-06_9.94945675966092e-06_9.94945675966092e-06
1016,18517,114-40-4-2-1,3.10920523739404e-06_3.10920523739404e-06_3.10920523739404e-06_3.10920523739404e-06_3.10920523739404e-06
1016,18518,235-34-11-1-1,2.48736418991523e-06_2.48736418991523e-06_2.48736418991523e-06_2.48736418991523e-06_2.48736418991523e-06
1016,18521,106-39-11-1-1,0.000174737334341545_0.000174737334341545_0.000174737334341545_0.000174737334341545_0.000174737334341545
1016,18522,149-16-2-2-1,4.97472837983046e-06_4.97472837983046e-06_4.97472837983046e-06_4.97472837983046e-06_4.97472837983046e-06
1016,18523,181-40-4-2-1,4.04196680861225e-05_4.04196680861225e-05_4.04196680861225e-05_4.04196680861225e-05_4.04196680861225e-05
1016,18524,204-35-4-2-1,1.18149799020973e-05_1.18149799020973e-05_1.18149799020973e-05_1.18149799020973e-05_1.18149799020973e-05
1016,18525,70-27-8-1-1,1.3058661997055e-05_1.3058661997055e-05_1.3058661997055e-05_1.3058661997055e-05_1.3058661997055e-05
1016,18526,7-4-4-2-1,7.46209256974569e-06_7.46209256974569e-06_7.46209256974569e-06_7.46209256974569e-06_7.46209256974569e-06
1016,18527,88-35-4-2-1,4.47725554184741e-05_4.47725554184741e-05_4.47725554184741e-05_4.47725554184741e-05_4.47725554184741e-05
1016,18528,202-37-4-2-1,4.91254427508258e-05_4.91254427508258e-05_4.91254427508258e-05_4.91254427508258e-05_4.91254427508258e-05
1016,18529,142-42-12-1-1,4.35288733235165e-06_4.35288733235165e-06_4.35288733235165e-06_4.35288733235165e-06_4.35288733235165e-06
1016,18530,138-23-8-1-1,2.11425956142795e-05_2.11425956142795e-05_2.11425956142795e-05_2.11425956142795e-05_2.11425956142795e-05
1016,18531,172-40-4-2-1,8.14611772197238e-05_8.14611772197238e-05_8.14611772197238e-05_8.14611772197238e-05_8.14611772197238e-05
1016,18532,103-13-6-2-1,2.36299598041947e-05_2.36299598041947e-05_2.36299598041947e-05_2.36299598041947e-05_2.36299598041947e-05
1016,18533,159-4-4-2-1,2.17644366617583e-05_2.17644366617583e-05_2.17644366617583e-05_2.17644366617583e-05_2.17644366617583e-05
1016,18534,69-29-2-2-1,1.43023440920126e-05_1.43023440920126e-05_1.43023440920126e-05_1.43023440920126e-05_1.43023440920126e-05
1016,18535,68-30-1-1-1,2.11425956142795e-05_2.11425956142795e-05_2.11425956142795e-05_2.11425956142795e-05_2.11425956142795e-05
1016,18536,132-42-12-1-1,6.21841047478808e-06_6.21841047478808e-06_6.21841047478808e-06_6.21841047478808e-06_6.21841047478808e-06
1016,18537,177-7-4-2-1,3.73104628487285e-06_3.73104628487285e-06_3.73104628487285e-06_3.73104628487285e-06_3.73104628487285e-06
1016,18538,171-18-4-2-1,1.05712978071397e-05_1.05712978071397e-05_1.05712978071397e-05_1.05712978071397e-05_1.05712978071397e-05
1016,18539,222-35-4-2-1,4.41507143709953e-05_4.41507143709953e-05_4.41507143709953e-05_4.41507143709953e-05_4.41507143709953e-05
1016,18540,17-11-4-2-1,1.6167867234449e-05_1.6167867234449e-05_1.6167867234449e-05_1.6167867234449e-05_1.6167867234449e-05
1016,18541,183-23-8-1-1,4.97472837983046e-06_4.97472837983046e-06_4.97472837983046e-06_4.97472837983046e-06_4.97472837983046e-06
1016,18543,55-22-8-1-1,4.29070322760377e-05_4.29070322760377e-05_4.29070322760377e-05_4.29070322760377e-05_4.29070322760377e-05
1016,18544,66-29-2-2-1,3.73104628487285e-06_3.73104628487285e-06_3.73104628487285e-06_3.73104628487285e-06_3.73104628487285e-06
1016,18545,23-10-2-2-1,1.86552314243642e-05_1.86552314243642e-05_1.86552314243642e-05_1.86552314243642e-05_1.86552314243642e-05
1016,18546,26-15-9-2-1,5.59656942730927e-06_5.59656942730927e-06_5.59656942730927e-06_5.59656942730927e-06_5.59656942730927e-06
1016,18547,216-19-9-2-1,0.000121259004258367_0.000121259004258367_0.000121259004258367_0.000121259004258367_0.000121259004258367
1016,18548,216-19-9-2-1,1.80333903768854e-05_1.80333903768854e-05_1.80333903768854e-05_1.80333903768854e-05_1.80333903768854e-05
1016,18549,122-16-2-2-1,3.10920523739404e-06_3.10920523739404e-06_3.10920523739404e-06_3.10920523739404e-06_3.10920523739404e-06
1016,18550,216-19-9-2-1,3.10920523739404e-06_3.10920523739404e-06_3.10920523739404e-06_3.10920523739404e-06_3.10920523739404e-06
1016,18551,216-19-9-2-1,2.42518008516735e-05_2.42518008516735e-05_2.42518008516735e-05_2.42518008516735e-05_2.42518008516735e-05
1016,18552,201-17-10-1-1,3.79323038962073e-05_3.79323038962073e-05_3.79323038962073e-05_3.79323038962073e-05_3.79323038962073e-05
1016,18553,140-42-12-1-1,7.52427667449357e-05_7.52427667449357e-05_7.52427667449357e-05_7.52427667449357e-05_7.52427667449357e-05
1016,18554,8-7-4-2-1,4.35288733235165e-06_4.35288733235165e-06_4.35288733235165e-06_4.35288733235165e-06_4.35288733235165e-06
1016,18555,116-36-10-1-1,2.9226529231504e-05_2.9226529231504e-05_2.9226529231504e-05_2.9226529231504e-05_2.9226529231504e-05
1016,18556,172-40-4-2-1,4.35288733235165e-06_4.35288733235165e-06_4.35288733235165e-06_4.35288733235165e-06_4.35288733235165e-06
1016,18557,212-41-9-2-1,0.000159191308154575_0.000159191308154575_0.000159191308154575_0.000159191308154575_0.000159191308154575
1016,18558,225-31-9-2-1,4.97472837983046e-06_4.97472837983046e-06_4.97472837983046e-06_4.97472837983046e-06_4.97472837983046e-06
1016,18559,225-31-9-2-1,3.10920523739404e-06_3.10920523739404e-06_3.10920523739404e-06_3.10920523739404e-06_3.10920523739404e-06
1016,18560,225-31-9-2-1,3.48230986588132e-05_3.48230986588132e-05_3.48230986588132e-05_3.48230986588132e-05_3.48230986588132e-05
1016,18561,220-22-8-1-1,4.41507143709953e-05_4.41507143709953e-05_4.41507143709953e-05_4.41507143709953e-05_4.41507143709953e-05
1016,18562,180-40-4-2-1,3.10920523739404e-06_3.10920523739404e-06_3.10920523739404e-06_3.10920523739404e-06_3.10920523739404e-06
1016,18563,213-15-9-2-1,1.3058661997055e-05_1.3058661997055e-05_1.3058661997055e-05_1.3058661997055e-05_1.3058661997055e-05
1016,18564,129-21-4-2-1,0.000264904286225972_0.000264904286225972_0.000264904286225972_0.000264904286225972_0.000264904286225972
1016,18565,196-14-4-2-1,9.32761571218212e-06_9.32761571218212e-06_9.32761571218212e-06_9.32761571218212e-06_9.32761571218212e-06
1016,18566,129-21-4-2-1,7.46209256974569e-06_7.46209256974569e-06_7.46209256974569e-06_7.46209256974569e-06_7.46209256974569e-06
1016,18567,129-21-4-2-1,6.52933099852748e-05_6.52933099852748e-05_6.52933099852748e-05_6.52933099852748e-05_6.52933099852748e-05
1016,18568,237-44-12-1-1,0.000184064950053727_0.000184064950053727_0.000184064950053727_0.000184064950053727_0.000184064950053727
1016,18569,172-40-4-2-1,3.10920523739404e-06_3.10920523739404e-06_3.10920523739404e-06_3.10920523739404e-06_3.10920523739404e-06
1016,18570,8-7-4-2-1,4.97472837983046e-06_4.97472837983046e-06_4.97472837983046e-06_4.97472837983046e-06_4.97472837983046e-06
1016,18571,237-44-12-1-1,2.67391650415887e-05_2.67391650415887e-05_2.67391650415887e-05_2.67391650415887e-05_2.67391650415887e-05
1016,18572,222-35-4-2-1,3.73104628487285e-06_3.73104628487285e-06_3.73104628487285e-06_3.73104628487285e-06_3.73104628487285e-06
1016,18573,63-27-8-1-1,4.35288733235165e-06_4.35288733235165e-06_4.35288733235165e-06_4.35288733235165e-06_4.35288733235165e-06
1016,18575,172-40-4-2-1,5.59656942730927e-06_5.59656942730927e-06_5.59656942730927e-06_5.59656942730927e-06_5.59656942730927e-06
1016,18576,185-41-9-2-1,3.73104628487285e-06_3.73104628487285e-06_3.73104628487285e-06_3.73104628487285e-06_3.73104628487285e-06
1016,18577,227-41-9-2-1,3.73104628487285e-06_3.73104628487285e-06_3.73104628487285e-06_3.73104628487285e-06_3.73104628487285e-06
1016,18578,160-30-1-1-1,3.10920523739404e-06_3.10920523739404e-06_3.10920523739404e-06_3.10920523739404e-06_3.10920523739404e-06
1016,18579,57-7-4-2-1,4.97472837983046e-06_4.97472837983046e-06_4.97472837983046e-06_4.97472837983046e-06_4.97472837983046e-06
1016,18580,174-15-9-2-1,7.46209256974569e-06_7.46209256974569e-06_7.46209256974569e-06_7.46209256974569e-06_7.46209256974569e-06
1016,18581,150-30-1-1-1,4.35288733235165e-06_4.35288733235165e-06_4.35288733235165e-06_4.35288733235165e-06_4.35288733235165e-06
1016,18582,125-30-1-1-1,0.000145510805110041_0.000145510805110041_0.000145510805110041_0.000145510805110041_0.000145510805110041
1016,18583,151-19-9-2-1,3.10920523739404e-06_3.10920523739404e-06_3.10920523739404e-06_3.10920523739404e-06_3.10920523739404e-06
1016,18584,225-31-9-2-1,3.10920523739404e-06_3.10920523739404e-06_3.10920523739404e-06_3.10920523739404e-06_3.10920523739404e-06
1016,18585,225-31-9-2-1,4.35288733235165e-06_4.35288733235165e-06_4.35288733235165e-06_4.35288733235165e-06_4.35288733235165e-06
1016,18586,227-41-9-2-1,8.0839336172245e-06_8.0839336172245e-06_8.0839336172245e-06_8.0839336172245e-06_8.0839336172245e-06
1016,18587,140-42-12-1-1,3.73104628487285e-06_3.73104628487285e-06_3.73104628487285e-06_3.73104628487285e-06_3.73104628487285e-06
1016,18588,17-11-4-2-1,3.10920523739404e-06_3.10920523739404e-06_3.10920523739404e-06_3.10920523739404e-06_3.10920523739404e-06
1016,18590,185-41-9-2-1,3.10920523739404e-06_3.10920523739404e-06_3.10920523739404e-06_3.10920523739404e-06_3.10920523739404e-06
1016,18592,140-42-12-1-1,4.35288733235165e-06_4.35288733235165e-06_4.35288733235165e-06_4.35288733235165e-06_4.35288733235165e-06
1016,18593,201-17-10-1-1,0.000194014406813388_0.000194014406813388_0.000194014406813388_0.000194014406813388_0.000194014406813388
1016,18595,80-11-4-2-1,8.27048593146814e-05_8.27048593146814e-05_8.27048593146814e-05_8.27048593146814e-05_8.27048593146814e-05
1016,18596,220-22-8-1-1,0.000108200342261313_0.000108200342261313_0.000108200342261313_0.000108200342261313_0.000108200342261313
1016,18597,220-22-8-1-1,8.14611772197238e-05_8.14611772197238e-05_8.14611772197238e-05_8.14611772197238e-05_8.14611772197238e-05
1016,18598,37-11-4-2-1,1.05712978071397e-05_1.05712978071397e-05_1.05712978071397e-05_1.05712978071397e-05_1.05712978071397e-05
1016,18599,51-22-8-1-1,0.000121880845305846_0.000121880845305846_0.000121880845305846_0.000121880845305846_0.000121880845305846
1016,18600,226-32-10-1-1,0.000396734588291479_0.000396734588291479_0.000396734588291479_0.000396734588291479_0.000396734588291479
1016,18601,163-43-4-2-1,5.59656942730927e-06_5.59656942730927e-06_5.59656942730927e-06_5.59656942730927e-06_5.59656942730927e-06
1016,18602,226-32-10-1-1,8.95451108369483e-05_8.95451108369483e-05_8.95451108369483e-05_8.95451108369483e-05_8.95451108369483e-05
1016,18603,183-23-8-1-1,2.73610060890675e-05_2.73610060890675e-05_2.73610060890675e-05_2.73610060890675e-05_2.73610060890675e-05
1016,18604,163-43-4-2-1,6.21841047478808e-06_6.21841047478808e-06_6.21841047478808e-06_6.21841047478808e-06_6.21841047478808e-06
1016,18605,44-13-6-2-1,2.79828471365463e-05_2.79828471365463e-05_2.79828471365463e-05_2.79828471365463e-05_2.79828471365463e-05
1016,18606,216-19-9-2-1,5.59656942730927e-06_5.59656942730927e-06_5.59656942730927e-06_5.59656942730927e-06_5.59656942730927e-06
1016,18607,55-22-8-1-1,0.00016167867234449_0.00016167867234449_0.00016167867234449_0.00016167867234449_0.00016167867234449
1016,18609,55-22-8-1-1,4.5394396465953e-05_4.5394396465953e-05_4.5394396465953e-05_4.5394396465953e-05_4.5394396465953e-05
1016,18610,31-6-6-2-1,6.90243562701477e-05_6.90243562701477e-05_6.90243562701477e-05_6.90243562701477e-05_6.90243562701477e-05
1016,18611,133-12-8-1-1,3.91759859911649e-05_3.91759859911649e-05_3.91759859911649e-05_3.91759859911649e-05_3.91759859911649e-05
1016,18612,18-12-8-1-1,7.46209256974569e-06_7.46209256974569e-06_7.46209256974569e-06_7.46209256974569e-06_7.46209256974569e-06
1016,18613,191-37-4-2-1,1.36805030445338e-05_1.36805030445338e-05_1.36805030445338e-05_1.36805030445338e-05_1.36805030445338e-05
1016,18614,80-11-4-2-1,1.86552314243642e-05_1.86552314243642e-05_1.86552314243642e-05_1.86552314243642e-05_1.86552314243642e-05
1016,18615,149-16-2-2-1,4.41507143709953e-05_4.41507143709953e-05_4.41507143709953e-05_4.41507143709953e-05_4.41507143709953e-05
1016,18616,32-18-4-2-1,4.35288733235165e-06_4.35288733235165e-06_4.35288733235165e-06_4.35288733235165e-06_4.35288733235165e-06
1016,18617,47-22-8-1-1,1.49241851394914e-05_1.49241851394914e-05_1.49241851394914e-05_1.49241851394914e-05_1.49241851394914e-05
1016,18618,49-22-8-1-1,0.000106956660166355_0.000106956660166355_0.000106956660166355_0.000106956660166355_0.000106956660166355
1016,18619,55-22-8-1-1,4.97472837983046e-06_4.97472837983046e-06_4.97472837983046e-06_4.97472837983046e-06_4.97472837983046e-06
1016,18620,8-7-4-2-1,6.84025152226688e-06_6.84025152226688e-06_6.84025152226688e-06_6.84025152226688e-06_6.84025152226688e-06
1016,18622,147-11-4-2-1,7.46209256974569e-06_7.46209256974569e-06_7.46209256974569e-06_7.46209256974569e-06_7.46209256974569e-06
1016,18623,17-11-4-2-1,8.70577466470331e-06_8.70577466470331e-06_8.70577466470331e-06_8.70577466470331e-06_8.70577466470331e-06
1016,18624,186-15-9-2-1,1.36805030445338e-05_1.36805030445338e-05_1.36805030445338e-05_1.36805030445338e-05_1.36805030445338e-05
1016,18625,126-29-2-2-1,5.03691248457834e-05_5.03691248457834e-05_5.03691248457834e-05_5.03691248457834e-05_5.03691248457834e-05
1016,18626,120-16-2-2-1,2.67391650415887e-05_2.67391650415887e-05_2.67391650415887e-05_2.67391650415887e-05_2.67391650415887e-05
1016,18627,126-29-2-2-1,3.97978270386437e-05_3.97978270386437e-05_3.97978270386437e-05_3.97978270386437e-05_3.97978270386437e-05
1016,18628,74-31-9-2-1,3.48230986588132e-05_3.48230986588132e-05_3.48230986588132e-05_3.48230986588132e-05_3.48230986588132e-05
1016,18629,102-13-6-2-1,4.35288733235165e-05_4.35288733235165e-05_4.35288733235165e-05_4.35288733235165e-05_4.35288733235165e-05
1016,18630,185-41-9-2-1,3.73104628487285e-06_3.73104628487285e-06_3.73104628487285e-06_3.73104628487285e-06_3.73104628487285e-06
1016,18631,76-4-4-2-1,6.21841047478808e-05_6.21841047478808e-05_6.21841047478808e-05_6.21841047478808e-05_6.21841047478808e-05
1016,18633,199-19-9-2-1,3.10920523739404e-06_3.10920523739404e-06_3.10920523739404e-06_3.10920523739404e-06_3.10920523739404e-06
1016,18635,76-4-4-2-1,4.97472837983046e-06_4.97472837983046e-06_4.97472837983046e-06_4.97472837983046e-06_4.97472837983046e-06
1016,18636,39-22-8-1-1,6.84025152226688e-06_6.84025152226688e-06_6.84025152226688e-06_6.84025152226688e-06_6.84025152226688e-06
1016,18637,32-18-4-2-1,3.10920523739404e-06_3.10920523739404e-06_3.10920523739404e-06_3.10920523739404e-06_3.10920523739404e-06
1016,18638,32-18-4-2-1,8.0839336172245e-06_8.0839336172245e-06_8.0839336172245e-06_8.0839336172245e-06_8.0839336172245e-06
1016,18639,128-7-4-2-1,8.0839336172245e-06_8.0839336172245e-06_8.0839336172245e-06_8.0839336172245e-06_8.0839336172245e-06
1016,18640,8-7-4-2-1,1.05712978071397e-05_1.05712978071397e-05_1.05712978071397e-05_1.05712978071397e-05_1.05712978071397e-05
1016,18641,4-4-4-2-1,5.59656942730927e-06_5.59656942730927e-06_5.59656942730927e-06_5.59656942730927e-06_5.59656942730927e-06
1016,18642,185-41-9-2-1,2.48736418991523e-06_2.48736418991523e-06_2.48736418991523e-06_2.48736418991523e-06_2.48736418991523e-06
1016,18643,181-40-4-2-1,1.98989135193218e-05_1.98989135193218e-05_1.98989135193218e-05_1.98989135193218e-05_1.98989135193218e-05
1016,18644,26-15-9-2-1,4.35288733235165e-06_4.35288733235165e-06_4.35288733235165e-06_4.35288733235165e-06_4.35288733235165e-06
1016,18645,194-31-9-2-1,1.98989135193218e-05_1.98989135193218e-05_1.98989135193218e-05_1.98989135193218e-05_1.98989135193218e-05
1016,18647,139-43-4-2-1,0.000230081187567159_0.000230081187567159_0.000230081187567159_0.000230081187567159_0.000230081187567159
1016,18648,6-6-6-2-1,0.000102603772834003_0.000102603772834003_0.000102603772834003_0.000102603772834003_0.000102603772834003
1016,18649,180-40-4-2-1,4.35288733235165e-06_4.35288733235165e-06_4.35288733235165e-06_4.35288733235165e-06_4.35288733235165e-06
1016,18650,185-41-9-2-1,3.10920523739404e-06_3.10920523739404e-06_3.10920523739404e-06_3.10920523739404e-06_3.10920523739404e-06
1016,18651,133-12-8-1-1,0.000122502686353325_0.000122502686353325_0.000122502686353325_0.000122502686353325_0.000122502686353325
1016,18652,133-12-8-1-1,4.35288733235165e-06_4.35288733235165e-06_4.35288733235165e-06_4.35288733235165e-06_4.35288733235165e-06
1016,18653,39-22-8-1-1,4.41507143709953e-05_4.41507143709953e-05_4.41507143709953e-05_4.41507143709953e-05_4.41507143709953e-05
1016,18654,227-41-9-2-1,3.73104628487285e-06_3.73104628487285e-06_3.73104628487285e-06_3.73104628487285e-06_3.73104628487285e-06
1016,18655,176-20-9-2-1,4.41507143709953e-05_4.41507143709953e-05_4.41507143709953e-05_4.41507143709953e-05_4.41507143709953e-05
1016,18656,175-20-9-2-1,2.05207545668007e-05_2.05207545668007e-05_2.05207545668007e-05_2.05207545668007e-05_2.05207545668007e-05
1016,18657,130-12-8-1-1,3.10920523739404e-06_3.10920523739404e-06_3.10920523739404e-06_3.10920523739404e-06_3.10920523739404e-06
1016,18658,224-39-11-1-1,7.46209256974569e-06_7.46209256974569e-06_7.46209256974569e-06_7.46209256974569e-06_7.46209256974569e-06
1016,18659,185-41-9-2-1,1.36805030445338e-05_1.36805030445338e-05_1.36805030445338e-05_1.36805030445338e-05_1.36805030445338e-05
1016,18660,185-41-9-2-1,4.35288733235165e-06_4.35288733235165e-06_4.35288733235165e-06_4.35288733235165e-06_4.35288733235165e-06
1016,18661,96-13-6-2-1,5.09909658932622e-05_5.09909658932622e-05_5.09909658932622e-05_5.09909658932622e-05_5.09909658932622e-05
1016,18662,53-21-4-2-1,0.00010446929597644_0.00010446929597644_0.00010446929597644_0.00010446929597644_0.00010446929597644
1016,18663,176-20-9-2-1,4.35288733235165e-06_4.35288733235165e-06_4.35288733235165e-06_4.35288733235165e-06_4.35288733235165e-06
1016,18664,228-17-10-1-1,3.73104628487285e-06_3.73104628487285e-06_3.73104628487285e-06_3.73104628487285e-06_3.73104628487285e-06
1016,18665,31-6-6-2-1,3.17138934214192e-05_3.17138934214192e-05_3.17138934214192e-05_3.17138934214192e-05_3.17138934214192e-05
1016,18666,95-37-4-2-1,1.11931388546185e-05_1.11931388546185e-05_1.11931388546185e-05_1.11931388546185e-05_1.11931388546185e-05
1016,18667,119-6-6-2-1,0.000105091137023918_0.000105091137023918_0.000105091137023918_0.000105091137023918_0.000105091137023918
1016,18668,214-26-4-2-1,8.70577466470331e-06_8.70577466470331e-06_8.70577466470331e-06_8.70577466470331e-06_8.70577466470331e-06
1016,18669,205-12-8-1-1,0.000134939507302901_0.000134939507302901_0.000134939507302901_0.000134939507302901_0.000134939507302901
1016,18670,205-12-8-1-1,0.000194014406813388_0.000194014406813388_0.000194014406813388_0.000194014406813388_0.000194014406813388
1016,18671,205-12-8-1-1,8.0839336172245e-06_8.0839336172245e-06_8.0839336172245e-06_8.0839336172245e-06_8.0839336172245e-06
1016,18672,205-12-8-1-1,0.000151729215584829_0.000151729215584829_0.000151729215584829_0.000151729215584829_0.000151729215584829
1016,18673,10-3-3-1-1,0.000105091137023918_0.000105091137023918_0.000105091137023918_0.000105091137023918_0.000105091137023918
1016,18674,45-5-5-1-1,4.35288733235165e-06_4.35288733235165e-06_4.35288733235165e-06_4.35288733235165e-06_4.35288733235165e-06
1016,18675,57-7-4-2-1,4.97472837983046e-06_4.97472837983046e-06_4.97472837983046e-06_4.97472837983046e-06_4.97472837983046e-06
1016,18676,134-29-2-2-1,8.70577466470331e-06_8.70577466470331e-06_8.70577466470331e-06_8.70577466470331e-06_8.70577466470331e-06
1016,18677,112-14-4-2-1,3.10920523739404e-06_3.10920523739404e-06_3.10920523739404e-06_3.10920523739404e-06_3.10920523739404e-06
1016,18678,141-42-12-1-1,6.84025152226688e-06_6.84025152226688e-06_6.84025152226688e-06_6.84025152226688e-06_6.84025152226688e-06
1016,18679,205-12-8-1-1,6.84025152226688e-06_6.84025152226688e-06_6.84025152226688e-06_6.84025152226688e-06_6.84025152226688e-06
1016,18680,213-15-9-2-1,6.21841047478808e-06_6.21841047478808e-06_6.21841047478808e-06_6.21841047478808e-06_6.21841047478808e-06
1016,18681,226-32-10-1-1,6.40496278903172e-05_6.40496278903172e-05_6.40496278903172e-05_6.40496278903172e-05_6.40496278903172e-05
1016,18682,40-23-8-1-1,4.35288733235165e-06_4.35288733235165e-06_4.35288733235165e-06_4.35288733235165e-06_4.35288733235165e-06
1016,18683,148-29-2-2-1,1.86552314243642e-05_1.86552314243642e-05_1.86552314243642e-05_1.86552314243642e-05_1.86552314243642e-05
1016,18684,112-14-4-2-1,4.97472837983046e-06_4.97472837983046e-06_4.97472837983046e-06_4.97472837983046e-06_4.97472837983046e-06
1016,18685,57-7-4-2-1,1.18149799020973e-05_1.18149799020973e-05_1.18149799020973e-05_1.18149799020973e-05_1.18149799020973e-05
1016,18686,57-7-4-2-1,4.35288733235165e-06_4.35288733235165e-06_4.35288733235165e-06_4.35288733235165e-06_4.35288733235165e-06
1016,18687,120-16-2-2-1,1.98989135193218e-05_1.98989135193218e-05_1.98989135193218e-05_1.98989135193218e-05_1.98989135193218e-05
1016,18688,227-41-9-2-1,3.73104628487285e-06_3.73104628487285e-06_3.73104628487285e-06_3.73104628487285e-06_3.73104628487285e-06
1016,18689,185-41-9-2-1,9.94945675966092e-06_9.94945675966092e-06_9.94945675966092e-06_9.94945675966092e-06_9.94945675966092e-06
1016,18690,75-1-1-1-1,6.21841047478808e-06_6.21841047478808e-06_6.21841047478808e-06_6.21841047478808e-06_6.21841047478808e-06
1016,18691,185-41-9-2-1,3.10920523739404e-06_3.10920523739404e-06_3.10920523739404e-06_3.10920523739404e-06_3.10920523739404e-06
1016,18692,199-19-9-2-1,3.73104628487285e-06_3.73104628487285e-06_3.73104628487285e-06_3.73104628487285e-06_3.73104628487285e-06
1016,18693,70-27-8-1-1,3.10920523739404e-06_3.10920523739404e-06_3.10920523739404e-06_3.10920523739404e-06_3.10920523739404e-06
1016,18694,97-26-4-2-1,0.000334550483543599_0.000334550483543599_0.000334550483543599_0.000334550483543599_0.000334550483543599
1016,18695,95-37-4-2-1,5.34783300831775e-05_5.34783300831775e-05_5.34783300831775e-05_5.34783300831775e-05_5.34783300831775e-05
1016,18696,95-37-4-2-1,1.05712978071397e-05_1.05712978071397e-05_1.05712978071397e-05_1.05712978071397e-05_1.05712978071397e-05
1016,18697,205-12-8-1-1,1.9277072471843e-05_1.9277072471843e-05_1.9277072471843e-05_1.9277072471843e-05_1.9277072471843e-05
1016,18698,83-33-5-1-1,1.6167867234449e-05_1.6167867234449e-05_1.6167867234449e-05_1.6167867234449e-05_1.6167867234449e-05
1016,18699,188-14-4-2-1,6.84025152226688e-06_6.84025152226688e-06_6.84025152226688e-06_6.84025152226688e-06_6.84025152226688e-06
1016,18700,26-15-9-2-1,6.84025152226688e-06_6.84025152226688e-06_6.84025152226688e-06_6.84025152226688e-06_6.84025152226688e-06
1016,18701,205-12-8-1-1,1.18149799020973e-05_1.18149799020973e-05_1.18149799020973e-05_1.18149799020973e-05_1.18149799020973e-05
1016,18702,32-18-4-2-1,6.84025152226688e-06_6.84025152226688e-06_6.84025152226688e-06_6.84025152226688e-06_6.84025152226688e-06
1016,18703,8-7-4-2-1,3.10920523739404e-06_3.10920523739404e-06_3.10920523739404e-06_3.10920523739404e-06_3.10920523739404e-06
1016,18704,138-23-8-1-1,2.48736418991523e-06_2.48736418991523e-06_2.48736418991523e-06_2.48736418991523e-06_2.48736418991523e-06
1016,18705,61-13-6-2-1,0.000297861861742349_0.000297861861742349_0.000297861861742349_0.000297861861742349_0.000297861861742349
1016,18706,145-25-8-1-1,4.16633501810801e-05_4.16633501810801e-05_4.16633501810801e-05_4.16633501810801e-05_4.16633501810801e-05
1016,18707,154-25-8-1-1,7.46209256974569e-06_7.46209256974569e-06_7.46209256974569e-06_7.46209256974569e-06_7.46209256974569e-06
1016,18708,184-31-9-2-1,5.59656942730927e-06_5.59656942730927e-06_5.59656942730927e-06_5.59656942730927e-06_5.59656942730927e-06
1016,18709,26-15-9-2-1,4.97472837983046e-06_4.97472837983046e-06_4.97472837983046e-06_4.97472837983046e-06_4.97472837983046e-06
1016,18710,36-6-6-2-1,0.000160434990249532_0.000160434990249532_0.000160434990249532_0.000160434990249532_0.000160434990249532
1016,18711,36-6-6-2-1,2.23862777092371e-05_2.23862777092371e-05_2.23862777092371e-05_2.23862777092371e-05_2.23862777092371e-05
1016,18712,40-23-8-1-1,5.59656942730927e-06_5.59656942730927e-06_5.59656942730927e-06_5.59656942730927e-06_5.59656942730927e-06
1016,18713,121-39-11-1-1,3.73104628487285e-06_3.73104628487285e-06_3.73104628487285e-06_3.73104628487285e-06_3.73104628487285e-06
1016,18714,102-13-6-2-1,4.35288733235165e-05_4.35288733235165e-05_4.35288733235165e-05_4.35288733235165e-05_4.35288733235165e-05
1016,18715,167-18-4-2-1,2.48736418991523e-06_2.48736418991523e-06_2.48736418991523e-06_2.48736418991523e-06_2.48736418991523e-06
1016,18716,44-13-6-2-1,2.23862777092371e-05_2.23862777092371e-05_2.23862777092371e-05_2.23862777092371e-05_2.23862777092371e-05
1016,18717,191-37-4-2-1,5.59656942730927e-06_5.59656942730927e-06_5.59656942730927e-06_5.59656942730927e-06_5.59656942730927e-06
1016,18718,66-29-2-2-1,1.11931388546185e-05_1.11931388546185e-05_1.11931388546185e-05_1.11931388546185e-05_1.11931388546185e-05
1016,18719,153-18-4-2-1,2.36299598041947e-05_2.36299598041947e-05_2.36299598041947e-05_2.36299598041947e-05_2.36299598041947e-05
1016,18720,203-11-4-2-1,8.0839336172245e-06_8.0839336172245e-06_8.0839336172245e-06_8.0839336172245e-06_8.0839336172245e-06
1016,18721,176-20-9-2-1,1.6167867234449e-05_1.6167867234449e-05_1.6167867234449e-05_1.6167867234449e-05_1.6167867234449e-05
1016,18722,234-24-7-1-1,7.58646077924145e-05_7.58646077924145e-05_7.58646077924145e-05_7.58646077924145e-05_7.58646077924145e-05
1016,18723,167-18-4-2-1,4.35288733235165e-06_4.35288733235165e-06_4.35288733235165e-06_4.35288733235165e-06_4.35288733235165e-06
1016,18724,186-15-9-2-1,3.73104628487285e-06_3.73104628487285e-06_3.73104628487285e-06_3.73104628487285e-06_3.73104628487285e-06
1016,18725,49-22-8-1-1,1.9277072471843e-05_1.9277072471843e-05_1.9277072471843e-05_1.9277072471843e-05_1.9277072471843e-05
1016,18726,151-19-9-2-1,5.47220121781351e-05_5.47220121781351e-05_5.47220121781351e-05_5.47220121781351e-05_5.47220121781351e-05
1016,18727,151-19-9-2-1,6.21841047478808e-06_6.21841047478808e-06_6.21841047478808e-06_6.21841047478808e-06_6.21841047478808e-06
1016,18728,151-19-9-2-1,3.73104628487285e-06_3.73104628487285e-06_3.73104628487285e-06_3.73104628487285e-06_3.73104628487285e-06
1016,18729,213-15-9-2-1,7.46209256974569e-06_7.46209256974569e-06_7.46209256974569e-06_7.46209256974569e-06_7.46209256974569e-06
1016,18730,5-5-5-1-1,0.000475708401321288_0.000475708401321288_0.000475708401321288_0.000475708401321288_0.000475708401321288
1016,18731,214-26-4-2-1,3.10920523739404e-06_3.10920523739404e-06_3.10920523739404e-06_3.10920523739404e-06_3.10920523739404e-06
1016,18732,5-5-5-1-1,0.000198989135193218_0.000198989135193218_0.000198989135193218_0.000198989135193218_0.000198989135193218
1016,18733,17-11-4-2-1,3.73104628487285e-06_3.73104628487285e-06_3.73104628487285e-06_3.73104628487285e-06_3.73104628487285e-06
1016,18734,5-5-5-1-1,4.97472837983046e-06_4.97472837983046e-06_4.97472837983046e-06_4.97472837983046e-06_4.97472837983046e-06
1016,18735,172-40-4-2-1,3.10920523739404e-06_3.10920523739404e-06_3.10920523739404e-06_3.10920523739404e-06_3.10920523739404e-06
1016,18736,196-14-4-2-1,3.10920523739404e-06_3.10920523739404e-06_3.10920523739404e-06_3.10920523739404e-06_3.10920523739404e-06
1016,18737,5-5-5-1-1,0.00021391332033271_0.00021391332033271_0.00021391332033271_0.00021391332033271_0.00021391332033271
1016,18739,5-5-5-1-1,0.000111931388546185_0.000111931388546185_0.000111931388546185_0.000111931388546185_0.000111931388546185
1016,18740,133-12-8-1-1,8.0839336172245e-06_8.0839336172245e-06_8.0839336172245e-06_8.0839336172245e-06_8.0839336172245e-06
1016,18741,122-16-2-2-1,3.73104628487285e-06_3.73104628487285e-06_3.73104628487285e-06_3.73104628487285e-06_3.73104628487285e-06
1016,18742,23-10-2-2-1,1.86552314243642e-05_1.86552314243642e-05_1.86552314243642e-05_1.86552314243642e-05_1.86552314243642e-05
1016,18743,85-33-5-1-1,0.000259929557846142_0.000259929557846142_0.000259929557846142_0.000259929557846142_0.000259929557846142
1016,18744,220-22-8-1-1,9.94945675966092e-06_9.94945675966092e-06_9.94945675966092e-06_9.94945675966092e-06_9.94945675966092e-06
1016,18745,184-31-9-2-1,1.55460261869702e-05_1.55460261869702e-05_1.55460261869702e-05_1.55460261869702e-05_1.55460261869702e-05
1016,18746,83-33-5-1-1,1.98989135193218e-05_1.98989135193218e-05_1.98989135193218e-05_1.98989135193218e-05_1.98989135193218e-05
1016,18747,194-31-9-2-1,3.73104628487285e-06_3.73104628487285e-06_3.73104628487285e-06_3.73104628487285e-06_3.73104628487285e-06
1016,18748,47-22-8-1-1,6.21841047478808e-06_6.21841047478808e-06_6.21841047478808e-06_6.21841047478808e-06_6.21841047478808e-06
1016,18749,6-6-6-2-1,1.49241851394914e-05_1.49241851394914e-05_1.49241851394914e-05_1.49241851394914e-05_1.49241851394914e-05
1016,18750,133-12-8-1-1,1.49241851394914e-05_1.49241851394914e-05_1.49241851394914e-05_1.49241851394914e-05_1.49241851394914e-05
1016,18751,216-19-9-2-1,7.46209256974569e-06_7.46209256974569e-06_7.46209256974569e-06_7.46209256974569e-06_7.46209256974569e-06
1016,18752,185-41-9-2-1,3.73104628487285e-06_3.73104628487285e-06_3.73104628487285e-06_3.73104628487285e-06_3.73104628487285e-06
1016,18753,202-37-4-2-1,0.000180333903768854_0.000180333903768854_0.000180333903768854_0.000180333903768854_0.000180333903768854
1016,18754,234-24-7-1-1,7.58646077924145e-05_7.58646077924145e-05_7.58646077924145e-05_7.58646077924145e-05_7.58646077924145e-05
1016,18755,234-24-7-1-1,6.34277868428384e-05_6.34277868428384e-05_6.34277868428384e-05_6.34277868428384e-05_6.34277868428384e-05
1016,18756,185-41-9-2-1,4.35288733235165e-06_4.35288733235165e-06_4.35288733235165e-06_4.35288733235165e-06_4.35288733235165e-06
1016,18757,188-14-4-2-1,4.97472837983046e-06_4.97472837983046e-06_4.97472837983046e-06_4.97472837983046e-06_4.97472837983046e-06
1016,18758,199-19-9-2-1,1.86552314243642e-06_1.86552314243642e-06_1.86552314243642e-06_1.86552314243642e-06_1.86552314243642e-06
1016,18759,203-11-4-2-1,1.24368209495762e-06_1.24368209495762e-06_1.24368209495762e-06_1.24368209495762e-06_1.24368209495762e-06
1016,18760,150-30-1-1-1,1.18149799020973e-05_1.18149799020973e-05_1.18149799020973e-05_1.18149799020973e-05_1.18149799020973e-05
1016,18761,191-37-4-2-1,5.1612806940741e-05_5.1612806940741e-05_5.1612806940741e-05_5.1612806940741e-05_5.1612806940741e-05
1016,18762,151-19-9-2-1,1.43023440920126e-05_1.43023440920126e-05_1.43023440920126e-05_1.43023440920126e-05_1.43023440920126e-05
1016,18763,122-16-2-2-1,5.78312174155291e-05_5.78312174155291e-05_5.78312174155291e-05_5.78312174155291e-05_5.78312174155291e-05
1016,18764,95-37-4-2-1,2.30081187567159e-05_2.30081187567159e-05_2.30081187567159e-05_2.30081187567159e-05_2.30081187567159e-05
1016,18765,44-13-6-2-1,9.32761571218212e-06_9.32761571218212e-06_9.32761571218212e-06_9.32761571218212e-06_9.32761571218212e-06
1016,18766,102-13-6-2-1,3.04702113264616e-05_3.04702113264616e-05_3.04702113264616e-05_3.04702113264616e-05_3.04702113264616e-05
1016,18767,6-6-6-2-1,5.09909658932622e-05_5.09909658932622e-05_5.09909658932622e-05_5.09909658932622e-05_5.09909658932622e-05
1016,18768,199-19-9-2-1,1.05712978071397e-05_1.05712978071397e-05_1.05712978071397e-05_1.05712978071397e-05_1.05712978071397e-05
1016,18769,191-37-4-2-1,3.10920523739404e-06_3.10920523739404e-06_3.10920523739404e-06_3.10920523739404e-06_3.10920523739404e-06
1016,18770,199-19-9-2-1,4.35288733235165e-06_4.35288733235165e-06_4.35288733235165e-06_4.35288733235165e-06_4.35288733235165e-06
1016,18771,151-19-9-2-1,3.10920523739404e-06_3.10920523739404e-06_3.10920523739404e-06_3.10920523739404e-06_3.10920523739404e-06
1016,18772,218-7-4-2-1,6.52933099852748e-05_6.52933099852748e-05_6.52933099852748e-05_6.52933099852748e-05_6.52933099852748e-05
1016,18773,16-10-2-2-1,5.53438532256139e-05_5.53438532256139e-05_5.53438532256139e-05_5.53438532256139e-05_5.53438532256139e-05
1016,18774,10-3-3-1-1,3.42012576113344e-05_3.42012576113344e-05_3.42012576113344e-05_3.42012576113344e-05_3.42012576113344e-05
1016,18775,185-41-9-2-1,3.10920523739404e-06_3.10920523739404e-06_3.10920523739404e-06_3.10920523739404e-06_3.10920523739404e-06
1016,18776,140-42-12-1-1,4.35288733235165e-06_4.35288733235165e-06_4.35288733235165e-06_4.35288733235165e-06_4.35288733235165e-06
1016,18777,185-41-9-2-1,3.35794165638556e-05_3.35794165638556e-05_3.35794165638556e-05_3.35794165638556e-05_3.35794165638556e-05
1016,18778,186-15-9-2-1,0.000189661519481036_0.000189661519481036_0.000189661519481036_0.000189661519481036_0.000189661519481036
1016,18779,159-4-4-2-1,2.17644366617583e-05_2.17644366617583e-05_2.17644366617583e-05_2.17644366617583e-05_2.17644366617583e-05
1016,18780,76-4-4-2-1,4.97472837983046e-06_4.97472837983046e-06_4.97472837983046e-06_4.97472837983046e-06_4.97472837983046e-06
1016,18781,17-11-4-2-1,4.35288733235165e-06_4.35288733235165e-06_4.35288733235165e-06_4.35288733235165e-06_4.35288733235165e-06
1016,18783,140-42-12-1-1,3.73104628487285e-06_3.73104628487285e-06_3.73104628487285e-06_3.73104628487285e-06_3.73104628487285e-06
1016,18784,142-42-12-1-1,3.10920523739404e-06_3.10920523739404e-06_3.10920523739404e-06_3.10920523739404e-06_3.10920523739404e-06
1016,18786,132-42-12-1-1,3.10920523739404e-06_3.10920523739404e-06_3.10920523739404e-06_3.10920523739404e-06_3.10920523739404e-06
1016,18787,227-41-9-2-1,5.59656942730927e-06_5.59656942730927e-06_5.59656942730927e-06_5.59656942730927e-06_5.59656942730927e-06
1016,18788,204-35-4-2-1,3.48230986588132e-05_3.48230986588132e-05_3.48230986588132e-05_3.48230986588132e-05_3.48230986588132e-05
1016,18789,98-27-8-1-1,5.59656942730927e-06_5.59656942730927e-06_5.59656942730927e-06_5.59656942730927e-06_5.59656942730927e-06
1016,18790,29-17-10-1-1,1.3058661997055e-05_1.3058661997055e-05_1.3058661997055e-05_1.3058661997055e-05_1.3058661997055e-05
1016,18791,213-15-9-2-1,3.73104628487285e-06_3.73104628487285e-06_3.73104628487285e-06_3.73104628487285e-06_3.73104628487285e-06
1016,18792,207-29-2-2-1,5.34783300831775e-05_5.34783300831775e-05_5.34783300831775e-05_5.34783300831775e-05_5.34783300831775e-05
1016,18793,113-31-9-2-1,3.29575755163768e-05_3.29575755163768e-05_3.29575755163768e-05_3.29575755163768e-05_3.29575755163768e-05
1016,18794,57-7-4-2-1,1.11931388546185e-05_1.11931388546185e-05_1.11931388546185e-05_1.11931388546185e-05_1.11931388546185e-05
1016,18795,51-22-8-1-1,9.94945675966092e-06_9.94945675966092e-06_9.94945675966092e-06_9.94945675966092e-06_9.94945675966092e-06
1016,18796,156-37-4-2-1,8.70577466470331e-06_8.70577466470331e-06_8.70577466470331e-06_8.70577466470331e-06_8.70577466470331e-06
1016,18797,167-18-4-2-1,1.55460261869702e-05_1.55460261869702e-05_1.55460261869702e-05_1.55460261869702e-05_1.55460261869702e-05
1016,18798,80-11-4-2-1,5.34783300831775e-05_5.34783300831775e-05_5.34783300831775e-05_5.34783300831775e-05_5.34783300831775e-05
1016,18799,4-4-4-2-1,9.94945675966092e-06_9.94945675966092e-06_9.94945675966092e-06_9.94945675966092e-06_9.94945675966092e-06
1016,18800,4-4-4-2-1,5.1612806940741e-05_5.1612806940741e-05_5.1612806940741e-05_5.1612806940741e-05_5.1612806940741e-05
1016,18801,102-13-6-2-1,2.23862777092371e-05_2.23862777092371e-05_2.23862777092371e-05_2.23862777092371e-05_2.23862777092371e-05
1016,18802,4-4-4-2-1,6.96461973176265e-05_6.96461973176265e-05_6.96461973176265e-05_6.96461973176265e-05_6.96461973176265e-05
1016,18803,44-13-6-2-1,1.05712978071397e-05_1.05712978071397e-05_1.05712978071397e-05_1.05712978071397e-05_1.05712978071397e-05
1016,18804,17-11-4-2-1,9.94945675966092e-06_9.94945675966092e-06_9.94945675966092e-06_9.94945675966092e-06_9.94945675966092e-06
1016,18805,172-40-4-2-1,3.10920523739404e-06_3.10920523739404e-06_3.10920523739404e-06_3.10920523739404e-06_3.10920523739404e-06
1016,18806,199-19-9-2-1,4.35288733235165e-06_4.35288733235165e-06_4.35288733235165e-06_4.35288733235165e-06_4.35288733235165e-06
1016,18807,138-23-8-1-1,9.94945675966092e-06_9.94945675966092e-06_9.94945675966092e-06_9.94945675966092e-06_9.94945675966092e-06
1016,18809,205-12-8-1-1,3.10920523739404e-06_3.10920523739404e-06_3.10920523739404e-06_3.10920523739404e-06_3.10920523739404e-06
1016,18810,142-42-12-1-1,3.10920523739404e-06_3.10920523739404e-06_3.10920523739404e-06_3.10920523739404e-06_3.10920523739404e-06
1016,18811,65-1-1-1-1,2.79828471365463e-05_2.79828471365463e-05_2.79828471365463e-05_2.79828471365463e-05_2.79828471365463e-05
1016,18812,142-42-12-1-1,3.10920523739404e-06_3.10920523739404e-06_3.10920523739404e-06_3.10920523739404e-06_3.10920523739404e-06
1016,18813,126-29-2-2-1,1.86552314243642e-05_1.86552314243642e-05_1.86552314243642e-05_1.86552314243642e-05_1.86552314243642e-05
1016,18814,222-35-4-2-1,6.21841047478808e-06_6.21841047478808e-06_6.21841047478808e-06_6.21841047478808e-06_6.21841047478808e-06
1016,18815,208-30-1-1-1,7.08898794125841e-05_7.08898794125841e-05_7.08898794125841e-05_7.08898794125841e-05_7.08898794125841e-05
1016,18816,216-19-9-2-1,4.35288733235165e-06_4.35288733235165e-06_4.35288733235165e-06_4.35288733235165e-06_4.35288733235165e-06
1016,18817,204-35-4-2-1,2.54954829466311e-05_2.54954829466311e-05_2.54954829466311e-05_2.54954829466311e-05_2.54954829466311e-05
1016,18818,142-42-12-1-1,3.10920523739404e-06_3.10920523739404e-06_3.10920523739404e-06_3.10920523739404e-06_3.10920523739404e-06
1016,18819,196-14-4-2-1,9.94945675966092e-06_9.94945675966092e-06_9.94945675966092e-06_9.94945675966092e-06_9.94945675966092e-06
1016,18820,204-35-4-2-1,2.05207545668007e-05_2.05207545668007e-05_2.05207545668007e-05_2.05207545668007e-05_2.05207545668007e-05
1016,18821,44-13-6-2-1,4.35288733235165e-06_4.35288733235165e-06_4.35288733235165e-06_4.35288733235165e-06_4.35288733235165e-06
1016,18822,114-40-4-2-1,4.97472837983046e-06_4.97472837983046e-06_4.97472837983046e-06_4.97472837983046e-06_4.97472837983046e-06
1016,18823,197-30-1-1-1,4.8503601703347e-05_4.8503601703347e-05_4.8503601703347e-05_4.8503601703347e-05_4.8503601703347e-05
1016,18824,234-24-7-1-1,5.59656942730927e-05_5.59656942730927e-05_5.59656942730927e-05_5.59656942730927e-05_5.59656942730927e-05
1016,18825,179-26-4-2-1,5.59656942730927e-06_5.59656942730927e-06_5.59656942730927e-06_5.59656942730927e-06_5.59656942730927e-06
1016,18826,10-3-3-1-1,0.00122191765829586_0.00122191765829586_0.00122191765829586_0.00122191765829586_0.00122191765829586
1016,18827,199-19-9-2-1,4.97472837983046e-06_4.97472837983046e-06_4.97472837983046e-06_4.97472837983046e-06_4.97472837983046e-06
1016,18829,161-36-10-1-1,3.73104628487285e-06_3.73104628487285e-06_3.73104628487285e-06_3.73104628487285e-06_3.73104628487285e-06
1016,18830,151-19-9-2-1,4.35288733235165e-06_4.35288733235165e-06_4.35288733235165e-06_4.35288733235165e-06_4.35288733235165e-06
1016,18831,197-30-1-1-1,4.97472837983046e-06_4.97472837983046e-06_4.97472837983046e-06_4.97472837983046e-06_4.97472837983046e-06
1016,18832,16-10-2-2-1,1.3058661997055e-05_1.3058661997055e-05_1.3058661997055e-05_1.3058661997055e-05_1.3058661997055e-05
1016,18833,212-41-9-2-1,8.70577466470331e-06_8.70577466470331e-06_8.70577466470331e-06_8.70577466470331e-06_8.70577466470331e-06
1016,18834,199-19-9-2-1,1.86552314243642e-06_1.86552314243642e-06_1.86552314243642e-06_1.86552314243642e-06_1.86552314243642e-06
1016,18835,160-30-1-1-1,4.35288733235165e-06_4.35288733235165e-06_4.35288733235165e-06_4.35288733235165e-06_4.35288733235165e-06
1016,18836,10-3-3-1-1,4.72599196083894e-05_4.72599196083894e-05_4.72599196083894e-05_4.72599196083894e-05_4.72599196083894e-05
1016,18837,224-39-11-1-1,1.67897082819278e-05_1.67897082819278e-05_1.67897082819278e-05_1.67897082819278e-05_1.67897082819278e-05
1016,18838,160-30-1-1-1,6.84025152226688e-06_6.84025152226688e-06_6.84025152226688e-06_6.84025152226688e-06_6.84025152226688e-06
1016,18839,172-40-4-2-1,4.35288733235165e-06_4.35288733235165e-06_4.35288733235165e-06_4.35288733235165e-06_4.35288733235165e-06
1016,18840,68-30-1-1-1,2.48736418991523e-05_2.48736418991523e-05_2.48736418991523e-05_2.48736418991523e-05_2.48736418991523e-05
1016,18841,8-7-4-2-1,3.10920523739404e-06_3.10920523739404e-06_3.10920523739404e-06_3.10920523739404e-06_3.10920523739404e-06
1016,18842,122-16-2-2-1,4.35288733235165e-06_4.35288733235165e-06_4.35288733235165e-06_4.35288733235165e-06_4.35288733235165e-06
1016,18843,185-41-9-2-1,3.10920523739404e-06_3.10920523739404e-06_3.10920523739404e-06_3.10920523739404e-06_3.10920523739404e-06
1016,18844,181-40-4-2-1,9.94945675966092e-06_9.94945675966092e-06_9.94945675966092e-06_9.94945675966092e-06_9.94945675966092e-06
1016,18845,102-13-6-2-1,3.17138934214192e-05_3.17138934214192e-05_3.17138934214192e-05_3.17138934214192e-05_3.17138934214192e-05
1016,18846,148-29-2-2-1,0.000133695825207944_0.000133695825207944_0.000133695825207944_0.000133695825207944_0.000133695825207944
1016,18847,51-22-8-1-1,6.21841047478808e-06_6.21841047478808e-06_6.21841047478808e-06_6.21841047478808e-06_6.21841047478808e-06
1016,18848,232-34-11-1-1,0.00116843932821268_0.00116843932821268_0.00116843932821268_0.00116843932821268_0.00116843932821268
1016,18849,142-42-12-1-1,4.35288733235165e-06_4.35288733235165e-06_4.35288733235165e-06_4.35288733235165e-06_4.35288733235165e-06
1016,18850,208-30-1-1-1,1.86552314243642e-06_1.86552314243642e-06_1.86552314243642e-06_1.86552314243642e-06_1.86552314243642e-06
1016,18851,207-29-2-2-1,0.000103225613881482_0.000103225613881482_0.000103225613881482_0.000103225613881482_0.000103225613881482
1016,18852,66-29-2-2-1,5.96967405579655e-05_5.96967405579655e-05_5.96967405579655e-05_5.96967405579655e-05_5.96967405579655e-05
1016,18853,83-33-5-1-1,1.67897082819278e-05_1.67897082819278e-05_1.67897082819278e-05_1.67897082819278e-05_1.67897082819278e-05
1016,18854,83-33-5-1-1,4.91254427508258e-05_4.91254427508258e-05_4.91254427508258e-05_4.91254427508258e-05_4.91254427508258e-05
1016,18855,44-13-6-2-1,5.53438532256139e-05_5.53438532256139e-05_5.53438532256139e-05_5.53438532256139e-05_5.53438532256139e-05
1016,18856,66-29-2-2-1,8.70577466470331e-06_8.70577466470331e-06_8.70577466470331e-06_8.70577466470331e-06_8.70577466470331e-06
1016,18857,44-13-6-2-1,2.61173239941099e-05_2.61173239941099e-05_2.61173239941099e-05_2.61173239941099e-05_2.61173239941099e-05
1016,18858,185-41-9-2-1,3.10920523739404e-06_3.10920523739404e-06_3.10920523739404e-06_3.10920523739404e-06_3.10920523739404e-06
1016,18859,185-41-9-2-1,2.48736418991523e-06_2.48736418991523e-06_2.48736418991523e-06_2.48736418991523e-06_2.48736418991523e-06
1016,18860,214-26-4-2-1,1.6167867234449e-05_1.6167867234449e-05_1.6167867234449e-05_1.6167867234449e-05_1.6167867234449e-05
1016,18861,44-13-6-2-1,3.48230986588132e-05_3.48230986588132e-05_3.48230986588132e-05_3.48230986588132e-05_3.48230986588132e-05
1016,18862,70-27-8-1-1,1.11931388546185e-05_1.11931388546185e-05_1.11931388546185e-05_1.11931388546185e-05_1.11931388546185e-05
1016,18863,70-27-8-1-1,4.97472837983046e-06_4.97472837983046e-06_4.97472837983046e-06_4.97472837983046e-06_4.97472837983046e-06
1016,18865,83-33-5-1-1,9.32761571218212e-06_9.32761571218212e-06_9.32761571218212e-06_9.32761571218212e-06_9.32761571218212e-06
1016,18866,152-32-10-1-1,6.84025152226688e-06_6.84025152226688e-06_6.84025152226688e-06_6.84025152226688e-06_6.84025152226688e-06
1016,18867,222-35-4-2-1,6.21841047478808e-06_6.21841047478808e-06_6.21841047478808e-06_6.21841047478808e-06_6.21841047478808e-06
1016,18868,23-10-2-2-1,8.70577466470331e-06_8.70577466470331e-06_8.70577466470331e-06_8.70577466470331e-06_8.70577466470331e-06
1016,18869,45-5-5-1-1,5.34783300831775e-05_5.34783300831775e-05_5.34783300831775e-05_5.34783300831775e-05_5.34783300831775e-05
1016,18871,185-41-9-2-1,3.73104628487285e-06_3.73104628487285e-06_3.73104628487285e-06_3.73104628487285e-06_3.73104628487285e-06
1016,18872,171-18-4-2-1,3.10920523739404e-06_3.10920523739404e-06_3.10920523739404e-06_3.10920523739404e-06_3.10920523739404e-06
1016,18873,226-32-10-1-1,1.36805030445338e-05_1.36805030445338e-05_1.36805030445338e-05_1.36805030445338e-05_1.36805030445338e-05
1016,18874,223-40-4-2-1,0.000152972897679787_0.000152972897679787_0.000152972897679787_0.000152972897679787_0.000152972897679787
1016,18875,102-13-6-2-1,3.17138934214192e-05_3.17138934214192e-05_3.17138934214192e-05_3.17138934214192e-05_3.17138934214192e-05
1016,18876,223-40-4-2-1,7.83519719823298e-05_7.83519719823298e-05_7.83519719823298e-05_7.83519719823298e-05_7.83519719823298e-05
1016,18877,6-6-6-2-1,5.41001711306563e-05_5.41001711306563e-05_5.41001711306563e-05_5.41001711306563e-05_5.41001711306563e-05
1016,18878,63-27-8-1-1,1.11931388546185e-05_1.11931388546185e-05_1.11931388546185e-05_1.11931388546185e-05_1.11931388546185e-05
1016,18879,185-41-9-2-1,3.73104628487285e-06_3.73104628487285e-06_3.73104628487285e-06_3.73104628487285e-06_3.73104628487285e-06
1016,18881,128-7-4-2-1,1.24368209495762e-05_1.24368209495762e-05_1.24368209495762e-05_1.24368209495762e-05_1.24368209495762e-05
1016,18882,128-7-4-2-1,4.97472837983046e-06_4.97472837983046e-06_4.97472837983046e-06_4.97472837983046e-06_4.97472837983046e-06
1016,18883,160-30-1-1-1,1.86552314243642e-05_1.86552314243642e-05_1.86552314243642e-05_1.86552314243642e-05_1.86552314243642e-05
1016,18884,112-14-4-2-1,8.0839336172245e-06_8.0839336172245e-06_8.0839336172245e-06_8.0839336172245e-06_8.0839336172245e-06
1016,18885,171-18-4-2-1,2.36299598041947e-05_2.36299598041947e-05_2.36299598041947e-05_2.36299598041947e-05_2.36299598041947e-05
1016,18887,175-20-9-2-1,7.46209256974569e-06_7.46209256974569e-06_7.46209256974569e-06_7.46209256974569e-06_7.46209256974569e-06
1016,18888,175-20-9-2-1,1.05712978071397e-05_1.05712978071397e-05_1.05712978071397e-05_1.05712978071397e-05_1.05712978071397e-05
1016,18889,213-15-9-2-1,8.70577466470331e-06_8.70577466470331e-06_8.70577466470331e-06_8.70577466470331e-06_8.70577466470331e-06
1016,18890,115-8-3-1-1,0.000250601942133959_0.000250601942133959_0.000250601942133959_0.000250601942133959_0.000250601942133959
1016,18891,76-4-4-2-1,3.10920523739404e-06_3.10920523739404e-06_3.10920523739404e-06_3.10920523739404e-06_3.10920523739404e-06
1016,18892,149-16-2-2-1,1.05712978071397e-05_1.05712978071397e-05_1.05712978071397e-05_1.05712978071397e-05_1.05712978071397e-05
1016,18893,10-3-3-1-1,2.67391650415887e-05_2.67391650415887e-05_2.67391650415887e-05_2.67391650415887e-05_2.67391650415887e-05
1016,18894,227-41-9-2-1,9.94945675966092e-06_9.94945675966092e-06_9.94945675966092e-06_9.94945675966092e-06_9.94945675966092e-06
1016,18895,4-4-4-2-1,3.10920523739404e-06_3.10920523739404e-06_3.10920523739404e-06_3.10920523739404e-06_3.10920523739404e-06
1016,18896,133-12-8-1-1,1.55460261869702e-05_1.55460261869702e-05_1.55460261869702e-05_1.55460261869702e-05_1.55460261869702e-05
1016,18897,16-10-2-2-1,0.000136183189397859_0.000136183189397859_0.000136183189397859_0.000136183189397859_0.000136183189397859
1016,18898,201-17-10-1-1,2.05207545668007e-05_2.05207545668007e-05_2.05207545668007e-05_2.05207545668007e-05_2.05207545668007e-05
1016,18899,189-12-8-1-1,4.97472837983046e-06_4.97472837983046e-06_4.97472837983046e-06_4.97472837983046e-06_4.97472837983046e-06
1016,18900,118-36-10-1-1,0.000629303140048553_0.000629303140048553_0.000629303140048553_0.000629303140048553_0.000629303140048553
1016,18901,140-42-12-1-1,3.73104628487285e-06_3.73104628487285e-06_3.73104628487285e-06_3.73104628487285e-06_3.73104628487285e-06
1016,18902,142-42-12-1-1,2.42518008516735e-05_2.42518008516735e-05_2.42518008516735e-05_2.42518008516735e-05_2.42518008516735e-05
1016,18903,118-36-10-1-1,1.6167867234449e-05_1.6167867234449e-05_1.6167867234449e-05_1.6167867234449e-05_1.6167867234449e-05
1016,18904,212-41-9-2-1,1.11931388546185e-05_1.11931388546185e-05_1.11931388546185e-05_1.11931388546185e-05_1.11931388546185e-05
1016,18906,118-36-10-1-1,8.0839336172245e-06_8.0839336172245e-06_8.0839336172245e-06_8.0839336172245e-06_8.0839336172245e-06
1016,18907,140-42-12-1-1,7.46209256974569e-06_7.46209256974569e-06_7.46209256974569e-06_7.46209256974569e-06_7.46209256974569e-06
1016,18908,118-36-10-1-1,0.00104034007243205_0.00104034007243205_0.00104034007243205_0.00104034007243205_0.00104034007243205
1016,18909,212-41-9-2-1,4.35288733235165e-06_4.35288733235165e-06_4.35288733235165e-06_4.35288733235165e-06_4.35288733235165e-06
1016,18910,212-41-9-2-1,4.97472837983046e-06_4.97472837983046e-06_4.97472837983046e-06_4.97472837983046e-06_4.97472837983046e-06
1016,18911,142-42-12-1-1,3.10920523739404e-06_3.10920523739404e-06_3.10920523739404e-06_3.10920523739404e-06_3.10920523739404e-06
1016,18912,142-42-12-1-1,5.59656942730927e-06_5.59656942730927e-06_5.59656942730927e-06_5.59656942730927e-06_5.59656942730927e-06
1016,18913,29-17-10-1-1,1.11931388546185e-05_1.11931388546185e-05_1.11931388546185e-05_1.11931388546185e-05_1.11931388546185e-05
1016,18914,228-17-10-1-1,3.10920523739404e-06_3.10920523739404e-06_3.10920523739404e-06_3.10920523739404e-06_3.10920523739404e-06
1016,18915,11-4-4-2-1,9.94945675966092e-06_9.94945675966092e-06_9.94945675966092e-06_9.94945675966092e-06_9.94945675966092e-06
1016,18916,128-7-4-2-1,3.73104628487285e-06_3.73104628487285e-06_3.73104628487285e-06_3.73104628487285e-06_3.73104628487285e-06
1016,18917,26-15-9-2-1,1.80333903768854e-05_1.80333903768854e-05_1.80333903768854e-05_1.80333903768854e-05_1.80333903768854e-05
1016,18918,183-23-8-1-1,1.80333903768854e-05_1.80333903768854e-05_1.80333903768854e-05_1.80333903768854e-05_1.80333903768854e-05
1016,18919,127-30-1-1-1,2.67391650415887e-05_2.67391650415887e-05_2.67391650415887e-05_2.67391650415887e-05_2.67391650415887e-05
1016,18920,148-29-2-2-1,2.05207545668007e-05_2.05207545668007e-05_2.05207545668007e-05_2.05207545668007e-05_2.05207545668007e-05
1016,18921,39-22-8-1-1,5.72093763680503e-05_5.72093763680503e-05_5.72093763680503e-05_5.72093763680503e-05_5.72093763680503e-05
1016,18922,32-18-4-2-1,1.24368209495762e-05_1.24368209495762e-05_1.24368209495762e-05_1.24368209495762e-05_1.24368209495762e-05
1016,18923,11-4-4-2-1,7.46209256974569e-06_7.46209256974569e-06_7.46209256974569e-06_7.46209256974569e-06_7.46209256974569e-06
1016,18924,140-42-12-1-1,1.55460261869702e-05_1.55460261869702e-05_1.55460261869702e-05_1.55460261869702e-05_1.55460261869702e-05
1016,18925,28-16-2-2-1,8.64359055995543e-05_8.64359055995543e-05_8.64359055995543e-05_8.64359055995543e-05_8.64359055995543e-05
1016,18926,8-7-4-2-1,3.10920523739404e-06_3.10920523739404e-06_3.10920523739404e-06_3.10920523739404e-06_3.10920523739404e-06
1016,18927,167-18-4-2-1,4.35288733235165e-06_4.35288733235165e-06_4.35288733235165e-06_4.35288733235165e-06_4.35288733235165e-06
1016,18928,40-23-8-1-1,4.35288733235165e-06_4.35288733235165e-06_4.35288733235165e-06_4.35288733235165e-06_4.35288733235165e-06
1016,18930,27-8-3-1-1,4.10415091336013e-05_4.10415091336013e-05_4.10415091336013e-05_4.10415091336013e-05_4.10415091336013e-05
1016,18931,188-14-4-2-1,7.46209256974569e-06_7.46209256974569e-06_7.46209256974569e-06_7.46209256974569e-06_7.46209256974569e-06
1016,18932,138-23-8-1-1,3.10920523739404e-06_3.10920523739404e-06_3.10920523739404e-06_3.10920523739404e-06_3.10920523739404e-06
1016,18933,138-23-8-1-1,1.98989135193218e-05_1.98989135193218e-05_1.98989135193218e-05_1.98989135193218e-05_1.98989135193218e-05
1016,18934,119-6-6-2-1,0.000189039678433558_0.000189039678433558_0.000189039678433558_0.000189039678433558_0.000189039678433558
1016,18935,172-40-4-2-1,3.10920523739404e-06_3.10920523739404e-06_3.10920523739404e-06_3.10920523739404e-06_3.10920523739404e-06
1016,18936,7-4-4-2-1,5.59656942730927e-06_5.59656942730927e-06_5.59656942730927e-06_5.59656942730927e-06_5.59656942730927e-06
1016,18937,197-30-1-1-1,1.9277072471843e-05_1.9277072471843e-05_1.9277072471843e-05_1.9277072471843e-05_1.9277072471843e-05
1016,18938,7-4-4-2-1,1.86552314243642e-05_1.86552314243642e-05_1.86552314243642e-05_1.86552314243642e-05_1.86552314243642e-05
1016,18939,98-27-8-1-1,1.9277072471843e-05_1.9277072471843e-05_1.9277072471843e-05_1.9277072471843e-05_1.9277072471843e-05
1016,18940,107-6-6-2-1,0.00596469932741672_0.00596469932741672_0.00596469932741672_0.00596469932741672_0.00596469932741672
1016,18941,148-29-2-2-1,8.0839336172245e-06_8.0839336172245e-06_8.0839336172245e-06_8.0839336172245e-06_8.0839336172245e-06
1016,18942,138-23-8-1-1,1.24368209495762e-05_1.24368209495762e-05_1.24368209495762e-05_1.24368209495762e-05_1.24368209495762e-05
1016,18943,196-14-4-2-1,3.10920523739404e-06_3.10920523739404e-06_3.10920523739404e-06_3.10920523739404e-06_3.10920523739404e-06
1016,18944,39-22-8-1-1,1.86552314243642e-05_1.86552314243642e-05_1.86552314243642e-05_1.86552314243642e-05_1.86552314243642e-05
1016,18945,55-22-8-1-1,4.35288733235165e-06_4.35288733235165e-06_4.35288733235165e-06_4.35288733235165e-06_4.35288733235165e-06
1016,18946,205-12-8-1-1,6.21841047478808e-06_6.21841047478808e-06_6.21841047478808e-06_6.21841047478808e-06_6.21841047478808e-06
1016,18947,149-16-2-2-1,4.97472837983046e-06_4.97472837983046e-06_4.97472837983046e-06_4.97472837983046e-06_4.97472837983046e-06
1016,18948,237-44-12-1-1,1.36805030445338e-05_1.36805030445338e-05_1.36805030445338e-05_1.36805030445338e-05_1.36805030445338e-05
1016,18949,37-11-4-2-1,9.94945675966092e-06_9.94945675966092e-06_9.94945675966092e-06_9.94945675966092e-06_9.94945675966092e-06
1016,18950,31-6-6-2-1,0.00111185179289211_0.00111185179289211_0.00111185179289211_0.00111185179289211_0.00111185179289211
1016,18951,188-14-4-2-1,1.67897082819278e-05_1.67897082819278e-05_1.67897082819278e-05_1.67897082819278e-05_1.67897082819278e-05
1016,18952,188-14-4-2-1,7.46209256974569e-06_7.46209256974569e-06_7.46209256974569e-06_7.46209256974569e-06_7.46209256974569e-06
1016,18953,17-11-4-2-1,5.59656942730927e-06_5.59656942730927e-06_5.59656942730927e-06_5.59656942730927e-06_5.59656942730927e-06
1016,18954,189-12-8-1-1,5.59656942730927e-06_5.59656942730927e-06_5.59656942730927e-06_5.59656942730927e-06_5.59656942730927e-06
1016,18955,40-23-8-1-1,4.35288733235165e-06_4.35288733235165e-06_4.35288733235165e-06_4.35288733235165e-06_4.35288733235165e-06
1016,18956,36-6-6-2-1,4.10415091336013e-05_4.10415091336013e-05_4.10415091336013e-05_4.10415091336013e-05_4.10415091336013e-05
1016,18957,172-40-4-2-1,7.46209256974569e-06_7.46209256974569e-06_7.46209256974569e-06_7.46209256974569e-06_7.46209256974569e-06
1016,18958,180-40-4-2-1,1.24368209495762e-05_1.24368209495762e-05_1.24368209495762e-05_1.24368209495762e-05_1.24368209495762e-05
1016,18959,25-10-2-2-1,4.04196680861225e-05_4.04196680861225e-05_4.04196680861225e-05_4.04196680861225e-05_4.04196680861225e-05
1016,18960,213-15-9-2-1,4.35288733235165e-06_4.35288733235165e-06_4.35288733235165e-06_4.35288733235165e-06_4.35288733235165e-06
1016,18961,34-19-9-2-1,3.10920523739404e-06_3.10920523739404e-06_3.10920523739404e-06_3.10920523739404e-06_3.10920523739404e-06
1016,18962,151-19-9-2-1,1.43023440920126e-05_1.43023440920126e-05_1.43023440920126e-05_1.43023440920126e-05_1.43023440920126e-05
1016,18963,128-7-4-2-1,4.35288733235165e-06_4.35288733235165e-06_4.35288733235165e-06_4.35288733235165e-06_4.35288733235165e-06
1016,18964,160-30-1-1-1,3.10920523739404e-06_3.10920523739404e-06_3.10920523739404e-06_3.10920523739404e-06_3.10920523739404e-06
1016,18965,223-40-4-2-1,7.46209256974569e-06_7.46209256974569e-06_7.46209256974569e-06_7.46209256974569e-06_7.46209256974569e-06
1016,18966,118-36-10-1-1,2.48736418991523e-06_2.48736418991523e-06_2.48736418991523e-06_2.48736418991523e-06_2.48736418991523e-06
1016,18967,31-6-6-2-1,0.000128099255780634_0.000128099255780634_0.000128099255780634_0.000128099255780634_0.000128099255780634
1016,18968,63-27-8-1-1,8.51922235045966e-05_8.51922235045966e-05_8.51922235045966e-05_8.51922235045966e-05_8.51922235045966e-05
1016,18969,63-27-8-1-1,9.32761571218212e-06_9.32761571218212e-06_9.32761571218212e-06_9.32761571218212e-06_9.32761571218212e-06
1016,18970,63-27-8-1-1,2.67391650415887e-05_2.67391650415887e-05_2.67391650415887e-05_2.67391650415887e-05_2.67391650415887e-05
1016,18971,62-3-3-1-1,0.000678428582799379_0.000678428582799379_0.000678428582799379_0.000678428582799379_0.000678428582799379
1016,18972,177-7-4-2-1,6.21841047478808e-06_6.21841047478808e-06_6.21841047478808e-06_6.21841047478808e-06_6.21841047478808e-06
1016,18973,185-41-9-2-1,3.10920523739404e-06_3.10920523739404e-06_3.10920523739404e-06_3.10920523739404e-06_3.10920523739404e-06
1016,18974,91-33-5-1-1,8.70577466470331e-06_8.70577466470331e-06_8.70577466470331e-06_8.70577466470331e-06_8.70577466470331e-06
1016,18975,174-15-9-2-1,0.000131208461018028_0.000131208461018028_0.000131208461018028_0.000131208461018028_0.000131208461018028
1016,18976,4-4-4-2-1,3.10920523739404e-06_3.10920523739404e-06_3.10920523739404e-06_3.10920523739404e-06_3.10920523739404e-06
1016,18977,196-14-4-2-1,3.10920523739404e-06_3.10920523739404e-06_3.10920523739404e-06_3.10920523739404e-06_3.10920523739404e-06
1016,18978,25-10-2-2-1,4.97472837983046e-06_4.97472837983046e-06_4.97472837983046e-06_4.97472837983046e-06_4.97472837983046e-06
1016,18980,45-5-5-1-1,3.2335734468898e-05_3.2335734468898e-05_3.2335734468898e-05_3.2335734468898e-05_3.2335734468898e-05
1016,18981,159-4-4-2-1,1.74115493294066e-05_1.74115493294066e-05_1.74115493294066e-05_1.74115493294066e-05_1.74115493294066e-05
1016,18982,185-41-9-2-1,4.97472837983046e-06_4.97472837983046e-06_4.97472837983046e-06_4.97472837983046e-06_4.97472837983046e-06
1016,18984,155-10-2-2-1,0.000440885302662475_0.000440885302662475_0.000440885302662475_0.000440885302662475_0.000440885302662475
1016,18985,147-11-4-2-1,1.49241851394914e-05_1.49241851394914e-05_1.49241851394914e-05_1.49241851394914e-05_1.49241851394914e-05
1016,18986,35-20-9-2-1,1.49241851394914e-05_1.49241851394914e-05_1.49241851394914e-05_1.49241851394914e-05_1.49241851394914e-05
1016,18987,8-7-4-2-1,7.46209256974569e-06_7.46209256974569e-06_7.46209256974569e-06_7.46209256974569e-06_7.46209256974569e-06
1016,18988,70-27-8-1-1,3.10920523739404e-06_3.10920523739404e-06_3.10920523739404e-06_3.10920523739404e-06_3.10920523739404e-06
1016,18989,118-36-10-1-1,6.21841047478808e-06_6.21841047478808e-06_6.21841047478808e-06_6.21841047478808e-06_6.21841047478808e-06
1016,18990,140-42-12-1-1,6.84025152226688e-06_6.84025152226688e-06_6.84025152226688e-06_6.84025152226688e-06_6.84025152226688e-06
1016,18991,185-41-9-2-1,3.73104628487285e-06_3.73104628487285e-06_3.73104628487285e-06_3.73104628487285e-06_3.73104628487285e-06
1016,18992,58-13-6-2-1,0.00012001532216341_0.00012001532216341_0.00012001532216341_0.00012001532216341_0.00012001532216341
1016,18993,44-13-6-2-1,1.74115493294066e-05_1.74115493294066e-05_1.74115493294066e-05_1.74115493294066e-05_1.74115493294066e-05
1016,18994,40-23-8-1-1,3.10920523739404e-06_3.10920523739404e-06_3.10920523739404e-06_3.10920523739404e-06_3.10920523739404e-06
1016,18995,89-13-6-2-1,0.000101360090739046_0.000101360090739046_0.000101360090739046_0.000101360090739046_0.000101360090739046
1016,18996,234-24-7-1-1,5.59656942730927e-05_5.59656942730927e-05_5.59656942730927e-05_5.59656942730927e-05_5.59656942730927e-05
1016,18997,160-30-1-1-1,6.21841047478808e-06_6.21841047478808e-06_6.21841047478808e-06_6.21841047478808e-06_6.21841047478808e-06
1016,18998,44-13-6-2-1,4.97472837983046e-06_4.97472837983046e-06_4.97472837983046e-06_4.97472837983046e-06_4.97472837983046e-06
1016,19000,194-31-9-2-1,2.73610060890675e-05_2.73610060890675e-05_2.73610060890675e-05_2.73610060890675e-05_2.73610060890675e-05
1016,19001,216-19-9-2-1,2.48736418991523e-06_2.48736418991523e-06_2.48736418991523e-06_2.48736418991523e-06_2.48736418991523e-06
1016,19002,153-18-4-2-1,2.54954829466311e-05_2.54954829466311e-05_2.54954829466311e-05_2.54954829466311e-05_2.54954829466311e-05
1016,19003,171-18-4-2-1,3.10920523739404e-06_3.10920523739404e-06_3.10920523739404e-06_3.10920523739404e-06_3.10920523739404e-06
1016,19004,209-35-4-2-1,3.73104628487285e-06_3.73104628487285e-06_3.73104628487285e-06_3.73104628487285e-06_3.73104628487285e-06
1016,19005,207-29-2-2-1,6.09404226529231e-05_6.09404226529231e-05_6.09404226529231e-05_6.09404226529231e-05_6.09404226529231e-05
1016,19006,44-13-6-2-1,7.46209256974569e-06_7.46209256974569e-06_7.46209256974569e-06_7.46209256974569e-06_7.46209256974569e-06
1016,19008,95-37-4-2-1,2.54954829466311e-05_2.54954829466311e-05_2.54954829466311e-05_2.54954829466311e-05_2.54954829466311e-05
1016,19009,185-41-9-2-1,4.35288733235165e-06_4.35288733235165e-06_4.35288733235165e-06_4.35288733235165e-06_4.35288733235165e-06
1016,19010,114-40-4-2-1,1.67897082819278e-05_1.67897082819278e-05_1.67897082819278e-05_1.67897082819278e-05_1.67897082819278e-05
1016,19011,123-41-9-2-1,1.36805030445338e-05_1.36805030445338e-05_1.36805030445338e-05_1.36805030445338e-05_1.36805030445338e-05
1016,19012,11-4-4-2-1,1.86552314243642e-06_1.86552314243642e-06_1.86552314243642e-06_1.86552314243642e-06_1.86552314243642e-06
1016,19013,199-19-9-2-1,9.32761571218212e-06_9.32761571218212e-06_9.32761571218212e-06_9.32761571218212e-06_9.32761571218212e-06
1016,19014,180-40-4-2-1,0.000207694909857922_0.000207694909857922_0.000207694909857922_0.000207694909857922_0.000207694909857922
1016,19015,223-40-4-2-1,5.59656942730927e-06_5.59656942730927e-06_5.59656942730927e-06_5.59656942730927e-06_5.59656942730927e-06
1016,19016,180-40-4-2-1,4.29070322760377e-05_4.29070322760377e-05_4.29070322760377e-05_4.29070322760377e-05_4.29070322760377e-05
1016,19017,75-1-1-1-1,1.11931388546185e-05_1.11931388546185e-05_1.11931388546185e-05_1.11931388546185e-05_1.11931388546185e-05
1016,19018,177-7-4-2-1,2.05207545668007e-05_2.05207545668007e-05_2.05207545668007e-05_2.05207545668007e-05_2.05207545668007e-05
1016,19019,139-43-4-2-1,0.00114978409678832_0.00114978409678832_0.00114978409678832_0.00114978409678832_0.00114978409678832
1016,19020,185-41-9-2-1,1.86552314243642e-06_1.86552314243642e-06_1.86552314243642e-06_1.86552314243642e-06_1.86552314243642e-06
1016,19021,229-5-5-1-1,2.23862777092371e-05_2.23862777092371e-05_2.23862777092371e-05_2.23862777092371e-05_2.23862777092371e-05
1016,19022,8-7-4-2-1,7.46209256974569e-06_7.46209256974569e-06_7.46209256974569e-06_7.46209256974569e-06_7.46209256974569e-06
1016,19023,147-11-4-2-1,8.0839336172245e-06_8.0839336172245e-06_8.0839336172245e-06_8.0839336172245e-06_8.0839336172245e-06
1016,19024,57-7-4-2-1,7.46209256974569e-06_7.46209256974569e-06_7.46209256974569e-06_7.46209256974569e-06_7.46209256974569e-06
1016,19025,222-35-4-2-1,9.26543160743423e-05_9.26543160743423e-05_9.26543160743423e-05_9.26543160743423e-05_9.26543160743423e-05
1016,19026,8-7-4-2-1,6.84025152226688e-06_6.84025152226688e-06_6.84025152226688e-06_6.84025152226688e-06_6.84025152226688e-06
1016,19027,222-35-4-2-1,1.98989135193218e-05_1.98989135193218e-05_1.98989135193218e-05_1.98989135193218e-05_1.98989135193218e-05
1016,19028,112-14-4-2-1,3.10920523739404e-06_3.10920523739404e-06_3.10920523739404e-06_3.10920523739404e-06_3.10920523739404e-06
1016,19029,114-40-4-2-1,2.61173239941099e-05_2.61173239941099e-05_2.61173239941099e-05_2.61173239941099e-05_2.61173239941099e-05
1016,19030,159-4-4-2-1,4.97472837983046e-06_4.97472837983046e-06_4.97472837983046e-06_4.97472837983046e-06_4.97472837983046e-06
1016,19031,216-19-9-2-1,1.43023440920126e-05_1.43023440920126e-05_1.43023440920126e-05_1.43023440920126e-05_1.43023440920126e-05
1016,19032,216-19-9-2-1,9.94945675966092e-06_9.94945675966092e-06_9.94945675966092e-06_9.94945675966092e-06_9.94945675966092e-06
1016,19033,130-12-8-1-1,7.46209256974569e-06_7.46209256974569e-06_7.46209256974569e-06_7.46209256974569e-06_7.46209256974569e-06
1016,19034,172-40-4-2-1,4.97472837983046e-06_4.97472837983046e-06_4.97472837983046e-06_4.97472837983046e-06_4.97472837983046e-06
1016,19035,115-8-3-1-1,0.000703302224698531_0.000703302224698531_0.000703302224698531_0.000703302224698531_0.000703302224698531
1016,19036,118-36-10-1-1,8.0839336172245e-06_8.0839336172245e-06_8.0839336172245e-06_8.0839336172245e-06_8.0839336172245e-06
1016,19037,18-12-8-1-1,3.73104628487285e-06_3.73104628487285e-06_3.73104628487285e-06_3.73104628487285e-06_3.73104628487285e-06
1016,19038,108-13-6-2-1,5.72093763680503e-05_5.72093763680503e-05_5.72093763680503e-05_5.72093763680503e-05_5.72093763680503e-05
1016,19039,125-30-1-1-1,0.000149863692442393_0.000149863692442393_0.000149863692442393_0.000149863692442393_0.000149863692442393
1016,19040,141-42-12-1-1,8.0839336172245e-06_8.0839336172245e-06_8.0839336172245e-06_8.0839336172245e-06_8.0839336172245e-06
1016,19041,218-7-4-2-1,1.67897082819278e-05_1.67897082819278e-05_1.67897082819278e-05_1.67897082819278e-05_1.67897082819278e-05
1016,19043,140-42-12-1-1,9.32761571218212e-06_9.32761571218212e-06_9.32761571218212e-06_9.32761571218212e-06_9.32761571218212e-06
1016,19044,27-8-3-1-1,0.00045891869303936_0.00045891869303936_0.00045891869303936_0.00045891869303936_0.00045891869303936
1016,19045,228-17-10-1-1,1.18149799020973e-05_1.18149799020973e-05_1.18149799020973e-05_1.18149799020973e-05_1.18149799020973e-05
1016,19046,228-17-10-1-1,5.59656942730927e-06_5.59656942730927e-06_5.59656942730927e-06_5.59656942730927e-06_5.59656942730927e-06
1016,19047,199-19-9-2-1,2.48736418991523e-06_2.48736418991523e-06_2.48736418991523e-06_2.48736418991523e-06_2.48736418991523e-06
1016,19048,68-30-1-1-1,2.23862777092371e-05_2.23862777092371e-05_2.23862777092371e-05_2.23862777092371e-05_2.23862777092371e-05
1016,19049,179-26-4-2-1,1.49241851394914e-05_1.49241851394914e-05_1.49241851394914e-05_1.49241851394914e-05_1.49241851394914e-05
1016,19050,74-31-9-2-1,4.72599196083894e-05_4.72599196083894e-05_4.72599196083894e-05_4.72599196083894e-05_4.72599196083894e-05
1016,19051,188-14-4-2-1,6.21841047478808e-06_6.21841047478808e-06_6.21841047478808e-06_6.21841047478808e-06_6.21841047478808e-06
1016,19052,126-29-2-2-1,2.48736418991523e-05_2.48736418991523e-05_2.48736418991523e-05_2.48736418991523e-05_2.48736418991523e-05
1016,19053,67-2-2-2-1,4.10415091336013e-05_4.10415091336013e-05_4.10415091336013e-05_4.10415091336013e-05_4.10415091336013e-05
1016,19054,112-14-4-2-1,3.10920523739404e-06_3.10920523739404e-06_3.10920523739404e-06_3.10920523739404e-06_3.10920523739404e-06
1016,19056,55-22-8-1-1,9.01669518844271e-05_9.01669518844271e-05_9.01669518844271e-05_9.01669518844271e-05_9.01669518844271e-05
1016,19057,200-15-9-2-1,1.86552314243642e-06_1.86552314243642e-06_1.86552314243642e-06_1.86552314243642e-06_1.86552314243642e-06
1016,19058,68-30-1-1-1,2.67391650415887e-05_2.67391650415887e-05_2.67391650415887e-05_2.67391650415887e-05_2.67391650415887e-05
1016,19059,112-14-4-2-1,4.35288733235165e-06_4.35288733235165e-06_4.35288733235165e-06_4.35288733235165e-06_4.35288733235165e-06
1016,19060,76-4-4-2-1,3.35794165638556e-05_3.35794165638556e-05_3.35794165638556e-05_3.35794165638556e-05_3.35794165638556e-05
1016,19061,185-41-9-2-1,3.73104628487285e-06_3.73104628487285e-06_3.73104628487285e-06_3.73104628487285e-06_3.73104628487285e-06
1016,19062,172-40-4-2-1,3.73104628487285e-06_3.73104628487285e-06_3.73104628487285e-06_3.73104628487285e-06_3.73104628487285e-06
1016,19063,122-16-2-2-1,2.73610060890675e-05_2.73610060890675e-05_2.73610060890675e-05_2.73610060890675e-05_2.73610060890675e-05
1016,19064,185-41-9-2-1,3.10920523739404e-06_3.10920523739404e-06_3.10920523739404e-06_3.10920523739404e-06_3.10920523739404e-06
1016,19065,12-3-3-1-1,0.000676563059656943_0.000676563059656943_0.000676563059656943_0.000676563059656943_0.000676563059656943
1016,19066,228-17-10-1-1,0.000331441278306204_0.000331441278306204_0.000331441278306204_0.000331441278306204_0.000331441278306204
1016,19067,185-41-9-2-1,3.10920523739404e-06_3.10920523739404e-06_3.10920523739404e-06_3.10920523739404e-06_3.10920523739404e-06
1016,19068,1-1-1-1-1,0.000120637163210889_0.000120637163210889_0.000120637163210889_0.000120637163210889_0.000120637163210889
1016,19069,37-11-4-2-1,4.35288733235165e-06_4.35288733235165e-06_4.35288733235165e-06_4.35288733235165e-06_4.35288733235165e-06
1016,19070,88-35-4-2-1,2.05207545668007e-05_2.05207545668007e-05_2.05207545668007e-05_2.05207545668007e-05_2.05207545668007e-05
1016,19071,202-37-4-2-1,1.18149799020973e-05_1.18149799020973e-05_1.18149799020973e-05_1.18149799020973e-05_1.18149799020973e-05
1016,19072,216-19-9-2-1,1.18149799020973e-05_1.18149799020973e-05_1.18149799020973e-05_1.18149799020973e-05_1.18149799020973e-05
1016,19073,23-10-2-2-1,2.42518008516735e-05_2.42518008516735e-05_2.42518008516735e-05_2.42518008516735e-05_2.42518008516735e-05
1016,19074,127-30-1-1-1,4.35288733235165e-06_4.35288733235165e-06_4.35288733235165e-06_4.35288733235165e-06_4.35288733235165e-06
1016,19075,66-29-2-2-1,3.10920523739404e-06_3.10920523739404e-06_3.10920523739404e-06_3.10920523739404e-06_3.10920523739404e-06
1016,19077,172-40-4-2-1,4.97472837983046e-06_4.97472837983046e-06_4.97472837983046e-06_4.97472837983046e-06_4.97472837983046e-06
1016,19078,63-27-8-1-1,8.0839336172245e-06_8.0839336172245e-06_8.0839336172245e-06_8.0839336172245e-06_8.0839336172245e-06
1016,19079,140-42-12-1-1,3.10920523739404e-06_3.10920523739404e-06_3.10920523739404e-06_3.10920523739404e-06_3.10920523739404e-06
1016,19080,148-29-2-2-1,7.46209256974569e-06_7.46209256974569e-06_7.46209256974569e-06_7.46209256974569e-06_7.46209256974569e-06
1016,19081,10-3-3-1-1,3.10920523739404e-05_3.10920523739404e-05_3.10920523739404e-05_3.10920523739404e-05_3.10920523739404e-05
1016,19082,23-10-2-2-1,3.04702113264616e-05_3.04702113264616e-05_3.04702113264616e-05_3.04702113264616e-05_3.04702113264616e-05
1016,19083,218-7-4-2-1,2.17644366617583e-05_2.17644366617583e-05_2.17644366617583e-05_2.17644366617583e-05_2.17644366617583e-05
1016,19086,185-41-9-2-1,4.97472837983046e-06_4.97472837983046e-06_4.97472837983046e-06_4.97472837983046e-06_4.97472837983046e-06
1016,19087,114-40-4-2-1,2.48736418991523e-06_2.48736418991523e-06_2.48736418991523e-06_2.48736418991523e-06_2.48736418991523e-06
1016,19088,177-7-4-2-1,5.59656942730927e-06_5.59656942730927e-06_5.59656942730927e-06_5.59656942730927e-06_5.59656942730927e-06
1016,19089,45-5-5-1-1,6.84025152226688e-06_6.84025152226688e-06_6.84025152226688e-06_6.84025152226688e-06_6.84025152226688e-06
1016,19090,218-7-4-2-1,5.59656942730927e-06_5.59656942730927e-06_5.59656942730927e-06_5.59656942730927e-06_5.59656942730927e-06
1016,19091,180-40-4-2-1,5.59656942730927e-06_5.59656942730927e-06_5.59656942730927e-06_5.59656942730927e-06_5.59656942730927e-06
1016,19092,76-4-4-2-1,1.36805030445338e-05_1.36805030445338e-05_1.36805030445338e-05_1.36805030445338e-05_1.36805030445338e-05
1016,19093,1-1-1-1-1,0.000295996338599912_0.000295996338599912_0.000295996338599912_0.000295996338599912_0.000295996338599912
1016,19094,196-14-4-2-1,5.59656942730927e-06_5.59656942730927e-06_5.59656942730927e-06_5.59656942730927e-06_5.59656942730927e-06
1016,19095,17-11-4-2-1,4.35288733235165e-06_4.35288733235165e-06_4.35288733235165e-06_4.35288733235165e-06_4.35288733235165e-06
1016,19096,103-13-6-2-1,0.000177846539578939_0.000177846539578939_0.000177846539578939_0.000177846539578939_0.000177846539578939
1016,19097,185-41-9-2-1,4.35288733235165e-06_4.35288733235165e-06_4.35288733235165e-06_4.35288733235165e-06_4.35288733235165e-06
1016,19098,130-12-8-1-1,1.18149799020973e-05_1.18149799020973e-05_1.18149799020973e-05_1.18149799020973e-05_1.18149799020973e-05
1016,19099,122-16-2-2-1,6.4671468937796e-05_6.4671468937796e-05_6.4671468937796e-05_6.4671468937796e-05_6.4671468937796e-05
1016,19100,191-37-4-2-1,3.73104628487285e-06_3.73104628487285e-06_3.73104628487285e-06_3.73104628487285e-06_3.73104628487285e-06
1016,19101,139-43-4-2-1,0.00031278604688184_0.00031278604688184_0.00031278604688184_0.00031278604688184_0.00031278604688184
1016,19102,88-35-4-2-1,5.72093763680503e-05_5.72093763680503e-05_5.72093763680503e-05_5.72093763680503e-05_5.72093763680503e-05
1016,19103,170-43-4-2-1,8.0839336172245e-06_8.0839336172245e-06_8.0839336172245e-06_8.0839336172245e-06_8.0839336172245e-06
1016,19104,45-5-5-1-1,5.72093763680503e-05_5.72093763680503e-05_5.72093763680503e-05_5.72093763680503e-05_5.72093763680503e-05
1016,19105,103-13-6-2-1,0.000144888964062562_0.000144888964062562_0.000144888964062562_0.000144888964062562_0.000144888964062562
1016,19106,134-29-2-2-1,9.32761571218212e-06_9.32761571218212e-06_9.32761571218212e-06_9.32761571218212e-06_9.32761571218212e-06
1016,19107,201-17-10-1-1,0.000251845624228917_0.000251845624228917_0.000251845624228917_0.000251845624228917_0.000251845624228917
1016,19108,142-42-12-1-1,3.10920523739404e-06_3.10920523739404e-06_3.10920523739404e-06_3.10920523739404e-06_3.10920523739404e-06
1016,19109,212-41-9-2-1,6.84025152226688e-06_6.84025152226688e-06_6.84025152226688e-06_6.84025152226688e-06_6.84025152226688e-06
1016,19110,156-37-4-2-1,1.36805030445338e-05_1.36805030445338e-05_1.36805030445338e-05_1.36805030445338e-05_1.36805030445338e-05
1016,19111,116-36-10-1-1,4.10415091336013e-05_4.10415091336013e-05_4.10415091336013e-05_4.10415091336013e-05_4.10415091336013e-05
1016,19112,23-10-2-2-1,0.000210804115095316_0.000210804115095316_0.000210804115095316_0.000210804115095316_0.000210804115095316
1016,19113,116-36-10-1-1,5.59656942730927e-06_5.59656942730927e-06_5.59656942730927e-06_5.59656942730927e-06_5.59656942730927e-06
1016,19114,21-8-3-1-1,0.000154838420822223_0.000154838420822223_0.000154838420822223_0.000154838420822223_0.000154838420822223
1016,19115,234-24-7-1-1,0.00019836729414574_0.00019836729414574_0.00019836729414574_0.00019836729414574_0.00019836729414574
1016,19116,17-11-4-2-1,1.9277072471843e-05_1.9277072471843e-05_1.9277072471843e-05_1.9277072471843e-05_1.9277072471843e-05
1016,19117,17-11-4-2-1,1.3058661997055e-05_1.3058661997055e-05_1.3058661997055e-05_1.3058661997055e-05_1.3058661997055e-05
1016,19118,201-17-10-1-1,0.000110687706451228_0.000110687706451228_0.000110687706451228_0.000110687706451228_0.000110687706451228
1016,19119,196-14-4-2-1,1.98989135193218e-05_1.98989135193218e-05_1.98989135193218e-05_1.98989135193218e-05_1.98989135193218e-05
1016,19120,112-14-4-2-1,5.59656942730927e-06_5.59656942730927e-06_5.59656942730927e-06_5.59656942730927e-06_5.59656942730927e-06
1016,19121,181-40-4-2-1,1.9277072471843e-05_1.9277072471843e-05_1.9277072471843e-05_1.9277072471843e-05_1.9277072471843e-05
1016,19122,228-17-10-1-1,1.80333903768854e-05_1.80333903768854e-05_1.80333903768854e-05_1.80333903768854e-05_1.80333903768854e-05
1016,19123,116-36-10-1-1,0.00020334202252557_0.00020334202252557_0.00020334202252557_0.00020334202252557_0.00020334202252557
1016,19124,33-16-2-2-1,3.35794165638556e-05_3.35794165638556e-05_3.35794165638556e-05_3.35794165638556e-05_3.35794165638556e-05
1016,19125,196-14-4-2-1,8.70577466470331e-06_8.70577466470331e-06_8.70577466470331e-06_8.70577466470331e-06_8.70577466470331e-06
1016,19126,10-3-3-1-1,0.000628059457953596_0.000628059457953596_0.000628059457953596_0.000628059457953596_0.000628059457953596
1016,19127,57-7-4-2-1,3.10920523739404e-06_3.10920523739404e-06_3.10920523739404e-06_3.10920523739404e-06_3.10920523739404e-06
1016,19128,34-19-9-2-1,4.97472837983046e-06_4.97472837983046e-06_4.97472837983046e-06_4.97472837983046e-06_4.97472837983046e-06
1016,19129,145-25-8-1-1,2.79828471365463e-05_2.79828471365463e-05_2.79828471365463e-05_2.79828471365463e-05_2.79828471365463e-05
1016,19130,8-7-4-2-1,9.32761571218212e-06_9.32761571218212e-06_9.32761571218212e-06_9.32761571218212e-06_9.32761571218212e-06
1016,19131,186-15-9-2-1,1.11931388546185e-05_1.11931388546185e-05_1.11931388546185e-05_1.11931388546185e-05_1.11931388546185e-05
1016,19132,86-10-2-2-1,6.84025152226688e-05_6.84025152226688e-05_6.84025152226688e-05_6.84025152226688e-05_6.84025152226688e-05
1016,19133,58-13-6-2-1,3.85541449436861e-05_3.85541449436861e-05_3.85541449436861e-05_3.85541449436861e-05_3.85541449436861e-05
1016,19134,229-5-5-1-1,1.80333903768854e-05_1.80333903768854e-05_1.80333903768854e-05_1.80333903768854e-05_1.80333903768854e-05
1016,19135,74-31-9-2-1,9.94945675966092e-06_9.94945675966092e-06_9.94945675966092e-06_9.94945675966092e-06_9.94945675966092e-06
1016,19136,181-40-4-2-1,3.91759859911649e-05_3.91759859911649e-05_3.91759859911649e-05_3.91759859911649e-05_3.91759859911649e-05
1016,19137,185-41-9-2-1,3.10920523739404e-06_3.10920523739404e-06_3.10920523739404e-06_3.10920523739404e-06_3.10920523739404e-06
1016,19138,196-14-4-2-1,3.5444939706292e-05_3.5444939706292e-05_3.5444939706292e-05_3.5444939706292e-05_3.5444939706292e-05
1016,19139,63-27-8-1-1,3.2335734468898e-05_3.2335734468898e-05_3.2335734468898e-05_3.2335734468898e-05_3.2335734468898e-05
1016,19140,180-40-4-2-1,1.9277072471843e-05_1.9277072471843e-05_1.9277072471843e-05_1.9277072471843e-05_1.9277072471843e-05
1016,19141,133-12-8-1-1,2.42518008516735e-05_2.42518008516735e-05_2.42518008516735e-05_2.42518008516735e-05_2.42518008516735e-05
1016,19142,134-29-2-2-1,1.43023440920126e-05_1.43023440920126e-05_1.43023440920126e-05_1.43023440920126e-05_1.43023440920126e-05
1016,19143,160-30-1-1-1,6.84025152226688e-06_6.84025152226688e-06_6.84025152226688e-06_6.84025152226688e-06_6.84025152226688e-06
1016,19144,45-5-5-1-1,2.05207545668007e-05_2.05207545668007e-05_2.05207545668007e-05_2.05207545668007e-05_2.05207545668007e-05
1016,19145,67-2-2-2-1,0.000231946710709595_0.000231946710709595_0.000231946710709595_0.000231946710709595_0.000231946710709595
1016,19146,91-33-5-1-1,1.3058661997055e-05_1.3058661997055e-05_1.3058661997055e-05_1.3058661997055e-05_1.3058661997055e-05
1016,19147,11-4-4-2-1,2.17644366617583e-05_2.17644366617583e-05_2.17644366617583e-05_2.17644366617583e-05_2.17644366617583e-05
1016,19148,218-7-4-2-1,4.97472837983046e-06_4.97472837983046e-06_4.97472837983046e-06_4.97472837983046e-06_4.97472837983046e-06
1016,19149,11-4-4-2-1,5.53438532256139e-05_5.53438532256139e-05_5.53438532256139e-05_5.53438532256139e-05_5.53438532256139e-05
1016,19150,156-37-4-2-1,0.000103225613881482_0.000103225613881482_0.000103225613881482_0.000103225613881482_0.000103225613881482
1016,19151,127-30-1-1-1,5.59656942730927e-06_5.59656942730927e-06_5.59656942730927e-06_5.59656942730927e-06_5.59656942730927e-06
1016,19152,8-7-4-2-1,5.59656942730927e-06_5.59656942730927e-06_5.59656942730927e-06_5.59656942730927e-06_5.59656942730927e-06
1016,19153,17-11-4-2-1,1.6167867234449e-05_1.6167867234449e-05_1.6167867234449e-05_1.6167867234449e-05_1.6167867234449e-05
1016,19154,54-26-4-2-1,0.000112553229593664_0.000112553229593664_0.000112553229593664_0.000112553229593664_0.000112553229593664
1016,19155,196-14-4-2-1,3.73104628487285e-06_3.73104628487285e-06_3.73104628487285e-06_3.73104628487285e-06_3.73104628487285e-06
1016,19156,177-7-4-2-1,1.74115493294066e-05_1.74115493294066e-05_1.74115493294066e-05_1.74115493294066e-05_1.74115493294066e-05
1016,19157,177-7-4-2-1,1.80333903768854e-05_1.80333903768854e-05_1.80333903768854e-05_1.80333903768854e-05_1.80333903768854e-05
1016,19158,54-26-4-2-1,1.6167867234449e-05_1.6167867234449e-05_1.6167867234449e-05_1.6167867234449e-05_1.6167867234449e-05
1016,19159,205-12-8-1-1,5.59656942730927e-06_5.59656942730927e-06_5.59656942730927e-06_5.59656942730927e-06_5.59656942730927e-06
1016,19160,167-18-4-2-1,3.10920523739404e-06_3.10920523739404e-06_3.10920523739404e-06_3.10920523739404e-06_3.10920523739404e-06
1016,19161,127-30-1-1-1,1.6167867234449e-05_1.6167867234449e-05_1.6167867234449e-05_1.6167867234449e-05_1.6167867234449e-05
1016,19162,44-13-6-2-1,2.86046881840252e-05_2.86046881840252e-05_2.86046881840252e-05_2.86046881840252e-05_2.86046881840252e-05
1016,19163,96-13-6-2-1,4.5394396465953e-05_4.5394396465953e-05_4.5394396465953e-05_4.5394396465953e-05_4.5394396465953e-05
1016,19164,128-7-4-2-1,2.48736418991523e-05_2.48736418991523e-05_2.48736418991523e-05_2.48736418991523e-05_2.48736418991523e-05
1016,19165,198-17-10-1-1,0.000101981931786524_0.000101981931786524_0.000101981931786524_0.000101981931786524_0.000101981931786524
1016,19166,160-30-1-1-1,7.46209256974569e-06_7.46209256974569e-06_7.46209256974569e-06_7.46209256974569e-06_7.46209256974569e-06
1016,19167,185-41-9-2-1,6.84025152226688e-06_6.84025152226688e-06_6.84025152226688e-06_6.84025152226688e-06_6.84025152226688e-06
1016,19168,118-36-10-1-1,1.86552314243642e-05_1.86552314243642e-05_1.86552314243642e-05_1.86552314243642e-05_1.86552314243642e-05
1016,19169,104-38-11-1-1,0.000893585585227047_0.000893585585227047_0.000893585585227047_0.000893585585227047_0.000893585585227047
1016,19170,87-34-11-1-1,0.000416633501810801_0.000416633501810801_0.000416633501810801_0.000416633501810801_0.000416633501810801
1016,19171,172-40-4-2-1,3.10920523739404e-06_3.10920523739404e-06_3.10920523739404e-06_3.10920523739404e-06_3.10920523739404e-06
1016,19172,167-18-4-2-1,6.21841047478808e-06_6.21841047478808e-06_6.21841047478808e-06_6.21841047478808e-06_6.21841047478808e-06
1016,19173,8-7-4-2-1,4.35288733235165e-06_4.35288733235165e-06_4.35288733235165e-06_4.35288733235165e-06_4.35288733235165e-06
1016,19174,148-29-2-2-1,1.3058661997055e-05_1.3058661997055e-05_1.3058661997055e-05_1.3058661997055e-05_1.3058661997055e-05
1016,19175,126-29-2-2-1,2.17644366617583e-05_2.17644366617583e-05_2.17644366617583e-05_2.17644366617583e-05_2.17644366617583e-05
1016,19176,34-19-9-2-1,3.73104628487285e-06_3.73104628487285e-06_3.73104628487285e-06_3.73104628487285e-06_3.73104628487285e-06
1016,19177,120-16-2-2-1,6.778067417519e-05_6.778067417519e-05_6.778067417519e-05_6.778067417519e-05_6.778067417519e-05
1016,19178,181-40-4-2-1,3.60667807537708e-05_3.60667807537708e-05_3.60667807537708e-05_3.60667807537708e-05_3.60667807537708e-05
1016,19179,35-20-9-2-1,3.73104628487285e-06_3.73104628487285e-06_3.73104628487285e-06_3.73104628487285e-06_3.73104628487285e-06
1016,19180,196-14-4-2-1,3.10920523739404e-06_3.10920523739404e-06_3.10920523739404e-06_3.10920523739404e-06_3.10920523739404e-06
1016,19181,26-15-9-2-1,5.96967405579655e-05_5.96967405579655e-05_5.96967405579655e-05_5.96967405579655e-05_5.96967405579655e-05
1016,19182,164-38-11-1-1,0.00228775321367453_0.00228775321367453_0.00228775321367453_0.00228775321367453_0.00228775321367453
1016,19183,237-44-12-1-1,4.16633501810801e-05_4.16633501810801e-05_4.16633501810801e-05_4.16633501810801e-05_4.16633501810801e-05
1016,19184,49-22-8-1-1,6.84025152226688e-06_6.84025152226688e-06_6.84025152226688e-06_6.84025152226688e-06_6.84025152226688e-06
1016,19185,49-22-8-1-1,9.32761571218212e-06_9.32761571218212e-06_9.32761571218212e-06_9.32761571218212e-06_9.32761571218212e-06
1016,19186,191-37-4-2-1,2.17644366617583e-05_2.17644366617583e-05_2.17644366617583e-05_2.17644366617583e-05_2.17644366617583e-05
1016,19187,127-30-1-1-1,2.86046881840252e-05_2.86046881840252e-05_2.86046881840252e-05_2.86046881840252e-05_2.86046881840252e-05
1016,19188,191-37-4-2-1,0.000244383531659171_0.000244383531659171_0.000244383531659171_0.000244383531659171_0.000244383531659171
1016,19189,122-16-2-2-1,7.46209256974569e-06_7.46209256974569e-06_7.46209256974569e-06_7.46209256974569e-06_7.46209256974569e-06
1016,19190,188-14-4-2-1,3.73104628487285e-06_3.73104628487285e-06_3.73104628487285e-06_3.73104628487285e-06_3.73104628487285e-06
1016,19191,164-38-11-1-1,0.000893585585227047_0.000893585585227047_0.000893585585227047_0.000893585585227047_0.000893585585227047
1016,19192,175-20-9-2-1,3.73104628487285e-06_3.73104628487285e-06_3.73104628487285e-06_3.73104628487285e-06_3.73104628487285e-06
1016,19193,104-38-11-1-1,0.000713251681458192_0.000713251681458192_0.000713251681458192_0.000713251681458192_0.000713251681458192
1016,19194,151-19-9-2-1,3.73104628487285e-06_3.73104628487285e-06_3.73104628487285e-06_3.73104628487285e-06_3.73104628487285e-06
1016,19195,175-20-9-2-1,5.59656942730927e-06_5.59656942730927e-06_5.59656942730927e-06_5.59656942730927e-06_5.59656942730927e-06
1016,19196,175-20-9-2-1,3.10920523739404e-06_3.10920523739404e-06_3.10920523739404e-06_3.10920523739404e-06_3.10920523739404e-06
1016,19197,104-38-11-1-1,0.000534161459784296_0.000534161459784296_0.000534161459784296_0.000534161459784296_0.000534161459784296
1016,19198,29-17-10-1-1,2.05207545668007e-05_2.05207545668007e-05_2.05207545668007e-05_2.05207545668007e-05_2.05207545668007e-05
1016,19199,152-32-10-1-1,7.46209256974569e-06_7.46209256974569e-06_7.46209256974569e-06_7.46209256974569e-06_7.46209256974569e-06
1016,19200,32-18-4-2-1,2.73610060890675e-05_2.73610060890675e-05_2.73610060890675e-05_2.73610060890675e-05_2.73610060890675e-05
1016,19201,109-28-5-1-1,3.48230986588132e-05_3.48230986588132e-05_3.48230986588132e-05_3.48230986588132e-05_3.48230986588132e-05
1016,19202,109-28-5-1-1,2.48736418991523e-05_2.48736418991523e-05_2.48736418991523e-05_2.48736418991523e-05_2.48736418991523e-05
1016,19203,133-12-8-1-1,4.35288733235165e-06_4.35288733235165e-06_4.35288733235165e-06_4.35288733235165e-06_4.35288733235165e-06
1016,19204,87-34-11-1-1,0.000416011660763322_0.000416011660763322_0.000416011660763322_0.000416011660763322_0.000416011660763322
1016,19205,87-34-11-1-1,0.000415389819715843_0.000415389819715843_0.000415389819715843_0.000415389819715843_0.000415389819715843
1016,19206,96-13-6-2-1,0.000207694909857922_0.000207694909857922_0.000207694909857922_0.000207694909857922_0.000207694909857922
1016,19207,185-41-9-2-1,4.97472837983046e-06_4.97472837983046e-06_4.97472837983046e-06_4.97472837983046e-06_4.97472837983046e-06
1016,19208,88-35-4-2-1,3.91759859911649e-05_3.91759859911649e-05_3.91759859911649e-05_3.91759859911649e-05_3.91759859911649e-05
1016,19209,51-22-8-1-1,3.42012576113344e-05_3.42012576113344e-05_3.42012576113344e-05_3.42012576113344e-05_3.42012576113344e-05
1016,19210,237-44-12-1-1,2.42518008516735e-05_2.42518008516735e-05_2.42518008516735e-05_2.42518008516735e-05_2.42518008516735e-05
1016,19211,8-7-4-2-1,3.10920523739404e-06_3.10920523739404e-06_3.10920523739404e-06_3.10920523739404e-06_3.10920523739404e-06
1016,19212,185-41-9-2-1,4.97472837983046e-06_4.97472837983046e-06_4.97472837983046e-06_4.97472837983046e-06_4.97472837983046e-06
1016,19213,70-27-8-1-1,7.46209256974569e-06_7.46209256974569e-06_7.46209256974569e-06_7.46209256974569e-06_7.46209256974569e-06
1016,19214,179-26-4-2-1,5.59656942730927e-06_5.59656942730927e-06_5.59656942730927e-06_5.59656942730927e-06_5.59656942730927e-06
1016,19215,71-29-2-2-1,3.73104628487285e-06_3.73104628487285e-06_3.73104628487285e-06_3.73104628487285e-06_3.73104628487285e-06
1016,19216,23-10-2-2-1,7.71082898873721e-05_7.71082898873721e-05_7.71082898873721e-05_7.71082898873721e-05_7.71082898873721e-05
1016,19217,55-22-8-1-1,3.85541449436861e-05_3.85541449436861e-05_3.85541449436861e-05_3.85541449436861e-05_3.85541449436861e-05
1016,19218,44-13-6-2-1,1.18149799020973e-05_1.18149799020973e-05_1.18149799020973e-05_1.18149799020973e-05_1.18149799020973e-05
1016,19219,18-12-8-1-1,1.55460261869702e-05_1.55460261869702e-05_1.55460261869702e-05_1.55460261869702e-05_1.55460261869702e-05
1016,19220,227-41-9-2-1,4.97472837983046e-06_4.97472837983046e-06_4.97472837983046e-06_4.97472837983046e-06_4.97472837983046e-06
1016,19221,172-40-4-2-1,4.35288733235165e-06_4.35288733235165e-06_4.35288733235165e-06_4.35288733235165e-06_4.35288733235165e-06
1016,19222,44-13-6-2-1,7.46209256974569e-06_7.46209256974569e-06_7.46209256974569e-06_7.46209256974569e-06_7.46209256974569e-06
1016,19223,172-40-4-2-1,2.48736418991523e-06_2.48736418991523e-06_2.48736418991523e-06_2.48736418991523e-06_2.48736418991523e-06
1016,19224,45-5-5-1-1,7.7730130934851e-05_7.7730130934851e-05_7.7730130934851e-05_7.7730130934851e-05_7.7730130934851e-05
1016,19225,185-41-9-2-1,3.73104628487285e-06_3.73104628487285e-06_3.73104628487285e-06_3.73104628487285e-06_3.73104628487285e-06
1016,19226,45-5-5-1-1,3.73104628487285e-06_3.73104628487285e-06_3.73104628487285e-06_3.73104628487285e-06_3.73104628487285e-06
1016,19227,45-5-5-1-1,6.84025152226688e-06_6.84025152226688e-06_6.84025152226688e-06_6.84025152226688e-06_6.84025152226688e-06
1016,19228,214-26-4-2-1,8.0839336172245e-06_8.0839336172245e-06_8.0839336172245e-06_8.0839336172245e-06_8.0839336172245e-06
1016,19229,22-13-6-2-1,2.30081187567159e-05_2.30081187567159e-05_2.30081187567159e-05_2.30081187567159e-05_2.30081187567159e-05
1016,19230,35-20-9-2-1,3.10920523739404e-06_3.10920523739404e-06_3.10920523739404e-06_3.10920523739404e-06_3.10920523739404e-06
1016,19231,32-18-4-2-1,4.35288733235165e-06_4.35288733235165e-06_4.35288733235165e-06_4.35288733235165e-06_4.35288733235165e-06
1016,19232,172-40-4-2-1,3.10920523739404e-06_3.10920523739404e-06_3.10920523739404e-06_3.10920523739404e-06_3.10920523739404e-06
1016,19233,165-37-4-2-1,0.000802796792295141_0.000802796792295141_0.000802796792295141_0.000802796792295141_0.000802796792295141
1016,19234,23-10-2-2-1,8.14611772197238e-05_8.14611772197238e-05_8.14611772197238e-05_8.14611772197238e-05_8.14611772197238e-05
1016,19235,171-18-4-2-1,3.73104628487285e-06_3.73104628487285e-06_3.73104628487285e-06_3.73104628487285e-06_3.73104628487285e-06
1016,19236,71-29-2-2-1,6.84025152226688e-06_6.84025152226688e-06_6.84025152226688e-06_6.84025152226688e-06_6.84025152226688e-06
1016,19237,188-14-4-2-1,5.59656942730927e-06_5.59656942730927e-06_5.59656942730927e-06_5.59656942730927e-06_5.59656942730927e-06
1016,19238,188-14-4-2-1,1.18149799020973e-05_1.18149799020973e-05_1.18149799020973e-05_1.18149799020973e-05_1.18149799020973e-05
1016,19239,122-16-2-2-1,4.35288733235165e-06_4.35288733235165e-06_4.35288733235165e-06_4.35288733235165e-06_4.35288733235165e-06
1016,19240,121-39-11-1-1,3.85541449436861e-05_3.85541449436861e-05_3.85541449436861e-05_3.85541449436861e-05_3.85541449436861e-05
1016,19241,89-13-6-2-1,3.35794165638556e-05_3.35794165638556e-05_3.35794165638556e-05_3.35794165638556e-05_3.35794165638556e-05
1016,19242,176-20-9-2-1,2.48736418991523e-06_2.48736418991523e-06_2.48736418991523e-06_2.48736418991523e-06_2.48736418991523e-06
1016,19243,7-4-4-2-1,1.74115493294066e-05_1.74115493294066e-05_1.74115493294066e-05_1.74115493294066e-05_1.74115493294066e-05
1016,19244,188-14-4-2-1,4.35288733235165e-06_4.35288733235165e-06_4.35288733235165e-06_4.35288733235165e-06_4.35288733235165e-06
1016,19245,63-27-8-1-1,6.52933099852748e-05_6.52933099852748e-05_6.52933099852748e-05_6.52933099852748e-05_6.52933099852748e-05
1016,19246,40-23-8-1-1,6.21841047478808e-06_6.21841047478808e-06_6.21841047478808e-06_6.21841047478808e-06_6.21841047478808e-06
1016,19247,185-41-9-2-1,6.84025152226688e-06_6.84025152226688e-06_6.84025152226688e-06_6.84025152226688e-06_6.84025152226688e-06
1016,19248,114-40-4-2-1,3.73104628487285e-06_3.73104628487285e-06_3.73104628487285e-06_3.73104628487285e-06_3.73104628487285e-06
1016,19249,4-4-4-2-1,3.29575755163768e-05_3.29575755163768e-05_3.29575755163768e-05_3.29575755163768e-05_3.29575755163768e-05
1016,19250,102-13-6-2-1,8.70577466470331e-06_8.70577466470331e-06_8.70577466470331e-06_8.70577466470331e-06_8.70577466470331e-06
1016,19251,57-7-4-2-1,4.97472837983046e-06_4.97472837983046e-06_4.97472837983046e-06_4.97472837983046e-06_4.97472837983046e-06
1016,19252,219-45-10-1-1,0.00154154395669996_0.00154154395669996_0.00154154395669996_0.00154154395669996_0.00154154395669996
1016,19253,202-37-4-2-1,4.16633501810801e-05_4.16633501810801e-05_4.16633501810801e-05_4.16633501810801e-05_4.16633501810801e-05
1016,19254,202-37-4-2-1,4.35288733235165e-06_4.35288733235165e-06_4.35288733235165e-06_4.35288733235165e-06_4.35288733235165e-06
1016,19255,61-13-6-2-1,2.42518008516735e-05_2.42518008516735e-05_2.42518008516735e-05_2.42518008516735e-05_2.42518008516735e-05
1016,19256,149-16-2-2-1,1.43023440920126e-05_1.43023440920126e-05_1.43023440920126e-05_1.43023440920126e-05_1.43023440920126e-05
1016,19257,237-44-12-1-1,1.24368209495762e-05_1.24368209495762e-05_1.24368209495762e-05_1.24368209495762e-05_1.24368209495762e-05
1016,19258,23-10-2-2-1,0.000205207545668007_0.000205207545668007_0.000205207545668007_0.000205207545668007_0.000205207545668007
1016,19259,222-35-4-2-1,7.33772436024993e-05_7.33772436024993e-05_7.33772436024993e-05_7.33772436024993e-05_7.33772436024993e-05
1016,19260,7-4-4-2-1,1.24368209495762e-05_1.24368209495762e-05_1.24368209495762e-05_1.24368209495762e-05_1.24368209495762e-05
1016,19261,195-37-4-2-1,3.48230986588132e-05_3.48230986588132e-05_3.48230986588132e-05_3.48230986588132e-05_3.48230986588132e-05
1016,19262,23-10-2-2-1,0.000383675926294424_0.000383675926294424_0.000383675926294424_0.000383675926294424_0.000383675926294424
1016,19263,185-41-9-2-1,3.73104628487285e-06_3.73104628487285e-06_3.73104628487285e-06_3.73104628487285e-06_3.73104628487285e-06
1016,19264,91-33-5-1-1,2.67391650415887e-05_2.67391650415887e-05_2.67391650415887e-05_2.67391650415887e-05_2.67391650415887e-05
1016,19265,172-40-4-2-1,3.10920523739404e-06_3.10920523739404e-06_3.10920523739404e-06_3.10920523739404e-06_3.10920523739404e-06
1016,19267,214-26-4-2-1,3.10920523739404e-06_3.10920523739404e-06_3.10920523739404e-06_3.10920523739404e-06_3.10920523739404e-06
1016,19268,25-10-2-2-1,4.35288733235165e-06_4.35288733235165e-06_4.35288733235165e-06_4.35288733235165e-06_4.35288733235165e-06
1016,19269,70-27-8-1-1,6.84025152226688e-06_6.84025152226688e-06_6.84025152226688e-06_6.84025152226688e-06_6.84025152226688e-06
1016,19270,128-7-4-2-1,1.05712978071397e-05_1.05712978071397e-05_1.05712978071397e-05_1.05712978071397e-05_1.05712978071397e-05
1016,19271,35-20-9-2-1,4.97472837983046e-06_4.97472837983046e-06_4.97472837983046e-06_4.97472837983046e-06_4.97472837983046e-06
1016,19272,163-43-4-2-1,5.59656942730927e-06_5.59656942730927e-06_5.59656942730927e-06_5.59656942730927e-06_5.59656942730927e-06
1016,19274,191-37-4-2-1,6.21841047478808e-06_6.21841047478808e-06_6.21841047478808e-06_6.21841047478808e-06_6.21841047478808e-06
1016,19275,201-17-10-1-1,3.97978270386437e-05_3.97978270386437e-05_3.97978270386437e-05_3.97978270386437e-05_3.97978270386437e-05
1016,19276,185-41-9-2-1,3.73104628487285e-06_3.73104628487285e-06_3.73104628487285e-06_3.73104628487285e-06_3.73104628487285e-06
1016,19277,209-35-4-2-1,4.35288733235165e-06_4.35288733235165e-06_4.35288733235165e-06_4.35288733235165e-06_4.35288733235165e-06
1016,19279,214-26-4-2-1,3.10920523739404e-06_3.10920523739404e-06_3.10920523739404e-06_3.10920523739404e-06_3.10920523739404e-06
1016,19280,102-13-6-2-1,0.000107578501213834_0.000107578501213834_0.000107578501213834_0.000107578501213834_0.000107578501213834
1016,19281,158-2-2-2-1,8.14611772197238e-05_8.14611772197238e-05_8.14611772197238e-05_8.14611772197238e-05_8.14611772197238e-05
1016,19282,76-4-4-2-1,3.35794165638556e-05_3.35794165638556e-05_3.35794165638556e-05_3.35794165638556e-05_3.35794165638556e-05
1016,19283,4-4-4-2-1,0.000115040593783579_0.000115040593783579_0.000115040593783579_0.000115040593783579_0.000115040593783579
1016,19284,76-4-4-2-1,1.74115493294066e-05_1.74115493294066e-05_1.74115493294066e-05_1.74115493294066e-05_1.74115493294066e-05
1016,19285,199-19-9-2-1,1.86552314243642e-05_1.86552314243642e-05_1.86552314243642e-05_1.86552314243642e-05_1.86552314243642e-05
1016,19286,212-41-9-2-1,6.84025152226688e-06_6.84025152226688e-06_6.84025152226688e-06_6.84025152226688e-06_6.84025152226688e-06
1016,19287,8-7-4-2-1,0.00013556134835038_0.00013556134835038_0.00013556134835038_0.00013556134835038_0.00013556134835038
1016,19288,93-16-2-2-1,0.00010446929597644_0.00010446929597644_0.00010446929597644_0.00010446929597644_0.00010446929597644
1016,19289,185-41-9-2-1,2.05207545668007e-05_2.05207545668007e-05_2.05207545668007e-05_2.05207545668007e-05_2.05207545668007e-05
1016,19291,148-29-2-2-1,8.0839336172245e-06_8.0839336172245e-06_8.0839336172245e-06_8.0839336172245e-06_8.0839336172245e-06
1016,19292,163-43-4-2-1,4.97472837983046e-06_4.97472837983046e-06_4.97472837983046e-06_4.97472837983046e-06_4.97472837983046e-06
1016,19293,160-30-1-1-1,6.84025152226688e-06_6.84025152226688e-06_6.84025152226688e-06_6.84025152226688e-06_6.84025152226688e-06
1016,19294,114-40-4-2-1,2.36299598041947e-05_2.36299598041947e-05_2.36299598041947e-05_2.36299598041947e-05_2.36299598041947e-05
1016,19295,177-7-4-2-1,8.70577466470331e-06_8.70577466470331e-06_8.70577466470331e-06_8.70577466470331e-06_8.70577466470331e-06
1016,19296,74-31-9-2-1,1.24368209495762e-05_1.24368209495762e-05_1.24368209495762e-05_1.24368209495762e-05_1.24368209495762e-05
1016,19297,122-16-2-2-1,1.80333903768854e-05_1.80333903768854e-05_1.80333903768854e-05_1.80333903768854e-05_1.80333903768854e-05
1016,19298,172-40-4-2-1,4.97472837983046e-06_4.97472837983046e-06_4.97472837983046e-06_4.97472837983046e-06_4.97472837983046e-06
1016,19299,128-7-4-2-1,3.10920523739404e-06_3.10920523739404e-06_3.10920523739404e-06_3.10920523739404e-06_3.10920523739404e-06
1016,19301,185-41-9-2-1,3.10920523739404e-06_3.10920523739404e-06_3.10920523739404e-06_3.10920523739404e-06_3.10920523739404e-06
1016,19302,156-37-4-2-1,4.35288733235165e-06_4.35288733235165e-06_4.35288733235165e-06_4.35288733235165e-06_4.35288733235165e-06
1016,19303,142-42-12-1-1,3.73104628487285e-06_3.73104628487285e-06_3.73104628487285e-06_3.73104628487285e-06_3.73104628487285e-06
1016,19304,141-42-12-1-1,4.35288733235165e-06_4.35288733235165e-06_4.35288733235165e-06_4.35288733235165e-06_4.35288733235165e-06
1016,19305,229-5-5-1-1,5.1612806940741e-05_5.1612806940741e-05_5.1612806940741e-05_5.1612806940741e-05_5.1612806940741e-05
1016,19306,89-13-6-2-1,9.94945675966092e-05_9.94945675966092e-05_9.94945675966092e-05_9.94945675966092e-05_9.94945675966092e-05
1016,19307,229-5-5-1-1,1.6167867234449e-05_1.6167867234449e-05_1.6167867234449e-05_1.6167867234449e-05_1.6167867234449e-05
1016,19308,172-40-4-2-1,4.35288733235165e-06_4.35288733235165e-06_4.35288733235165e-06_4.35288733235165e-06_4.35288733235165e-06
1016,19309,153-18-4-2-1,2.23862777092371e-05_2.23862777092371e-05_2.23862777092371e-05_2.23862777092371e-05_2.23862777092371e-05
1016,19310,7-4-4-2-1,1.67897082819278e-05_1.67897082819278e-05_1.67897082819278e-05_1.67897082819278e-05_1.67897082819278e-05
1016,19311,153-18-4-2-1,4.35288733235165e-06_4.35288733235165e-06_4.35288733235165e-06_4.35288733235165e-06_4.35288733235165e-06
1016,19312,185-41-9-2-1,7.46209256974569e-06_7.46209256974569e-06_7.46209256974569e-06_7.46209256974569e-06_7.46209256974569e-06
1016,19313,205-12-8-1-1,2.30081187567159e-05_2.30081187567159e-05_2.30081187567159e-05_2.30081187567159e-05_2.30081187567159e-05
1016,19314,201-17-10-1-1,1.18149799020973e-05_1.18149799020973e-05_1.18149799020973e-05_1.18149799020973e-05_1.18149799020973e-05
1016,19315,31-6-6-2-1,2.67391650415887e-05_2.67391650415887e-05_2.67391650415887e-05_2.67391650415887e-05_2.67391650415887e-05
1016,19316,44-13-6-2-1,7.46209256974569e-06_7.46209256974569e-06_7.46209256974569e-06_7.46209256974569e-06_7.46209256974569e-06
1016,19317,84-2-2-2-1,4.29070322760377e-05_4.29070322760377e-05_4.29070322760377e-05_4.29070322760377e-05_4.29070322760377e-05
1016,19318,98-27-8-1-1,3.79323038962073e-05_3.79323038962073e-05_3.79323038962073e-05_3.79323038962073e-05_3.79323038962073e-05
1016,19319,230-14-4-2-1,4.35288733235165e-06_4.35288733235165e-06_4.35288733235165e-06_4.35288733235165e-06_4.35288733235165e-06
1016,19320,230-14-4-2-1,2.54954829466311e-05_2.54954829466311e-05_2.54954829466311e-05_2.54954829466311e-05_2.54954829466311e-05
1016,19321,230-14-4-2-1,1.86552314243642e-05_1.86552314243642e-05_1.86552314243642e-05_1.86552314243642e-05_1.86552314243642e-05
1016,19322,214-26-4-2-1,5.59656942730927e-06_5.59656942730927e-06_5.59656942730927e-06_5.59656942730927e-06_5.59656942730927e-06
1016,19323,203-11-4-2-1,6.21841047478808e-06_6.21841047478808e-06_6.21841047478808e-06_6.21841047478808e-06_6.21841047478808e-06
1016,19325,208-30-1-1-1,2.54954829466311e-05_2.54954829466311e-05_2.54954829466311e-05_2.54954829466311e-05_2.54954829466311e-05
1016,19326,51-22-8-1-1,6.21841047478808e-06_6.21841047478808e-06_6.21841047478808e-06_6.21841047478808e-06_6.21841047478808e-06
1016,19327,138-23-8-1-1,4.35288733235165e-06_4.35288733235165e-06_4.35288733235165e-06_4.35288733235165e-06_4.35288733235165e-06
1016,19328,180-40-4-2-1,7.46209256974569e-06_7.46209256974569e-06_7.46209256974569e-06_7.46209256974569e-06_7.46209256974569e-06
1016,19329,186-15-9-2-1,1.11931388546185e-05_1.11931388546185e-05_1.11931388546185e-05_1.11931388546185e-05_1.11931388546185e-05
1016,19330,23-10-2-2-1,0.000675319377561985_0.000675319377561985_0.000675319377561985_0.000675319377561985_0.000675319377561985
1016,19331,234-24-7-1-1,6.84025152226688e-05_6.84025152226688e-05_6.84025152226688e-05_6.84025152226688e-05_6.84025152226688e-05
1016,19332,152-32-10-1-1,3.17138934214192e-05_3.17138934214192e-05_3.17138934214192e-05_3.17138934214192e-05_3.17138934214192e-05
1016,19333,152-32-10-1-1,3.10920523739404e-06_3.10920523739404e-06_3.10920523739404e-06_3.10920523739404e-06_3.10920523739404e-06
1016,19334,191-37-4-2-1,2.48736418991523e-06_2.48736418991523e-06_2.48736418991523e-06_2.48736418991523e-06_2.48736418991523e-06
1016,19335,185-41-9-2-1,4.35288733235165e-06_4.35288733235165e-06_4.35288733235165e-06_4.35288733235165e-06_4.35288733235165e-06
1016,19336,45-5-5-1-1,1.24368209495762e-05_1.24368209495762e-05_1.24368209495762e-05_1.24368209495762e-05_1.24368209495762e-05
1016,19337,21-8-3-1-1,0.000141779758825168_0.000141779758825168_0.000141779758825168_0.000141779758825168_0.000141779758825168
1016,19338,188-14-4-2-1,8.70577466470331e-06_8.70577466470331e-06_8.70577466470331e-06_8.70577466470331e-06_8.70577466470331e-06
1016,19340,37-11-4-2-1,2.98483702789828e-05_2.98483702789828e-05_2.98483702789828e-05_2.98483702789828e-05_2.98483702789828e-05
1016,19341,166-18-4-2-1,1.18149799020973e-05_1.18149799020973e-05_1.18149799020973e-05_1.18149799020973e-05_1.18149799020973e-05
1016,19342,142-42-12-1-1,3.10920523739404e-06_3.10920523739404e-06_3.10920523739404e-06_3.10920523739404e-06_3.10920523739404e-06
1016,19343,47-22-8-1-1,3.2335734468898e-05_3.2335734468898e-05_3.2335734468898e-05_3.2335734468898e-05_3.2335734468898e-05
1016,19344,227-41-9-2-1,3.73104628487285e-06_3.73104628487285e-06_3.73104628487285e-06_3.73104628487285e-06_3.73104628487285e-06
1016,19345,180-40-4-2-1,4.41507143709953e-05_4.41507143709953e-05_4.41507143709953e-05_4.41507143709953e-05_4.41507143709953e-05
1016,19346,180-40-4-2-1,1.24368209495762e-05_1.24368209495762e-05_1.24368209495762e-05_1.24368209495762e-05_1.24368209495762e-05
1016,19347,8-7-4-2-1,3.10920523739404e-06_3.10920523739404e-06_3.10920523739404e-06_3.10920523739404e-06_3.10920523739404e-06
1016,19348,163-43-4-2-1,4.35288733235165e-06_4.35288733235165e-06_4.35288733235165e-06_4.35288733235165e-06_4.35288733235165e-06
1016,19349,167-18-4-2-1,8.70577466470331e-06_8.70577466470331e-06_8.70577466470331e-06_8.70577466470331e-06_8.70577466470331e-06
1016,19350,159-4-4-2-1,8.70577466470331e-06_8.70577466470331e-06_8.70577466470331e-06_8.70577466470331e-06_8.70577466470331e-06
1016,19351,161-36-10-1-1,1.55460261869702e-05_1.55460261869702e-05_1.55460261869702e-05_1.55460261869702e-05_1.55460261869702e-05
1016,19352,161-36-10-1-1,8.0839336172245e-06_8.0839336172245e-06_8.0839336172245e-06_8.0839336172245e-06_8.0839336172245e-06
1016,19353,175-20-9-2-1,9.32761571218212e-06_9.32761571218212e-06_9.32761571218212e-06_9.32761571218212e-06_9.32761571218212e-06
1016,19354,31-6-6-2-1,0.000210804115095316_0.000210804115095316_0.000210804115095316_0.000210804115095316_0.000210804115095316
1016,19355,172-40-4-2-1,4.35288733235165e-06_4.35288733235165e-06_4.35288733235165e-06_4.35288733235165e-06_4.35288733235165e-06
1016,19356,44-13-6-2-1,1.74115493294066e-05_1.74115493294066e-05_1.74115493294066e-05_1.74115493294066e-05_1.74115493294066e-05
1016,19357,17-11-4-2-1,1.05712978071397e-05_1.05712978071397e-05_1.05712978071397e-05_1.05712978071397e-05_1.05712978071397e-05
1016,19358,17-11-4-2-1,5.59656942730927e-06_5.59656942730927e-06_5.59656942730927e-06_5.59656942730927e-06_5.59656942730927e-06
1016,19359,63-27-8-1-1,4.35288733235165e-06_4.35288733235165e-06_4.35288733235165e-06_4.35288733235165e-06_4.35288733235165e-06
1016,19360,126-29-2-2-1,4.97472837983046e-06_4.97472837983046e-06_4.97472837983046e-06_4.97472837983046e-06_4.97472837983046e-06
1016,19361,175-20-9-2-1,6.21841047478808e-06_6.21841047478808e-06_6.21841047478808e-06_6.21841047478808e-06_6.21841047478808e-06
1016,19362,127-30-1-1-1,1.3058661997055e-05_1.3058661997055e-05_1.3058661997055e-05_1.3058661997055e-05_1.3058661997055e-05
1016,19363,35-20-9-2-1,3.10920523739404e-06_3.10920523739404e-06_3.10920523739404e-06_3.10920523739404e-06_3.10920523739404e-06
1016,19364,172-40-4-2-1,3.10920523739404e-06_3.10920523739404e-06_3.10920523739404e-06_3.10920523739404e-06_3.10920523739404e-06
1016,19365,152-32-10-1-1,6.21841047478808e-06_6.21841047478808e-06_6.21841047478808e-06_6.21841047478808e-06_6.21841047478808e-06
1016,19366,185-41-9-2-1,3.10920523739404e-06_3.10920523739404e-06_3.10920523739404e-06_3.10920523739404e-06_3.10920523739404e-06
1016,19367,196-14-4-2-1,0.000120637163210889_0.000120637163210889_0.000120637163210889_0.000120637163210889_0.000120637163210889
1016,19368,185-41-9-2-1,3.73104628487285e-06_3.73104628487285e-06_3.73104628487285e-06_3.73104628487285e-06_3.73104628487285e-06
1016,19369,112-14-4-2-1,5.96967405579655e-05_5.96967405579655e-05_5.96967405579655e-05_5.96967405579655e-05_5.96967405579655e-05
1016,19370,103-13-6-2-1,0.00030781131850201_0.00030781131850201_0.00030781131850201_0.00030781131850201_0.00030781131850201
1016,19371,8-7-4-2-1,7.46209256974569e-06_7.46209256974569e-06_7.46209256974569e-06_7.46209256974569e-06_7.46209256974569e-06
1016,19372,216-19-9-2-1,3.73104628487285e-06_3.73104628487285e-06_3.73104628487285e-06_3.73104628487285e-06_3.73104628487285e-06
1016,19373,227-41-9-2-1,4.35288733235165e-05_4.35288733235165e-05_4.35288733235165e-05_4.35288733235165e-05_4.35288733235165e-05
1016,19374,8-7-4-2-1,3.73104628487285e-06_3.73104628487285e-06_3.73104628487285e-06_3.73104628487285e-06_3.73104628487285e-06
1016,19375,152-32-10-1-1,2.48736418991523e-06_2.48736418991523e-06_2.48736418991523e-06_2.48736418991523e-06_2.48736418991523e-06
1016,19376,172-40-4-2-1,1.86552314243642e-06_1.86552314243642e-06_1.86552314243642e-06_1.86552314243642e-06_1.86552314243642e-06
1016,19377,8-7-4-2-1,4.35288733235165e-06_4.35288733235165e-06_4.35288733235165e-06_4.35288733235165e-06_4.35288733235165e-06
1016,19378,102-13-6-2-1,0.000143023440920126_0.000143023440920126_0.000143023440920126_0.000143023440920126_0.000143023440920126
1016,19379,98-27-8-1-1,3.10920523739404e-05_3.10920523739404e-05_3.10920523739404e-05_3.10920523739404e-05_3.10920523739404e-05
1016,19380,172-40-4-2-1,5.59656942730927e-06_5.59656942730927e-06_5.59656942730927e-06_5.59656942730927e-06_5.59656942730927e-06
1016,19381,76-4-4-2-1,3.73104628487285e-06_3.73104628487285e-06_3.73104628487285e-06_3.73104628487285e-06_3.73104628487285e-06
1016,19382,18-12-8-1-1,2.42518008516735e-05_2.42518008516735e-05_2.42518008516735e-05_2.42518008516735e-05_2.42518008516735e-05
1016,19383,11-4-4-2-1,2.48736418991523e-06_2.48736418991523e-06_2.48736418991523e-06_2.48736418991523e-06_2.48736418991523e-06
1016,19384,227-41-9-2-1,6.4671468937796e-05_6.4671468937796e-05_6.4671468937796e-05_6.4671468937796e-05_6.4671468937796e-05
1016,19385,8-7-4-2-1,6.84025152226688e-06_6.84025152226688e-06_6.84025152226688e-06_6.84025152226688e-06_6.84025152226688e-06
1016,19386,180-40-4-2-1,3.73104628487285e-06_3.73104628487285e-06_3.73104628487285e-06_3.73104628487285e-06_3.73104628487285e-06
1016,19387,152-32-10-1-1,5.59656942730927e-06_5.59656942730927e-06_5.59656942730927e-06_5.59656942730927e-06_5.59656942730927e-06
1016,19388,191-37-4-2-1,8.0839336172245e-06_8.0839336172245e-06_8.0839336172245e-06_8.0839336172245e-06_8.0839336172245e-06
1016,19389,127-30-1-1-1,4.97472837983046e-06_4.97472837983046e-06_4.97472837983046e-06_4.97472837983046e-06_4.97472837983046e-06
1016,19390,186-15-9-2-1,3.73104628487285e-06_3.73104628487285e-06_3.73104628487285e-06_3.73104628487285e-06_3.73104628487285e-06
1016,19391,8-7-4-2-1,6.21841047478808e-06_6.21841047478808e-06_6.21841047478808e-06_6.21841047478808e-06_6.21841047478808e-06
1016,19392,37-11-4-2-1,3.73104628487285e-06_3.73104628487285e-06_3.73104628487285e-06_3.73104628487285e-06_3.73104628487285e-06
1016,19393,138-23-8-1-1,1.24368209495762e-05_1.24368209495762e-05_1.24368209495762e-05_1.24368209495762e-05_1.24368209495762e-05
1016,19394,41-8-3-1-1,0.000539136188164126_0.000539136188164126_0.000539136188164126_0.000539136188164126_0.000539136188164126
1016,19395,122-16-2-2-1,2.48736418991523e-05_2.48736418991523e-05_2.48736418991523e-05_2.48736418991523e-05_2.48736418991523e-05
1016,19396,216-19-9-2-1,6.21841047478808e-06_6.21841047478808e-06_6.21841047478808e-06_6.21841047478808e-06_6.21841047478808e-06
1016,19397,34-19-9-2-1,4.97472837983046e-06_4.97472837983046e-06_4.97472837983046e-06_4.97472837983046e-06_4.97472837983046e-06
1016,19398,127-30-1-1-1,4.97472837983046e-06_4.97472837983046e-06_4.97472837983046e-06_4.97472837983046e-06_4.97472837983046e-06
1016,19399,135-41-9-2-1,6.21841047478808e-06_6.21841047478808e-06_6.21841047478808e-06_6.21841047478808e-06_6.21841047478808e-06
1016,19400,174-15-9-2-1,1.6167867234449e-05_1.6167867234449e-05_1.6167867234449e-05_1.6167867234449e-05_1.6167867234449e-05
1016,19401,161-36-10-1-1,3.73104628487285e-06_3.73104628487285e-06_3.73104628487285e-06_3.73104628487285e-06_3.73104628487285e-06
1016,19403,115-8-3-1-1,0.000218266207665061_0.000218266207665061_0.000218266207665061_0.000218266207665061_0.000218266207665061
1016,19404,185-41-9-2-1,3.10920523739404e-06_3.10920523739404e-06_3.10920523739404e-06_3.10920523739404e-06_3.10920523739404e-06
1016,19405,149-16-2-2-1,1.18149799020973e-05_1.18149799020973e-05_1.18149799020973e-05_1.18149799020973e-05_1.18149799020973e-05
1016,19406,142-42-12-1-1,4.97472837983046e-06_4.97472837983046e-06_4.97472837983046e-06_4.97472837983046e-06_4.97472837983046e-06
1016,19407,122-16-2-2-1,9.94945675966092e-06_9.94945675966092e-06_9.94945675966092e-06_9.94945675966092e-06_9.94945675966092e-06
1016,19408,185-41-9-2-1,3.10920523739404e-06_3.10920523739404e-06_3.10920523739404e-06_3.10920523739404e-06_3.10920523739404e-06
1016,19409,60-22-8-1-1,2.73610060890675e-05_2.73610060890675e-05_2.73610060890675e-05_2.73610060890675e-05_2.73610060890675e-05
1016,19410,112-14-4-2-1,4.35288733235165e-06_4.35288733235165e-06_4.35288733235165e-06_4.35288733235165e-06_4.35288733235165e-06
1016,19411,95-37-4-2-1,1.11931388546185e-05_1.11931388546185e-05_1.11931388546185e-05_1.11931388546185e-05_1.11931388546185e-05
1016,19412,122-16-2-2-1,5.59656942730927e-06_5.59656942730927e-06_5.59656942730927e-06_5.59656942730927e-06_5.59656942730927e-06
1016,19413,205-12-8-1-1,8.70577466470331e-06_8.70577466470331e-06_8.70577466470331e-06_8.70577466470331e-06_8.70577466470331e-06
1016,19414,151-19-9-2-1,1.05712978071397e-05_1.05712978071397e-05_1.05712978071397e-05_1.05712978071397e-05_1.05712978071397e-05
1016,19415,228-17-10-1-1,3.79323038962073e-05_3.79323038962073e-05_3.79323038962073e-05_3.79323038962073e-05_3.79323038962073e-05
1016,19416,152-32-10-1-1,3.10920523739404e-06_3.10920523739404e-06_3.10920523739404e-06_3.10920523739404e-06_3.10920523739404e-06
1016,19418,152-32-10-1-1,1.55460261869702e-05_1.55460261869702e-05_1.55460261869702e-05_1.55460261869702e-05_1.55460261869702e-05
1016,19419,213-15-9-2-1,4.97472837983046e-06_4.97472837983046e-06_4.97472837983046e-06_4.97472837983046e-06_4.97472837983046e-06
1016,19420,156-37-4-2-1,9.63853623592152e-05_9.63853623592152e-05_9.63853623592152e-05_9.63853623592152e-05_9.63853623592152e-05
1016,19421,218-7-4-2-1,3.2335734468898e-05_3.2335734468898e-05_3.2335734468898e-05_3.2335734468898e-05_3.2335734468898e-05
1016,19422,196-14-4-2-1,8.0839336172245e-06_8.0839336172245e-06_8.0839336172245e-06_8.0839336172245e-06_8.0839336172245e-06
1016,19423,172-40-4-2-1,8.0839336172245e-06_8.0839336172245e-06_8.0839336172245e-06_8.0839336172245e-06_8.0839336172245e-06
1016,19424,8-7-4-2-1,7.46209256974569e-06_7.46209256974569e-06_7.46209256974569e-06_7.46209256974569e-06_7.46209256974569e-06
1016,19425,199-19-9-2-1,2.17644366617583e-05_2.17644366617583e-05_2.17644366617583e-05_2.17644366617583e-05_2.17644366617583e-05
1016,19426,32-18-4-2-1,2.36299598041947e-05_2.36299598041947e-05_2.36299598041947e-05_2.36299598041947e-05_2.36299598041947e-05
1016,19427,127-30-1-1-1,9.94945675966092e-06_9.94945675966092e-06_9.94945675966092e-06_9.94945675966092e-06_9.94945675966092e-06
1016,19429,17-11-4-2-1,7.46209256974569e-06_7.46209256974569e-06_7.46209256974569e-06_7.46209256974569e-06_7.46209256974569e-06
1016,19431,167-18-4-2-1,4.97472837983046e-06_4.97472837983046e-06_4.97472837983046e-06_4.97472837983046e-06_4.97472837983046e-06
1016,19432,214-26-4-2-1,8.0839336172245e-06_8.0839336172245e-06_8.0839336172245e-06_8.0839336172245e-06_8.0839336172245e-06
1016,19433,185-41-9-2-1,5.59656942730927e-06_5.59656942730927e-06_5.59656942730927e-06_5.59656942730927e-06_5.59656942730927e-06
1016,19434,8-7-4-2-1,5.59656942730927e-06_5.59656942730927e-06_5.59656942730927e-06_5.59656942730927e-06_5.59656942730927e-06
1016,19435,185-41-9-2-1,2.48736418991523e-06_2.48736418991523e-06_2.48736418991523e-06_2.48736418991523e-06_2.48736418991523e-06
1016,19436,121-39-11-1-1,3.10920523739404e-06_3.10920523739404e-06_3.10920523739404e-06_3.10920523739404e-06_3.10920523739404e-06
1016,19437,29-17-10-1-1,9.32761571218212e-06_9.32761571218212e-06_9.32761571218212e-06_9.32761571218212e-06_9.32761571218212e-06
1016,19438,51-22-8-1-1,2.98483702789828e-05_2.98483702789828e-05_2.98483702789828e-05_2.98483702789828e-05_2.98483702789828e-05
1016,19439,159-4-4-2-1,4.97472837983046e-06_4.97472837983046e-06_4.97472837983046e-06_4.97472837983046e-06_4.97472837983046e-06
1016,19440,220-22-8-1-1,1.74115493294066e-05_1.74115493294066e-05_1.74115493294066e-05_1.74115493294066e-05_1.74115493294066e-05
1016,19441,51-22-8-1-1,3.66886218012497e-05_3.66886218012497e-05_3.66886218012497e-05_3.66886218012497e-05_3.66886218012497e-05
1016,19442,51-22-8-1-1,1.49241851394914e-05_1.49241851394914e-05_1.49241851394914e-05_1.49241851394914e-05_1.49241851394914e-05
1016,19443,169-32-10-1-1,0.000217644366617583_0.000217644366617583_0.000217644366617583_0.000217644366617583_0.000217644366617583
1016,19445,203-11-4-2-1,5.59656942730927e-06_5.59656942730927e-06_5.59656942730927e-06_5.59656942730927e-06_5.59656942730927e-06
1016,19446,44-13-6-2-1,8.0839336172245e-06_8.0839336172245e-06_8.0839336172245e-06_8.0839336172245e-06_8.0839336172245e-06
1016,19447,67-2-2-2-1,7.46209256974569e-06_7.46209256974569e-06_7.46209256974569e-06_7.46209256974569e-06_7.46209256974569e-06
1016,19448,143-1-1-1-1,1.43023440920126e-05_1.43023440920126e-05_1.43023440920126e-05_1.43023440920126e-05_1.43023440920126e-05
1016,19449,235-34-11-1-1,1.11931388546185e-05_1.11931388546185e-05_1.11931388546185e-05_1.11931388546185e-05_1.11931388546185e-05
1016,19450,44-13-6-2-1,9.32761571218212e-06_9.32761571218212e-06_9.32761571218212e-06_9.32761571218212e-06_9.32761571218212e-06
1016,19451,10-3-3-1-1,3.04702113264616e-05_3.04702113264616e-05_3.04702113264616e-05_3.04702113264616e-05_3.04702113264616e-05
1016,19452,83-33-5-1-1,2.11425956142795e-05_2.11425956142795e-05_2.11425956142795e-05_2.11425956142795e-05_2.11425956142795e-05
1016,19453,122-16-2-2-1,1.86552314243642e-05_1.86552314243642e-05_1.86552314243642e-05_1.86552314243642e-05_1.86552314243642e-05
1016,19454,29-17-10-1-1,1.80333903768854e-05_1.80333903768854e-05_1.80333903768854e-05_1.80333903768854e-05_1.80333903768854e-05
1016,19455,218-7-4-2-1,9.94945675966092e-06_9.94945675966092e-06_9.94945675966092e-06_9.94945675966092e-06_9.94945675966092e-06
1016,19456,180-40-4-2-1,6.21841047478808e-06_6.21841047478808e-06_6.21841047478808e-06_6.21841047478808e-06_6.21841047478808e-06
1016,19457,114-40-4-2-1,1.05712978071397e-05_1.05712978071397e-05_1.05712978071397e-05_1.05712978071397e-05_1.05712978071397e-05
1016,19458,4-4-4-2-1,8.70577466470331e-06_8.70577466470331e-06_8.70577466470331e-06_8.70577466470331e-06_8.70577466470331e-06
1016,19459,37-11-4-2-1,9.32761571218212e-06_9.32761571218212e-06_9.32761571218212e-06_9.32761571218212e-06_9.32761571218212e-06
1016,19460,166-18-4-2-1,3.73104628487285e-06_3.73104628487285e-06_3.73104628487285e-06_3.73104628487285e-06_3.73104628487285e-06
1016,19461,87-34-11-1-1,0.00174737334341545_0.00174737334341545_0.00174737334341545_0.00174737334341545_0.00174737334341545
1016,19462,87-34-11-1-1,0.00177970907788435_0.00177970907788435_0.00177970907788435_0.00177970907788435_0.00177970907788435
1016,19463,87-34-11-1-1,0.000160434990249532_0.000160434990249532_0.000160434990249532_0.000160434990249532_0.000160434990249532
1016,19464,109-28-5-1-1,6.84025152226688e-06_6.84025152226688e-06_6.84025152226688e-06_6.84025152226688e-06_6.84025152226688e-06
1016,19465,98-27-8-1-1,1.67897082819278e-05_1.67897082819278e-05_1.67897082819278e-05_1.67897082819278e-05_1.67897082819278e-05
1016,19466,209-35-4-2-1,3.10920523739404e-06_3.10920523739404e-06_3.10920523739404e-06_3.10920523739404e-06_3.10920523739404e-06
1016,19467,172-40-4-2-1,3.73104628487285e-06_3.73104628487285e-06_3.73104628487285e-06_3.73104628487285e-06_3.73104628487285e-06
1016,19468,172-40-4-2-1,3.10920523739404e-06_3.10920523739404e-06_3.10920523739404e-06_3.10920523739404e-06_3.10920523739404e-06
1016,19469,101-9-7-1-1,0.000550329327018745_0.000550329327018745_0.000550329327018745_0.000550329327018745_0.000550329327018745
1016,19470,220-22-8-1-1,7.46209256974569e-06_7.46209256974569e-06_7.46209256974569e-06_7.46209256974569e-06_7.46209256974569e-06
1016,19471,155-10-2-2-1,0.000142401599872647_0.000142401599872647_0.000142401599872647_0.000142401599872647_0.000142401599872647
1016,19472,10-3-3-1-1,0.000110687706451228_0.000110687706451228_0.000110687706451228_0.000110687706451228_0.000110687706451228
1016,19473,10-3-3-1-1,7.21335615075417e-05_7.21335615075417e-05_7.21335615075417e-05_7.21335615075417e-05_7.21335615075417e-05
1016,19474,91-33-5-1-1,2.11425956142795e-05_2.11425956142795e-05_2.11425956142795e-05_2.11425956142795e-05_2.11425956142795e-05
1016,19475,130-12-8-1-1,4.97472837983046e-06_4.97472837983046e-06_4.97472837983046e-06_4.97472837983046e-06_4.97472837983046e-06
1016,19476,130-12-8-1-1,1.74115493294066e-05_1.74115493294066e-05_1.74115493294066e-05_1.74115493294066e-05_1.74115493294066e-05
1016,19477,126-29-2-2-1,6.21841047478808e-06_6.21841047478808e-06_6.21841047478808e-06_6.21841047478808e-06_6.21841047478808e-06
1016,19478,156-37-4-2-1,1.74115493294066e-05_1.74115493294066e-05_1.74115493294066e-05_1.74115493294066e-05_1.74115493294066e-05
1016,19479,61-13-6-2-1,2.86046881840252e-05_2.86046881840252e-05_2.86046881840252e-05_2.86046881840252e-05_2.86046881840252e-05
1016,19480,61-13-6-2-1,3.85541449436861e-05_3.85541449436861e-05_3.85541449436861e-05_3.85541449436861e-05_3.85541449436861e-05
1016,19481,8-7-4-2-1,1.24368209495762e-05_1.24368209495762e-05_1.24368209495762e-05_1.24368209495762e-05_1.24368209495762e-05
1016,19482,47-22-8-1-1,6.21841047478808e-06_6.21841047478808e-06_6.21841047478808e-06_6.21841047478808e-06_6.21841047478808e-06
1016,19483,185-41-9-2-1,7.46209256974569e-06_7.46209256974569e-06_7.46209256974569e-06_7.46209256974569e-06_7.46209256974569e-06
1016,19484,51-22-8-1-1,1.05712978071397e-05_1.05712978071397e-05_1.05712978071397e-05_1.05712978071397e-05_1.05712978071397e-05
1016,19486,95-37-4-2-1,0.000302836590122179_0.000302836590122179_0.000302836590122179_0.000302836590122179_0.000302836590122179
1016,19487,156-37-4-2-1,5.59656942730927e-06_5.59656942730927e-06_5.59656942730927e-06_5.59656942730927e-06_5.59656942730927e-06
1016,19488,11-4-4-2-1,4.22851912285589e-05_4.22851912285589e-05_4.22851912285589e-05_4.22851912285589e-05_4.22851912285589e-05
1016,19489,185-41-9-2-1,2.48736418991523e-06_2.48736418991523e-06_2.48736418991523e-06_2.48736418991523e-06_2.48736418991523e-06
1016,19490,7-4-4-2-1,1.3058661997055e-05_1.3058661997055e-05_1.3058661997055e-05_1.3058661997055e-05_1.3058661997055e-05
1016,19491,17-11-4-2-1,4.97472837983046e-06_4.97472837983046e-06_4.97472837983046e-06_4.97472837983046e-06_4.97472837983046e-06
1016,19492,47-22-8-1-1,4.35288733235165e-06_4.35288733235165e-06_4.35288733235165e-06_4.35288733235165e-06_4.35288733235165e-06
1016,19493,60-22-8-1-1,2.79828471365463e-05_2.79828471365463e-05_2.79828471365463e-05_2.79828471365463e-05_2.79828471365463e-05
1016,19494,235-34-11-1-1,1.3058661997055e-05_1.3058661997055e-05_1.3058661997055e-05_1.3058661997055e-05_1.3058661997055e-05
1016,19495,128-7-4-2-1,4.35288733235165e-06_4.35288733235165e-06_4.35288733235165e-06_4.35288733235165e-06_4.35288733235165e-06
1016,19496,76-4-4-2-1,3.10920523739404e-06_3.10920523739404e-06_3.10920523739404e-06_3.10920523739404e-06_3.10920523739404e-06
1016,19497,175-20-9-2-1,3.10920523739404e-06_3.10920523739404e-06_3.10920523739404e-06_3.10920523739404e-06_3.10920523739404e-06
1016,19498,226-32-10-1-1,1.55460261869702e-05_1.55460261869702e-05_1.55460261869702e-05_1.55460261869702e-05_1.55460261869702e-05
1016,19499,17-11-4-2-1,5.59656942730927e-06_5.59656942730927e-06_5.59656942730927e-06_5.59656942730927e-06_5.59656942730927e-06
1016,19501,51-22-8-1-1,7.46209256974569e-06_7.46209256974569e-06_7.46209256974569e-06_7.46209256974569e-06_7.46209256974569e-06
1016,19502,217-30-1-1-1,8.83014287419907e-05_8.83014287419907e-05_8.83014287419907e-05_8.83014287419907e-05_8.83014287419907e-05
1016,19503,176-20-9-2-1,1.55460261869702e-05_1.55460261869702e-05_1.55460261869702e-05_1.55460261869702e-05_1.55460261869702e-05
1016,19504,114-40-4-2-1,4.35288733235165e-06_4.35288733235165e-06_4.35288733235165e-06_4.35288733235165e-06_4.35288733235165e-06
1016,19505,55-22-8-1-1,6.84025152226688e-06_6.84025152226688e-06_6.84025152226688e-06_6.84025152226688e-06_6.84025152226688e-06
1016,19506,153-18-4-2-1,6.21841047478808e-06_6.21841047478808e-06_6.21841047478808e-06_6.21841047478808e-06_6.21841047478808e-06
1016,19507,81-9-7-1-1,0.00107454133004338_0.00107454133004338_0.00107454133004338_0.00107454133004338_0.00107454133004338
1016,19508,39-22-8-1-1,7.46209256974569e-06_7.46209256974569e-06_7.46209256974569e-06_7.46209256974569e-06_7.46209256974569e-06
1016,19509,234-24-7-1-1,5.96967405579655e-05_5.96967405579655e-05_5.96967405579655e-05_5.96967405579655e-05_5.96967405579655e-05
1016,19510,153-18-4-2-1,8.0839336172245e-06_8.0839336172245e-06_8.0839336172245e-06_8.0839336172245e-06_8.0839336172245e-06
1016,19511,153-18-4-2-1,4.35288733235165e-06_4.35288733235165e-06_4.35288733235165e-06_4.35288733235165e-06_4.35288733235165e-06
1016,19512,186-15-9-2-1,5.59656942730927e-06_5.59656942730927e-06_5.59656942730927e-06_5.59656942730927e-06_5.59656942730927e-06
1016,19513,234-24-7-1-1,5.59656942730927e-05_5.59656942730927e-05_5.59656942730927e-05_5.59656942730927e-05_5.59656942730927e-05
1016,19514,24-14-4-2-1,1.80333903768854e-05_1.80333903768854e-05_1.80333903768854e-05_1.80333903768854e-05_1.80333903768854e-05
1016,19515,201-17-10-1-1,4.35288733235165e-05_4.35288733235165e-05_4.35288733235165e-05_4.35288733235165e-05_4.35288733235165e-05
1016,19516,58-13-6-2-1,5.78312174155291e-05_5.78312174155291e-05_5.78312174155291e-05_5.78312174155291e-05_5.78312174155291e-05
1016,19517,29-17-10-1-1,6.84025152226688e-06_6.84025152226688e-06_6.84025152226688e-06_6.84025152226688e-06_6.84025152226688e-06
1016,19518,121-39-11-1-1,3.10920523739404e-06_3.10920523739404e-06_3.10920523739404e-06_3.10920523739404e-06_3.10920523739404e-06
1016,19519,102-13-6-2-1,1.74115493294066e-05_1.74115493294066e-05_1.74115493294066e-05_1.74115493294066e-05_1.74115493294066e-05
1016,19520,10-3-3-1-1,1.74115493294066e-05_1.74115493294066e-05_1.74115493294066e-05_1.74115493294066e-05_1.74115493294066e-05
1016,19521,185-41-9-2-1,6.84025152226688e-06_6.84025152226688e-06_6.84025152226688e-06_6.84025152226688e-06_6.84025152226688e-06
1016,19522,26-15-9-2-1,3.73104628487285e-06_3.73104628487285e-06_3.73104628487285e-06_3.73104628487285e-06_3.73104628487285e-06
1016,19523,177-7-4-2-1,7.46209256974569e-06_7.46209256974569e-06_7.46209256974569e-06_7.46209256974569e-06_7.46209256974569e-06
1016,19524,44-13-6-2-1,1.74115493294066e-05_1.74115493294066e-05_1.74115493294066e-05_1.74115493294066e-05_1.74115493294066e-05
1016,19525,149-16-2-2-1,5.59656942730927e-06_5.59656942730927e-06_5.59656942730927e-06_5.59656942730927e-06_5.59656942730927e-06
1016,19526,180-40-4-2-1,6.84025152226688e-06_6.84025152226688e-06_6.84025152226688e-06_6.84025152226688e-06_6.84025152226688e-06
1016,19527,85-33-5-1-1,0.000176602857483981_0.000176602857483981_0.000176602857483981_0.000176602857483981_0.000176602857483981
1016,19528,32-18-4-2-1,1.18149799020973e-05_1.18149799020973e-05_1.18149799020973e-05_1.18149799020973e-05_1.18149799020973e-05
1016,19529,66-29-2-2-1,5.59656942730927e-06_5.59656942730927e-06_5.59656942730927e-06_5.59656942730927e-06_5.59656942730927e-06
1016,19530,44-13-6-2-1,4.35288733235165e-06_4.35288733235165e-06_4.35288733235165e-06_4.35288733235165e-06_4.35288733235165e-06
1016,19531,172-40-4-2-1,5.59656942730927e-06_5.59656942730927e-06_5.59656942730927e-06_5.59656942730927e-06_5.59656942730927e-06
1016,19532,57-7-4-2-1,3.10920523739404e-06_3.10920523739404e-06_3.10920523739404e-06_3.10920523739404e-06_3.10920523739404e-06
1016,19533,112-14-4-2-1,9.32761571218212e-06_9.32761571218212e-06_9.32761571218212e-06_9.32761571218212e-06_9.32761571218212e-06
1016,19534,18-12-8-1-1,1.80333903768854e-05_1.80333903768854e-05_1.80333903768854e-05_1.80333903768854e-05_1.80333903768854e-05
1016,19535,154-25-8-1-1,3.73104628487285e-06_3.73104628487285e-06_3.73104628487285e-06_3.73104628487285e-06_3.73104628487285e-06
1016,19536,6-6-6-2-1,2.79828471365463e-05_2.79828471365463e-05_2.79828471365463e-05_2.79828471365463e-05_2.79828471365463e-05
1016,19537,183-23-8-1-1,1.43023440920126e-05_1.43023440920126e-05_1.43023440920126e-05_1.43023440920126e-05_1.43023440920126e-05
1016,19538,57-7-4-2-1,3.10920523739404e-06_3.10920523739404e-06_3.10920523739404e-06_3.10920523739404e-06_3.10920523739404e-06
1016,19539,45-5-5-1-1,1.43023440920126e-05_1.43023440920126e-05_1.43023440920126e-05_1.43023440920126e-05_1.43023440920126e-05
1016,19540,222-35-4-2-1,9.32761571218212e-06_9.32761571218212e-06_9.32761571218212e-06_9.32761571218212e-06_9.32761571218212e-06
1016,19541,166-18-4-2-1,1.18149799020973e-05_1.18149799020973e-05_1.18149799020973e-05_1.18149799020973e-05_1.18149799020973e-05
1016,19542,185-41-9-2-1,3.73104628487285e-06_3.73104628487285e-06_3.73104628487285e-06_3.73104628487285e-06_3.73104628487285e-06
1016,19543,29-17-10-1-1,1.49241851394914e-05_1.49241851394914e-05_1.49241851394914e-05_1.49241851394914e-05_1.49241851394914e-05
1016,19544,51-22-8-1-1,1.9277072471843e-05_1.9277072471843e-05_1.9277072471843e-05_1.9277072471843e-05_1.9277072471843e-05
1016,19545,200-15-9-2-1,1.9277072471843e-05_1.9277072471843e-05_1.9277072471843e-05_1.9277072471843e-05_1.9277072471843e-05
1016,19546,40-23-8-1-1,3.73104628487285e-06_3.73104628487285e-06_3.73104628487285e-06_3.73104628487285e-06_3.73104628487285e-06
1016,19547,222-35-4-2-1,3.73104628487285e-06_3.73104628487285e-06_3.73104628487285e-06_3.73104628487285e-06_3.73104628487285e-06
1016,19548,229-5-5-1-1,1.49241851394914e-05_1.49241851394914e-05_1.49241851394914e-05_1.49241851394914e-05_1.49241851394914e-05
1016,19549,218-7-4-2-1,3.42012576113344e-05_3.42012576113344e-05_3.42012576113344e-05_3.42012576113344e-05_3.42012576113344e-05
1016,19550,22-13-6-2-1,2.23862777092371e-05_2.23862777092371e-05_2.23862777092371e-05_2.23862777092371e-05_2.23862777092371e-05
1016,19551,44-13-6-2-1,7.71082898873721e-05_7.71082898873721e-05_7.71082898873721e-05_7.71082898873721e-05_7.71082898873721e-05
1016,19552,17-11-4-2-1,4.97472837983046e-06_4.97472837983046e-06_4.97472837983046e-06_4.97472837983046e-06_4.97472837983046e-06
1016,19553,71-29-2-2-1,1.74115493294066e-05_1.74115493294066e-05_1.74115493294066e-05_1.74115493294066e-05_1.74115493294066e-05
1016,19554,122-16-2-2-1,4.35288733235165e-06_4.35288733235165e-06_4.35288733235165e-06_4.35288733235165e-06_4.35288733235165e-06
1016,19555,177-7-4-2-1,4.35288733235165e-06_4.35288733235165e-06_4.35288733235165e-06_4.35288733235165e-06_4.35288733235165e-06
1016,19556,122-16-2-2-1,3.10920523739404e-06_3.10920523739404e-06_3.10920523739404e-06_3.10920523739404e-06_3.10920523739404e-06
1016,19557,199-19-9-2-1,3.10920523739404e-06_3.10920523739404e-06_3.10920523739404e-06_3.10920523739404e-06_3.10920523739404e-06
1016,19558,138-23-8-1-1,4.97472837983046e-06_4.97472837983046e-06_4.97472837983046e-06_4.97472837983046e-06_4.97472837983046e-06
1016,19559,122-16-2-2-1,9.32761571218212e-06_9.32761571218212e-06_9.32761571218212e-06_9.32761571218212e-06_9.32761571218212e-06
1016,19560,203-11-4-2-1,8.70577466470331e-06_8.70577466470331e-06_8.70577466470331e-06_8.70577466470331e-06_8.70577466470331e-06
1016,19562,203-11-4-2-1,4.35288733235165e-06_4.35288733235165e-06_4.35288733235165e-06_4.35288733235165e-06_4.35288733235165e-06
1016,19563,112-14-4-2-1,1.9277072471843e-05_1.9277072471843e-05_1.9277072471843e-05_1.9277072471843e-05_1.9277072471843e-05
1016,19564,55-22-8-1-1,3.10920523739404e-06_3.10920523739404e-06_3.10920523739404e-06_3.10920523739404e-06_3.10920523739404e-06
1016,19565,45-5-5-1-1,4.97472837983046e-06_4.97472837983046e-06_4.97472837983046e-06_4.97472837983046e-06_4.97472837983046e-06
1016,19566,45-5-5-1-1,4.35288733235165e-06_4.35288733235165e-06_4.35288733235165e-06_4.35288733235165e-06_4.35288733235165e-06
1016,19567,167-18-4-2-1,4.35288733235165e-06_4.35288733235165e-06_4.35288733235165e-06_4.35288733235165e-06_4.35288733235165e-06
1016,19568,49-22-8-1-1,1.05712978071397e-05_1.05712978071397e-05_1.05712978071397e-05_1.05712978071397e-05_1.05712978071397e-05
1016,19569,71-29-2-2-1,8.70577466470331e-06_8.70577466470331e-06_8.70577466470331e-06_8.70577466470331e-06_8.70577466470331e-06
1016,19570,4-4-4-2-1,2.48736418991523e-06_2.48736418991523e-06_2.48736418991523e-06_2.48736418991523e-06_2.48736418991523e-06
1016,19571,47-22-8-1-1,3.2335734468898e-05_3.2335734468898e-05_3.2335734468898e-05_3.2335734468898e-05_3.2335734468898e-05
1016,19572,47-22-8-1-1,2.42518008516735e-05_2.42518008516735e-05_2.42518008516735e-05_2.42518008516735e-05_2.42518008516735e-05
1016,19573,202-37-4-2-1,0.000207073068810443_0.000207073068810443_0.000207073068810443_0.000207073068810443_0.000207073068810443
1016,19574,125-30-1-1-1,6.21841047478808e-05_6.21841047478808e-05_6.21841047478808e-05_6.21841047478808e-05_6.21841047478808e-05
1016,19575,75-1-1-1-1,1.18149799020973e-05_1.18149799020973e-05_1.18149799020973e-05_1.18149799020973e-05_1.18149799020973e-05
1016,19576,57-7-4-2-1,3.73104628487285e-06_3.73104628487285e-06_3.73104628487285e-06_3.73104628487285e-06_3.73104628487285e-06
1016,19577,167-18-4-2-1,4.97472837983046e-06_4.97472837983046e-06_4.97472837983046e-06_4.97472837983046e-06_4.97472837983046e-06
1016,19578,197-30-1-1-1,4.78817606558682e-05_4.78817606558682e-05_4.78817606558682e-05_4.78817606558682e-05_4.78817606558682e-05
1016,19579,137-26-4-2-1,8.70577466470331e-06_8.70577466470331e-06_8.70577466470331e-06_8.70577466470331e-06_8.70577466470331e-06
1016,19582,7-4-4-2-1,3.10920523739404e-06_3.10920523739404e-06_3.10920523739404e-06_3.10920523739404e-06_3.10920523739404e-06
1016,19583,67-2-2-2-1,9.94945675966092e-06_9.94945675966092e-06_9.94945675966092e-06_9.94945675966092e-06_9.94945675966092e-06
1016,19584,32-18-4-2-1,7.46209256974569e-06_7.46209256974569e-06_7.46209256974569e-06_7.46209256974569e-06_7.46209256974569e-06
1016,19585,58-13-6-2-1,0.000713873522505671_0.000713873522505671_0.000713873522505671_0.000713873522505671_0.000713873522505671
1016,19586,188-14-4-2-1,2.05207545668007e-05_2.05207545668007e-05_2.05207545668007e-05_2.05207545668007e-05_2.05207545668007e-05
1016,19587,218-7-4-2-1,1.86552314243642e-05_1.86552314243642e-05_1.86552314243642e-05_1.86552314243642e-05_1.86552314243642e-05
1016,19588,58-13-6-2-1,0.00014613264615752_0.00014613264615752_0.00014613264615752_0.00014613264615752_0.00014613264615752
1016,19589,102-13-6-2-1,1.86552314243642e-05_1.86552314243642e-05_1.86552314243642e-05_1.86552314243642e-05_1.86552314243642e-05
1016,19590,8-7-4-2-1,5.59656942730927e-06_5.59656942730927e-06_5.59656942730927e-06_5.59656942730927e-06_5.59656942730927e-06
1016,19591,57-7-4-2-1,3.10920523739404e-05_3.10920523739404e-05_3.10920523739404e-05_3.10920523739404e-05_3.10920523739404e-05
1016,19592,49-22-8-1-1,8.0839336172245e-06_8.0839336172245e-06_8.0839336172245e-06_8.0839336172245e-06_8.0839336172245e-06
1016,19593,55-22-8-1-1,5.59656942730927e-06_5.59656942730927e-06_5.59656942730927e-06_5.59656942730927e-06_5.59656942730927e-06
1016,19594,65-1-1-1-1,1.67897082819278e-05_1.67897082819278e-05_1.67897082819278e-05_1.67897082819278e-05_1.67897082819278e-05
1016,19595,153-18-4-2-1,6.21841047478808e-06_6.21841047478808e-06_6.21841047478808e-06_6.21841047478808e-06_6.21841047478808e-06
1016,19596,5-5-5-1-1,1.9277072471843e-05_1.9277072471843e-05_1.9277072471843e-05_1.9277072471843e-05_1.9277072471843e-05
1016,19597,76-4-4-2-1,8.0839336172245e-06_8.0839336172245e-06_8.0839336172245e-06_8.0839336172245e-06_8.0839336172245e-06
1016,19598,199-19-9-2-1,3.10920523739404e-06_3.10920523739404e-06_3.10920523739404e-06_3.10920523739404e-06_3.10920523739404e-06
1016,19599,161-36-10-1-1,5.59656942730927e-06_5.59656942730927e-06_5.59656942730927e-06_5.59656942730927e-06_5.59656942730927e-06
1016,19600,203-11-4-2-1,6.84025152226688e-06_6.84025152226688e-06_6.84025152226688e-06_6.84025152226688e-06_6.84025152226688e-06
1016,19601,8-7-4-2-1,4.35288733235165e-06_4.35288733235165e-06_4.35288733235165e-06_4.35288733235165e-06_4.35288733235165e-06
1016,19602,112-14-4-2-1,3.73104628487285e-06_3.73104628487285e-06_3.73104628487285e-06_3.73104628487285e-06_3.73104628487285e-06
1016,19603,8-7-4-2-1,5.59656942730927e-06_5.59656942730927e-06_5.59656942730927e-06_5.59656942730927e-06_5.59656942730927e-06
1016,19605,112-14-4-2-1,7.46209256974569e-06_7.46209256974569e-06_7.46209256974569e-06_7.46209256974569e-06_7.46209256974569e-06
1016,19606,167-18-4-2-1,6.21841047478808e-06_6.21841047478808e-06_6.21841047478808e-06_6.21841047478808e-06_6.21841047478808e-06
1016,19607,53-21-4-2-1,7.08898794125841e-05_7.08898794125841e-05_7.08898794125841e-05_7.08898794125841e-05_7.08898794125841e-05
1016,19608,69-29-2-2-1,3.04702113264616e-05_3.04702113264616e-05_3.04702113264616e-05_3.04702113264616e-05_3.04702113264616e-05
1016,19609,137-26-4-2-1,7.46209256974569e-06_7.46209256974569e-06_7.46209256974569e-06_7.46209256974569e-06_7.46209256974569e-06
1016,19610,34-19-9-2-1,4.35288733235165e-06_4.35288733235165e-06_4.35288733235165e-06_4.35288733235165e-06_4.35288733235165e-06
1016,19611,136-26-4-2-1,2.9226529231504e-05_2.9226529231504e-05_2.9226529231504e-05_2.9226529231504e-05_2.9226529231504e-05
1016,19612,180-40-4-2-1,8.0839336172245e-06_8.0839336172245e-06_8.0839336172245e-06_8.0839336172245e-06_8.0839336172245e-06
1016,19613,137-26-4-2-1,3.79323038962073e-05_3.79323038962073e-05_3.79323038962073e-05_3.79323038962073e-05_3.79323038962073e-05
1016,19614,137-26-4-2-1,6.21841047478808e-06_6.21841047478808e-06_6.21841047478808e-06_6.21841047478808e-06_6.21841047478808e-06
1016,19615,213-15-9-2-1,2.98483702789828e-05_2.98483702789828e-05_2.98483702789828e-05_2.98483702789828e-05_2.98483702789828e-05
1016,19616,8-7-4-2-1,3.10920523739404e-06_3.10920523739404e-06_3.10920523739404e-06_3.10920523739404e-06_3.10920523739404e-06
1016,19617,4-4-4-2-1,5.59656942730927e-06_5.59656942730927e-06_5.59656942730927e-06_5.59656942730927e-06_5.59656942730927e-06
1016,19618,166-18-4-2-1,3.73104628487285e-06_3.73104628487285e-06_3.73104628487285e-06_3.73104628487285e-06_3.73104628487285e-06
1016,19619,55-22-8-1-1,8.0839336172245e-06_8.0839336172245e-06_8.0839336172245e-06_8.0839336172245e-06_8.0839336172245e-06
1016,19620,163-43-4-2-1,2.86046881840252e-05_2.86046881840252e-05_2.86046881840252e-05_2.86046881840252e-05_2.86046881840252e-05
1016,19621,112-14-4-2-1,6.84025152226688e-06_6.84025152226688e-06_6.84025152226688e-06_6.84025152226688e-06_6.84025152226688e-06
1016,19622,63-27-8-1-1,1.11931388546185e-05_1.11931388546185e-05_1.11931388546185e-05_1.11931388546185e-05_1.11931388546185e-05
1016,19623,83-33-5-1-1,3.73104628487285e-06_3.73104628487285e-06_3.73104628487285e-06_3.73104628487285e-06_3.73104628487285e-06
1016,19624,102-13-6-2-1,1.86552314243642e-05_1.86552314243642e-05_1.86552314243642e-05_1.86552314243642e-05_1.86552314243642e-05
1016,19625,175-20-9-2-1,6.21841047478808e-06_6.21841047478808e-06_6.21841047478808e-06_6.21841047478808e-06_6.21841047478808e-06
1016,19626,203-11-4-2-1,6.21841047478808e-06_6.21841047478808e-06_6.21841047478808e-06_6.21841047478808e-06_6.21841047478808e-06
1016,19627,102-13-6-2-1,1.67897082819278e-05_1.67897082819278e-05_1.67897082819278e-05_1.67897082819278e-05_1.67897082819278e-05
1016,19628,174-15-9-2-1,3.73104628487285e-06_3.73104628487285e-06_3.73104628487285e-06_3.73104628487285e-06_3.73104628487285e-06
1016,19629,228-17-10-1-1,3.73104628487285e-06_3.73104628487285e-06_3.73104628487285e-06_3.73104628487285e-06_3.73104628487285e-06
1016,19630,60-22-8-1-1,0.000942089186930394_0.000942089186930394_0.000942089186930394_0.000942089186930394_0.000942089186930394
1016,19631,224-39-11-1-1,3.73104628487285e-06_3.73104628487285e-06_3.73104628487285e-06_3.73104628487285e-06_3.73104628487285e-06
1016,19632,153-18-4-2-1,3.73104628487285e-06_3.73104628487285e-06_3.73104628487285e-06_3.73104628487285e-06_3.73104628487285e-06
1016,19633,47-22-8-1-1,1.80333903768854e-05_1.80333903768854e-05_1.80333903768854e-05_1.80333903768854e-05_1.80333903768854e-05
1016,19634,32-18-4-2-1,3.73104628487285e-06_3.73104628487285e-06_3.73104628487285e-06_3.73104628487285e-06_3.73104628487285e-06
1016,19635,186-15-9-2-1,6.21841047478808e-06_6.21841047478808e-06_6.21841047478808e-06_6.21841047478808e-06_6.21841047478808e-06
1016,19636,135-41-9-2-1,3.48230986588132e-05_3.48230986588132e-05_3.48230986588132e-05_3.48230986588132e-05_3.48230986588132e-05
1016,19637,172-40-4-2-1,2.48736418991523e-06_2.48736418991523e-06_2.48736418991523e-06_2.48736418991523e-06_2.48736418991523e-06
1016,19638,66-29-2-2-1,1.11931388546185e-05_1.11931388546185e-05_1.11931388546185e-05_1.11931388546185e-05_1.11931388546185e-05
1016,19639,154-25-8-1-1,6.84025152226688e-06_6.84025152226688e-06_6.84025152226688e-06_6.84025152226688e-06_6.84025152226688e-06
1016,19640,47-22-8-1-1,3.04702113264616e-05_3.04702113264616e-05_3.04702113264616e-05_3.04702113264616e-05_3.04702113264616e-05
1016,19641,161-36-10-1-1,4.35288733235165e-06_4.35288733235165e-06_4.35288733235165e-06_4.35288733235165e-06_4.35288733235165e-06
1016,19642,196-14-4-2-1,3.73104628487285e-06_3.73104628487285e-06_3.73104628487285e-06_3.73104628487285e-06_3.73104628487285e-06
1016,19643,135-41-9-2-1,7.27554025550205e-05_7.27554025550205e-05_7.27554025550205e-05_7.27554025550205e-05_7.27554025550205e-05
1016,19644,55-22-8-1-1,4.97472837983046e-06_4.97472837983046e-06_4.97472837983046e-06_4.97472837983046e-06_4.97472837983046e-06
1016,19645,127-30-1-1-1,8.0839336172245e-06_8.0839336172245e-06_8.0839336172245e-06_8.0839336172245e-06_8.0839336172245e-06
1016,19646,113-31-9-2-1,0.000129342937875592_0.000129342937875592_0.000129342937875592_0.000129342937875592_0.000129342937875592
1016,19647,216-19-9-2-1,8.0839336172245e-06_8.0839336172245e-06_8.0839336172245e-06_8.0839336172245e-06_8.0839336172245e-06
1016,19648,47-22-8-1-1,5.90748995104867e-05_5.90748995104867e-05_5.90748995104867e-05_5.90748995104867e-05_5.90748995104867e-05
1016,19649,47-22-8-1-1,3.85541449436861e-05_3.85541449436861e-05_3.85541449436861e-05_3.85541449436861e-05_3.85541449436861e-05
1016,19650,145-25-8-1-1,0.000209560433000358_0.000209560433000358_0.000209560433000358_0.000209560433000358_0.000209560433000358
1016,19651,45-5-5-1-1,4.97472837983046e-06_4.97472837983046e-06_4.97472837983046e-06_4.97472837983046e-06_4.97472837983046e-06
1016,19652,147-11-4-2-1,8.70577466470331e-05_8.70577466470331e-05_8.70577466470331e-05_8.70577466470331e-05_8.70577466470331e-05
1016,19653,147-11-4-2-1,4.35288733235165e-06_4.35288733235165e-06_4.35288733235165e-06_4.35288733235165e-06_4.35288733235165e-06
1016,19654,133-12-8-1-1,4.97472837983046e-06_4.97472837983046e-06_4.97472837983046e-06_4.97472837983046e-06_4.97472837983046e-06
1016,19655,140-42-12-1-1,6.21841047478808e-06_6.21841047478808e-06_6.21841047478808e-06_6.21841047478808e-06_6.21841047478808e-06
1016,19656,54-26-4-2-1,9.20324750268635e-05_9.20324750268635e-05_9.20324750268635e-05_9.20324750268635e-05_9.20324750268635e-05
1016,19657,5-5-5-1-1,8.70577466470331e-06_8.70577466470331e-06_8.70577466470331e-06_8.70577466470331e-06_8.70577466470331e-06
1016,19658,55-22-8-1-1,2.61173239941099e-05_2.61173239941099e-05_2.61173239941099e-05_2.61173239941099e-05_2.61173239941099e-05
1016,19659,4-4-4-2-1,3.10920523739404e-06_3.10920523739404e-06_3.10920523739404e-06_3.10920523739404e-06_3.10920523739404e-06
1016,19660,172-40-4-2-1,9.32761571218212e-06_9.32761571218212e-06_9.32761571218212e-06_9.32761571218212e-06_9.32761571218212e-06
1016,19661,47-22-8-1-1,0.000118149799020973_0.000118149799020973_0.000118149799020973_0.000118149799020973_0.000118149799020973
1016,19662,60-22-8-1-1,0.00080839336172245_0.00080839336172245_0.00080839336172245_0.00080839336172245_0.00080839336172245
1016,19663,51-22-8-1-1,1.36805030445338e-05_1.36805030445338e-05_1.36805030445338e-05_1.36805030445338e-05_1.36805030445338e-05
1016,19664,222-35-4-2-1,6.84025152226688e-06_6.84025152226688e-06_6.84025152226688e-06_6.84025152226688e-06_6.84025152226688e-06
1016,19665,131-13-6-2-1,4.60162375134318e-05_4.60162375134318e-05_4.60162375134318e-05_4.60162375134318e-05_4.60162375134318e-05
1016,19666,205-12-8-1-1,6.84025152226688e-06_6.84025152226688e-06_6.84025152226688e-06_6.84025152226688e-06_6.84025152226688e-06
1016,19667,70-27-8-1-1,3.10920523739404e-06_3.10920523739404e-06_3.10920523739404e-06_3.10920523739404e-06_3.10920523739404e-06
1016,19668,156-37-4-2-1,9.94945675966092e-06_9.94945675966092e-06_9.94945675966092e-06_9.94945675966092e-06_9.94945675966092e-06
1016,19669,214-26-4-2-1,3.73104628487285e-06_3.73104628487285e-06_3.73104628487285e-06_3.73104628487285e-06_3.73104628487285e-06
1016,19670,80-11-4-2-1,4.60162375134318e-05_4.60162375134318e-05_4.60162375134318e-05_4.60162375134318e-05_4.60162375134318e-05
1016,19671,133-12-8-1-1,5.22346479882198e-05_5.22346479882198e-05_5.22346479882198e-05_5.22346479882198e-05_5.22346479882198e-05
1016,19672,40-23-8-1-1,3.10920523739404e-06_3.10920523739404e-06_3.10920523739404e-06_3.10920523739404e-06_3.10920523739404e-06
1016,19673,185-41-9-2-1,4.97472837983046e-06_4.97472837983046e-06_4.97472837983046e-06_4.97472837983046e-06_4.97472837983046e-06
1016,19674,112-14-4-2-1,9.32761571218212e-06_9.32761571218212e-06_9.32761571218212e-06_9.32761571218212e-06_9.32761571218212e-06
1016,19675,91-33-5-1-1,1.80333903768854e-05_1.80333903768854e-05_1.80333903768854e-05_1.80333903768854e-05_1.80333903768854e-05
1016,19676,174-15-9-2-1,3.10920523739404e-06_3.10920523739404e-06_3.10920523739404e-06_3.10920523739404e-06_3.10920523739404e-06
1016,19677,58-13-6-2-1,2.61173239941099e-05_2.61173239941099e-05_2.61173239941099e-05_2.61173239941099e-05_2.61173239941099e-05
1016,19678,112-14-4-2-1,1.36805030445338e-05_1.36805030445338e-05_1.36805030445338e-05_1.36805030445338e-05_1.36805030445338e-05
1016,19679,133-12-8-1-1,3.10920523739404e-06_3.10920523739404e-06_3.10920523739404e-06_3.10920523739404e-06_3.10920523739404e-06
1016,19680,149-16-2-2-1,2.48736418991523e-06_2.48736418991523e-06_2.48736418991523e-06_2.48736418991523e-06_2.48736418991523e-06
1016,19681,236-42-12-1-1,3.73104628487285e-06_3.73104628487285e-06_3.73104628487285e-06_3.73104628487285e-06_3.73104628487285e-06
1016,19682,156-37-4-2-1,9.94945675966092e-06_9.94945675966092e-06_9.94945675966092e-06_9.94945675966092e-06_9.94945675966092e-06
1016,19683,158-2-2-2-1,3.73104628487285e-05_3.73104628487285e-05_3.73104628487285e-05_3.73104628487285e-05_3.73104628487285e-05
1016,19684,160-30-1-1-1,4.97472837983046e-06_4.97472837983046e-06_4.97472837983046e-06_4.97472837983046e-06_4.97472837983046e-06
1016,19685,8-7-4-2-1,3.73104628487285e-06_3.73104628487285e-06_3.73104628487285e-06_3.73104628487285e-06_3.73104628487285e-06
1016,19686,153-18-4-2-1,1.24368209495762e-05_1.24368209495762e-05_1.24368209495762e-05_1.24368209495762e-05_1.24368209495762e-05
1016,19687,63-27-8-1-1,8.70577466470331e-06_8.70577466470331e-06_8.70577466470331e-06_8.70577466470331e-06_8.70577466470331e-06
1016,19688,63-27-8-1-1,3.73104628487285e-06_3.73104628487285e-06_3.73104628487285e-06_3.73104628487285e-06_3.73104628487285e-06
1016,19689,137-26-4-2-1,4.97472837983046e-05_4.97472837983046e-05_4.97472837983046e-05_4.97472837983046e-05_4.97472837983046e-05
1016,19690,138-23-8-1-1,1.86552314243642e-05_1.86552314243642e-05_1.86552314243642e-05_1.86552314243642e-05_1.86552314243642e-05
1016,19691,66-29-2-2-1,7.46209256974569e-06_7.46209256974569e-06_7.46209256974569e-06_7.46209256974569e-06_7.46209256974569e-06
1016,19692,83-33-5-1-1,1.98989135193218e-05_1.98989135193218e-05_1.98989135193218e-05_1.98989135193218e-05_1.98989135193218e-05
1016,19693,121-39-11-1-1,6.84025152226688e-06_6.84025152226688e-06_6.84025152226688e-06_6.84025152226688e-06_6.84025152226688e-06
1016,19694,83-33-5-1-1,5.59656942730927e-06_5.59656942730927e-06_5.59656942730927e-06_5.59656942730927e-06_5.59656942730927e-06
1016,19695,153-18-4-2-1,3.73104628487285e-06_3.73104628487285e-06_3.73104628487285e-06_3.73104628487285e-06_3.73104628487285e-06
1016,19696,55-22-8-1-1,2.48736418991523e-06_2.48736418991523e-06_2.48736418991523e-06_2.48736418991523e-06_2.48736418991523e-06
1016,19697,172-40-4-2-1,3.73104628487285e-06_3.73104628487285e-06_3.73104628487285e-06_3.73104628487285e-06_3.73104628487285e-06
1016,19698,17-11-4-2-1,6.21841047478808e-06_6.21841047478808e-06_6.21841047478808e-06_6.21841047478808e-06_6.21841047478808e-06
1016,19699,55-22-8-1-1,1.55460261869702e-05_1.55460261869702e-05_1.55460261869702e-05_1.55460261869702e-05_1.55460261869702e-05
1016,19700,138-23-8-1-1,3.35794165638556e-05_3.35794165638556e-05_3.35794165638556e-05_3.35794165638556e-05_3.35794165638556e-05
1016,19701,153-18-4-2-1,4.97472837983046e-06_4.97472837983046e-06_4.97472837983046e-06_4.97472837983046e-06_4.97472837983046e-06
1016,19702,221-35-4-2-1,2.30081187567159e-05_2.30081187567159e-05_2.30081187567159e-05_2.30081187567159e-05_2.30081187567159e-05
1016,19703,25-10-2-2-1,1.9277072471843e-05_1.9277072471843e-05_1.9277072471843e-05_1.9277072471843e-05_1.9277072471843e-05
1016,19704,130-12-8-1-1,1.74115493294066e-05_1.74115493294066e-05_1.74115493294066e-05_1.74115493294066e-05_1.74115493294066e-05
1016,19705,185-41-9-2-1,3.10920523739404e-06_3.10920523739404e-06_3.10920523739404e-06_3.10920523739404e-06_3.10920523739404e-06
1016,19706,167-18-4-2-1,5.59656942730927e-06_5.59656942730927e-06_5.59656942730927e-06_5.59656942730927e-06_5.59656942730927e-06
1016,19707,222-35-4-2-1,4.35288733235165e-06_4.35288733235165e-06_4.35288733235165e-06_4.35288733235165e-06_4.35288733235165e-06
1016,19708,208-30-1-1-1,3.10920523739404e-06_3.10920523739404e-06_3.10920523739404e-06_3.10920523739404e-06_3.10920523739404e-06
1016,19709,102-13-6-2-1,4.8503601703347e-05_4.8503601703347e-05_4.8503601703347e-05_4.8503601703347e-05_4.8503601703347e-05
1016,19710,189-12-8-1-1,3.73104628487285e-06_3.73104628487285e-06_3.73104628487285e-06_3.73104628487285e-06_3.73104628487285e-06
1016,19711,180-40-4-2-1,3.73104628487285e-06_3.73104628487285e-06_3.73104628487285e-06_3.73104628487285e-06_3.73104628487285e-06
1016,19712,4-4-4-2-1,3.10920523739404e-06_3.10920523739404e-06_3.10920523739404e-06_3.10920523739404e-06_3.10920523739404e-06
1016,19713,153-18-4-2-1,4.35288733235165e-06_4.35288733235165e-06_4.35288733235165e-06_4.35288733235165e-06_4.35288733235165e-06
1016,19714,152-32-10-1-1,3.10920523739404e-06_3.10920523739404e-06_3.10920523739404e-06_3.10920523739404e-06_3.10920523739404e-06
1016,19715,185-41-9-2-1,8.70577466470331e-06_8.70577466470331e-06_8.70577466470331e-06_8.70577466470331e-06_8.70577466470331e-06
1016,19716,185-41-9-2-1,4.97472837983046e-06_4.97472837983046e-06_4.97472837983046e-06_4.97472837983046e-06_4.97472837983046e-06
1016,19718,57-7-4-2-1,6.84025152226688e-06_6.84025152226688e-06_6.84025152226688e-06_6.84025152226688e-06_6.84025152226688e-06
1016,19719,179-26-4-2-1,1.05712978071397e-05_1.05712978071397e-05_1.05712978071397e-05_1.05712978071397e-05_1.05712978071397e-05
1016,19720,54-26-4-2-1,1.49241851394914e-05_1.49241851394914e-05_1.49241851394914e-05_1.49241851394914e-05_1.49241851394914e-05
1016,19721,36-6-6-2-1,0.000170384447009193_0.000170384447009193_0.000170384447009193_0.000170384447009193_0.000170384447009193
1016,19722,133-12-8-1-1,7.46209256974569e-06_7.46209256974569e-06_7.46209256974569e-06_7.46209256974569e-06_7.46209256974569e-06
1016,19723,205-12-8-1-1,3.73104628487285e-06_3.73104628487285e-06_3.73104628487285e-06_3.73104628487285e-06_3.73104628487285e-06
1016,19724,185-41-9-2-1,3.73104628487285e-06_3.73104628487285e-06_3.73104628487285e-06_3.73104628487285e-06_3.73104628487285e-06
1016,19725,51-22-8-1-1,5.65875353205715e-05_5.65875353205715e-05_5.65875353205715e-05_5.65875353205715e-05_5.65875353205715e-05
1016,19726,236-42-12-1-1,3.73104628487285e-06_3.73104628487285e-06_3.73104628487285e-06_3.73104628487285e-06_3.73104628487285e-06
1016,19727,142-42-12-1-1,1.11931388546185e-05_1.11931388546185e-05_1.11931388546185e-05_1.11931388546185e-05_1.11931388546185e-05
1016,19728,149-16-2-2-1,8.70577466470331e-06_8.70577466470331e-06_8.70577466470331e-06_8.70577466470331e-06_8.70577466470331e-06
1016,19729,174-15-9-2-1,1.18149799020973e-05_1.18149799020973e-05_1.18149799020973e-05_1.18149799020973e-05_1.18149799020973e-05
1016,19730,172-40-4-2-1,4.35288733235165e-06_4.35288733235165e-06_4.35288733235165e-06_4.35288733235165e-06_4.35288733235165e-06
1016,19731,133-12-8-1-1,1.3058661997055e-05_1.3058661997055e-05_1.3058661997055e-05_1.3058661997055e-05_1.3058661997055e-05
1016,19732,109-28-5-1-1,2.17644366617583e-05_2.17644366617583e-05_2.17644366617583e-05_2.17644366617583e-05_2.17644366617583e-05
1016,19733,36-6-6-2-1,5.78312174155291e-05_5.78312174155291e-05_5.78312174155291e-05_5.78312174155291e-05_5.78312174155291e-05
1016,19734,175-20-9-2-1,7.46209256974569e-06_7.46209256974569e-06_7.46209256974569e-06_7.46209256974569e-06_7.46209256974569e-06
1016,19735,229-5-5-1-1,5.47220121781351e-05_5.47220121781351e-05_5.47220121781351e-05_5.47220121781351e-05_5.47220121781351e-05
1016,19736,223-40-4-2-1,1.6167867234449e-05_1.6167867234449e-05_1.6167867234449e-05_1.6167867234449e-05_1.6167867234449e-05
1016,19737,159-4-4-2-1,4.97472837983046e-06_4.97472837983046e-06_4.97472837983046e-06_4.97472837983046e-06_4.97472837983046e-06
1016,19738,185-41-9-2-1,3.10920523739404e-06_3.10920523739404e-06_3.10920523739404e-06_3.10920523739404e-06_3.10920523739404e-06
1016,19739,45-5-5-1-1,3.2335734468898e-05_3.2335734468898e-05_3.2335734468898e-05_3.2335734468898e-05_3.2335734468898e-05
1016,19740,112-14-4-2-1,4.97472837983046e-06_4.97472837983046e-06_4.97472837983046e-06_4.97472837983046e-06_4.97472837983046e-06
1016,19741,218-7-4-2-1,3.10920523739404e-06_3.10920523739404e-06_3.10920523739404e-06_3.10920523739404e-06_3.10920523739404e-06
1016,19742,134-29-2-2-1,4.35288733235165e-06_4.35288733235165e-06_4.35288733235165e-06_4.35288733235165e-06_4.35288733235165e-06
1016,19743,129-21-4-2-1,8.70577466470331e-06_8.70577466470331e-06_8.70577466470331e-06_8.70577466470331e-06_8.70577466470331e-06
1016,19744,47-22-8-1-1,7.46209256974569e-06_7.46209256974569e-06_7.46209256974569e-06_7.46209256974569e-06_7.46209256974569e-06
1016,19745,47-22-8-1-1,9.32761571218212e-06_9.32761571218212e-06_9.32761571218212e-06_9.32761571218212e-06_9.32761571218212e-06
1016,19746,47-22-8-1-1,5.59656942730927e-06_5.59656942730927e-06_5.59656942730927e-06_5.59656942730927e-06_5.59656942730927e-06
1016,19748,174-15-9-2-1,1.3058661997055e-05_1.3058661997055e-05_1.3058661997055e-05_1.3058661997055e-05_1.3058661997055e-05
1016,19749,227-41-9-2-1,5.59656942730927e-06_5.59656942730927e-06_5.59656942730927e-06_5.59656942730927e-06_5.59656942730927e-06
1016,19750,169-32-10-1-1,0.000107578501213834_0.000107578501213834_0.000107578501213834_0.000107578501213834_0.000107578501213834
1016,19751,124-29-2-2-1,0.000155460261869702_0.000155460261869702_0.000155460261869702_0.000155460261869702_0.000155460261869702
1016,19752,54-26-4-2-1,7.7730130934851e-05_7.7730130934851e-05_7.7730130934851e-05_7.7730130934851e-05_7.7730130934851e-05
1016,19753,104-38-11-1-1,0.000304080272217137_0.000304080272217137_0.000304080272217137_0.000304080272217137_0.000304080272217137
1016,19754,55-22-8-1-1,9.94945675966092e-06_9.94945675966092e-06_9.94945675966092e-06_9.94945675966092e-06_9.94945675966092e-06
1016,19755,91-33-5-1-1,1.86552314243642e-05_1.86552314243642e-05_1.86552314243642e-05_1.86552314243642e-05_1.86552314243642e-05
1016,19756,205-12-8-1-1,3.10920523739404e-05_3.10920523739404e-05_3.10920523739404e-05_3.10920523739404e-05_3.10920523739404e-05
1016,19757,130-12-8-1-1,4.66380785609106e-05_4.66380785609106e-05_4.66380785609106e-05_4.66380785609106e-05_4.66380785609106e-05
1016,19758,133-12-8-1-1,1.86552314243642e-05_1.86552314243642e-05_1.86552314243642e-05_1.86552314243642e-05_1.86552314243642e-05
1016,19759,177-7-4-2-1,1.80333903768854e-05_1.80333903768854e-05_1.80333903768854e-05_1.80333903768854e-05_1.80333903768854e-05
1016,19760,112-14-4-2-1,1.24368209495762e-05_1.24368209495762e-05_1.24368209495762e-05_1.24368209495762e-05_1.24368209495762e-05
1016,19761,126-29-2-2-1,3.10920523739404e-06_3.10920523739404e-06_3.10920523739404e-06_3.10920523739404e-06_3.10920523739404e-06
1016,19762,112-14-4-2-1,6.21841047478808e-06_6.21841047478808e-06_6.21841047478808e-06_6.21841047478808e-06_6.21841047478808e-06
1016,19763,167-18-4-2-1,5.59656942730927e-06_5.59656942730927e-06_5.59656942730927e-06_5.59656942730927e-06_5.59656942730927e-06
1016,19764,7-4-4-2-1,3.10920523739404e-06_3.10920523739404e-06_3.10920523739404e-06_3.10920523739404e-06_3.10920523739404e-06
1016,19765,133-12-8-1-1,4.66380785609106e-05_4.66380785609106e-05_4.66380785609106e-05_4.66380785609106e-05_4.66380785609106e-05
1016,19766,172-40-4-2-1,8.70577466470331e-06_8.70577466470331e-06_8.70577466470331e-06_8.70577466470331e-06_8.70577466470331e-06
1016,19767,7-4-4-2-1,1.49241851394914e-05_1.49241851394914e-05_1.49241851394914e-05_1.49241851394914e-05_1.49241851394914e-05
1016,19768,133-12-8-1-1,4.97472837983046e-06_4.97472837983046e-06_4.97472837983046e-06_4.97472837983046e-06_4.97472837983046e-06
1016,19769,134-29-2-2-1,4.72599196083894e-05_4.72599196083894e-05_4.72599196083894e-05_4.72599196083894e-05_4.72599196083894e-05
1016,19770,149-16-2-2-1,3.10920523739404e-06_3.10920523739404e-06_3.10920523739404e-06_3.10920523739404e-06_3.10920523739404e-06
1016,19771,172-40-4-2-1,3.10920523739404e-06_3.10920523739404e-06_3.10920523739404e-06_3.10920523739404e-06_3.10920523739404e-06
1016,19772,17-11-4-2-1,3.10920523739404e-06_3.10920523739404e-06_3.10920523739404e-06_3.10920523739404e-06_3.10920523739404e-06
1016,19773,74-31-9-2-1,7.33772436024993e-05_7.33772436024993e-05_7.33772436024993e-05_7.33772436024993e-05_7.33772436024993e-05
1016,19774,172-40-4-2-1,4.35288733235165e-06_4.35288733235165e-06_4.35288733235165e-06_4.35288733235165e-06_4.35288733235165e-06
1016,19775,212-41-9-2-1,3.10920523739404e-06_3.10920523739404e-06_3.10920523739404e-06_3.10920523739404e-06_3.10920523739404e-06
1016,19776,25-10-2-2-1,9.32761571218211e-05_9.32761571218211e-05_9.32761571218211e-05_9.32761571218211e-05_9.32761571218211e-05
1016,19777,199-19-9-2-1,9.32761571218212e-06_9.32761571218212e-06_9.32761571218212e-06_9.32761571218212e-06_9.32761571218212e-06
1016,19778,163-43-4-2-1,6.71588331277112e-05_6.71588331277112e-05_6.71588331277112e-05_6.71588331277112e-05_6.71588331277112e-05
1016,19779,185-41-9-2-1,3.73104628487285e-06_3.73104628487285e-06_3.73104628487285e-06_3.73104628487285e-06_3.73104628487285e-06
1016,19780,148-29-2-2-1,1.49241851394914e-05_1.49241851394914e-05_1.49241851394914e-05_1.49241851394914e-05_1.49241851394914e-05
1016,19781,112-14-4-2-1,6.21841047478808e-06_6.21841047478808e-06_6.21841047478808e-06_6.21841047478808e-06_6.21841047478808e-06
1016,19782,47-22-8-1-1,3.73104628487285e-06_3.73104628487285e-06_3.73104628487285e-06_3.73104628487285e-06_3.73104628487285e-06
1016,19783,47-22-8-1-1,3.73104628487285e-06_3.73104628487285e-06_3.73104628487285e-06_3.73104628487285e-06_3.73104628487285e-06
1016,19784,138-23-8-1-1,5.03691248457834e-05_5.03691248457834e-05_5.03691248457834e-05_5.03691248457834e-05_5.03691248457834e-05
1016,19785,235-34-11-1-1,8.70577466470331e-06_8.70577466470331e-06_8.70577466470331e-06_8.70577466470331e-06_8.70577466470331e-06
1016,19786,201-17-10-1-1,2.17644366617583e-05_2.17644366617583e-05_2.17644366617583e-05_2.17644366617583e-05_2.17644366617583e-05
1016,19787,122-16-2-2-1,8.0839336172245e-06_8.0839336172245e-06_8.0839336172245e-06_8.0839336172245e-06_8.0839336172245e-06
1016,19788,172-40-4-2-1,5.59656942730927e-06_5.59656942730927e-06_5.59656942730927e-06_5.59656942730927e-06_5.59656942730927e-06
1016,19789,167-18-4-2-1,4.97472837983046e-06_4.97472837983046e-06_4.97472837983046e-06_4.97472837983046e-06_4.97472837983046e-06
1016,19790,203-11-4-2-1,9.94945675966092e-06_9.94945675966092e-06_9.94945675966092e-06_9.94945675966092e-06_9.94945675966092e-06
1016,19791,114-40-4-2-1,1.6167867234449e-05_1.6167867234449e-05_1.6167867234449e-05_1.6167867234449e-05_1.6167867234449e-05
1016,19792,185-41-9-2-1,3.10920523739404e-06_3.10920523739404e-06_3.10920523739404e-06_3.10920523739404e-06_3.10920523739404e-06
1016,19793,61-13-6-2-1,2.61173239941099e-05_2.61173239941099e-05_2.61173239941099e-05_2.61173239941099e-05_2.61173239941099e-05
1016,19794,71-29-2-2-1,0.00010944402435627_0.00010944402435627_0.00010944402435627_0.00010944402435627_0.00010944402435627
1016,19795,47-22-8-1-1,1.18149799020973e-05_1.18149799020973e-05_1.18149799020973e-05_1.18149799020973e-05_1.18149799020973e-05
1016,19796,29-17-10-1-1,1.05712978071397e-05_1.05712978071397e-05_1.05712978071397e-05_1.05712978071397e-05_1.05712978071397e-05
1016,19797,148-29-2-2-1,1.67897082819278e-05_1.67897082819278e-05_1.67897082819278e-05_1.67897082819278e-05_1.67897082819278e-05
1016,19798,209-35-4-2-1,9.32761571218212e-06_9.32761571218212e-06_9.32761571218212e-06_9.32761571218212e-06_9.32761571218212e-06
1016,19799,181-40-4-2-1,5.96967405579655e-05_5.96967405579655e-05_5.96967405579655e-05_5.96967405579655e-05_5.96967405579655e-05
1016,19800,18-12-8-1-1,2.79828471365463e-05_2.79828471365463e-05_2.79828471365463e-05_2.79828471365463e-05_2.79828471365463e-05
1016,19801,172-40-4-2-1,4.35288733235165e-06_4.35288733235165e-06_4.35288733235165e-06_4.35288733235165e-06_4.35288733235165e-06
1016,19802,174-15-9-2-1,8.0839336172245e-06_8.0839336172245e-06_8.0839336172245e-06_8.0839336172245e-06_8.0839336172245e-06
1016,19803,185-41-9-2-1,3.10920523739404e-06_3.10920523739404e-06_3.10920523739404e-06_3.10920523739404e-06_3.10920523739404e-06
1016,19804,44-13-6-2-1,9.32761571218212e-06_9.32761571218212e-06_9.32761571218212e-06_9.32761571218212e-06_9.32761571218212e-06
1016,19805,65-1-1-1-1,1.43023440920126e-05_1.43023440920126e-05_1.43023440920126e-05_1.43023440920126e-05_1.43023440920126e-05
1016,19806,7-4-4-2-1,3.10920523739404e-06_3.10920523739404e-06_3.10920523739404e-06_3.10920523739404e-06_3.10920523739404e-06
1016,19807,61-13-6-2-1,0.000119393481115931_0.000119393481115931_0.000119393481115931_0.000119393481115931_0.000119393481115931
1016,19808,63-27-8-1-1,1.05712978071397e-05_1.05712978071397e-05_1.05712978071397e-05_1.05712978071397e-05_1.05712978071397e-05
1016,19809,189-12-8-1-1,7.46209256974569e-05_7.46209256974569e-05_7.46209256974569e-05_7.46209256974569e-05_7.46209256974569e-05
1016,19810,18-12-8-1-1,3.10920523739404e-05_3.10920523739404e-05_3.10920523739404e-05_3.10920523739404e-05_3.10920523739404e-05
1016,19811,213-15-9-2-1,2.11425956142795e-05_2.11425956142795e-05_2.11425956142795e-05_2.11425956142795e-05_2.11425956142795e-05
1016,19812,139-43-4-2-1,8.3948541409639e-05_8.3948541409639e-05_8.3948541409639e-05_8.3948541409639e-05_8.3948541409639e-05
1016,19813,231-34-11-1-1,0.000571471922633024_0.000571471922633024_0.000571471922633024_0.000571471922633024_0.000571471922633024
1016,19814,126-29-2-2-1,2.05207545668007e-05_2.05207545668007e-05_2.05207545668007e-05_2.05207545668007e-05_2.05207545668007e-05
1016,19815,227-41-9-2-1,5.59656942730927e-06_5.59656942730927e-06_5.59656942730927e-06_5.59656942730927e-06_5.59656942730927e-06
1016,19816,229-5-5-1-1,0.000166031559676842_0.000166031559676842_0.000166031559676842_0.000166031559676842_0.000166031559676842
1016,19817,65-1-1-1-1,6.84025152226688e-05_6.84025152226688e-05_6.84025152226688e-05_6.84025152226688e-05_6.84025152226688e-05
1016,19818,31-6-6-2-1,0.000290399769172603_0.000290399769172603_0.000290399769172603_0.000290399769172603_0.000290399769172603
1016,19819,51-22-8-1-1,4.29070322760377e-05_4.29070322760377e-05_4.29070322760377e-05_4.29070322760377e-05_4.29070322760377e-05
1016,19820,234-24-7-1-1,4.78817606558682e-05_4.78817606558682e-05_4.78817606558682e-05_4.78817606558682e-05_4.78817606558682e-05
1016,19821,196-14-4-2-1,3.85541449436861e-05_3.85541449436861e-05_3.85541449436861e-05_3.85541449436861e-05_3.85541449436861e-05
1016,19822,185-41-9-2-1,3.10920523739404e-06_3.10920523739404e-06_3.10920523739404e-06_3.10920523739404e-06_3.10920523739404e-06
1016,19823,196-14-4-2-1,8.70577466470331e-06_8.70577466470331e-06_8.70577466470331e-06_8.70577466470331e-06_8.70577466470331e-06
1016,19824,185-41-9-2-1,3.73104628487285e-06_3.73104628487285e-06_3.73104628487285e-06_3.73104628487285e-06_3.73104628487285e-06
1016,19825,4-4-4-2-1,4.35288733235165e-06_4.35288733235165e-06_4.35288733235165e-06_4.35288733235165e-06_4.35288733235165e-06
1016,19826,188-14-4-2-1,8.70577466470331e-06_8.70577466470331e-06_8.70577466470331e-06_8.70577466470331e-06_8.70577466470331e-06
1016,19827,185-41-9-2-1,3.10920523739404e-06_3.10920523739404e-06_3.10920523739404e-06_3.10920523739404e-06_3.10920523739404e-06
1016,19828,128-7-4-2-1,4.35288733235165e-06_4.35288733235165e-06_4.35288733235165e-06_4.35288733235165e-06_4.35288733235165e-06
1016,19829,189-12-8-1-1,4.35288733235165e-05_4.35288733235165e-05_4.35288733235165e-05_4.35288733235165e-05_4.35288733235165e-05
1016,19830,136-26-4-2-1,2.79828471365463e-05_2.79828471365463e-05_2.79828471365463e-05_2.79828471365463e-05_2.79828471365463e-05
1016,19831,57-7-4-2-1,3.10920523739404e-06_3.10920523739404e-06_3.10920523739404e-06_3.10920523739404e-06_3.10920523739404e-06
1016,19832,67-2-2-2-1,4.91254427508258e-05_4.91254427508258e-05_4.91254427508258e-05_4.91254427508258e-05_4.91254427508258e-05
1016,19833,178-44-12-1-1,5.84530584630079e-05_5.84530584630079e-05_5.84530584630079e-05_5.84530584630079e-05_5.84530584630079e-05
1016,19834,178-44-12-1-1,2.48736418991523e-05_2.48736418991523e-05_2.48736418991523e-05_2.48736418991523e-05_2.48736418991523e-05
1016,19835,178-44-12-1-1,0.000106956660166355_0.000106956660166355_0.000106956660166355_0.000106956660166355_0.000106956660166355
1016,19836,172-40-4-2-1,8.70577466470331e-06_8.70577466470331e-06_8.70577466470331e-06_8.70577466470331e-06_8.70577466470331e-06
1016,19837,172-40-4-2-1,3.10920523739404e-06_3.10920523739404e-06_3.10920523739404e-06_3.10920523739404e-06_3.10920523739404e-06
1016,19838,8-7-4-2-1,3.10920523739404e-06_3.10920523739404e-06_3.10920523739404e-06_3.10920523739404e-06_3.10920523739404e-06
1016,19839,140-42-12-1-1,0.000100738249691567_0.000100738249691567_0.000100738249691567_0.000100738249691567_0.000100738249691567
1016,19840,75-1-1-1-1,6.21841047478808e-06_6.21841047478808e-06_6.21841047478808e-06_6.21841047478808e-06_6.21841047478808e-06
1016,19841,57-7-4-2-1,1.67897082819278e-05_1.67897082819278e-05_1.67897082819278e-05_1.67897082819278e-05_1.67897082819278e-05
1016,19842,44-13-6-2-1,3.04702113264616e-05_3.04702113264616e-05_3.04702113264616e-05_3.04702113264616e-05_3.04702113264616e-05
1016,19843,174-15-9-2-1,6.21841047478808e-06_6.21841047478808e-06_6.21841047478808e-06_6.21841047478808e-06_6.21841047478808e-06
1016,19844,236-42-12-1-1,8.0839336172245e-06_8.0839336172245e-06_8.0839336172245e-06_8.0839336172245e-06_8.0839336172245e-06
1016,19845,221-35-4-2-1,3.10920523739404e-06_3.10920523739404e-06_3.10920523739404e-06_3.10920523739404e-06_3.10920523739404e-06
1016,19846,122-16-2-2-1,4.97472837983046e-06_4.97472837983046e-06_4.97472837983046e-06_4.97472837983046e-06_4.97472837983046e-06
1016,19847,47-22-8-1-1,2.73610060890675e-05_2.73610060890675e-05_2.73610060890675e-05_2.73610060890675e-05_2.73610060890675e-05
1016,19848,122-16-2-2-1,1.43023440920126e-05_1.43023440920126e-05_1.43023440920126e-05_1.43023440920126e-05_1.43023440920126e-05
1016,19849,153-18-4-2-1,6.21841047478808e-06_6.21841047478808e-06_6.21841047478808e-06_6.21841047478808e-06_6.21841047478808e-06
1016,19850,172-40-4-2-1,3.10920523739404e-06_3.10920523739404e-06_3.10920523739404e-06_3.10920523739404e-06_3.10920523739404e-06
1016,19851,141-42-12-1-1,1.3058661997055e-05_1.3058661997055e-05_1.3058661997055e-05_1.3058661997055e-05_1.3058661997055e-05
1016,19852,227-41-9-2-1,3.73104628487285e-06_3.73104628487285e-06_3.73104628487285e-06_3.73104628487285e-06_3.73104628487285e-06
1016,19853,185-41-9-2-1,3.10920523739404e-06_3.10920523739404e-06_3.10920523739404e-06_3.10920523739404e-06_3.10920523739404e-06
1016,19854,47-22-8-1-1,2.48736418991523e-06_2.48736418991523e-06_2.48736418991523e-06_2.48736418991523e-06_2.48736418991523e-06
1016,19855,49-22-8-1-1,1.18149799020973e-05_1.18149799020973e-05_1.18149799020973e-05_1.18149799020973e-05_1.18149799020973e-05
1016,19856,49-22-8-1-1,3.73104628487285e-06_3.73104628487285e-06_3.73104628487285e-06_3.73104628487285e-06_3.73104628487285e-06
1016,19857,44-13-6-2-1,2.61173239941099e-05_2.61173239941099e-05_2.61173239941099e-05_2.61173239941099e-05_2.61173239941099e-05
1016,19858,205-12-8-1-1,2.9226529231504e-05_2.9226529231504e-05_2.9226529231504e-05_2.9226529231504e-05_2.9226529231504e-05
1016,19859,205-12-8-1-1,9.94945675966092e-06_9.94945675966092e-06_9.94945675966092e-06_9.94945675966092e-06_9.94945675966092e-06
1016,19860,205-12-8-1-1,3.73104628487285e-06_3.73104628487285e-06_3.73104628487285e-06_3.73104628487285e-06_3.73104628487285e-06
1016,19861,23-10-2-2-1,6.778067417519e-05_6.778067417519e-05_6.778067417519e-05_6.778067417519e-05_6.778067417519e-05
1016,19862,34-19-9-2-1,4.35288733235165e-06_4.35288733235165e-06_4.35288733235165e-06_4.35288733235165e-06_4.35288733235165e-06
1016,19863,172-40-4-2-1,3.10920523739404e-06_3.10920523739404e-06_3.10920523739404e-06_3.10920523739404e-06_3.10920523739404e-06
1016,19864,45-5-5-1-1,9.32761571218212e-06_9.32761571218212e-06_9.32761571218212e-06_9.32761571218212e-06_9.32761571218212e-06
1016,19865,45-5-5-1-1,8.0839336172245e-06_8.0839336172245e-06_8.0839336172245e-06_8.0839336172245e-06_8.0839336172245e-06
1016,19866,40-23-8-1-1,8.0839336172245e-06_8.0839336172245e-06_8.0839336172245e-06_8.0839336172245e-06_8.0839336172245e-06
1016,19867,45-5-5-1-1,3.66886218012497e-05_3.66886218012497e-05_3.66886218012497e-05_3.66886218012497e-05_3.66886218012497e-05
1016,19868,45-5-5-1-1,8.70577466470331e-06_8.70577466470331e-06_8.70577466470331e-06_8.70577466470331e-06_8.70577466470331e-06
1016,19869,183-23-8-1-1,1.80333903768854e-05_1.80333903768854e-05_1.80333903768854e-05_1.80333903768854e-05_1.80333903768854e-05
1016,19870,44-13-6-2-1,3.10920523739404e-06_3.10920523739404e-06_3.10920523739404e-06_3.10920523739404e-06_3.10920523739404e-06
1016,19872,142-42-12-1-1,5.59656942730927e-06_5.59656942730927e-06_5.59656942730927e-06_5.59656942730927e-06_5.59656942730927e-06
1016,19873,31-6-6-2-1,5.90748995104867e-05_5.90748995104867e-05_5.90748995104867e-05_5.90748995104867e-05_5.90748995104867e-05
1016,19874,79-32-10-1-1,1.98989135193218e-05_1.98989135193218e-05_1.98989135193218e-05_1.98989135193218e-05_1.98989135193218e-05
1016,19875,212-41-9-2-1,8.70577466470331e-06_8.70577466470331e-06_8.70577466470331e-06_8.70577466470331e-06_8.70577466470331e-06
1016,19876,68-30-1-1-1,8.58140645520755e-05_8.58140645520755e-05_8.58140645520755e-05_8.58140645520755e-05_8.58140645520755e-05
1016,19878,199-19-9-2-1,1.55460261869702e-05_1.55460261869702e-05_1.55460261869702e-05_1.55460261869702e-05_1.55460261869702e-05
1016,19879,116-36-10-1-1,1.6167867234449e-05_1.6167867234449e-05_1.6167867234449e-05_1.6167867234449e-05_1.6167867234449e-05
1016,19880,89-13-6-2-1,0.000102603772834003_0.000102603772834003_0.000102603772834003_0.000102603772834003_0.000102603772834003
1016,19881,55-22-8-1-1,9.32761571218212e-06_9.32761571218212e-06_9.32761571218212e-06_9.32761571218212e-06_9.32761571218212e-06
1016,19882,172-40-4-2-1,3.73104628487285e-06_3.73104628487285e-06_3.73104628487285e-06_3.73104628487285e-06_3.73104628487285e-06
1016,19883,32-18-4-2-1,3.10920523739404e-06_3.10920523739404e-06_3.10920523739404e-06_3.10920523739404e-06_3.10920523739404e-06
1016,19884,8-7-4-2-1,4.35288733235165e-06_4.35288733235165e-06_4.35288733235165e-06_4.35288733235165e-06_4.35288733235165e-06
1016,19885,148-29-2-2-1,6.84025152226688e-06_6.84025152226688e-06_6.84025152226688e-06_6.84025152226688e-06_6.84025152226688e-06
1016,19886,7-4-4-2-1,5.59656942730927e-06_5.59656942730927e-06_5.59656942730927e-06_5.59656942730927e-06_5.59656942730927e-06
1016,19887,35-20-9-2-1,7.95956540772874e-05_7.95956540772874e-05_7.95956540772874e-05_7.95956540772874e-05_7.95956540772874e-05
1016,19888,80-11-4-2-1,3.60667807537708e-05_3.60667807537708e-05_3.60667807537708e-05_3.60667807537708e-05_3.60667807537708e-05
1016,19889,122-16-2-2-1,1.18149799020973e-05_1.18149799020973e-05_1.18149799020973e-05_1.18149799020973e-05_1.18149799020973e-05
1016,19890,196-14-4-2-1,1.11931388546185e-05_1.11931388546185e-05_1.11931388546185e-05_1.11931388546185e-05_1.11931388546185e-05
1016,19891,178-44-12-1-1,3.10920523739404e-06_3.10920523739404e-06_3.10920523739404e-06_3.10920523739404e-06_3.10920523739404e-06
1016,19892,83-33-5-1-1,1.86552314243642e-05_1.86552314243642e-05_1.86552314243642e-05_1.86552314243642e-05_1.86552314243642e-05
1016,19893,178-44-12-1-1,3.10920523739404e-06_3.10920523739404e-06_3.10920523739404e-06_3.10920523739404e-06_3.10920523739404e-06
1016,19894,57-7-4-2-1,3.91759859911649e-05_3.91759859911649e-05_3.91759859911649e-05_3.91759859911649e-05_3.91759859911649e-05
1016,19895,193-40-4-2-1,7.46209256974569e-06_7.46209256974569e-06_7.46209256974569e-06_7.46209256974569e-06_7.46209256974569e-06
1016,19896,193-40-4-2-1,3.10920523739404e-06_3.10920523739404e-06_3.10920523739404e-06_3.10920523739404e-06_3.10920523739404e-06
1016,19897,70-27-8-1-1,3.73104628487285e-06_3.73104628487285e-06_3.73104628487285e-06_3.73104628487285e-06_3.73104628487285e-06
1016,19898,8-7-4-2-1,9.32761571218212e-06_9.32761571218212e-06_9.32761571218212e-06_9.32761571218212e-06_9.32761571218212e-06
1016,19899,63-27-8-1-1,0.000147376328252477_0.000147376328252477_0.000147376328252477_0.000147376328252477_0.000147376328252477
1016,19900,39-22-8-1-1,1.11931388546185e-05_1.11931388546185e-05_1.11931388546185e-05_1.11931388546185e-05_1.11931388546185e-05
1016,19902,186-15-9-2-1,1.24368209495762e-05_1.24368209495762e-05_1.24368209495762e-05_1.24368209495762e-05_1.24368209495762e-05
1016,19903,128-7-4-2-1,1.3058661997055e-05_1.3058661997055e-05_1.3058661997055e-05_1.3058661997055e-05_1.3058661997055e-05
1016,19904,35-20-9-2-1,3.10920523739404e-06_3.10920523739404e-06_3.10920523739404e-06_3.10920523739404e-06_3.10920523739404e-06
1016,19905,160-30-1-1-1,6.21841047478808e-06_6.21841047478808e-06_6.21841047478808e-06_6.21841047478808e-06_6.21841047478808e-06
1016,19906,112-14-4-2-1,2.86046881840252e-05_2.86046881840252e-05_2.86046881840252e-05_2.86046881840252e-05_2.86046881840252e-05
1016,19907,171-18-4-2-1,1.11931388546185e-05_1.11931388546185e-05_1.11931388546185e-05_1.11931388546185e-05_1.11931388546185e-05
1016,19908,153-18-4-2-1,2.23862777092371e-05_2.23862777092371e-05_2.23862777092371e-05_2.23862777092371e-05_2.23862777092371e-05
1016,19909,178-44-12-1-1,4.35288733235165e-06_4.35288733235165e-06_4.35288733235165e-06_4.35288733235165e-06_4.35288733235165e-06
1016,19910,153-18-4-2-1,6.21841047478808e-06_6.21841047478808e-06_6.21841047478808e-06_6.21841047478808e-06_6.21841047478808e-06
1016,19911,178-44-12-1-1,1.98989135193218e-05_1.98989135193218e-05_1.98989135193218e-05_1.98989135193218e-05_1.98989135193218e-05
1016,19912,98-27-8-1-1,1.18149799020973e-05_1.18149799020973e-05_1.18149799020973e-05_1.18149799020973e-05_1.18149799020973e-05
1016,19913,45-5-5-1-1,4.35288733235165e-06_4.35288733235165e-06_4.35288733235165e-06_4.35288733235165e-06_4.35288733235165e-06
1016,19914,114-40-4-2-1,8.0839336172245e-06_8.0839336172245e-06_8.0839336172245e-06_8.0839336172245e-06_8.0839336172245e-06
1016,19915,130-12-8-1-1,1.24368209495762e-05_1.24368209495762e-05_1.24368209495762e-05_1.24368209495762e-05_1.24368209495762e-05
1016,19916,138-23-8-1-1,9.94945675966092e-06_9.94945675966092e-06_9.94945675966092e-06_9.94945675966092e-06_9.94945675966092e-06
1016,19917,114-40-4-2-1,1.18149799020973e-05_1.18149799020973e-05_1.18149799020973e-05_1.18149799020973e-05_1.18149799020973e-05
1016,19918,205-12-8-1-1,4.97472837983046e-06_4.97472837983046e-06_4.97472837983046e-06_4.97472837983046e-06_4.97472837983046e-06
1016,19919,216-19-9-2-1,8.0839336172245e-06_8.0839336172245e-06_8.0839336172245e-06_8.0839336172245e-06_8.0839336172245e-06
1016,19920,101-9-7-1-1,0.000146754487204999_0.000146754487204999_0.000146754487204999_0.000146754487204999_0.000146754487204999
1016,19921,58-13-6-2-1,2.54954829466311e-05_2.54954829466311e-05_2.54954829466311e-05_2.54954829466311e-05_2.54954829466311e-05
1016,19922,147-11-4-2-1,2.17644366617583e-05_2.17644366617583e-05_2.17644366617583e-05_2.17644366617583e-05_2.17644366617583e-05
1016,19924,71-29-2-2-1,4.35288733235165e-05_4.35288733235165e-05_4.35288733235165e-05_4.35288733235165e-05_4.35288733235165e-05
1016,19925,32-18-4-2-1,5.59656942730927e-06_5.59656942730927e-06_5.59656942730927e-06_5.59656942730927e-06_5.59656942730927e-06
1016,19926,222-35-4-2-1,1.49241851394914e-05_1.49241851394914e-05_1.49241851394914e-05_1.49241851394914e-05_1.49241851394914e-05
1016,19927,26-15-9-2-1,6.84025152226688e-06_6.84025152226688e-06_6.84025152226688e-06_6.84025152226688e-06_6.84025152226688e-06
1016,19928,142-42-12-1-1,1.05712978071397e-05_1.05712978071397e-05_1.05712978071397e-05_1.05712978071397e-05_1.05712978071397e-05
1016,19929,122-16-2-2-1,3.17138934214192e-05_3.17138934214192e-05_3.17138934214192e-05_3.17138934214192e-05_3.17138934214192e-05
1016,19930,40-23-8-1-1,3.10920523739404e-06_3.10920523739404e-06_3.10920523739404e-06_3.10920523739404e-06_3.10920523739404e-06
1016,19931,112-14-4-2-1,3.10920523739404e-06_3.10920523739404e-06_3.10920523739404e-06_3.10920523739404e-06_3.10920523739404e-06
1016,19932,191-37-4-2-1,4.97472837983046e-06_4.97472837983046e-06_4.97472837983046e-06_4.97472837983046e-06_4.97472837983046e-06
1016,19933,65-1-1-1-1,4.35288733235165e-06_4.35288733235165e-06_4.35288733235165e-06_4.35288733235165e-06_4.35288733235165e-06
1016,19934,47-22-8-1-1,4.97472837983046e-06_4.97472837983046e-06_4.97472837983046e-06_4.97472837983046e-06_4.97472837983046e-06
1016,19935,47-22-8-1-1,4.35288733235165e-06_4.35288733235165e-06_4.35288733235165e-06_4.35288733235165e-06_4.35288733235165e-06
1016,19936,205-12-8-1-1,4.60162375134318e-05_4.60162375134318e-05_4.60162375134318e-05_4.60162375134318e-05_4.60162375134318e-05
1016,19937,51-22-8-1-1,3.5444939706292e-05_3.5444939706292e-05_3.5444939706292e-05_3.5444939706292e-05_3.5444939706292e-05
1016,19938,1-1-1-1-1,1.9277072471843e-05_1.9277072471843e-05_1.9277072471843e-05_1.9277072471843e-05_1.9277072471843e-05
1016,19939,220-22-8-1-1,3.73104628487285e-06_3.73104628487285e-06_3.73104628487285e-06_3.73104628487285e-06_3.73104628487285e-06
1016,19941,236-42-12-1-1,1.36805030445338e-05_1.36805030445338e-05_1.36805030445338e-05_1.36805030445338e-05_1.36805030445338e-05
1016,19942,151-19-9-2-1,3.60667807537708e-05_3.60667807537708e-05_3.60667807537708e-05_3.60667807537708e-05_3.60667807537708e-05
1016,19943,199-19-9-2-1,7.33772436024993e-05_7.33772436024993e-05_7.33772436024993e-05_7.33772436024993e-05_7.33772436024993e-05
1016,19944,153-18-4-2-1,5.59656942730927e-06_5.59656942730927e-06_5.59656942730927e-06_5.59656942730927e-06_5.59656942730927e-06
1016,19945,172-40-4-2-1,6.21841047478808e-06_6.21841047478808e-06_6.21841047478808e-06_6.21841047478808e-06_6.21841047478808e-06
1016,19946,216-19-9-2-1,8.0839336172245e-06_8.0839336172245e-06_8.0839336172245e-06_8.0839336172245e-06_8.0839336172245e-06
1016,19947,151-19-9-2-1,1.18149799020973e-05_1.18149799020973e-05_1.18149799020973e-05_1.18149799020973e-05_1.18149799020973e-05
1016,19948,151-19-9-2-1,2.73610060890675e-05_2.73610060890675e-05_2.73610060890675e-05_2.73610060890675e-05_2.73610060890675e-05
1016,19949,199-19-9-2-1,3.5444939706292e-05_3.5444939706292e-05_3.5444939706292e-05_3.5444939706292e-05_3.5444939706292e-05
1016,19950,40-23-8-1-1,5.59656942730927e-06_5.59656942730927e-06_5.59656942730927e-06_5.59656942730927e-06_5.59656942730927e-06
1016,19951,199-19-9-2-1,1.11931388546185e-05_1.11931388546185e-05_1.11931388546185e-05_1.11931388546185e-05_1.11931388546185e-05
1016,19952,151-19-9-2-1,1.86552314243642e-05_1.86552314243642e-05_1.86552314243642e-05_1.86552314243642e-05_1.86552314243642e-05
1016,19953,199-19-9-2-1,2.48736418991523e-06_2.48736418991523e-06_2.48736418991523e-06_2.48736418991523e-06_2.48736418991523e-06
1016,19954,24-14-4-2-1,0.000199610976240697_0.000199610976240697_0.000199610976240697_0.000199610976240697_0.000199610976240697
1016,19955,112-14-4-2-1,9.20324750268635e-05_9.20324750268635e-05_9.20324750268635e-05_9.20324750268635e-05_9.20324750268635e-05
1016,19956,216-19-9-2-1,9.94945675966092e-06_9.94945675966092e-06_9.94945675966092e-06_9.94945675966092e-06_9.94945675966092e-06
1016,19957,186-15-9-2-1,9.94945675966092e-06_9.94945675966092e-06_9.94945675966092e-06_9.94945675966092e-06_9.94945675966092e-06
1016,19958,55-22-8-1-1,1.24368209495762e-05_1.24368209495762e-05_1.24368209495762e-05_1.24368209495762e-05_1.24368209495762e-05
1016,19959,213-15-9-2-1,8.0839336172245e-06_8.0839336172245e-06_8.0839336172245e-06_8.0839336172245e-06_8.0839336172245e-06
1016,19960,199-19-9-2-1,9.32761571218212e-06_9.32761571218212e-06_9.32761571218212e-06_9.32761571218212e-06_9.32761571218212e-06
1016,19961,174-15-9-2-1,3.10920523739404e-06_3.10920523739404e-06_3.10920523739404e-06_3.10920523739404e-06_3.10920523739404e-06
1016,19962,203-11-4-2-1,3.73104628487285e-06_3.73104628487285e-06_3.73104628487285e-06_3.73104628487285e-06_3.73104628487285e-06
1016,19963,170-43-4-2-1,3.5444939706292e-05_3.5444939706292e-05_3.5444939706292e-05_3.5444939706292e-05_3.5444939706292e-05
1016,19964,45-5-5-1-1,4.35288733235165e-06_4.35288733235165e-06_4.35288733235165e-06_4.35288733235165e-06_4.35288733235165e-06
1016,19965,138-23-8-1-1,1.11931388546185e-05_1.11931388546185e-05_1.11931388546185e-05_1.11931388546185e-05_1.11931388546185e-05
1016,19966,193-40-4-2-1,3.73104628487285e-06_3.73104628487285e-06_3.73104628487285e-06_3.73104628487285e-06_3.73104628487285e-06
1016,19967,193-40-4-2-1,3.10920523739404e-06_3.10920523739404e-06_3.10920523739404e-06_3.10920523739404e-06_3.10920523739404e-06
1016,19968,44-13-6-2-1,1.43023440920126e-05_1.43023440920126e-05_1.43023440920126e-05_1.43023440920126e-05_1.43023440920126e-05
1016,19969,171-18-4-2-1,4.97472837983046e-06_4.97472837983046e-06_4.97472837983046e-06_4.97472837983046e-06_4.97472837983046e-06
1016,19970,138-23-8-1-1,8.70577466470331e-06_8.70577466470331e-06_8.70577466470331e-06_8.70577466470331e-06_8.70577466470331e-06
1016,19971,86-10-2-2-1,3.2335734468898e-05_3.2335734468898e-05_3.2335734468898e-05_3.2335734468898e-05_3.2335734468898e-05
1016,19972,122-16-2-2-1,9.32761571218212e-06_9.32761571218212e-06_9.32761571218212e-06_9.32761571218212e-06_9.32761571218212e-06
1016,19973,218-7-4-2-1,5.59656942730927e-06_5.59656942730927e-06_5.59656942730927e-06_5.59656942730927e-06_5.59656942730927e-06
1016,19974,149-16-2-2-1,0.000199610976240697_0.000199610976240697_0.000199610976240697_0.000199610976240697_0.000199610976240697
1016,19975,149-16-2-2-1,0.000159813149202054_0.000159813149202054_0.000159813149202054_0.000159813149202054_0.000159813149202054
1016,19976,26-15-9-2-1,2.48736418991523e-06_2.48736418991523e-06_2.48736418991523e-06_2.48736418991523e-06_2.48736418991523e-06
1016,19977,83-33-5-1-1,1.67897082819278e-05_1.67897082819278e-05_1.67897082819278e-05_1.67897082819278e-05_1.67897082819278e-05
1016,19978,44-13-6-2-1,2.61173239941099e-05_2.61173239941099e-05_2.61173239941099e-05_2.61173239941099e-05_2.61173239941099e-05
1016,19979,172-40-4-2-1,2.48736418991523e-06_2.48736418991523e-06_2.48736418991523e-06_2.48736418991523e-06_2.48736418991523e-06
1016,19980,47-22-8-1-1,3.10920523739404e-06_3.10920523739404e-06_3.10920523739404e-06_3.10920523739404e-06_3.10920523739404e-06
1016,19981,83-33-5-1-1,1.05712978071397e-05_1.05712978071397e-05_1.05712978071397e-05_1.05712978071397e-05_1.05712978071397e-05
1016,19982,221-35-4-2-1,9.94945675966092e-06_9.94945675966092e-06_9.94945675966092e-06_9.94945675966092e-06_9.94945675966092e-06
1016,19983,227-41-9-2-1,5.59656942730927e-06_5.59656942730927e-06_5.59656942730927e-06_5.59656942730927e-06_5.59656942730927e-06
1016,19984,109-28-5-1-1,2.73610060890675e-05_2.73610060890675e-05_2.73610060890675e-05_2.73610060890675e-05_2.73610060890675e-05
1016,19985,133-12-8-1-1,3.10920523739404e-06_3.10920523739404e-06_3.10920523739404e-06_3.10920523739404e-06_3.10920523739404e-06
1016,19986,8-7-4-2-1,3.10920523739404e-06_3.10920523739404e-06_3.10920523739404e-06_3.10920523739404e-06_3.10920523739404e-06
1016,19987,112-14-4-2-1,4.97472837983046e-06_4.97472837983046e-06_4.97472837983046e-06_4.97472837983046e-06_4.97472837983046e-06
1016,19988,142-42-12-1-1,8.0839336172245e-06_8.0839336172245e-06_8.0839336172245e-06_8.0839336172245e-06_8.0839336172245e-06
1016,19989,44-13-6-2-1,1.55460261869702e-05_1.55460261869702e-05_1.55460261869702e-05_1.55460261869702e-05_1.55460261869702e-05
1016,19990,152-32-10-1-1,3.10920523739404e-06_3.10920523739404e-06_3.10920523739404e-06_3.10920523739404e-06_3.10920523739404e-06
1016,19991,177-7-4-2-1,5.59656942730927e-06_5.59656942730927e-06_5.59656942730927e-06_5.59656942730927e-06_5.59656942730927e-06
1016,19992,91-33-5-1-1,9.94945675966092e-06_9.94945675966092e-06_9.94945675966092e-06_9.94945675966092e-06_9.94945675966092e-06
1016,19993,135-41-9-2-1,8.58140645520755e-05_8.58140645520755e-05_8.58140645520755e-05_8.58140645520755e-05_8.58140645520755e-05
1016,19994,57-7-4-2-1,1.3058661997055e-05_1.3058661997055e-05_1.3058661997055e-05_1.3058661997055e-05_1.3058661997055e-05
1016,19995,147-11-4-2-1,1.55460261869702e-05_1.55460261869702e-05_1.55460261869702e-05_1.55460261869702e-05_1.55460261869702e-05
1016,19996,152-32-10-1-1,5.59656942730927e-06_5.59656942730927e-06_5.59656942730927e-06_5.59656942730927e-06_5.59656942730927e-06
1016,19997,185-41-9-2-1,2.48736418991523e-06_2.48736418991523e-06_2.48736418991523e-06_2.48736418991523e-06_2.48736418991523e-06
1016,19998,172-40-4-2-1,3.73104628487285e-06_3.73104628487285e-06_3.73104628487285e-06_3.73104628487285e-06_3.73104628487285e-06
1016,20000,45-5-5-1-1,4.35288733235165e-06_4.35288733235165e-06_4.35288733235165e-06_4.35288733235165e-06_4.35288733235165e-06
1016,20001,167-18-4-2-1,1.11931388546185e-05_1.11931388546185e-05_1.11931388546185e-05_1.11931388546185e-05_1.11931388546185e-05
1016,20002,160-30-1-1-1,1.05712978071397e-05_1.05712978071397e-05_1.05712978071397e-05_1.05712978071397e-05_1.05712978071397e-05
1016,20003,40-23-8-1-1,7.33772436024993e-05_7.33772436024993e-05_7.33772436024993e-05_7.33772436024993e-05_7.33772436024993e-05
1016,20004,172-40-4-2-1,3.73104628487285e-06_3.73104628487285e-06_3.73104628487285e-06_3.73104628487285e-06_3.73104628487285e-06
1016,20005,55-22-8-1-1,3.73104628487285e-06_3.73104628487285e-06_3.73104628487285e-06_3.73104628487285e-06_3.73104628487285e-06
1016,20006,35-20-9-2-1,6.84025152226688e-06_6.84025152226688e-06_6.84025152226688e-06_6.84025152226688e-06_6.84025152226688e-06
1016,20007,40-23-8-1-1,1.86552314243642e-05_1.86552314243642e-05_1.86552314243642e-05_1.86552314243642e-05_1.86552314243642e-05
1016,20008,179-26-4-2-1,3.73104628487285e-06_3.73104628487285e-06_3.73104628487285e-06_3.73104628487285e-06_3.73104628487285e-06
1016,20009,70-27-8-1-1,8.0839336172245e-06_8.0839336172245e-06_8.0839336172245e-06_8.0839336172245e-06_8.0839336172245e-06
1016,20010,180-40-4-2-1,4.35288733235165e-06_4.35288733235165e-06_4.35288733235165e-06_4.35288733235165e-06_4.35288733235165e-06
1016,20012,22-13-6-2-1,3.85541449436861e-05_3.85541449436861e-05_3.85541449436861e-05_3.85541449436861e-05_3.85541449436861e-05
1016,20013,118-36-10-1-1,5.59656942730927e-06_5.59656942730927e-06_5.59656942730927e-06_5.59656942730927e-06_5.59656942730927e-06
1016,20014,185-41-9-2-1,2.48736418991523e-06_2.48736418991523e-06_2.48736418991523e-06_2.48736418991523e-06_2.48736418991523e-06
1016,20015,149-16-2-2-1,0.000136183189397859_0.000136183189397859_0.000136183189397859_0.000136183189397859_0.000136183189397859
1016,20016,149-16-2-2-1,4.29070322760377e-05_4.29070322760377e-05_4.29070322760377e-05_4.29070322760377e-05_4.29070322760377e-05
1016,20017,122-16-2-2-1,2.05207545668007e-05_2.05207545668007e-05_2.05207545668007e-05_2.05207545668007e-05_2.05207545668007e-05
1016,20018,8-7-4-2-1,3.10920523739404e-06_3.10920523739404e-06_3.10920523739404e-06_3.10920523739404e-06_3.10920523739404e-06
1016,20019,163-43-4-2-1,2.48736418991523e-06_2.48736418991523e-06_2.48736418991523e-06_2.48736418991523e-06_2.48736418991523e-06
1016,20020,186-15-9-2-1,3.73104628487285e-06_3.73104628487285e-06_3.73104628487285e-06_3.73104628487285e-06_3.73104628487285e-06
1016,20021,112-14-4-2-1,4.35288733235165e-06_4.35288733235165e-06_4.35288733235165e-06_4.35288733235165e-06_4.35288733235165e-06
1016,20022,143-1-1-1-1,0.000299105543837306_0.000299105543837306_0.000299105543837306_0.000299105543837306_0.000299105543837306
1016,20023,57-7-4-2-1,3.2335734468898e-05_3.2335734468898e-05_3.2335734468898e-05_3.2335734468898e-05_3.2335734468898e-05
1016,20024,77-28-5-1-1,1.11931388546185e-05_1.11931388546185e-05_1.11931388546185e-05_1.11931388546185e-05_1.11931388546185e-05
1016,20025,16-10-2-2-1,1.9277072471843e-05_1.9277072471843e-05_1.9277072471843e-05_1.9277072471843e-05_1.9277072471843e-05
1016,20026,166-18-4-2-1,4.97472837983046e-06_4.97472837983046e-06_4.97472837983046e-06_4.97472837983046e-06_4.97472837983046e-06
1016,20027,172-40-4-2-1,1.05712978071397e-05_1.05712978071397e-05_1.05712978071397e-05_1.05712978071397e-05_1.05712978071397e-05
1016,20028,87-34-11-1-1,0.000470733672941457_0.000470733672941457_0.000470733672941457_0.000470733672941457_0.000470733672941457
1016,20029,204-35-4-2-1,5.1612806940741e-05_5.1612806940741e-05_5.1612806940741e-05_5.1612806940741e-05_5.1612806940741e-05
1016,20030,204-35-4-2-1,4.5394396465953e-05_4.5394396465953e-05_4.5394396465953e-05_4.5394396465953e-05_4.5394396465953e-05
1016,20031,26-15-9-2-1,1.98989135193218e-05_1.98989135193218e-05_1.98989135193218e-05_1.98989135193218e-05_1.98989135193218e-05
1016,20032,67-2-2-2-1,0.000700814860508616_0.000700814860508616_0.000700814860508616_0.000700814860508616_0.000700814860508616
1016,20033,66-29-2-2-1,1.11931388546185e-05_1.11931388546185e-05_1.11931388546185e-05_1.11931388546185e-05_1.11931388546185e-05
1016,20034,66-29-2-2-1,0.000141157917777689_0.000141157917777689_0.000141157917777689_0.000141157917777689_0.000141157917777689
1016,20035,235-34-11-1-1,6.21841047478808e-06_6.21841047478808e-06_6.21841047478808e-06_6.21841047478808e-06_6.21841047478808e-06
1016,20036,166-18-4-2-1,2.98483702789828e-05_2.98483702789828e-05_2.98483702789828e-05_2.98483702789828e-05_2.98483702789828e-05
1016,20037,134-29-2-2-1,1.11931388546185e-05_1.11931388546185e-05_1.11931388546185e-05_1.11931388546185e-05_1.11931388546185e-05
1016,20038,212-41-9-2-1,1.80333903768854e-05_1.80333903768854e-05_1.80333903768854e-05_1.80333903768854e-05_1.80333903768854e-05
1016,20039,227-41-9-2-1,4.97472837983046e-06_4.97472837983046e-06_4.97472837983046e-06_4.97472837983046e-06_4.97472837983046e-06
1016,20040,152-32-10-1-1,4.35288733235165e-06_4.35288733235165e-06_4.35288733235165e-06_4.35288733235165e-06_4.35288733235165e-06
1016,20041,169-32-10-1-1,0.000430314004855335_0.000430314004855335_0.000430314004855335_0.000430314004855335_0.000430314004855335
1016,20042,185-41-9-2-1,4.35288733235165e-06_4.35288733235165e-06_4.35288733235165e-06_4.35288733235165e-06_4.35288733235165e-06
1016,20043,55-22-8-1-1,8.0839336172245e-06_8.0839336172245e-06_8.0839336172245e-06_8.0839336172245e-06_8.0839336172245e-06
1016,20044,79-32-10-1-1,3.10920523739404e-06_3.10920523739404e-06_3.10920523739404e-06_3.10920523739404e-06_3.10920523739404e-06
1016,20045,131-13-6-2-1,0.000154216579774744_0.000154216579774744_0.000154216579774744_0.000154216579774744_0.000154216579774744
1016,20046,172-40-4-2-1,3.10920523739404e-06_3.10920523739404e-06_3.10920523739404e-06_3.10920523739404e-06_3.10920523739404e-06
1016,20047,149-16-2-2-1,3.10920523739404e-06_3.10920523739404e-06_3.10920523739404e-06_3.10920523739404e-06_3.10920523739404e-06
1016,20048,186-15-9-2-1,4.97472837983046e-06_4.97472837983046e-06_4.97472837983046e-06_4.97472837983046e-06_4.97472837983046e-06
1016,20049,8-7-4-2-1,6.84025152226688e-06_6.84025152226688e-06_6.84025152226688e-06_6.84025152226688e-06_6.84025152226688e-06
1016,20050,153-18-4-2-1,2.05207545668007e-05_2.05207545668007e-05_2.05207545668007e-05_2.05207545668007e-05_2.05207545668007e-05
1016,20051,151-19-9-2-1,4.60162375134318e-05_4.60162375134318e-05_4.60162375134318e-05_4.60162375134318e-05_4.60162375134318e-05
1016,20052,67-2-2-2-1,0.000486279699128428_0.000486279699128428_0.000486279699128428_0.000486279699128428_0.000486279699128428
1016,20053,129-21-4-2-1,2.30081187567159e-05_2.30081187567159e-05_2.30081187567159e-05_2.30081187567159e-05_2.30081187567159e-05
1016,20054,236-42-12-1-1,3.73104628487285e-06_3.73104628487285e-06_3.73104628487285e-06_3.73104628487285e-06_3.73104628487285e-06
1016,20055,8-7-4-2-1,4.97472837983046e-06_4.97472837983046e-06_4.97472837983046e-06_4.97472837983046e-06_4.97472837983046e-06
1016,20056,65-1-1-1-1,4.78817606558682e-05_4.78817606558682e-05_4.78817606558682e-05_4.78817606558682e-05_4.78817606558682e-05
1016,20057,154-25-8-1-1,8.45703824571178e-05_8.45703824571178e-05_8.45703824571178e-05_8.45703824571178e-05_8.45703824571178e-05
1016,20058,154-25-8-1-1,3.73104628487285e-05_3.73104628487285e-05_3.73104628487285e-05_3.73104628487285e-05_3.73104628487285e-05
1016,20059,67-2-2-2-1,4.97472837983046e-06_4.97472837983046e-06_4.97472837983046e-06_4.97472837983046e-06_4.97472837983046e-06
1016,20060,185-41-9-2-1,3.10920523739404e-06_3.10920523739404e-06_3.10920523739404e-06_3.10920523739404e-06_3.10920523739404e-06
1016,20061,110-3-3-1-1,0.000136183189397859_0.000136183189397859_0.000136183189397859_0.000136183189397859_0.000136183189397859
1016,20062,213-15-9-2-1,6.21841047478808e-06_6.21841047478808e-06_6.21841047478808e-06_6.21841047478808e-06_6.21841047478808e-06
1016,20063,159-4-4-2-1,3.73104628487285e-06_3.73104628487285e-06_3.73104628487285e-06_3.73104628487285e-06_3.73104628487285e-06
1016,20064,204-35-4-2-1,1.74115493294066e-05_1.74115493294066e-05_1.74115493294066e-05_1.74115493294066e-05_1.74115493294066e-05
1016,20065,227-41-9-2-1,2.48736418991523e-06_2.48736418991523e-06_2.48736418991523e-06_2.48736418991523e-06_2.48736418991523e-06
1016,20066,185-41-9-2-1,1.86552314243642e-06_1.86552314243642e-06_1.86552314243642e-06_1.86552314243642e-06_1.86552314243642e-06
1016,20067,185-41-9-2-1,4.97472837983046e-06_4.97472837983046e-06_4.97472837983046e-06_4.97472837983046e-06_4.97472837983046e-06
1016,20068,161-36-10-1-1,2.48736418991523e-06_2.48736418991523e-06_2.48736418991523e-06_2.48736418991523e-06_2.48736418991523e-06
1016,20069,122-16-2-2-1,7.15117204600629e-05_7.15117204600629e-05_7.15117204600629e-05_7.15117204600629e-05_7.15117204600629e-05
1016,20070,67-2-2-2-1,1.05712978071397e-05_1.05712978071397e-05_1.05712978071397e-05_1.05712978071397e-05_1.05712978071397e-05
1016,20071,161-36-10-1-1,3.10920523739404e-06_3.10920523739404e-06_3.10920523739404e-06_3.10920523739404e-06_3.10920523739404e-06
1016,20072,191-37-4-2-1,4.97472837983046e-06_4.97472837983046e-06_4.97472837983046e-06_4.97472837983046e-06_4.97472837983046e-06
1016,20073,152-32-10-1-1,8.70577466470331e-06_8.70577466470331e-06_8.70577466470331e-06_8.70577466470331e-06_8.70577466470331e-06
1016,20074,221-35-4-2-1,4.35288733235165e-06_4.35288733235165e-06_4.35288733235165e-06_4.35288733235165e-06_4.35288733235165e-06
1016,20075,152-32-10-1-1,6.84025152226688e-06_6.84025152226688e-06_6.84025152226688e-06_6.84025152226688e-06_6.84025152226688e-06
1016,20076,4-4-4-2-1,4.97472837983046e-06_4.97472837983046e-06_4.97472837983046e-06_4.97472837983046e-06_4.97472837983046e-06
1016,20077,118-36-10-1-1,3.10920523739404e-06_3.10920523739404e-06_3.10920523739404e-06_3.10920523739404e-06_3.10920523739404e-06
1016,20078,57-7-4-2-1,5.59656942730927e-06_5.59656942730927e-06_5.59656942730927e-06_5.59656942730927e-06_5.59656942730927e-06
1016,20079,200-15-9-2-1,5.59656942730927e-06_5.59656942730927e-06_5.59656942730927e-06_5.59656942730927e-06_5.59656942730927e-06
1016,20080,183-23-8-1-1,4.35288733235165e-06_4.35288733235165e-06_4.35288733235165e-06_4.35288733235165e-06_4.35288733235165e-06
1016,20082,223-40-4-2-1,1.36805030445338e-05_1.36805030445338e-05_1.36805030445338e-05_1.36805030445338e-05_1.36805030445338e-05
1016,20083,70-27-8-1-1,6.28059457953596e-05_6.28059457953596e-05_6.28059457953596e-05_6.28059457953596e-05_6.28059457953596e-05
1016,20084,70-27-8-1-1,1.98989135193218e-05_1.98989135193218e-05_1.98989135193218e-05_1.98989135193218e-05_1.98989135193218e-05
1016,20085,167-18-4-2-1,4.35288733235165e-06_4.35288733235165e-06_4.35288733235165e-06_4.35288733235165e-06_4.35288733235165e-06
1016,20086,204-35-4-2-1,3.73104628487285e-06_3.73104628487285e-06_3.73104628487285e-06_3.73104628487285e-06_3.73104628487285e-06
1016,20087,185-41-9-2-1,3.73104628487285e-06_3.73104628487285e-06_3.73104628487285e-06_3.73104628487285e-06_3.73104628487285e-06
1016,20088,153-18-4-2-1,6.21841047478808e-06_6.21841047478808e-06_6.21841047478808e-06_6.21841047478808e-06_6.21841047478808e-06
1016,20089,153-18-4-2-1,8.70577466470331e-06_8.70577466470331e-06_8.70577466470331e-06_8.70577466470331e-06_8.70577466470331e-06
1016,20090,153-18-4-2-1,4.35288733235165e-06_4.35288733235165e-06_4.35288733235165e-06_4.35288733235165e-06_4.35288733235165e-06
1016,20091,167-18-4-2-1,7.64864488398933e-05_7.64864488398933e-05_7.64864488398933e-05_7.64864488398933e-05_7.64864488398933e-05
1016,20092,148-29-2-2-1,4.16633501810801e-05_4.16633501810801e-05_4.16633501810801e-05_4.16633501810801e-05_4.16633501810801e-05
1016,20093,148-29-2-2-1,6.21841047478808e-06_6.21841047478808e-06_6.21841047478808e-06_6.21841047478808e-06_6.21841047478808e-06
1016,20095,149-16-2-2-1,1.74115493294066e-05_1.74115493294066e-05_1.74115493294066e-05_1.74115493294066e-05_1.74115493294066e-05
1016,20096,159-4-4-2-1,1.98989135193218e-05_1.98989135193218e-05_1.98989135193218e-05_1.98989135193218e-05_1.98989135193218e-05
1016,20097,191-37-4-2-1,5.1612806940741e-05_5.1612806940741e-05_5.1612806940741e-05_5.1612806940741e-05_5.1612806940741e-05
1016,20099,185-41-9-2-1,3.10920523739404e-06_3.10920523739404e-06_3.10920523739404e-06_3.10920523739404e-06_3.10920523739404e-06
1016,20100,178-44-12-1-1,4.78817606558682e-05_4.78817606558682e-05_4.78817606558682e-05_4.78817606558682e-05_4.78817606558682e-05
1016,20101,69-29-2-2-1,2.9226529231504e-05_2.9226529231504e-05_2.9226529231504e-05_2.9226529231504e-05_2.9226529231504e-05
1016,20102,57-7-4-2-1,6.21841047478808e-06_6.21841047478808e-06_6.21841047478808e-06_6.21841047478808e-06_6.21841047478808e-06
1016,20103,45-5-5-1-1,0.000376835674772157_0.000376835674772157_0.000376835674772157_0.000376835674772157_0.000376835674772157
1016,20104,1-1-1-1-1,3.10920523739404e-06_3.10920523739404e-06_3.10920523739404e-06_3.10920523739404e-06_3.10920523739404e-06
1016,20105,45-5-5-1-1,2.79828471365463e-05_2.79828471365463e-05_2.79828471365463e-05_2.79828471365463e-05_2.79828471365463e-05
1016,20106,230-14-4-2-1,1.3058661997055e-05_1.3058661997055e-05_1.3058661997055e-05_1.3058661997055e-05_1.3058661997055e-05
1016,20107,39-22-8-1-1,0.000384297767341903_0.000384297767341903_0.000384297767341903_0.000384297767341903_0.000384297767341903
1016,20108,39-22-8-1-1,1.98989135193218e-05_1.98989135193218e-05_1.98989135193218e-05_1.98989135193218e-05_1.98989135193218e-05
1016,20109,229-5-5-1-1,2.17644366617583e-05_2.17644366617583e-05_2.17644366617583e-05_2.17644366617583e-05_2.17644366617583e-05
1016,20110,176-20-9-2-1,5.65875353205715e-05_5.65875353205715e-05_5.65875353205715e-05_5.65875353205715e-05_5.65875353205715e-05
1016,20111,137-26-4-2-1,1.11931388546185e-05_1.11931388546185e-05_1.11931388546185e-05_1.11931388546185e-05_1.11931388546185e-05
1016,20112,10-3-3-1-1,3.91759859911649e-05_3.91759859911649e-05_3.91759859911649e-05_3.91759859911649e-05_3.91759859911649e-05
1016,20113,56-9-7-1-1,0.00121694292991603_0.00121694292991603_0.00121694292991603_0.00121694292991603_0.00121694292991603
1016,20114,44-13-6-2-1,4.35288733235165e-06_4.35288733235165e-06_4.35288733235165e-06_4.35288733235165e-06_4.35288733235165e-06
1016,20115,116-36-10-1-1,0.000197745453098261_0.000197745453098261_0.000197745453098261_0.000197745453098261_0.000197745453098261
1016,20116,21-8-3-1-1,0.000733772436024993_0.000733772436024993_0.000733772436024993_0.000733772436024993_0.000733772436024993
1016,20117,202-37-4-2-1,4.78817606558682e-05_4.78817606558682e-05_4.78817606558682e-05_4.78817606558682e-05_4.78817606558682e-05
1016,20118,165-37-4-2-1,6.40496278903172e-05_6.40496278903172e-05_6.40496278903172e-05_6.40496278903172e-05_6.40496278903172e-05
1016,20119,110-3-3-1-1,4.41507143709953e-05_4.41507143709953e-05_4.41507143709953e-05_4.41507143709953e-05_4.41507143709953e-05
1016,20120,18-12-8-1-1,1.11931388546185e-05_1.11931388546185e-05_1.11931388546185e-05_1.11931388546185e-05_1.11931388546185e-05
1016,20121,47-22-8-1-1,3.48230986588132e-05_3.48230986588132e-05_3.48230986588132e-05_3.48230986588132e-05_3.48230986588132e-05
1016,20122,203-11-4-2-1,1.05712978071397e-05_1.05712978071397e-05_1.05712978071397e-05_1.05712978071397e-05_1.05712978071397e-05
1016,20123,149-16-2-2-1,2.48736418991523e-06_2.48736418991523e-06_2.48736418991523e-06_2.48736418991523e-06_2.48736418991523e-06
1016,20124,1-1-1-1-1,2.79828471365463e-05_2.79828471365463e-05_2.79828471365463e-05_2.79828471365463e-05_2.79828471365463e-05
1016,20125,185-41-9-2-1,4.35288733235165e-06_4.35288733235165e-06_4.35288733235165e-06_4.35288733235165e-06_4.35288733235165e-06
1016,20126,185-41-9-2-1,8.0839336172245e-06_8.0839336172245e-06_8.0839336172245e-06_8.0839336172245e-06_8.0839336172245e-06
1016,20127,4-4-4-2-1,8.0839336172245e-06_8.0839336172245e-06_8.0839336172245e-06_8.0839336172245e-06_8.0839336172245e-06
1016,20128,229-5-5-1-1,1.80333903768854e-05_1.80333903768854e-05_1.80333903768854e-05_1.80333903768854e-05_1.80333903768854e-05
1016,20129,152-32-10-1-1,3.10920523739404e-06_3.10920523739404e-06_3.10920523739404e-06_3.10920523739404e-06_3.10920523739404e-06
1016,20130,213-15-9-2-1,2.30081187567159e-05_2.30081187567159e-05_2.30081187567159e-05_2.30081187567159e-05_2.30081187567159e-05
1016,20132,17-11-4-2-1,3.10920523739404e-06_3.10920523739404e-06_3.10920523739404e-06_3.10920523739404e-06_3.10920523739404e-06
1016,20133,87-34-11-1-1,0.000432179527997771_0.000432179527997771_0.000432179527997771_0.000432179527997771_0.000432179527997771
1016,20134,121-39-11-1-1,4.35288733235165e-06_4.35288733235165e-06_4.35288733235165e-06_4.35288733235165e-06_4.35288733235165e-06
1016,20136,226-32-10-1-1,1.6167867234449e-05_1.6167867234449e-05_1.6167867234449e-05_1.6167867234449e-05_1.6167867234449e-05
1016,20137,152-32-10-1-1,3.10920523739404e-06_3.10920523739404e-06_3.10920523739404e-06_3.10920523739404e-06_3.10920523739404e-06
1016,20138,152-32-10-1-1,3.73104628487285e-06_3.73104628487285e-06_3.73104628487285e-06_3.73104628487285e-06_3.73104628487285e-06
1016,20140,152-32-10-1-1,3.10920523739404e-06_3.10920523739404e-06_3.10920523739404e-06_3.10920523739404e-06_3.10920523739404e-06
1016,20141,47-22-8-1-1,3.73104628487285e-06_3.73104628487285e-06_3.73104628487285e-06_3.73104628487285e-06_3.73104628487285e-06
1016,20142,185-41-9-2-1,3.73104628487285e-06_3.73104628487285e-06_3.73104628487285e-06_3.73104628487285e-06_3.73104628487285e-06
1016,20143,133-12-8-1-1,4.5394396465953e-05_4.5394396465953e-05_4.5394396465953e-05_4.5394396465953e-05_4.5394396465953e-05
1016,20144,133-12-8-1-1,3.10920523739404e-06_3.10920523739404e-06_3.10920523739404e-06_3.10920523739404e-06_3.10920523739404e-06
1016,20145,133-12-8-1-1,3.10920523739404e-06_3.10920523739404e-06_3.10920523739404e-06_3.10920523739404e-06_3.10920523739404e-06
1016,20146,216-19-9-2-1,1.11931388546185e-05_1.11931388546185e-05_1.11931388546185e-05_1.11931388546185e-05_1.11931388546185e-05
1016,20147,172-40-4-2-1,3.10920523739404e-06_3.10920523739404e-06_3.10920523739404e-06_3.10920523739404e-06_3.10920523739404e-06
1016,20148,125-30-1-1-1,0.000297861861742349_0.000297861861742349_0.000297861861742349_0.000297861861742349_0.000297861861742349
1016,20149,185-41-9-2-1,3.10920523739404e-06_3.10920523739404e-06_3.10920523739404e-06_3.10920523739404e-06_3.10920523739404e-06
1016,20150,109-28-5-1-1,1.05712978071397e-05_1.05712978071397e-05_1.05712978071397e-05_1.05712978071397e-05_1.05712978071397e-05
1016,20151,201-17-10-1-1,2.79828471365463e-05_2.79828471365463e-05_2.79828471365463e-05_2.79828471365463e-05_2.79828471365463e-05
1016,20152,138-23-8-1-1,1.49241851394914e-05_1.49241851394914e-05_1.49241851394914e-05_1.49241851394914e-05_1.49241851394914e-05
1016,20153,196-14-4-2-1,4.35288733235165e-06_4.35288733235165e-06_4.35288733235165e-06_4.35288733235165e-06_4.35288733235165e-06
1016,20154,196-14-4-2-1,6.21841047478808e-06_6.21841047478808e-06_6.21841047478808e-06_6.21841047478808e-06_6.21841047478808e-06
1016,20155,161-36-10-1-1,2.11425956142795e-05_2.11425956142795e-05_2.11425956142795e-05_2.11425956142795e-05_2.11425956142795e-05
1016,20156,8-7-4-2-1,4.35288733235165e-06_4.35288733235165e-06_4.35288733235165e-06_4.35288733235165e-06_4.35288733235165e-06
1016,20157,163-43-4-2-1,3.10920523739404e-05_3.10920523739404e-05_3.10920523739404e-05_3.10920523739404e-05_3.10920523739404e-05
1016,20158,63-27-8-1-1,6.21841047478808e-06_6.21841047478808e-06_6.21841047478808e-06_6.21841047478808e-06_6.21841047478808e-06
1016,20159,150-30-1-1-1,5.22346479882198e-05_5.22346479882198e-05_5.22346479882198e-05_5.22346479882198e-05_5.22346479882198e-05
1016,20160,223-40-4-2-1,0.000133695825207944_0.000133695825207944_0.000133695825207944_0.000133695825207944_0.000133695825207944
1016,20161,174-15-9-2-1,1.05712978071397e-05_1.05712978071397e-05_1.05712978071397e-05_1.05712978071397e-05_1.05712978071397e-05
1016,20162,53-21-4-2-1,8.3948541409639e-05_8.3948541409639e-05_8.3948541409639e-05_8.3948541409639e-05_8.3948541409639e-05
1016,20163,35-20-9-2-1,6.59151510327536e-05_6.59151510327536e-05_6.59151510327536e-05_6.59151510327536e-05_6.59151510327536e-05
1016,20164,172-40-4-2-1,4.35288733235165e-06_4.35288733235165e-06_4.35288733235165e-06_4.35288733235165e-06_4.35288733235165e-06
1016,20165,172-40-4-2-1,4.35288733235165e-06_4.35288733235165e-06_4.35288733235165e-06_4.35288733235165e-06_4.35288733235165e-06
1016,20166,185-41-9-2-1,8.0839336172245e-06_8.0839336172245e-06_8.0839336172245e-06_8.0839336172245e-06_8.0839336172245e-06
1016,20167,66-29-2-2-1,4.35288733235165e-06_4.35288733235165e-06_4.35288733235165e-06_4.35288733235165e-06_4.35288733235165e-06
1016,20168,221-35-4-2-1,1.6167867234449e-05_1.6167867234449e-05_1.6167867234449e-05_1.6167867234449e-05_1.6167867234449e-05
1016,20169,166-18-4-2-1,0.000134939507302901_0.000134939507302901_0.000134939507302901_0.000134939507302901_0.000134939507302901
1016,20170,166-18-4-2-1,3.5444939706292e-05_3.5444939706292e-05_3.5444939706292e-05_3.5444939706292e-05_3.5444939706292e-05
1016,20171,180-40-4-2-1,8.70577466470331e-06_8.70577466470331e-06_8.70577466470331e-06_8.70577466470331e-06_8.70577466470331e-06
1016,20172,185-41-9-2-1,2.48736418991523e-05_2.48736418991523e-05_2.48736418991523e-05_2.48736418991523e-05_2.48736418991523e-05
1016,20173,166-18-4-2-1,2.36299598041947e-05_2.36299598041947e-05_2.36299598041947e-05_2.36299598041947e-05_2.36299598041947e-05
1016,20174,166-18-4-2-1,4.29070322760377e-05_4.29070322760377e-05_4.29070322760377e-05_4.29070322760377e-05_4.29070322760377e-05
1016,20175,16-10-2-2-1,1.43023440920126e-05_1.43023440920126e-05_1.43023440920126e-05_1.43023440920126e-05_1.43023440920126e-05
1016,20176,77-28-5-1-1,4.35288733235165e-05_4.35288733235165e-05_4.35288733235165e-05_4.35288733235165e-05_4.35288733235165e-05
1016,20177,75-1-1-1-1,3.35794165638556e-05_3.35794165638556e-05_3.35794165638556e-05_3.35794165638556e-05_3.35794165638556e-05
1016,20178,227-41-9-2-1,3.73104628487285e-06_3.73104628487285e-06_3.73104628487285e-06_3.73104628487285e-06_3.73104628487285e-06
1016,20179,133-12-8-1-1,9.32761571218212e-06_9.32761571218212e-06_9.32761571218212e-06_9.32761571218212e-06_9.32761571218212e-06
1016,20180,18-12-8-1-1,1.86552314243642e-05_1.86552314243642e-05_1.86552314243642e-05_1.86552314243642e-05_1.86552314243642e-05
1016,20181,49-22-8-1-1,1.24368209495762e-05_1.24368209495762e-05_1.24368209495762e-05_1.24368209495762e-05_1.24368209495762e-05
1016,20182,47-22-8-1-1,6.21841047478808e-06_6.21841047478808e-06_6.21841047478808e-06_6.21841047478808e-06_6.21841047478808e-06
1016,20183,118-36-10-1-1,8.0839336172245e-06_8.0839336172245e-06_8.0839336172245e-06_8.0839336172245e-06_8.0839336172245e-06
1016,20184,57-7-4-2-1,6.84025152226688e-06_6.84025152226688e-06_6.84025152226688e-06_6.84025152226688e-06_6.84025152226688e-06
1016,20185,45-5-5-1-1,0.000108822183308791_0.000108822183308791_0.000108822183308791_0.000108822183308791_0.000108822183308791
1016,20187,196-14-4-2-1,1.43023440920126e-05_1.43023440920126e-05_1.43023440920126e-05_1.43023440920126e-05_1.43023440920126e-05
1016,20188,172-40-4-2-1,3.10920523739404e-06_3.10920523739404e-06_3.10920523739404e-06_3.10920523739404e-06_3.10920523739404e-06
1016,20189,8-7-4-2-1,2.48736418991523e-06_2.48736418991523e-06_2.48736418991523e-06_2.48736418991523e-06_2.48736418991523e-06
1016,20190,66-29-2-2-1,5.09909658932622e-05_5.09909658932622e-05_5.09909658932622e-05_5.09909658932622e-05_5.09909658932622e-05
1016,20191,167-18-4-2-1,3.73104628487285e-06_3.73104628487285e-06_3.73104628487285e-06_3.73104628487285e-06_3.73104628487285e-06
1016,20192,161-36-10-1-1,6.21841047478808e-06_6.21841047478808e-06_6.21841047478808e-06_6.21841047478808e-06_6.21841047478808e-06
1016,20194,214-26-4-2-1,4.35288733235165e-06_4.35288733235165e-06_4.35288733235165e-06_4.35288733235165e-06_4.35288733235165e-06
1016,20195,122-16-2-2-1,3.10920523739404e-06_3.10920523739404e-06_3.10920523739404e-06_3.10920523739404e-06_3.10920523739404e-06
1016,20197,70-27-8-1-1,4.97472837983046e-06_4.97472837983046e-06_4.97472837983046e-06_4.97472837983046e-06_4.97472837983046e-06
1016,20198,151-19-9-2-1,4.97472837983046e-06_4.97472837983046e-06_4.97472837983046e-06_4.97472837983046e-06_4.97472837983046e-06
1016,20199,179-26-4-2-1,0.000111931388546185_0.000111931388546185_0.000111931388546185_0.000111931388546185_0.000111931388546185
1016,20200,4-4-4-2-1,3.10920523739404e-06_3.10920523739404e-06_3.10920523739404e-06_3.10920523739404e-06_3.10920523739404e-06
1016,20201,179-26-4-2-1,2.73610060890675e-05_2.73610060890675e-05_2.73610060890675e-05_2.73610060890675e-05_2.73610060890675e-05
1016,20202,185-41-9-2-1,3.73104628487285e-06_3.73104628487285e-06_3.73104628487285e-06_3.73104628487285e-06_3.73104628487285e-06
1016,20203,24-14-4-2-1,1.6167867234449e-05_1.6167867234449e-05_1.6167867234449e-05_1.6167867234449e-05_1.6167867234449e-05
1016,20204,199-19-9-2-1,9.32761571218212e-06_9.32761571218212e-06_9.32761571218212e-06_9.32761571218212e-06_9.32761571218212e-06
1016,20205,8-7-4-2-1,3.10920523739404e-06_3.10920523739404e-06_3.10920523739404e-06_3.10920523739404e-06_3.10920523739404e-06
1016,20206,153-18-4-2-1,6.84025152226688e-06_6.84025152226688e-06_6.84025152226688e-06_6.84025152226688e-06_6.84025152226688e-06
1016,20207,185-41-9-2-1,4.97472837983046e-06_4.97472837983046e-06_4.97472837983046e-06_4.97472837983046e-06_4.97472837983046e-06
1016,20208,127-30-1-1-1,6.84025152226688e-06_6.84025152226688e-06_6.84025152226688e-06_6.84025152226688e-06_6.84025152226688e-06
1016,20209,111-8-3-1-1,0.000575202968917897_0.000575202968917897_0.000575202968917897_0.000575202968917897_0.000575202968917897
1016,20210,44-13-6-2-1,7.33772436024993e-05_7.33772436024993e-05_7.33772436024993e-05_7.33772436024993e-05_7.33772436024993e-05
1016,20211,199-19-9-2-1,2.30081187567159e-05_2.30081187567159e-05_2.30081187567159e-05_2.30081187567159e-05_2.30081187567159e-05
1016,20212,199-19-9-2-1,4.35288733235165e-06_4.35288733235165e-06_4.35288733235165e-06_4.35288733235165e-06_4.35288733235165e-06
1016,20213,6-6-6-2-1,0.000453322123612051_0.000453322123612051_0.000453322123612051_0.000453322123612051_0.000453322123612051
1016,20214,29-17-10-1-1,1.05712978071397e-05_1.05712978071397e-05_1.05712978071397e-05_1.05712978071397e-05_1.05712978071397e-05
1016,20215,199-19-9-2-1,1.55460261869702e-05_1.55460261869702e-05_1.55460261869702e-05_1.55460261869702e-05_1.55460261869702e-05
1016,20216,63-27-8-1-1,4.97472837983046e-06_4.97472837983046e-06_4.97472837983046e-06_4.97472837983046e-06_4.97472837983046e-06
1016,20217,151-19-9-2-1,2.11425956142795e-05_2.11425956142795e-05_2.11425956142795e-05_2.11425956142795e-05_2.11425956142795e-05
1016,20218,112-14-4-2-1,5.59656942730927e-06_5.59656942730927e-06_5.59656942730927e-06_5.59656942730927e-06_5.59656942730927e-06
1016,20219,8-7-4-2-1,3.73104628487285e-06_3.73104628487285e-06_3.73104628487285e-06_3.73104628487285e-06_3.73104628487285e-06
1016,20220,222-35-4-2-1,4.35288733235165e-06_4.35288733235165e-06_4.35288733235165e-06_4.35288733235165e-06_4.35288733235165e-06
1016,20221,44-13-6-2-1,7.89738130298086e-05_7.89738130298086e-05_7.89738130298086e-05_7.89738130298086e-05_7.89738130298086e-05
1016,20222,112-14-4-2-1,8.70577466470331e-06_8.70577466470331e-06_8.70577466470331e-06_8.70577466470331e-06_8.70577466470331e-06
1016,20223,44-13-6-2-1,4.97472837983046e-06_4.97472837983046e-06_4.97472837983046e-06_4.97472837983046e-06_4.97472837983046e-06
1016,20224,102-13-6-2-1,3.17138934214192e-05_3.17138934214192e-05_3.17138934214192e-05_3.17138934214192e-05_3.17138934214192e-05
1016,20225,184-31-9-2-1,6.96461973176265e-05_6.96461973176265e-05_6.96461973176265e-05_6.96461973176265e-05_6.96461973176265e-05
1016,20226,120-16-2-2-1,0.000815855454292196_0.000815855454292196_0.000815855454292196_0.000815855454292196_0.000815855454292196
1016,20227,161-36-10-1-1,1.6167867234449e-05_1.6167867234449e-05_1.6167867234449e-05_1.6167867234449e-05_1.6167867234449e-05
1016,20228,34-19-9-2-1,4.35288733235165e-06_4.35288733235165e-06_4.35288733235165e-06_4.35288733235165e-06_4.35288733235165e-06
1016,20229,197-30-1-1-1,0.00029724002069487_0.00029724002069487_0.00029724002069487_0.00029724002069487_0.00029724002069487
1016,20230,177-7-4-2-1,1.43023440920126e-05_1.43023440920126e-05_1.43023440920126e-05_1.43023440920126e-05_1.43023440920126e-05
1016,20231,40-23-8-1-1,1.9277072471843e-05_1.9277072471843e-05_1.9277072471843e-05_1.9277072471843e-05_1.9277072471843e-05
1016,20232,227-41-9-2-1,4.97472837983046e-06_4.97472837983046e-06_4.97472837983046e-06_4.97472837983046e-06_4.97472837983046e-06
1016,20233,172-40-4-2-1,4.97472837983046e-06_4.97472837983046e-06_4.97472837983046e-06_4.97472837983046e-06_4.97472837983046e-06
1016,20234,120-16-2-2-1,0.000674075695467027_0.000674075695467027_0.000674075695467027_0.000674075695467027_0.000674075695467027
1016,20235,120-16-2-2-1,0.000160434990249532_0.000160434990249532_0.000160434990249532_0.000160434990249532_0.000160434990249532
1016,20236,120-16-2-2-1,1.49241851394914e-05_1.49241851394914e-05_1.49241851394914e-05_1.49241851394914e-05_1.49241851394914e-05
1016,20237,185-41-9-2-1,6.21841047478808e-06_6.21841047478808e-06_6.21841047478808e-06_6.21841047478808e-06_6.21841047478808e-06
1016,20238,138-23-8-1-1,0.000165409718629363_0.000165409718629363_0.000165409718629363_0.000165409718629363_0.000165409718629363
1016,20239,70-27-8-1-1,3.10920523739404e-06_3.10920523739404e-06_3.10920523739404e-06_3.10920523739404e-06_3.10920523739404e-06
1016,20240,126-29-2-2-1,6.21841047478808e-06_6.21841047478808e-06_6.21841047478808e-06_6.21841047478808e-06_6.21841047478808e-06
1016,20241,172-40-4-2-1,3.10920523739404e-06_3.10920523739404e-06_3.10920523739404e-06_3.10920523739404e-06_3.10920523739404e-06
1016,20242,161-36-10-1-1,3.10920523739404e-06_3.10920523739404e-06_3.10920523739404e-06_3.10920523739404e-06_3.10920523739404e-06
1016,20243,106-39-11-1-1,0.000225106459187328_0.000225106459187328_0.000225106459187328_0.000225106459187328_0.000225106459187328
1016,20244,88-35-4-2-1,8.0839336172245e-06_8.0839336172245e-06_8.0839336172245e-06_8.0839336172245e-06_8.0839336172245e-06
1016,20245,138-23-8-1-1,9.14106339793847e-05_9.14106339793847e-05_9.14106339793847e-05_9.14106339793847e-05_9.14106339793847e-05
1016,20246,5-5-5-1-1,3.10920523739404e-06_3.10920523739404e-06_3.10920523739404e-06_3.10920523739404e-06_3.10920523739404e-06
1016,20249,185-41-9-2-1,5.59656942730927e-06_5.59656942730927e-06_5.59656942730927e-06_5.59656942730927e-06_5.59656942730927e-06
1016,20250,122-16-2-2-1,2.67391650415887e-05_2.67391650415887e-05_2.67391650415887e-05_2.67391650415887e-05_2.67391650415887e-05
1016,20251,161-36-10-1-1,1.05712978071397e-05_1.05712978071397e-05_1.05712978071397e-05_1.05712978071397e-05_1.05712978071397e-05
1016,20252,112-14-4-2-1,5.59656942730927e-06_5.59656942730927e-06_5.59656942730927e-06_5.59656942730927e-06_5.59656942730927e-06
1016,20253,49-22-8-1-1,8.70577466470331e-06_8.70577466470331e-06_8.70577466470331e-06_8.70577466470331e-06_8.70577466470331e-06
1016,20254,185-41-9-2-1,3.10920523739404e-06_3.10920523739404e-06_3.10920523739404e-06_3.10920523739404e-06_3.10920523739404e-06
1016,20255,172-40-4-2-1,3.73104628487285e-06_3.73104628487285e-06_3.73104628487285e-06_3.73104628487285e-06_3.73104628487285e-06
1016,20256,194-31-9-2-1,3.10920523739404e-05_3.10920523739404e-05_3.10920523739404e-05_3.10920523739404e-05_3.10920523739404e-05
1016,20257,116-36-10-1-1,1.36805030445338e-05_1.36805030445338e-05_1.36805030445338e-05_1.36805030445338e-05_1.36805030445338e-05
1016,20258,142-42-12-1-1,3.10920523739404e-06_3.10920523739404e-06_3.10920523739404e-06_3.10920523739404e-06_3.10920523739404e-06
1016,20259,113-31-9-2-1,3.91759859911649e-05_3.91759859911649e-05_3.91759859911649e-05_3.91759859911649e-05_3.91759859911649e-05
1016,20260,122-16-2-2-1,2.54954829466311e-05_2.54954829466311e-05_2.54954829466311e-05_2.54954829466311e-05_2.54954829466311e-05
1016,20261,134-29-2-2-1,4.35288733235165e-06_4.35288733235165e-06_4.35288733235165e-06_4.35288733235165e-06_4.35288733235165e-06
1016,20263,153-18-4-2-1,7.46209256974569e-06_7.46209256974569e-06_7.46209256974569e-06_7.46209256974569e-06_7.46209256974569e-06
1016,20264,40-23-8-1-1,4.97472837983046e-06_4.97472837983046e-06_4.97472837983046e-06_4.97472837983046e-06_4.97472837983046e-06
1016,20265,155-10-2-2-1,0.000352583873920484_0.000352583873920484_0.000352583873920484_0.000352583873920484_0.000352583873920484
1016,20266,128-7-4-2-1,5.59656942730927e-06_5.59656942730927e-06_5.59656942730927e-06_5.59656942730927e-06_5.59656942730927e-06
1016,20267,142-42-12-1-1,6.21841047478808e-06_6.21841047478808e-06_6.21841047478808e-06_6.21841047478808e-06_6.21841047478808e-06
1016,20268,122-16-2-2-1,5.59656942730927e-06_5.59656942730927e-06_5.59656942730927e-06_5.59656942730927e-06_5.59656942730927e-06
1016,20269,68-30-1-1-1,8.70577466470331e-06_8.70577466470331e-06_8.70577466470331e-06_8.70577466470331e-06_8.70577466470331e-06
1016,20270,122-16-2-2-1,1.18149799020973e-05_1.18149799020973e-05_1.18149799020973e-05_1.18149799020973e-05_1.18149799020973e-05
1016,20271,212-41-9-2-1,9.20324750268635e-05_9.20324750268635e-05_9.20324750268635e-05_9.20324750268635e-05_9.20324750268635e-05
1016,20272,172-40-4-2-1,4.35288733235165e-06_4.35288733235165e-06_4.35288733235165e-06_4.35288733235165e-06_4.35288733235165e-06
1016,20273,140-42-12-1-1,8.70577466470331e-06_8.70577466470331e-06_8.70577466470331e-06_8.70577466470331e-06_8.70577466470331e-06
1016,20274,236-42-12-1-1,4.35288733235165e-06_4.35288733235165e-06_4.35288733235165e-06_4.35288733235165e-06_4.35288733235165e-06
1016,20275,4-4-4-2-1,2.79828471365463e-05_2.79828471365463e-05_2.79828471365463e-05_2.79828471365463e-05_2.79828471365463e-05
1016,20276,236-42-12-1-1,4.35288733235165e-06_4.35288733235165e-06_4.35288733235165e-06_4.35288733235165e-06_4.35288733235165e-06
1016,20277,127-30-1-1-1,2.42518008516735e-05_2.42518008516735e-05_2.42518008516735e-05_2.42518008516735e-05_2.42518008516735e-05
1016,20278,138-23-8-1-1,6.84025152226688e-06_6.84025152226688e-06_6.84025152226688e-06_6.84025152226688e-06_6.84025152226688e-06
1016,20279,185-41-9-2-1,5.59656942730927e-06_5.59656942730927e-06_5.59656942730927e-06_5.59656942730927e-06_5.59656942730927e-06
1016,20280,62-3-3-1-1,7.33772436024993e-05_7.33772436024993e-05_7.33772436024993e-05_7.33772436024993e-05_7.33772436024993e-05
1016,20281,67-2-2-2-1,9.32761571218212e-06_9.32761571218212e-06_9.32761571218212e-06_9.32761571218212e-06_9.32761571218212e-06
1016,20282,49-22-8-1-1,4.35288733235165e-06_4.35288733235165e-06_4.35288733235165e-06_4.35288733235165e-06_4.35288733235165e-06
1016,20283,17-11-4-2-1,6.21841047478808e-06_6.21841047478808e-06_6.21841047478808e-06_6.21841047478808e-06_6.21841047478808e-06
1016,20284,226-32-10-1-1,6.21841047478808e-06_6.21841047478808e-06_6.21841047478808e-06_6.21841047478808e-06_6.21841047478808e-06
1016,20285,175-20-9-2-1,0.000121880845305846_0.000121880845305846_0.000121880845305846_0.000121880845305846_0.000121880845305846
1016,20286,175-20-9-2-1,1.43023440920126e-05_1.43023440920126e-05_1.43023440920126e-05_1.43023440920126e-05_1.43023440920126e-05
1016,20287,75-1-1-1-1,8.0839336172245e-06_8.0839336172245e-06_8.0839336172245e-06_8.0839336172245e-06_8.0839336172245e-06
1016,20289,227-41-9-2-1,4.97472837983046e-06_4.97472837983046e-06_4.97472837983046e-06_4.97472837983046e-06_4.97472837983046e-06
1016,20290,112-14-4-2-1,2.17644366617583e-05_2.17644366617583e-05_2.17644366617583e-05_2.17644366617583e-05_2.17644366617583e-05
1016,20291,89-13-6-2-1,2.54954829466311e-05_2.54954829466311e-05_2.54954829466311e-05_2.54954829466311e-05_2.54954829466311e-05
1016,20292,118-36-10-1-1,9.32761571218212e-06_9.32761571218212e-06_9.32761571218212e-06_9.32761571218212e-06_9.32761571218212e-06
1016,20293,222-35-4-2-1,0.000138048712540295_0.000138048712540295_0.000138048712540295_0.000138048712540295_0.000138048712540295
1016,20294,175-20-9-2-1,2.05207545668007e-05_2.05207545668007e-05_2.05207545668007e-05_2.05207545668007e-05_2.05207545668007e-05
1016,20295,66-29-2-2-1,3.73104628487285e-06_3.73104628487285e-06_3.73104628487285e-06_3.73104628487285e-06_3.73104628487285e-06
1016,20296,225-31-9-2-1,3.10920523739404e-06_3.10920523739404e-06_3.10920523739404e-06_3.10920523739404e-06_3.10920523739404e-06
1016,20297,68-30-1-1-1,1.11931388546185e-05_1.11931388546185e-05_1.11931388546185e-05_1.11931388546185e-05_1.11931388546185e-05
1016,20298,83-33-5-1-1,1.86552314243642e-05_1.86552314243642e-05_1.86552314243642e-05_1.86552314243642e-05_1.86552314243642e-05
1016,20299,225-31-9-2-1,4.97472837983046e-06_4.97472837983046e-06_4.97472837983046e-06_4.97472837983046e-06_4.97472837983046e-06
1016,20300,163-43-4-2-1,4.35288733235165e-06_4.35288733235165e-06_4.35288733235165e-06_4.35288733235165e-06_4.35288733235165e-06
1016,20301,130-12-8-1-1,3.29575755163768e-05_3.29575755163768e-05_3.29575755163768e-05_3.29575755163768e-05_3.29575755163768e-05
1016,20302,122-16-2-2-1,1.36805030445338e-05_1.36805030445338e-05_1.36805030445338e-05_1.36805030445338e-05_1.36805030445338e-05
1016,20304,200-15-9-2-1,3.10920523739404e-06_3.10920523739404e-06_3.10920523739404e-06_3.10920523739404e-06_3.10920523739404e-06
1016,20305,172-40-4-2-1,4.97472837983046e-06_4.97472837983046e-06_4.97472837983046e-06_4.97472837983046e-06_4.97472837983046e-06
1016,20306,185-41-9-2-1,4.35288733235165e-06_4.35288733235165e-06_4.35288733235165e-06_4.35288733235165e-06_4.35288733235165e-06
1016,20307,185-41-9-2-1,6.21841047478808e-06_6.21841047478808e-06_6.21841047478808e-06_6.21841047478808e-06_6.21841047478808e-06
1016,20308,26-15-9-2-1,5.59656942730927e-06_5.59656942730927e-06_5.59656942730927e-06_5.59656942730927e-06_5.59656942730927e-06
1016,20309,212-41-9-2-1,2.05207545668007e-05_2.05207545668007e-05_2.05207545668007e-05_2.05207545668007e-05_2.05207545668007e-05
1016,20311,200-15-9-2-1,5.59656942730927e-06_5.59656942730927e-06_5.59656942730927e-06_5.59656942730927e-06_5.59656942730927e-06
1016,20312,158-2-2-2-1,3.17138934214192e-05_3.17138934214192e-05_3.17138934214192e-05_3.17138934214192e-05_3.17138934214192e-05
1016,20313,217-30-1-1-1,0.000132452143112986_0.000132452143112986_0.000132452143112986_0.000132452143112986_0.000132452143112986
1016,20314,160-30-1-1-1,1.36805030445338e-05_1.36805030445338e-05_1.36805030445338e-05_1.36805030445338e-05_1.36805030445338e-05
1016,20315,130-12-8-1-1,1.05712978071397e-05_1.05712978071397e-05_1.05712978071397e-05_1.05712978071397e-05_1.05712978071397e-05
1016,20316,163-43-4-2-1,3.73104628487285e-06_3.73104628487285e-06_3.73104628487285e-06_3.73104628487285e-06_3.73104628487285e-06
1016,20317,185-41-9-2-1,6.84025152226688e-06_6.84025152226688e-06_6.84025152226688e-06_6.84025152226688e-06_6.84025152226688e-06
1016,20318,158-2-2-2-1,8.76795876945119e-05_8.76795876945119e-05_8.76795876945119e-05_8.76795876945119e-05_8.76795876945119e-05
1016,20319,203-11-4-2-1,1.11931388546185e-05_1.11931388546185e-05_1.11931388546185e-05_1.11931388546185e-05_1.11931388546185e-05
1016,20320,126-29-2-2-1,3.04702113264616e-05_3.04702113264616e-05_3.04702113264616e-05_3.04702113264616e-05_3.04702113264616e-05
1016,20321,63-27-8-1-1,0.000219509889760019_0.000219509889760019_0.000219509889760019_0.000219509889760019_0.000219509889760019
1016,20322,89-13-6-2-1,4.47725554184741e-05_4.47725554184741e-05_4.47725554184741e-05_4.47725554184741e-05_4.47725554184741e-05
1016,20324,98-27-8-1-1,5.59656942730927e-06_5.59656942730927e-06_5.59656942730927e-06_5.59656942730927e-06_5.59656942730927e-06
1016,20325,25-10-2-2-1,4.35288733235165e-06_4.35288733235165e-06_4.35288733235165e-06_4.35288733235165e-06_4.35288733235165e-06
1016,20326,83-33-5-1-1,3.79323038962073e-05_3.79323038962073e-05_3.79323038962073e-05_3.79323038962073e-05_3.79323038962073e-05
1016,20327,121-39-11-1-1,0.000799065746010268_0.000799065746010268_0.000799065746010268_0.000799065746010268_0.000799065746010268
1016,20329,170-43-4-2-1,8.70577466470331e-05_8.70577466470331e-05_8.70577466470331e-05_8.70577466470331e-05_8.70577466470331e-05
1016,20330,121-39-11-1-1,1.3058661997055e-05_1.3058661997055e-05_1.3058661997055e-05_1.3058661997055e-05_1.3058661997055e-05
1016,20331,169-32-10-1-1,0.000233812233852032_0.000233812233852032_0.000233812233852032_0.000233812233852032_0.000233812233852032
1016,20332,190-20-9-2-1,0.000790981812393043_0.000790981812393043_0.000790981812393043_0.000790981812393043_0.000790981812393043
1016,20333,185-41-9-2-1,6.84025152226688e-06_6.84025152226688e-06_6.84025152226688e-06_6.84025152226688e-06_6.84025152226688e-06
1016,20334,166-18-4-2-1,7.46209256974569e-06_7.46209256974569e-06_7.46209256974569e-06_7.46209256974569e-06_7.46209256974569e-06
1016,20335,200-15-9-2-1,5.59656942730927e-06_5.59656942730927e-06_5.59656942730927e-06_5.59656942730927e-06_5.59656942730927e-06
1016,20336,26-15-9-2-1,4.97472837983046e-06_4.97472837983046e-06_4.97472837983046e-06_4.97472837983046e-06_4.97472837983046e-06
1016,20337,122-16-2-2-1,1.3058661997055e-05_1.3058661997055e-05_1.3058661997055e-05_1.3058661997055e-05_1.3058661997055e-05
1016,20338,188-14-4-2-1,2.48736418991523e-06_2.48736418991523e-06_2.48736418991523e-06_2.48736418991523e-06_2.48736418991523e-06
1016,20339,37-11-4-2-1,1.43023440920126e-05_1.43023440920126e-05_1.43023440920126e-05_1.43023440920126e-05_1.43023440920126e-05
1016,20340,122-16-2-2-1,9.94945675966092e-05_9.94945675966092e-05_9.94945675966092e-05_9.94945675966092e-05_9.94945675966092e-05
1016,20341,236-42-12-1-1,4.97472837983046e-06_4.97472837983046e-06_4.97472837983046e-06_4.97472837983046e-06_4.97472837983046e-06
1016,20342,161-36-10-1-1,3.73104628487285e-06_3.73104628487285e-06_3.73104628487285e-06_3.73104628487285e-06_3.73104628487285e-06
1016,20343,159-4-4-2-1,2.61173239941099e-05_2.61173239941099e-05_2.61173239941099e-05_2.61173239941099e-05_2.61173239941099e-05
1016,20344,175-20-9-2-1,1.98989135193218e-05_1.98989135193218e-05_1.98989135193218e-05_1.98989135193218e-05_1.98989135193218e-05
1016,20346,128-7-4-2-1,4.97472837983046e-06_4.97472837983046e-06_4.97472837983046e-06_4.97472837983046e-06_4.97472837983046e-06
1016,20347,216-19-9-2-1,2.48736418991523e-06_2.48736418991523e-06_2.48736418991523e-06_2.48736418991523e-06_2.48736418991523e-06
1016,20348,202-37-4-2-1,2.54954829466311e-05_2.54954829466311e-05_2.54954829466311e-05_2.54954829466311e-05_2.54954829466311e-05
1016,20349,185-41-9-2-1,1.24368209495762e-05_1.24368209495762e-05_1.24368209495762e-05_1.24368209495762e-05_1.24368209495762e-05
1016,20350,26-15-9-2-1,3.10920523739404e-06_3.10920523739404e-06_3.10920523739404e-06_3.10920523739404e-06_3.10920523739404e-06
1016,20351,172-40-4-2-1,2.48736418991523e-06_2.48736418991523e-06_2.48736418991523e-06_2.48736418991523e-06_2.48736418991523e-06
1016,20352,172-40-4-2-1,4.35288733235165e-06_4.35288733235165e-06_4.35288733235165e-06_4.35288733235165e-06_4.35288733235165e-06
1016,20353,7-4-4-2-1,1.05712978071397e-05_1.05712978071397e-05_1.05712978071397e-05_1.05712978071397e-05_1.05712978071397e-05
1016,20354,98-27-8-1-1,4.97472837983046e-06_4.97472837983046e-06_4.97472837983046e-06_4.97472837983046e-06_4.97472837983046e-06
1016,20355,148-29-2-2-1,7.89738130298086e-05_7.89738130298086e-05_7.89738130298086e-05_7.89738130298086e-05_7.89738130298086e-05
1016,20356,188-14-4-2-1,1.18149799020973e-05_1.18149799020973e-05_1.18149799020973e-05_1.18149799020973e-05_1.18149799020973e-05
1016,20357,188-14-4-2-1,4.16633501810801e-05_4.16633501810801e-05_4.16633501810801e-05_4.16633501810801e-05_4.16633501810801e-05
1016,20358,68-30-1-1-1,1.49241851394914e-05_1.49241851394914e-05_1.49241851394914e-05_1.49241851394914e-05_1.49241851394914e-05
1016,20359,185-41-9-2-1,7.46209256974569e-06_7.46209256974569e-06_7.46209256974569e-06_7.46209256974569e-06_7.46209256974569e-06
1016,20360,161-36-10-1-1,1.49241851394914e-05_1.49241851394914e-05_1.49241851394914e-05_1.49241851394914e-05_1.49241851394914e-05
1016,20361,174-15-9-2-1,1.3058661997055e-05_1.3058661997055e-05_1.3058661997055e-05_1.3058661997055e-05_1.3058661997055e-05
1016,20362,57-7-4-2-1,1.6167867234449e-05_1.6167867234449e-05_1.6167867234449e-05_1.6167867234449e-05_1.6167867234449e-05
1016,20363,160-30-1-1-1,3.73104628487285e-06_3.73104628487285e-06_3.73104628487285e-06_3.73104628487285e-06_3.73104628487285e-06
1016,20364,160-30-1-1-1,1.18149799020973e-05_1.18149799020973e-05_1.18149799020973e-05_1.18149799020973e-05_1.18149799020973e-05
1016,20365,160-30-1-1-1,3.10920523739404e-06_3.10920523739404e-06_3.10920523739404e-06_3.10920523739404e-06_3.10920523739404e-06
1016,20366,208-30-1-1-1,6.84025152226688e-06_6.84025152226688e-06_6.84025152226688e-06_6.84025152226688e-06_6.84025152226688e-06
1016,20367,112-14-4-2-1,3.10920523739404e-06_3.10920523739404e-06_3.10920523739404e-06_3.10920523739404e-06_3.10920523739404e-06
1016,20368,186-15-9-2-1,7.46209256974569e-06_7.46209256974569e-06_7.46209256974569e-06_7.46209256974569e-06_7.46209256974569e-06
1016,20370,109-28-5-1-1,4.97472837983046e-06_4.97472837983046e-06_4.97472837983046e-06_4.97472837983046e-06_4.97472837983046e-06
1016,20371,1-1-1-1-1,2.79828471365463e-05_2.79828471365463e-05_2.79828471365463e-05_2.79828471365463e-05_2.79828471365463e-05
1016,20372,44-13-6-2-1,2.86046881840252e-05_2.86046881840252e-05_2.86046881840252e-05_2.86046881840252e-05_2.86046881840252e-05
1016,20373,205-12-8-1-1,3.10920523739404e-06_3.10920523739404e-06_3.10920523739404e-06_3.10920523739404e-06_3.10920523739404e-06
1016,20374,7-4-4-2-1,3.73104628487285e-06_3.73104628487285e-06_3.73104628487285e-06_3.73104628487285e-06_3.73104628487285e-06
1016,20375,71-29-2-2-1,1.98989135193218e-05_1.98989135193218e-05_1.98989135193218e-05_1.98989135193218e-05_1.98989135193218e-05
1016,20376,161-36-10-1-1,3.10920523739404e-06_3.10920523739404e-06_3.10920523739404e-06_3.10920523739404e-06_3.10920523739404e-06
1016,20377,223-40-4-2-1,2.73610060890675e-05_2.73610060890675e-05_2.73610060890675e-05_2.73610060890675e-05_2.73610060890675e-05
1016,20378,204-35-4-2-1,1.3058661997055e-05_1.3058661997055e-05_1.3058661997055e-05_1.3058661997055e-05_1.3058661997055e-05
1016,20379,204-35-4-2-1,1.43023440920126e-05_1.43023440920126e-05_1.43023440920126e-05_1.43023440920126e-05_1.43023440920126e-05
1016,20380,193-40-4-2-1,0.00026055139889362_0.00026055139889362_0.00026055139889362_0.00026055139889362_0.00026055139889362
1016,20381,193-40-4-2-1,0.000304702113264616_0.000304702113264616_0.000304702113264616_0.000304702113264616_0.000304702113264616
1016,20382,150-30-1-1-1,1.55460261869702e-05_1.55460261869702e-05_1.55460261869702e-05_1.55460261869702e-05_1.55460261869702e-05
1016,20383,129-21-4-2-1,1.11931388546185e-05_1.11931388546185e-05_1.11931388546185e-05_1.11931388546185e-05_1.11931388546185e-05
1016,20384,167-18-4-2-1,3.10920523739404e-06_3.10920523739404e-06_3.10920523739404e-06_3.10920523739404e-06_3.10920523739404e-06
1016,20385,175-20-9-2-1,0.000350096509730569_0.000350096509730569_0.000350096509730569_0.000350096509730569_0.000350096509730569
1016,20386,172-40-4-2-1,1.86552314243642e-06_1.86552314243642e-06_1.86552314243642e-06_1.86552314243642e-06_1.86552314243642e-06
1016,20387,172-40-4-2-1,3.10920523739404e-06_3.10920523739404e-06_3.10920523739404e-06_3.10920523739404e-06_3.10920523739404e-06
1016,20389,185-41-9-2-1,3.10920523739404e-06_3.10920523739404e-06_3.10920523739404e-06_3.10920523739404e-06_3.10920523739404e-06
1016,20390,163-43-4-2-1,4.97472837983046e-06_4.97472837983046e-06_4.97472837983046e-06_4.97472837983046e-06_4.97472837983046e-06
1016,20391,112-14-4-2-1,7.46209256974569e-06_7.46209256974569e-06_7.46209256974569e-06_7.46209256974569e-06_7.46209256974569e-06
1016,20392,54-26-4-2-1,0.000116906116926016_0.000116906116926016_0.000116906116926016_0.000116906116926016_0.000116906116926016
1016,20393,1-1-1-1-1,3.73104628487285e-06_3.73104628487285e-06_3.73104628487285e-06_3.73104628487285e-06_3.73104628487285e-06
1016,20394,178-44-12-1-1,1.11931388546185e-05_1.11931388546185e-05_1.11931388546185e-05_1.11931388546185e-05_1.11931388546185e-05
1016,20395,45-5-5-1-1,5.59656942730927e-06_5.59656942730927e-06_5.59656942730927e-06_5.59656942730927e-06_5.59656942730927e-06
1016,20396,224-39-11-1-1,0.000245627213754129_0.000245627213754129_0.000245627213754129_0.000245627213754129_0.000245627213754129
1016,20397,178-44-12-1-1,9.94945675966092e-06_9.94945675966092e-06_9.94945675966092e-06_9.94945675966092e-06_9.94945675966092e-06
1016,20398,140-42-12-1-1,4.35288733235165e-06_4.35288733235165e-06_4.35288733235165e-06_4.35288733235165e-06_4.35288733235165e-06
1016,20399,163-43-4-2-1,3.73104628487285e-06_3.73104628487285e-06_3.73104628487285e-06_3.73104628487285e-06_3.73104628487285e-06
1016,20400,108-13-6-2-1,0.000760511601066582_0.000760511601066582_0.000760511601066582_0.000760511601066582_0.000760511601066582
1016,20401,44-13-6-2-1,3.73104628487285e-06_3.73104628487285e-06_3.73104628487285e-06_3.73104628487285e-06_3.73104628487285e-06
1016,20402,101-9-7-1-1,0.000287912404982688_0.000287912404982688_0.000287912404982688_0.000287912404982688_0.000287912404982688
1016,20403,32-18-4-2-1,9.32761571218212e-06_9.32761571218212e-06_9.32761571218212e-06_9.32761571218212e-06_9.32761571218212e-06
1016,20404,174-15-9-2-1,1.6167867234449e-05_1.6167867234449e-05_1.6167867234449e-05_1.6167867234449e-05_1.6167867234449e-05
1016,20405,79-32-10-1-1,0.000140536076730211_0.000140536076730211_0.000140536076730211_0.000140536076730211_0.000140536076730211
1016,20406,209-35-4-2-1,1.11931388546185e-05_1.11931388546185e-05_1.11931388546185e-05_1.11931388546185e-05_1.11931388546185e-05
1016,20407,115-8-3-1-1,0.000199610976240697_0.000199610976240697_0.000199610976240697_0.000199610976240697_0.000199610976240697
1016,20408,188-14-4-2-1,9.32761571218212e-06_9.32761571218212e-06_9.32761571218212e-06_9.32761571218212e-06_9.32761571218212e-06
1016,20409,95-37-4-2-1,4.35288733235165e-06_4.35288733235165e-06_4.35288733235165e-06_4.35288733235165e-06_4.35288733235165e-06
1016,20410,98-27-8-1-1,2.42518008516735e-05_2.42518008516735e-05_2.42518008516735e-05_2.42518008516735e-05_2.42518008516735e-05
1016,20412,70-27-8-1-1,5.65875353205715e-05_5.65875353205715e-05_5.65875353205715e-05_5.65875353205715e-05_5.65875353205715e-05
1016,20413,208-30-1-1-1,8.70577466470331e-06_8.70577466470331e-06_8.70577466470331e-06_8.70577466470331e-06_8.70577466470331e-06
1016,20414,20-3-3-1-1,0.00238102937079635_0.00238102937079635_0.00238102937079635_0.00238102937079635_0.00238102937079635
1016,20415,195-37-4-2-1,2.30081187567159e-05_2.30081187567159e-05_2.30081187567159e-05_2.30081187567159e-05_2.30081187567159e-05
1016,20416,149-16-2-2-1,3.79323038962073e-05_3.79323038962073e-05_3.79323038962073e-05_3.79323038962073e-05_3.79323038962073e-05
1016,20417,9-8-3-1-1,3.91759859911649e-05_3.91759859911649e-05_3.91759859911649e-05_3.91759859911649e-05_3.91759859911649e-05
1016,20418,110-3-3-1-1,0.00090726608827158_0.00090726608827158_0.00090726608827158_0.00090726608827158_0.00090726608827158
1016,20419,185-41-9-2-1,3.10920523739404e-06_3.10920523739404e-06_3.10920523739404e-06_3.10920523739404e-06_3.10920523739404e-06
1016,20420,185-41-9-2-1,3.73104628487285e-06_3.73104628487285e-06_3.73104628487285e-06_3.73104628487285e-06_3.73104628487285e-06
1016,20421,10-3-3-1-1,0.000178468380626418_0.000178468380626418_0.000178468380626418_0.000178468380626418_0.000178468380626418
1016,20422,90-36-10-1-1,0.000231324869662116_0.000231324869662116_0.000231324869662116_0.000231324869662116_0.000231324869662116
1016,20423,114-40-4-2-1,5.59656942730927e-06_5.59656942730927e-06_5.59656942730927e-06_5.59656942730927e-06_5.59656942730927e-06
1016,20424,226-32-10-1-1,6.84025152226688e-06_6.84025152226688e-06_6.84025152226688e-06_6.84025152226688e-06_6.84025152226688e-06
1016,20425,20-3-3-1-1,0.00140784813149202_0.00140784813149202_0.00140784813149202_0.00140784813149202_0.00140784813149202
1016,20427,122-16-2-2-1,1.49241851394914e-05_1.49241851394914e-05_1.49241851394914e-05_1.49241851394914e-05_1.49241851394914e-05
1016,20428,220-22-8-1-1,4.35288733235165e-06_4.35288733235165e-06_4.35288733235165e-06_4.35288733235165e-06_4.35288733235165e-06
1016,20429,129-21-4-2-1,9.94945675966092e-06_9.94945675966092e-06_9.94945675966092e-06_9.94945675966092e-06_9.94945675966092e-06
1016,20430,185-41-9-2-1,4.97472837983046e-06_4.97472837983046e-06_4.97472837983046e-06_4.97472837983046e-06_4.97472837983046e-06
1016,20431,191-37-4-2-1,0.000110687706451228_0.000110687706451228_0.000110687706451228_0.000110687706451228_0.000110687706451228
1016,20432,167-18-4-2-1,8.70577466470331e-06_8.70577466470331e-06_8.70577466470331e-06_8.70577466470331e-06_8.70577466470331e-06
1016,20433,191-37-4-2-1,6.21841047478808e-06_6.21841047478808e-06_6.21841047478808e-06_6.21841047478808e-06_6.21841047478808e-06
1016,20434,191-37-4-2-1,3.85541449436861e-05_3.85541449436861e-05_3.85541449436861e-05_3.85541449436861e-05_3.85541449436861e-05
1016,20435,31-6-6-2-1,0.000330197596211247_0.000330197596211247_0.000330197596211247_0.000330197596211247_0.000330197596211247
1016,20436,138-23-8-1-1,4.97472837983046e-06_4.97472837983046e-06_4.97472837983046e-06_4.97472837983046e-06_4.97472837983046e-06
1016,20437,228-17-10-1-1,1.49241851394914e-05_1.49241851394914e-05_1.49241851394914e-05_1.49241851394914e-05_1.49241851394914e-05
1016,20438,160-30-1-1-1,1.11931388546185e-05_1.11931388546185e-05_1.11931388546185e-05_1.11931388546185e-05_1.11931388546185e-05
1016,20439,218-7-4-2-1,9.32761571218212e-06_9.32761571218212e-06_9.32761571218212e-06_9.32761571218212e-06_9.32761571218212e-06
1016,20440,40-23-8-1-1,6.84025152226688e-06_6.84025152226688e-06_6.84025152226688e-06_6.84025152226688e-06_6.84025152226688e-06
1016,20441,10-3-3-1-1,5.28564890356987e-05_5.28564890356987e-05_5.28564890356987e-05_5.28564890356987e-05_5.28564890356987e-05
1016,20442,37-11-4-2-1,2.98483702789828e-05_2.98483702789828e-05_2.98483702789828e-05_2.98483702789828e-05_2.98483702789828e-05
1016,20443,49-22-8-1-1,6.84025152226688e-06_6.84025152226688e-06_6.84025152226688e-06_6.84025152226688e-06_6.84025152226688e-06
1016,20444,223-40-4-2-1,3.35794165638556e-05_3.35794165638556e-05_3.35794165638556e-05_3.35794165638556e-05_3.35794165638556e-05
1016,20446,126-29-2-2-1,3.60667807537708e-05_3.60667807537708e-05_3.60667807537708e-05_3.60667807537708e-05_3.60667807537708e-05
1016,20447,213-15-9-2-1,1.74115493294066e-05_1.74115493294066e-05_1.74115493294066e-05_1.74115493294066e-05_1.74115493294066e-05
1016,20448,75-1-1-1-1,9.32761571218212e-06_9.32761571218212e-06_9.32761571218212e-06_9.32761571218212e-06_9.32761571218212e-06
1016,20449,184-31-9-2-1,9.32761571218212e-06_9.32761571218212e-06_9.32761571218212e-06_9.32761571218212e-06_9.32761571218212e-06
1016,20450,122-16-2-2-1,2.86046881840252e-05_2.86046881840252e-05_2.86046881840252e-05_2.86046881840252e-05_2.86046881840252e-05
1016,20451,185-41-9-2-1,4.35288733235165e-06_4.35288733235165e-06_4.35288733235165e-06_4.35288733235165e-06_4.35288733235165e-06
1016,20452,208-30-1-1-1,3.73104628487285e-06_3.73104628487285e-06_3.73104628487285e-06_3.73104628487285e-06_3.73104628487285e-06
1016,20453,40-23-8-1-1,8.0839336172245e-06_8.0839336172245e-06_8.0839336172245e-06_8.0839336172245e-06_8.0839336172245e-06
1016,20455,185-41-9-2-1,3.73104628487285e-06_3.73104628487285e-06_3.73104628487285e-06_3.73104628487285e-06_3.73104628487285e-06
1016,20457,68-30-1-1-1,4.91254427508258e-05_4.91254427508258e-05_4.91254427508258e-05_4.91254427508258e-05_4.91254427508258e-05
1016,20458,33-16-2-2-1,0.000784763401918255_0.000784763401918255_0.000784763401918255_0.000784763401918255_0.000784763401918255
1016,20459,230-14-4-2-1,1.05712978071397e-05_1.05712978071397e-05_1.05712978071397e-05_1.05712978071397e-05_1.05712978071397e-05
1016,20460,122-16-2-2-1,3.10920523739404e-06_3.10920523739404e-06_3.10920523739404e-06_3.10920523739404e-06_3.10920523739404e-06
1016,20461,8-7-4-2-1,1.49241851394914e-05_1.49241851394914e-05_1.49241851394914e-05_1.49241851394914e-05_1.49241851394914e-05
1016,20462,175-20-9-2-1,8.70577466470331e-06_8.70577466470331e-06_8.70577466470331e-06_8.70577466470331e-06_8.70577466470331e-06
1016,20463,33-16-2-2-1,0.000268013491463366_0.000268013491463366_0.000268013491463366_0.000268013491463366_0.000268013491463366
1016,20464,93-16-2-2-1,5.72093763680503e-05_5.72093763680503e-05_5.72093763680503e-05_5.72093763680503e-05_5.72093763680503e-05
1016,20465,122-16-2-2-1,5.59656942730927e-06_5.59656942730927e-06_5.59656942730927e-06_5.59656942730927e-06_5.59656942730927e-06
1016,20466,112-14-4-2-1,8.0839336172245e-06_8.0839336172245e-06_8.0839336172245e-06_8.0839336172245e-06_8.0839336172245e-06
1016,20467,4-4-4-2-1,6.84025152226688e-06_6.84025152226688e-06_6.84025152226688e-06_6.84025152226688e-06_6.84025152226688e-06
1016,20468,122-16-2-2-1,6.90243562701477e-05_6.90243562701477e-05_6.90243562701477e-05_6.90243562701477e-05_6.90243562701477e-05
1016,20469,109-28-5-1-1,1.6167867234449e-05_1.6167867234449e-05_1.6167867234449e-05_1.6167867234449e-05_1.6167867234449e-05
1016,20470,156-37-4-2-1,3.10920523739404e-06_3.10920523739404e-06_3.10920523739404e-06_3.10920523739404e-06_3.10920523739404e-06
1016,20471,175-20-9-2-1,6.4671468937796e-05_6.4671468937796e-05_6.4671468937796e-05_6.4671468937796e-05_6.4671468937796e-05
1016,20472,123-41-9-2-1,1.24368209495762e-05_1.24368209495762e-05_1.24368209495762e-05_1.24368209495762e-05_1.24368209495762e-05
1016,20473,200-15-9-2-1,3.73104628487285e-06_3.73104628487285e-06_3.73104628487285e-06_3.73104628487285e-06_3.73104628487285e-06
1016,20474,122-16-2-2-1,9.32761571218212e-06_9.32761571218212e-06_9.32761571218212e-06_9.32761571218212e-06_9.32761571218212e-06
1016,20475,65-1-1-1-1,6.21841047478808e-06_6.21841047478808e-06_6.21841047478808e-06_6.21841047478808e-06_6.21841047478808e-06
1016,20476,185-41-9-2-1,3.73104628487285e-06_3.73104628487285e-06_3.73104628487285e-06_3.73104628487285e-06_3.73104628487285e-06
1016,20477,34-19-9-2-1,6.21841047478808e-06_6.21841047478808e-06_6.21841047478808e-06_6.21841047478808e-06_6.21841047478808e-06
1016,20478,36-6-6-2-1,5.96967405579655e-05_5.96967405579655e-05_5.96967405579655e-05_5.96967405579655e-05_5.96967405579655e-05
1016,20479,126-29-2-2-1,4.97472837983046e-06_4.97472837983046e-06_4.97472837983046e-06_4.97472837983046e-06_4.97472837983046e-06
1016,20480,39-22-8-1-1,5.59656942730927e-06_5.59656942730927e-06_5.59656942730927e-06_5.59656942730927e-06_5.59656942730927e-06
1016,20481,172-40-4-2-1,9.94945675966092e-06_9.94945675966092e-06_9.94945675966092e-06_9.94945675966092e-06_9.94945675966092e-06
1016,20482,26-15-9-2-1,4.35288733235165e-06_4.35288733235165e-06_4.35288733235165e-06_4.35288733235165e-06_4.35288733235165e-06
1016,20483,122-16-2-2-1,0.000115040593783579_0.000115040593783579_0.000115040593783579_0.000115040593783579_0.000115040593783579
1016,20484,8-7-4-2-1,4.97472837983046e-06_4.97472837983046e-06_4.97472837983046e-06_4.97472837983046e-06_4.97472837983046e-06
1016,20485,74-31-9-2-1,4.35288733235165e-06_4.35288733235165e-06_4.35288733235165e-06_4.35288733235165e-06_4.35288733235165e-06
1016,20486,179-26-4-2-1,2.23862777092371e-05_2.23862777092371e-05_2.23862777092371e-05_2.23862777092371e-05_2.23862777092371e-05
1016,20487,29-17-10-1-1,0.000363155171727624_0.000363155171727624_0.000363155171727624_0.000363155171727624_0.000363155171727624
1016,20488,142-42-12-1-1,3.10920523739404e-06_3.10920523739404e-06_3.10920523739404e-06_3.10920523739404e-06_3.10920523739404e-06
1016,20489,174-15-9-2-1,3.5444939706292e-05_3.5444939706292e-05_3.5444939706292e-05_3.5444939706292e-05_3.5444939706292e-05
1016,20490,36-6-6-2-1,4.35288733235165e-05_4.35288733235165e-05_4.35288733235165e-05_4.35288733235165e-05_4.35288733235165e-05
1016,20491,29-17-10-1-1,4.8503601703347e-05_4.8503601703347e-05_4.8503601703347e-05_4.8503601703347e-05_4.8503601703347e-05
1016,20492,29-17-10-1-1,3.5444939706292e-05_3.5444939706292e-05_3.5444939706292e-05_3.5444939706292e-05_3.5444939706292e-05
1016,20493,37-11-4-2-1,9.94945675966092e-06_9.94945675966092e-06_9.94945675966092e-06_9.94945675966092e-06_9.94945675966092e-06
1016,20495,156-37-4-2-1,5.28564890356987e-05_5.28564890356987e-05_5.28564890356987e-05_5.28564890356987e-05_5.28564890356987e-05
1016,20496,112-14-4-2-1,3.29575755163768e-05_3.29575755163768e-05_3.29575755163768e-05_3.29575755163768e-05_3.29575755163768e-05
1016,20497,237-44-12-1-1,3.73104628487285e-06_3.73104628487285e-06_3.73104628487285e-06_3.73104628487285e-06_3.73104628487285e-06
1016,20498,112-14-4-2-1,6.84025152226688e-06_6.84025152226688e-06_6.84025152226688e-06_6.84025152226688e-06_6.84025152226688e-06
1016,20499,112-14-4-2-1,5.59656942730927e-06_5.59656942730927e-06_5.59656942730927e-06_5.59656942730927e-06_5.59656942730927e-06
1016,20500,7-4-4-2-1,9.94945675966092e-06_9.94945675966092e-06_9.94945675966092e-06_9.94945675966092e-06_9.94945675966092e-06
1016,20501,196-14-4-2-1,3.60667807537708e-05_3.60667807537708e-05_3.60667807537708e-05_3.60667807537708e-05_3.60667807537708e-05
1016,20502,180-40-4-2-1,1.49241851394914e-05_1.49241851394914e-05_1.49241851394914e-05_1.49241851394914e-05_1.49241851394914e-05
1016,20503,185-41-9-2-1,3.10920523739404e-06_3.10920523739404e-06_3.10920523739404e-06_3.10920523739404e-06_3.10920523739404e-06
1016,20504,18-12-8-1-1,3.10920523739404e-06_3.10920523739404e-06_3.10920523739404e-06_3.10920523739404e-06_3.10920523739404e-06
1016,20505,185-41-9-2-1,1.86552314243642e-06_1.86552314243642e-06_1.86552314243642e-06_1.86552314243642e-06_1.86552314243642e-06
1016,20506,205-12-8-1-1,1.05712978071397e-05_1.05712978071397e-05_1.05712978071397e-05_1.05712978071397e-05_1.05712978071397e-05
1016,20507,103-13-6-2-1,0.000303458431169658_0.000303458431169658_0.000303458431169658_0.000303458431169658_0.000303458431169658
1016,20508,205-12-8-1-1,3.10920523739404e-06_3.10920523739404e-06_3.10920523739404e-06_3.10920523739404e-06_3.10920523739404e-06
1016,20509,226-32-10-1-1,3.10920523739404e-06_3.10920523739404e-06_3.10920523739404e-06_3.10920523739404e-06_3.10920523739404e-06
1016,20510,44-13-6-2-1,1.05712978071397e-05_1.05712978071397e-05_1.05712978071397e-05_1.05712978071397e-05_1.05712978071397e-05
1016,20511,167-18-4-2-1,4.35288733235165e-06_4.35288733235165e-06_4.35288733235165e-06_4.35288733235165e-06_4.35288733235165e-06
1016,20512,172-40-4-2-1,3.10920523739404e-06_3.10920523739404e-06_3.10920523739404e-06_3.10920523739404e-06_3.10920523739404e-06
1016,20513,8-7-4-2-1,4.35288733235165e-06_4.35288733235165e-06_4.35288733235165e-06_4.35288733235165e-06_4.35288733235165e-06
1016,20514,128-7-4-2-1,5.59656942730927e-06_5.59656942730927e-06_5.59656942730927e-06_5.59656942730927e-06_5.59656942730927e-06
1016,20515,152-32-10-1-1,3.73104628487285e-06_3.73104628487285e-06_3.73104628487285e-06_3.73104628487285e-06_3.73104628487285e-06
1016,20516,205-12-8-1-1,9.32761571218212e-06_9.32761571218212e-06_9.32761571218212e-06_9.32761571218212e-06_9.32761571218212e-06
1016,20517,227-41-9-2-1,3.73104628487285e-06_3.73104628487285e-06_3.73104628487285e-06_3.73104628487285e-06_3.73104628487285e-06
1016,20518,141-42-12-1-1,3.10920523739404e-06_3.10920523739404e-06_3.10920523739404e-06_3.10920523739404e-06_3.10920523739404e-06
1016,20519,149-16-2-2-1,1.49241851394914e-05_1.49241851394914e-05_1.49241851394914e-05_1.49241851394914e-05_1.49241851394914e-05
1016,20520,228-17-10-1-1,9.32761571218212e-06_9.32761571218212e-06_9.32761571218212e-06_9.32761571218212e-06_9.32761571218212e-06
1016,20521,174-15-9-2-1,6.21841047478808e-06_6.21841047478808e-06_6.21841047478808e-06_6.21841047478808e-06_6.21841047478808e-06
1016,20522,144-43-4-2-1,6.84025152226688e-06_6.84025152226688e-06_6.84025152226688e-06_6.84025152226688e-06_6.84025152226688e-06
1016,20524,185-41-9-2-1,3.10920523739404e-06_3.10920523739404e-06_3.10920523739404e-06_3.10920523739404e-06_3.10920523739404e-06
1016,20525,28-16-2-2-1,0.000425339276475504_0.000425339276475504_0.000425339276475504_0.000425339276475504_0.000425339276475504
1016,20526,122-16-2-2-1,3.79323038962073e-05_3.79323038962073e-05_3.79323038962073e-05_3.79323038962073e-05_3.79323038962073e-05
1016,20527,185-41-9-2-1,3.10920523739404e-06_3.10920523739404e-06_3.10920523739404e-06_3.10920523739404e-06_3.10920523739404e-06
1016,20529,153-18-4-2-1,9.32761571218212e-06_9.32761571218212e-06_9.32761571218212e-06_9.32761571218212e-06_9.32761571218212e-06
1016,20530,172-40-4-2-1,3.10920523739404e-06_3.10920523739404e-06_3.10920523739404e-06_3.10920523739404e-06_3.10920523739404e-06
1016,20531,63-27-8-1-1,2.11425956142795e-05_2.11425956142795e-05_2.11425956142795e-05_2.11425956142795e-05_2.11425956142795e-05
1016,20532,160-30-1-1-1,1.11931388546185e-05_1.11931388546185e-05_1.11931388546185e-05_1.11931388546185e-05_1.11931388546185e-05
1016,20533,102-13-6-2-1,3.10920523739404e-05_3.10920523739404e-05_3.10920523739404e-05_3.10920523739404e-05_3.10920523739404e-05
1016,20534,185-41-9-2-1,2.48736418991523e-06_2.48736418991523e-06_2.48736418991523e-06_2.48736418991523e-06_2.48736418991523e-06
1016,20535,167-18-4-2-1,3.73104628487285e-06_3.73104628487285e-06_3.73104628487285e-06_3.73104628487285e-06_3.73104628487285e-06
1016,20536,71-29-2-2-1,1.3058661997055e-05_1.3058661997055e-05_1.3058661997055e-05_1.3058661997055e-05_1.3058661997055e-05
1016,20537,228-17-10-1-1,3.10920523739404e-06_3.10920523739404e-06_3.10920523739404e-06_3.10920523739404e-06_3.10920523739404e-06
1016,20538,70-27-8-1-1,4.97472837983046e-06_4.97472837983046e-06_4.97472837983046e-06_4.97472837983046e-06_4.97472837983046e-06
1016,20539,174-15-9-2-1,9.32761571218212e-06_9.32761571218212e-06_9.32761571218212e-06_9.32761571218212e-06_9.32761571218212e-06
1016,20540,57-7-4-2-1,8.0839336172245e-06_8.0839336172245e-06_8.0839336172245e-06_8.0839336172245e-06_8.0839336172245e-06
1016,20541,185-41-9-2-1,4.35288733235165e-06_4.35288733235165e-06_4.35288733235165e-06_4.35288733235165e-06_4.35288733235165e-06
1016,20542,183-23-8-1-1,5.59656942730927e-06_5.59656942730927e-06_5.59656942730927e-06_5.59656942730927e-06_5.59656942730927e-06
1016,20543,149-16-2-2-1,9.94945675966092e-06_9.94945675966092e-06_9.94945675966092e-06_9.94945675966092e-06_9.94945675966092e-06
1016,20544,39-22-8-1-1,1.49241851394914e-05_1.49241851394914e-05_1.49241851394914e-05_1.49241851394914e-05_1.49241851394914e-05
1016,20545,159-4-4-2-1,4.35288733235165e-06_4.35288733235165e-06_4.35288733235165e-06_4.35288733235165e-06_4.35288733235165e-06
1016,20547,18-12-8-1-1,8.0839336172245e-06_8.0839336172245e-06_8.0839336172245e-06_8.0839336172245e-06_8.0839336172245e-06
1016,20548,112-14-4-2-1,3.73104628487285e-06_3.73104628487285e-06_3.73104628487285e-06_3.73104628487285e-06_3.73104628487285e-06
1016,20549,122-16-2-2-1,1.05712978071397e-05_1.05712978071397e-05_1.05712978071397e-05_1.05712978071397e-05_1.05712978071397e-05
1016,20550,186-15-9-2-1,8.70577466470331e-06_8.70577466470331e-06_8.70577466470331e-06_8.70577466470331e-06_8.70577466470331e-06
1016,20553,76-4-4-2-1,4.35288733235165e-06_4.35288733235165e-06_4.35288733235165e-06_4.35288733235165e-06_4.35288733235165e-06
1016,20554,143-1-1-1-1,0.000174115493294066_0.000174115493294066_0.000174115493294066_0.000174115493294066_0.000174115493294066
1016,20555,159-4-4-2-1,1.98989135193218e-05_1.98989135193218e-05_1.98989135193218e-05_1.98989135193218e-05_1.98989135193218e-05
1016,20556,172-40-4-2-1,4.35288733235165e-06_4.35288733235165e-06_4.35288733235165e-06_4.35288733235165e-06_4.35288733235165e-06
1016,20557,112-14-4-2-1,4.97472837983046e-06_4.97472837983046e-06_4.97472837983046e-06_4.97472837983046e-06_4.97472837983046e-06
1016,20558,223-40-4-2-1,2.73610060890675e-05_2.73610060890675e-05_2.73610060890675e-05_2.73610060890675e-05_2.73610060890675e-05
1016,20559,234-24-7-1-1,7.21335615075417e-05_7.21335615075417e-05_7.21335615075417e-05_7.21335615075417e-05_7.21335615075417e-05
1016,20560,224-39-11-1-1,0.000254332988418832_0.000254332988418832_0.000254332988418832_0.000254332988418832_0.000254332988418832
1016,20561,112-14-4-2-1,3.10920523739404e-06_3.10920523739404e-06_3.10920523739404e-06_3.10920523739404e-06_3.10920523739404e-06
1016,20562,146-2-2-2-1,0.000470111831893979_0.000470111831893979_0.000470111831893979_0.000470111831893979_0.000470111831893979
1016,20563,82-6-6-2-1,2.73610060890675e-05_2.73610060890675e-05_2.73610060890675e-05_2.73610060890675e-05_2.73610060890675e-05
1016,20564,196-14-4-2-1,3.73104628487285e-06_3.73104628487285e-06_3.73104628487285e-06_3.73104628487285e-06_3.73104628487285e-06
1016,20565,186-15-9-2-1,3.73104628487285e-06_3.73104628487285e-06_3.73104628487285e-06_3.73104628487285e-06_3.73104628487285e-06
1016,20566,90-36-10-1-1,0.000159813149202054_0.000159813149202054_0.000159813149202054_0.000159813149202054_0.000159813149202054
1016,20567,68-30-1-1-1,3.73104628487285e-06_3.73104628487285e-06_3.73104628487285e-06_3.73104628487285e-06_3.73104628487285e-06
1016,20568,172-40-4-2-1,6.21841047478808e-06_6.21841047478808e-06_6.21841047478808e-06_6.21841047478808e-06_6.21841047478808e-06
1016,20569,70-27-8-1-1,3.10920523739404e-06_3.10920523739404e-06_3.10920523739404e-06_3.10920523739404e-06_3.10920523739404e-06
1016,20570,233-34-11-1-1,0.00334301747124607_0.00334301747124607_0.00334301747124607_0.00334301747124607_0.00334301747124607
1016,20571,71-29-2-2-1,2.79828471365463e-05_2.79828471365463e-05_2.79828471365463e-05_2.79828471365463e-05_2.79828471365463e-05
1016,20572,135-41-9-2-1,9.26543160743423e-05_9.26543160743423e-05_9.26543160743423e-05_9.26543160743423e-05_9.26543160743423e-05
1016,20573,35-20-9-2-1,6.21841047478808e-06_6.21841047478808e-06_6.21841047478808e-06_6.21841047478808e-06_6.21841047478808e-06
1016,20574,167-18-4-2-1,3.73104628487285e-06_3.73104628487285e-06_3.73104628487285e-06_3.73104628487285e-06_3.73104628487285e-06
1016,20575,176-20-9-2-1,4.97472837983046e-06_4.97472837983046e-06_4.97472837983046e-06_4.97472837983046e-06_4.97472837983046e-06
1016,20576,35-20-9-2-1,6.71588331277112e-05_6.71588331277112e-05_6.71588331277112e-05_6.71588331277112e-05_6.71588331277112e-05
1016,20577,44-13-6-2-1,1.3058661997055e-05_1.3058661997055e-05_1.3058661997055e-05_1.3058661997055e-05_1.3058661997055e-05
1016,20578,122-16-2-2-1,3.10920523739404e-06_3.10920523739404e-06_3.10920523739404e-06_3.10920523739404e-06_3.10920523739404e-06
1016,20579,122-16-2-2-1,1.05712978071397e-05_1.05712978071397e-05_1.05712978071397e-05_1.05712978071397e-05_1.05712978071397e-05
1016,20580,212-41-9-2-1,4.22851912285589e-05_4.22851912285589e-05_4.22851912285589e-05_4.22851912285589e-05_4.22851912285589e-05
1016,20581,128-7-4-2-1,1.74115493294066e-05_1.74115493294066e-05_1.74115493294066e-05_1.74115493294066e-05_1.74115493294066e-05
1016,20582,68-30-1-1-1,2.42518008516735e-05_2.42518008516735e-05_2.42518008516735e-05_2.42518008516735e-05_2.42518008516735e-05
1016,20583,8-7-4-2-1,3.73104628487285e-06_3.73104628487285e-06_3.73104628487285e-06_3.73104628487285e-06_3.73104628487285e-06
1016,20584,74-31-9-2-1,7.46209256974569e-06_7.46209256974569e-06_7.46209256974569e-06_7.46209256974569e-06_7.46209256974569e-06
1016,20585,140-42-12-1-1,9.94945675966092e-06_9.94945675966092e-06_9.94945675966092e-06_9.94945675966092e-06_9.94945675966092e-06
1016,20586,142-42-12-1-1,3.73104628487285e-06_3.73104628487285e-06_3.73104628487285e-06_3.73104628487285e-06_3.73104628487285e-06
1016,20588,18-12-8-1-1,4.35288733235165e-06_4.35288733235165e-06_4.35288733235165e-06_4.35288733235165e-06_4.35288733235165e-06
1016,20589,112-14-4-2-1,1.86552314243642e-05_1.86552314243642e-05_1.86552314243642e-05_1.86552314243642e-05_1.86552314243642e-05
1016,20590,26-15-9-2-1,7.46209256974569e-06_7.46209256974569e-06_7.46209256974569e-06_7.46209256974569e-06_7.46209256974569e-06
1016,20591,26-15-9-2-1,4.97472837983046e-06_4.97472837983046e-06_4.97472837983046e-06_4.97472837983046e-06_4.97472837983046e-06
1016,20592,122-16-2-2-1,4.29070322760377e-05_4.29070322760377e-05_4.29070322760377e-05_4.29070322760377e-05_4.29070322760377e-05
1016,20593,75-1-1-1-1,0.000136805030445338_0.000136805030445338_0.000136805030445338_0.000136805030445338_0.000136805030445338
1016,20594,189-12-8-1-1,3.73104628487285e-06_3.73104628487285e-06_3.73104628487285e-06_3.73104628487285e-06_3.73104628487285e-06
1016,20595,175-20-9-2-1,7.7730130934851e-05_7.7730130934851e-05_7.7730130934851e-05_7.7730130934851e-05_7.7730130934851e-05
1016,20596,5-5-5-1-1,8.70577466470331e-06_8.70577466470331e-06_8.70577466470331e-06_8.70577466470331e-06_8.70577466470331e-06
1016,20597,185-41-9-2-1,3.73104628487285e-06_3.73104628487285e-06_3.73104628487285e-06_3.73104628487285e-06_3.73104628487285e-06
1016,20598,111-8-3-1-1,0.000268013491463366_0.000268013491463366_0.000268013491463366_0.000268013491463366_0.000268013491463366
1016,20599,138-23-8-1-1,0.000149241851394914_0.000149241851394914_0.000149241851394914_0.000149241851394914_0.000149241851394914
1016,20600,160-30-1-1-1,2.48736418991523e-06_2.48736418991523e-06_2.48736418991523e-06_2.48736418991523e-06_2.48736418991523e-06
1016,20601,175-20-9-2-1,4.5394396465953e-05_4.5394396465953e-05_4.5394396465953e-05_4.5394396465953e-05_4.5394396465953e-05
1016,20602,204-35-4-2-1,1.18149799020973e-05_1.18149799020973e-05_1.18149799020973e-05_1.18149799020973e-05_1.18149799020973e-05
1016,20603,172-40-4-2-1,4.97472837983046e-06_4.97472837983046e-06_4.97472837983046e-06_4.97472837983046e-06_4.97472837983046e-06
1016,20604,33-16-2-2-1,3.66886218012497e-05_3.66886218012497e-05_3.66886218012497e-05_3.66886218012497e-05_3.66886218012497e-05
1016,20605,175-20-9-2-1,2.36299598041947e-05_2.36299598041947e-05_2.36299598041947e-05_2.36299598041947e-05_2.36299598041947e-05
1016,20606,113-31-9-2-1,0.000139914235682732_0.000139914235682732_0.000139914235682732_0.000139914235682732_0.000139914235682732
1016,20607,26-15-9-2-1,1.55460261869702e-05_1.55460261869702e-05_1.55460261869702e-05_1.55460261869702e-05_1.55460261869702e-05
1016,20608,26-15-9-2-1,1.3058661997055e-05_1.3058661997055e-05_1.3058661997055e-05_1.3058661997055e-05_1.3058661997055e-05
1016,20609,70-27-8-1-1,1.43023440920126e-05_1.43023440920126e-05_1.43023440920126e-05_1.43023440920126e-05_1.43023440920126e-05
1016,20610,166-18-4-2-1,3.73104628487285e-05_3.73104628487285e-05_3.73104628487285e-05_3.73104628487285e-05_3.73104628487285e-05
1016,20611,216-19-9-2-1,3.35794165638556e-05_3.35794165638556e-05_3.35794165638556e-05_3.35794165638556e-05_3.35794165638556e-05
1016,20612,185-41-9-2-1,5.59656942730927e-06_5.59656942730927e-06_5.59656942730927e-06_5.59656942730927e-06_5.59656942730927e-06
1016,20613,98-27-8-1-1,2.48736418991523e-05_2.48736418991523e-05_2.48736418991523e-05_2.48736418991523e-05_2.48736418991523e-05
1016,20614,68-30-1-1-1,1.6167867234449e-05_1.6167867234449e-05_1.6167867234449e-05_1.6167867234449e-05_1.6167867234449e-05
1016,20615,17-11-4-2-1,2.61173239941099e-05_2.61173239941099e-05_2.61173239941099e-05_2.61173239941099e-05_2.61173239941099e-05
1016,20616,66-29-2-2-1,1.36805030445338e-05_1.36805030445338e-05_1.36805030445338e-05_1.36805030445338e-05_1.36805030445338e-05
1016,20617,227-41-9-2-1,3.73104628487285e-06_3.73104628487285e-06_3.73104628487285e-06_3.73104628487285e-06_3.73104628487285e-06
1016,20618,190-20-9-2-1,0.000208938591952879_0.000208938591952879_0.000208938591952879_0.000208938591952879_0.000208938591952879
1016,20619,175-20-9-2-1,9.94945675966092e-06_9.94945675966092e-06_9.94945675966092e-06_9.94945675966092e-06_9.94945675966092e-06
1016,20620,193-40-4-2-1,1.98989135193218e-05_1.98989135193218e-05_1.98989135193218e-05_1.98989135193218e-05_1.98989135193218e-05
1016,20621,148-29-2-2-1,1.43023440920126e-05_1.43023440920126e-05_1.43023440920126e-05_1.43023440920126e-05_1.43023440920126e-05
1016,20622,205-12-8-1-1,3.10920523739404e-06_3.10920523739404e-06_3.10920523739404e-06_3.10920523739404e-06_3.10920523739404e-06
1016,20623,172-40-4-2-1,3.10920523739404e-06_3.10920523739404e-06_3.10920523739404e-06_3.10920523739404e-06_3.10920523739404e-06
1016,20624,159-4-4-2-1,1.9277072471843e-05_1.9277072471843e-05_1.9277072471843e-05_1.9277072471843e-05_1.9277072471843e-05
1016,20625,197-30-1-1-1,1.11931388546185e-05_1.11931388546185e-05_1.11931388546185e-05_1.11931388546185e-05_1.11931388546185e-05
1016,20626,196-14-4-2-1,1.43023440920126e-05_1.43023440920126e-05_1.43023440920126e-05_1.43023440920126e-05_1.43023440920126e-05
1016,20627,133-12-8-1-1,9.32761571218212e-06_9.32761571218212e-06_9.32761571218212e-06_9.32761571218212e-06_9.32761571218212e-06
1016,20628,133-12-8-1-1,3.42012576113344e-05_3.42012576113344e-05_3.42012576113344e-05_3.42012576113344e-05_3.42012576113344e-05
1016,20629,171-18-4-2-1,1.86552314243642e-05_1.86552314243642e-05_1.86552314243642e-05_1.86552314243642e-05_1.86552314243642e-05
1016,20630,133-12-8-1-1,1.6167867234449e-05_1.6167867234449e-05_1.6167867234449e-05_1.6167867234449e-05_1.6167867234449e-05
1016,20631,161-36-10-1-1,1.55460261869702e-05_1.55460261869702e-05_1.55460261869702e-05_1.55460261869702e-05_1.55460261869702e-05
1016,20632,76-4-4-2-1,3.97978270386437e-05_3.97978270386437e-05_3.97978270386437e-05_3.97978270386437e-05_3.97978270386437e-05
1016,20633,10-3-3-1-1,0.000123124527400804_0.000123124527400804_0.000123124527400804_0.000123124527400804_0.000123124527400804
1016,20634,185-41-9-2-1,3.10920523739404e-06_3.10920523739404e-06_3.10920523739404e-06_3.10920523739404e-06_3.10920523739404e-06
1016,20635,8-7-4-2-1,5.59656942730927e-06_5.59656942730927e-06_5.59656942730927e-06_5.59656942730927e-06_5.59656942730927e-06
1016,20636,149-16-2-2-1,9.94945675966092e-06_9.94945675966092e-06_9.94945675966092e-06_9.94945675966092e-06_9.94945675966092e-06
1016,20637,127-30-1-1-1,2.23862777092371e-05_2.23862777092371e-05_2.23862777092371e-05_2.23862777092371e-05_2.23862777092371e-05
1016,20638,185-41-9-2-1,3.73104628487285e-06_3.73104628487285e-06_3.73104628487285e-06_3.73104628487285e-06_3.73104628487285e-06
1016,20639,148-29-2-2-1,1.36805030445338e-05_1.36805030445338e-05_1.36805030445338e-05_1.36805030445338e-05_1.36805030445338e-05
1016,20640,98-27-8-1-1,3.10920523739404e-06_3.10920523739404e-06_3.10920523739404e-06_3.10920523739404e-06_3.10920523739404e-06
1016,20641,174-15-9-2-1,6.21841047478808e-06_6.21841047478808e-06_6.21841047478808e-06_6.21841047478808e-06_6.21841047478808e-06
1016,20642,112-14-4-2-1,4.35288733235165e-06_4.35288733235165e-06_4.35288733235165e-06_4.35288733235165e-06_4.35288733235165e-06
1016,20643,229-5-5-1-1,2.17644366617583e-05_2.17644366617583e-05_2.17644366617583e-05_2.17644366617583e-05_2.17644366617583e-05
1016,20644,140-42-12-1-1,1.18149799020973e-05_1.18149799020973e-05_1.18149799020973e-05_1.18149799020973e-05_1.18149799020973e-05
1016,20646,214-26-4-2-1,2.86046881840252e-05_2.86046881840252e-05_2.86046881840252e-05_2.86046881840252e-05_2.86046881840252e-05
1016,20647,109-28-5-1-1,7.46209256974569e-06_7.46209256974569e-06_7.46209256974569e-06_7.46209256974569e-06_7.46209256974569e-06
1016,20648,4-4-4-2-1,4.35288733235165e-06_4.35288733235165e-06_4.35288733235165e-06_4.35288733235165e-06_4.35288733235165e-06
1016,20649,214-26-4-2-1,1.24368209495762e-05_1.24368209495762e-05_1.24368209495762e-05_1.24368209495762e-05_1.24368209495762e-05
1016,20650,83-33-5-1-1,9.94945675966092e-06_9.94945675966092e-06_9.94945675966092e-06_9.94945675966092e-06_9.94945675966092e-06
1016,20651,148-29-2-2-1,4.35288733235165e-06_4.35288733235165e-06_4.35288733235165e-06_4.35288733235165e-06_4.35288733235165e-06
1016,20654,8-7-4-2-1,3.10920523739404e-06_3.10920523739404e-06_3.10920523739404e-06_3.10920523739404e-06_3.10920523739404e-06
1016,20655,172-40-4-2-1,4.35288733235165e-06_4.35288733235165e-06_4.35288733235165e-06_4.35288733235165e-06_4.35288733235165e-06
1016,20656,204-35-4-2-1,4.66380785609106e-05_4.66380785609106e-05_4.66380785609106e-05_4.66380785609106e-05_4.66380785609106e-05
1016,20657,44-13-6-2-1,5.96967405579655e-05_5.96967405579655e-05_5.96967405579655e-05_5.96967405579655e-05_5.96967405579655e-05
1016,20658,204-35-4-2-1,2.05207545668007e-05_2.05207545668007e-05_2.05207545668007e-05_2.05207545668007e-05_2.05207545668007e-05
1016,20659,7-4-4-2-1,6.21841047478808e-06_6.21841047478808e-06_6.21841047478808e-06_6.21841047478808e-06_6.21841047478808e-06
1016,20660,183-23-8-1-1,1.67897082819278e-05_1.67897082819278e-05_1.67897082819278e-05_1.67897082819278e-05_1.67897082819278e-05
1016,20661,185-41-9-2-1,2.48736418991523e-06_2.48736418991523e-06_2.48736418991523e-06_2.48736418991523e-06_2.48736418991523e-06
1016,20662,177-7-4-2-1,4.35288733235165e-06_4.35288733235165e-06_4.35288733235165e-06_4.35288733235165e-06_4.35288733235165e-06
1016,20663,160-30-1-1-1,6.21841047478808e-06_6.21841047478808e-06_6.21841047478808e-06_6.21841047478808e-06_6.21841047478808e-06
1016,20664,140-42-12-1-1,5.59656942730927e-06_5.59656942730927e-06_5.59656942730927e-06_5.59656942730927e-06_5.59656942730927e-06
1016,20665,140-42-12-1-1,4.97472837983046e-06_4.97472837983046e-06_4.97472837983046e-06_4.97472837983046e-06_4.97472837983046e-06
1016,20666,129-21-4-2-1,7.46209256974569e-06_7.46209256974569e-06_7.46209256974569e-06_7.46209256974569e-06_7.46209256974569e-06
1016,20667,185-41-9-2-1,4.97472837983046e-06_4.97472837983046e-06_4.97472837983046e-06_4.97472837983046e-06_4.97472837983046e-06
1016,20668,8-7-4-2-1,3.10920523739404e-06_3.10920523739404e-06_3.10920523739404e-06_3.10920523739404e-06_3.10920523739404e-06
1016,20669,185-41-9-2-1,3.10920523739404e-06_3.10920523739404e-06_3.10920523739404e-06_3.10920523739404e-06_3.10920523739404e-06
1016,20670,180-40-4-2-1,7.46209256974569e-06_7.46209256974569e-06_7.46209256974569e-06_7.46209256974569e-06_7.46209256974569e-06
1016,20671,199-19-9-2-1,3.10920523739404e-06_3.10920523739404e-06_3.10920523739404e-06_3.10920523739404e-06_3.10920523739404e-06
1016,20672,163-43-4-2-1,6.34277868428384e-05_6.34277868428384e-05_6.34277868428384e-05_6.34277868428384e-05_6.34277868428384e-05
1016,20673,163-43-4-2-1,2.42518008516735e-05_2.42518008516735e-05_2.42518008516735e-05_2.42518008516735e-05_2.42518008516735e-05
1016,20674,122-16-2-2-1,8.70577466470331e-06_8.70577466470331e-06_8.70577466470331e-06_8.70577466470331e-06_8.70577466470331e-06
1016,20675,102-13-6-2-1,9.94945675966092e-06_9.94945675966092e-06_9.94945675966092e-06_9.94945675966092e-06_9.94945675966092e-06
1016,20676,172-40-4-2-1,1.24368209495762e-05_1.24368209495762e-05_1.24368209495762e-05_1.24368209495762e-05_1.24368209495762e-05
1016,20677,185-41-9-2-1,3.10920523739404e-06_3.10920523739404e-06_3.10920523739404e-06_3.10920523739404e-06_3.10920523739404e-06
1016,20678,213-15-9-2-1,3.04702113264616e-05_3.04702113264616e-05_3.04702113264616e-05_3.04702113264616e-05_3.04702113264616e-05
1016,20679,40-23-8-1-1,4.35288733235165e-06_4.35288733235165e-06_4.35288733235165e-06_4.35288733235165e-06_4.35288733235165e-06
1016,20680,186-15-9-2-1,5.59656942730927e-06_5.59656942730927e-06_5.59656942730927e-06_5.59656942730927e-06_5.59656942730927e-06
1016,20681,34-19-9-2-1,4.97472837983046e-06_4.97472837983046e-06_4.97472837983046e-06_4.97472837983046e-06_4.97472837983046e-06
1016,20682,44-13-6-2-1,0.000283559517650336_0.000283559517650336_0.000283559517650336_0.000283559517650336_0.000283559517650336
1016,20683,153-18-4-2-1,1.11931388546185e-05_1.11931388546185e-05_1.11931388546185e-05_1.11931388546185e-05_1.11931388546185e-05
1016,20684,213-15-9-2-1,5.59656942730927e-06_5.59656942730927e-06_5.59656942730927e-06_5.59656942730927e-06_5.59656942730927e-06
1016,20685,153-18-4-2-1,0.000256820352608748_0.000256820352608748_0.000256820352608748_0.000256820352608748_0.000256820352608748
1016,20686,226-32-10-1-1,4.66380785609106e-05_4.66380785609106e-05_4.66380785609106e-05_4.66380785609106e-05_4.66380785609106e-05
1016,20687,127-30-1-1-1,1.05712978071397e-05_1.05712978071397e-05_1.05712978071397e-05_1.05712978071397e-05_1.05712978071397e-05
1016,20688,226-32-10-1-1,5.53438532256139e-05_5.53438532256139e-05_5.53438532256139e-05_5.53438532256139e-05_5.53438532256139e-05
1016,20689,122-16-2-2-1,0.000107578501213834_0.000107578501213834_0.000107578501213834_0.000107578501213834_0.000107578501213834
1016,20690,114-40-4-2-1,0.000129342937875592_0.000129342937875592_0.000129342937875592_0.000129342937875592_0.000129342937875592
1016,20691,70-27-8-1-1,4.35288733235165e-06_4.35288733235165e-06_4.35288733235165e-06_4.35288733235165e-06_4.35288733235165e-06
1016,20692,82-6-6-2-1,0.00261173239941099_0.00261173239941099_0.00261173239941099_0.00261173239941099_0.00261173239941099
1016,20693,213-15-9-2-1,9.94945675966092e-06_9.94945675966092e-06_9.94945675966092e-06_9.94945675966092e-06_9.94945675966092e-06
1016,20694,141-42-12-1-1,8.0839336172245e-06_8.0839336172245e-06_8.0839336172245e-06_8.0839336172245e-06_8.0839336172245e-06
1016,20696,216-19-9-2-1,3.10920523739404e-06_3.10920523739404e-06_3.10920523739404e-06_3.10920523739404e-06_3.10920523739404e-06
1016,20697,122-16-2-2-1,4.97472837983046e-06_4.97472837983046e-06_4.97472837983046e-06_4.97472837983046e-06_4.97472837983046e-06
1016,20698,8-7-4-2-1,4.35288733235165e-06_4.35288733235165e-06_4.35288733235165e-06_4.35288733235165e-06_4.35288733235165e-06
1016,20699,98-27-8-1-1,0.000111931388546185_0.000111931388546185_0.000111931388546185_0.000111931388546185_0.000111931388546185
1016,20700,140-42-12-1-1,5.59656942730927e-06_5.59656942730927e-06_5.59656942730927e-06_5.59656942730927e-06_5.59656942730927e-06
1016,20701,138-23-8-1-1,2.54954829466311e-05_2.54954829466311e-05_2.54954829466311e-05_2.54954829466311e-05_2.54954829466311e-05
1016,20703,116-36-10-1-1,4.35288733235165e-06_4.35288733235165e-06_4.35288733235165e-06_4.35288733235165e-06_4.35288733235165e-06
1016,20704,185-41-9-2-1,6.84025152226688e-06_6.84025152226688e-06_6.84025152226688e-06_6.84025152226688e-06_6.84025152226688e-06
1016,20705,26-15-9-2-1,2.11425956142795e-05_2.11425956142795e-05_2.11425956142795e-05_2.11425956142795e-05_2.11425956142795e-05
1016,20706,122-16-2-2-1,4.35288733235165e-06_4.35288733235165e-06_4.35288733235165e-06_4.35288733235165e-06_4.35288733235165e-06
1016,20707,161-36-10-1-1,4.35288733235165e-06_4.35288733235165e-06_4.35288733235165e-06_4.35288733235165e-06_4.35288733235165e-06
1016,20708,172-40-4-2-1,3.73104628487285e-06_3.73104628487285e-06_3.73104628487285e-06_3.73104628487285e-06_3.73104628487285e-06
1016,20709,79-32-10-1-1,6.84025152226688e-06_6.84025152226688e-06_6.84025152226688e-06_6.84025152226688e-06_6.84025152226688e-06
1016,20710,127-30-1-1-1,1.43023440920126e-05_1.43023440920126e-05_1.43023440920126e-05_1.43023440920126e-05_1.43023440920126e-05
1016,20711,151-19-9-2-1,9.32761571218211e-05_9.32761571218211e-05_9.32761571218211e-05_9.32761571218211e-05_9.32761571218211e-05
1016,20712,200-15-9-2-1,3.73104628487285e-06_3.73104628487285e-06_3.73104628487285e-06_3.73104628487285e-06_3.73104628487285e-06
1016,20713,11-4-4-2-1,8.0839336172245e-06_8.0839336172245e-06_8.0839336172245e-06_8.0839336172245e-06_8.0839336172245e-06
1016,20714,24-14-4-2-1,4.97472837983046e-06_4.97472837983046e-06_4.97472837983046e-06_4.97472837983046e-06_4.97472837983046e-06
1016,20715,161-36-10-1-1,1.24368209495762e-05_1.24368209495762e-05_1.24368209495762e-05_1.24368209495762e-05_1.24368209495762e-05
1016,20716,122-16-2-2-1,1.98989135193218e-05_1.98989135193218e-05_1.98989135193218e-05_1.98989135193218e-05_1.98989135193218e-05
1016,20717,151-19-9-2-1,1.86552314243642e-06_1.86552314243642e-06_1.86552314243642e-06_1.86552314243642e-06_1.86552314243642e-06
1016,20718,137-26-4-2-1,9.57635213117364e-05_9.57635213117364e-05_9.57635213117364e-05_9.57635213117364e-05_9.57635213117364e-05
1016,20719,103-13-6-2-1,0.000204585704620528_0.000204585704620528_0.000204585704620528_0.000204585704620528_0.000204585704620528
1016,20720,214-26-4-2-1,4.35288733235165e-06_4.35288733235165e-06_4.35288733235165e-06_4.35288733235165e-06_4.35288733235165e-06
1016,20721,221-35-4-2-1,1.11931388546185e-05_1.11931388546185e-05_1.11931388546185e-05_1.11931388546185e-05_1.11931388546185e-05
1016,20722,76-4-4-2-1,9.32761571218212e-06_9.32761571218212e-06_9.32761571218212e-06_9.32761571218212e-06_9.32761571218212e-06
1016,20723,103-13-6-2-1,0.000136805030445338_0.000136805030445338_0.000136805030445338_0.000136805030445338_0.000136805030445338
1016,20724,193-40-4-2-1,1.98989135193218e-05_1.98989135193218e-05_1.98989135193218e-05_1.98989135193218e-05_1.98989135193218e-05
1016,20725,185-41-9-2-1,3.10920523739404e-06_3.10920523739404e-06_3.10920523739404e-06_3.10920523739404e-06_3.10920523739404e-06
1016,20726,237-44-12-1-1,3.10920523739404e-06_3.10920523739404e-06_3.10920523739404e-06_3.10920523739404e-06_3.10920523739404e-06
1016,20727,124-29-2-2-1,0.000163544195486926_0.000163544195486926_0.000163544195486926_0.000163544195486926_0.000163544195486926
1016,20728,76-4-4-2-1,0.000272988219843197_0.000272988219843197_0.000272988219843197_0.000272988219843197_0.000272988219843197
1016,20729,69-29-2-2-1,2.54954829466311e-05_2.54954829466311e-05_2.54954829466311e-05_2.54954829466311e-05_2.54954829466311e-05
1016,20730,235-34-11-1-1,2.30081187567159e-05_2.30081187567159e-05_2.30081187567159e-05_2.30081187567159e-05_2.30081187567159e-05
1016,20731,51-22-8-1-1,1.6167867234449e-05_1.6167867234449e-05_1.6167867234449e-05_1.6167867234449e-05_1.6167867234449e-05
1016,20732,185-41-9-2-1,5.59656942730927e-06_5.59656942730927e-06_5.59656942730927e-06_5.59656942730927e-06_5.59656942730927e-06
1016,20733,191-37-4-2-1,4.16633501810801e-05_4.16633501810801e-05_4.16633501810801e-05_4.16633501810801e-05_4.16633501810801e-05
1016,20734,191-37-4-2-1,8.0839336172245e-06_8.0839336172245e-06_8.0839336172245e-06_8.0839336172245e-06_8.0839336172245e-06
1016,20735,58-13-6-2-1,9.38979981693e-05_9.38979981693e-05_9.38979981693e-05_9.38979981693e-05_9.38979981693e-05
1016,20736,168-2-2-2-1,1.36805030445338e-05_1.36805030445338e-05_1.36805030445338e-05_1.36805030445338e-05_1.36805030445338e-05
1016,20737,209-35-4-2-1,6.21841047478808e-06_6.21841047478808e-06_6.21841047478808e-06_6.21841047478808e-06_6.21841047478808e-06
1016,20738,29-17-10-1-1,0.00010944402435627_0.00010944402435627_0.00010944402435627_0.00010944402435627_0.00010944402435627
1016,20739,29-17-10-1-1,4.8503601703347e-05_4.8503601703347e-05_4.8503601703347e-05_4.8503601703347e-05_4.8503601703347e-05
1016,20740,34-19-9-2-1,5.59656942730927e-06_5.59656942730927e-06_5.59656942730927e-06_5.59656942730927e-06_5.59656942730927e-06
1016,20741,185-41-9-2-1,3.73104628487285e-06_3.73104628487285e-06_3.73104628487285e-06_3.73104628487285e-06_3.73104628487285e-06
1016,20742,14-9-7-1-1,0.000801553110200183_0.000801553110200183_0.000801553110200183_0.000801553110200183_0.000801553110200183
1016,20743,98-27-8-1-1,1.98989135193218e-05_1.98989135193218e-05_1.98989135193218e-05_1.98989135193218e-05_1.98989135193218e-05
1016,20744,45-5-5-1-1,3.73104628487285e-06_3.73104628487285e-06_3.73104628487285e-06_3.73104628487285e-06_3.73104628487285e-06
1016,20745,74-31-9-2-1,2.42518008516735e-05_2.42518008516735e-05_2.42518008516735e-05_2.42518008516735e-05_2.42518008516735e-05
1016,20746,32-18-4-2-1,2.23862777092371e-05_2.23862777092371e-05_2.23862777092371e-05_2.23862777092371e-05_2.23862777092371e-05
1016,20747,218-7-4-2-1,4.97472837983046e-06_4.97472837983046e-06_4.97472837983046e-06_4.97472837983046e-06_4.97472837983046e-06
1016,20748,223-40-4-2-1,2.23862777092371e-05_2.23862777092371e-05_2.23862777092371e-05_2.23862777092371e-05_2.23862777092371e-05
1016,20749,36-6-6-2-1,0.000399221952481395_0.000399221952481395_0.000399221952481395_0.000399221952481395_0.000399221952481395
1016,20750,58-13-6-2-1,3.66886218012497e-05_3.66886218012497e-05_3.66886218012497e-05_3.66886218012497e-05_3.66886218012497e-05
1016,20751,58-13-6-2-1,0.00016167867234449_0.00016167867234449_0.00016167867234449_0.00016167867234449_0.00016167867234449
1016,20752,58-13-6-2-1,4.41507143709953e-05_4.41507143709953e-05_4.41507143709953e-05_4.41507143709953e-05_4.41507143709953e-05
1016,20753,58-13-6-2-1,0.000326466549926374_0.000326466549926374_0.000326466549926374_0.000326466549926374_0.000326466549926374
1016,20754,4-4-4-2-1,7.46209256974569e-06_7.46209256974569e-06_7.46209256974569e-06_7.46209256974569e-06_7.46209256974569e-06
1016,20755,4-4-4-2-1,4.35288733235165e-06_4.35288733235165e-06_4.35288733235165e-06_4.35288733235165e-06_4.35288733235165e-06
1016,20756,126-29-2-2-1,4.35288733235165e-06_4.35288733235165e-06_4.35288733235165e-06_4.35288733235165e-06_4.35288733235165e-06
1016,20757,153-18-4-2-1,1.11931388546185e-05_1.11931388546185e-05_1.11931388546185e-05_1.11931388546185e-05_1.11931388546185e-05
1016,20758,103-13-6-2-1,0.000232568551757074_0.000232568551757074_0.000232568551757074_0.000232568551757074_0.000232568551757074
1016,20759,12-3-3-1-1,0.00079782206391531_0.00079782206391531_0.00079782206391531_0.00079782206391531_0.00079782206391531
1016,20760,44-13-6-2-1,1.55460261869702e-05_1.55460261869702e-05_1.55460261869702e-05_1.55460261869702e-05_1.55460261869702e-05
1016,20761,143-1-1-1-1,5.09909658932622e-05_5.09909658932622e-05_5.09909658932622e-05_5.09909658932622e-05_5.09909658932622e-05
1016,20762,113-31-9-2-1,2.67391650415887e-05_2.67391650415887e-05_2.67391650415887e-05_2.67391650415887e-05_2.67391650415887e-05
1016,20763,6-6-6-2-1,4.16633501810801e-05_4.16633501810801e-05_4.16633501810801e-05_4.16633501810801e-05_4.16633501810801e-05
1016,20764,170-43-4-2-1,2.36299598041947e-05_2.36299598041947e-05_2.36299598041947e-05_2.36299598041947e-05_2.36299598041947e-05
1016,20765,95-37-4-2-1,3.73104628487285e-06_3.73104628487285e-06_3.73104628487285e-06_3.73104628487285e-06_3.73104628487285e-06
1016,20766,126-29-2-2-1,1.18149799020973e-05_1.18149799020973e-05_1.18149799020973e-05_1.18149799020973e-05_1.18149799020973e-05
1016,20767,44-13-6-2-1,5.59656942730927e-06_5.59656942730927e-06_5.59656942730927e-06_5.59656942730927e-06_5.59656942730927e-06
1016,20768,6-6-6-2-1,2.9226529231504e-05_2.9226529231504e-05_2.9226529231504e-05_2.9226529231504e-05_2.9226529231504e-05
1016,20769,218-7-4-2-1,8.70577466470331e-06_8.70577466470331e-06_8.70577466470331e-06_8.70577466470331e-06_8.70577466470331e-06
1016,20770,134-29-2-2-1,4.91254427508258e-05_4.91254427508258e-05_4.91254427508258e-05_4.91254427508258e-05_4.91254427508258e-05
1016,20771,208-30-1-1-1,3.10920523739404e-06_3.10920523739404e-06_3.10920523739404e-06_3.10920523739404e-06_3.10920523739404e-06
1016,20772,1-1-1-1-1,2.79828471365463e-05_2.79828471365463e-05_2.79828471365463e-05_2.79828471365463e-05_2.79828471365463e-05
1016,20773,185-41-9-2-1,3.73104628487285e-06_3.73104628487285e-06_3.73104628487285e-06_3.73104628487285e-06_3.73104628487285e-06
1016,20774,197-30-1-1-1,4.5394396465953e-05_4.5394396465953e-05_4.5394396465953e-05_4.5394396465953e-05_4.5394396465953e-05
1016,20775,151-19-9-2-1,2.30081187567159e-05_2.30081187567159e-05_2.30081187567159e-05_2.30081187567159e-05_2.30081187567159e-05
1016,20776,197-30-1-1-1,2.61173239941099e-05_2.61173239941099e-05_2.61173239941099e-05_2.61173239941099e-05_2.61173239941099e-05
1016,20777,70-27-8-1-1,9.32761571218212e-06_9.32761571218212e-06_9.32761571218212e-06_9.32761571218212e-06_9.32761571218212e-06
1016,20778,194-31-9-2-1,4.35288733235165e-06_4.35288733235165e-06_4.35288733235165e-06_4.35288733235165e-06_4.35288733235165e-06
1016,20779,196-14-4-2-1,6.84025152226688e-06_6.84025152226688e-06_6.84025152226688e-06_6.84025152226688e-06_6.84025152226688e-06
1016,20780,221-35-4-2-1,6.21841047478808e-06_6.21841047478808e-06_6.21841047478808e-06_6.21841047478808e-06_6.21841047478808e-06
1016,20781,185-41-9-2-1,5.59656942730927e-06_5.59656942730927e-06_5.59656942730927e-06_5.59656942730927e-06_5.59656942730927e-06
1016,20782,98-27-8-1-1,1.05712978071397e-05_1.05712978071397e-05_1.05712978071397e-05_1.05712978071397e-05_1.05712978071397e-05
1016,20783,126-29-2-2-1,7.46209256974569e-06_7.46209256974569e-06_7.46209256974569e-06_7.46209256974569e-06_7.46209256974569e-06
1016,20784,67-2-2-2-1,1.3058661997055e-05_1.3058661997055e-05_1.3058661997055e-05_1.3058661997055e-05_1.3058661997055e-05
1016,20785,118-36-10-1-1,3.10920523739404e-06_3.10920523739404e-06_3.10920523739404e-06_3.10920523739404e-06_3.10920523739404e-06
1016,20786,166-18-4-2-1,4.35288733235165e-06_4.35288733235165e-06_4.35288733235165e-06_4.35288733235165e-06_4.35288733235165e-06
1016,20787,13-6-6-2-1,0.000180333903768854_0.000180333903768854_0.000180333903768854_0.000180333903768854_0.000180333903768854
1016,20788,76-4-4-2-1,1.6167867234449e-05_1.6167867234449e-05_1.6167867234449e-05_1.6167867234449e-05_1.6167867234449e-05
1016,20789,71-29-2-2-1,1.55460261869702e-05_1.55460261869702e-05_1.55460261869702e-05_1.55460261869702e-05_1.55460261869702e-05
1016,20790,185-41-9-2-1,3.10920523739404e-06_3.10920523739404e-06_3.10920523739404e-06_3.10920523739404e-06_3.10920523739404e-06
1016,20791,13-6-6-2-1,0.000227593823377244_0.000227593823377244_0.000227593823377244_0.000227593823377244_0.000227593823377244
1016,20792,64-28-5-1-1,0.000258064034703705_0.000258064034703705_0.000258064034703705_0.000258064034703705_0.000258064034703705
1016,20793,36-6-6-2-1,0.000590748995104867_0.000590748995104867_0.000590748995104867_0.000590748995104867_0.000590748995104867
1016,20794,127-30-1-1-1,6.21841047478808e-06_6.21841047478808e-06_6.21841047478808e-06_6.21841047478808e-06_6.21841047478808e-06
1016,20795,169-32-10-1-1,7.02680383651053e-05_7.02680383651053e-05_7.02680383651053e-05_7.02680383651053e-05_7.02680383651053e-05
1016,20796,47-22-8-1-1,1.36805030445338e-05_1.36805030445338e-05_1.36805030445338e-05_1.36805030445338e-05_1.36805030445338e-05
1016,20797,197-30-1-1-1,9.94945675966092e-05_9.94945675966092e-05_9.94945675966092e-05_9.94945675966092e-05_9.94945675966092e-05
1016,20798,112-14-4-2-1,4.97472837983046e-06_4.97472837983046e-06_4.97472837983046e-06_4.97472837983046e-06_4.97472837983046e-06
1016,20799,185-41-9-2-1,4.35288733235165e-06_4.35288733235165e-06_4.35288733235165e-06_4.35288733235165e-06_4.35288733235165e-06
1016,20800,45-5-5-1-1,2.9226529231504e-05_2.9226529231504e-05_2.9226529231504e-05_2.9226529231504e-05_2.9226529231504e-05
1016,20801,32-18-4-2-1,4.97472837983046e-06_4.97472837983046e-06_4.97472837983046e-06_4.97472837983046e-06_4.97472837983046e-06
1016,20802,122-16-2-2-1,9.32761571218212e-06_9.32761571218212e-06_9.32761571218212e-06_9.32761571218212e-06_9.32761571218212e-06
1016,20804,34-19-9-2-1,4.35288733235165e-06_4.35288733235165e-06_4.35288733235165e-06_4.35288733235165e-06_4.35288733235165e-06
1016,20805,128-7-4-2-1,3.35794165638556e-05_3.35794165638556e-05_3.35794165638556e-05_3.35794165638556e-05_3.35794165638556e-05
1016,20806,134-29-2-2-1,0.000138670553587774_0.000138670553587774_0.000138670553587774_0.000138670553587774_0.000138670553587774
1016,20807,159-4-4-2-1,3.10920523739404e-06_3.10920523739404e-06_3.10920523739404e-06_3.10920523739404e-06_3.10920523739404e-06
1016,20808,76-4-4-2-1,3.10920523739404e-06_3.10920523739404e-06_3.10920523739404e-06_3.10920523739404e-06_3.10920523739404e-06
1016,20809,8-7-4-2-1,2.61173239941099e-05_2.61173239941099e-05_2.61173239941099e-05_2.61173239941099e-05_2.61173239941099e-05
1016,20811,49-22-8-1-1,6.84025152226688e-06_6.84025152226688e-06_6.84025152226688e-06_6.84025152226688e-06_6.84025152226688e-06
1016,20812,116-36-10-1-1,3.10920523739404e-06_3.10920523739404e-06_3.10920523739404e-06_3.10920523739404e-06_3.10920523739404e-06
1016,20813,11-4-4-2-1,1.36805030445338e-05_1.36805030445338e-05_1.36805030445338e-05_1.36805030445338e-05_1.36805030445338e-05
1016,20814,199-19-9-2-1,2.23862777092371e-05_2.23862777092371e-05_2.23862777092371e-05_2.23862777092371e-05_2.23862777092371e-05
1016,20815,8-7-4-2-1,6.84025152226688e-06_6.84025152226688e-06_6.84025152226688e-06_6.84025152226688e-06_6.84025152226688e-06
1016,20816,140-42-12-1-1,6.21841047478808e-06_6.21841047478808e-06_6.21841047478808e-06_6.21841047478808e-06_6.21841047478808e-06
1016,20817,29-17-10-1-1,1.43023440920126e-05_1.43023440920126e-05_1.43023440920126e-05_1.43023440920126e-05_1.43023440920126e-05
1016,20819,140-42-12-1-1,1.05712978071397e-05_1.05712978071397e-05_1.05712978071397e-05_1.05712978071397e-05_1.05712978071397e-05
1016,20820,140-42-12-1-1,3.10920523739404e-06_3.10920523739404e-06_3.10920523739404e-06_3.10920523739404e-06_3.10920523739404e-06
1016,20822,142-42-12-1-1,3.10920523739404e-06_3.10920523739404e-06_3.10920523739404e-06_3.10920523739404e-06_3.10920523739404e-06
1016,20823,140-42-12-1-1,6.21841047478808e-06_6.21841047478808e-06_6.21841047478808e-06_6.21841047478808e-06_6.21841047478808e-06
1016,20824,142-42-12-1-1,4.35288733235165e-06_4.35288733235165e-06_4.35288733235165e-06_4.35288733235165e-06_4.35288733235165e-06
1016,20825,159-4-4-2-1,4.10415091336013e-05_4.10415091336013e-05_4.10415091336013e-05_4.10415091336013e-05_4.10415091336013e-05
1016,20826,134-29-2-2-1,8.0839336172245e-06_8.0839336172245e-06_8.0839336172245e-06_8.0839336172245e-06_8.0839336172245e-06
1016,20827,1-1-1-1-1,4.35288733235165e-06_4.35288733235165e-06_4.35288733235165e-06_4.35288733235165e-06_4.35288733235165e-06
1016,20828,142-42-12-1-1,3.10920523739404e-06_3.10920523739404e-06_3.10920523739404e-06_3.10920523739404e-06_3.10920523739404e-06
1016,20829,185-41-9-2-1,3.10920523739404e-06_3.10920523739404e-06_3.10920523739404e-06_3.10920523739404e-06_3.10920523739404e-06
1016,20830,140-42-12-1-1,3.10920523739404e-06_3.10920523739404e-06_3.10920523739404e-06_3.10920523739404e-06_3.10920523739404e-06
1016,20832,175-20-9-2-1,2.36299598041947e-05_2.36299598041947e-05_2.36299598041947e-05_2.36299598041947e-05_2.36299598041947e-05
1016,20833,142-42-12-1-1,3.73104628487285e-06_3.73104628487285e-06_3.73104628487285e-06_3.73104628487285e-06_3.73104628487285e-06
1016,20834,200-15-9-2-1,2.11425956142795e-05_2.11425956142795e-05_2.11425956142795e-05_2.11425956142795e-05_2.11425956142795e-05
1016,20835,140-42-12-1-1,3.10920523739404e-06_3.10920523739404e-06_3.10920523739404e-06_3.10920523739404e-06_3.10920523739404e-06
1016,20836,172-40-4-2-1,7.46209256974569e-06_7.46209256974569e-06_7.46209256974569e-06_7.46209256974569e-06_7.46209256974569e-06
1016,20837,140-42-12-1-1,3.73104628487285e-06_3.73104628487285e-06_3.73104628487285e-06_3.73104628487285e-06_3.73104628487285e-06
1016,20838,140-42-12-1-1,7.46209256974569e-06_7.46209256974569e-06_7.46209256974569e-06_7.46209256974569e-06_7.46209256974569e-06
1016,20839,140-42-12-1-1,4.35288733235165e-06_4.35288733235165e-06_4.35288733235165e-06_4.35288733235165e-06_4.35288733235165e-06
1016,20840,140-42-12-1-1,1.6167867234449e-05_1.6167867234449e-05_1.6167867234449e-05_1.6167867234449e-05_1.6167867234449e-05
1016,20841,140-42-12-1-1,3.73104628487285e-06_3.73104628487285e-06_3.73104628487285e-06_3.73104628487285e-06_3.73104628487285e-06
1016,20843,171-18-4-2-1,4.97472837983046e-06_4.97472837983046e-06_4.97472837983046e-06_4.97472837983046e-06_4.97472837983046e-06
1016,20844,175-20-9-2-1,6.84025152226688e-06_6.84025152226688e-06_6.84025152226688e-06_6.84025152226688e-06_6.84025152226688e-06
1016,20845,204-35-4-2-1,3.73104628487285e-06_3.73104628487285e-06_3.73104628487285e-06_3.73104628487285e-06_3.73104628487285e-06
1016,20846,35-20-9-2-1,1.98989135193218e-05_1.98989135193218e-05_1.98989135193218e-05_1.98989135193218e-05_1.98989135193218e-05
1016,20847,142-42-12-1-1,3.10920523739404e-06_3.10920523739404e-06_3.10920523739404e-06_3.10920523739404e-06_3.10920523739404e-06
1016,20849,142-42-12-1-1,3.10920523739404e-06_3.10920523739404e-06_3.10920523739404e-06_3.10920523739404e-06_3.10920523739404e-06
1016,20850,66-29-2-2-1,3.10920523739404e-06_3.10920523739404e-06_3.10920523739404e-06_3.10920523739404e-06_3.10920523739404e-06
1016,20851,140-42-12-1-1,4.97472837983046e-06_4.97472837983046e-06_4.97472837983046e-06_4.97472837983046e-06_4.97472837983046e-06
1016,20852,177-7-4-2-1,1.80333903768854e-05_1.80333903768854e-05_1.80333903768854e-05_1.80333903768854e-05_1.80333903768854e-05
1016,20854,1-1-1-1-1,1.6167867234449e-05_1.6167867234449e-05_1.6167867234449e-05_1.6167867234449e-05_1.6167867234449e-05
1016,20855,67-2-2-2-1,3.10920523739404e-06_3.10920523739404e-06_3.10920523739404e-06_3.10920523739404e-06_3.10920523739404e-06
1016,20856,166-18-4-2-1,1.98989135193218e-05_1.98989135193218e-05_1.98989135193218e-05_1.98989135193218e-05_1.98989135193218e-05
1016,20857,66-29-2-2-1,1.05712978071397e-05_1.05712978071397e-05_1.05712978071397e-05_1.05712978071397e-05_1.05712978071397e-05
1016,20858,140-42-12-1-1,3.73104628487285e-06_3.73104628487285e-06_3.73104628487285e-06_3.73104628487285e-06_3.73104628487285e-06
1016,20859,141-42-12-1-1,4.35288733235165e-06_4.35288733235165e-06_4.35288733235165e-06_4.35288733235165e-06_4.35288733235165e-06
1016,20860,161-36-10-1-1,3.10920523739404e-06_3.10920523739404e-06_3.10920523739404e-06_3.10920523739404e-06_3.10920523739404e-06
1016,20861,235-34-11-1-1,7.46209256974569e-05_7.46209256974569e-05_7.46209256974569e-05_7.46209256974569e-05_7.46209256974569e-05
1016,20862,185-41-9-2-1,7.46209256974569e-06_7.46209256974569e-06_7.46209256974569e-06_7.46209256974569e-06_7.46209256974569e-06
1016,20863,176-20-9-2-1,3.10920523739404e-06_3.10920523739404e-06_3.10920523739404e-06_3.10920523739404e-06_3.10920523739404e-06
1016,20864,191-37-4-2-1,6.21841047478808e-06_6.21841047478808e-06_6.21841047478808e-06_6.21841047478808e-06_6.21841047478808e-06
1016,20865,212-41-9-2-1,9.32761571218212e-06_9.32761571218212e-06_9.32761571218212e-06_9.32761571218212e-06_9.32761571218212e-06
1016,20866,176-20-9-2-1,6.21841047478808e-06_6.21841047478808e-06_6.21841047478808e-06_6.21841047478808e-06_6.21841047478808e-06
1016,20867,147-11-4-2-1,3.73104628487285e-06_3.73104628487285e-06_3.73104628487285e-06_3.73104628487285e-06_3.73104628487285e-06
1016,20869,29-17-10-1-1,1.18149799020973e-05_1.18149799020973e-05_1.18149799020973e-05_1.18149799020973e-05_1.18149799020973e-05
1016,20870,203-11-4-2-1,1.80333903768854e-05_1.80333903768854e-05_1.80333903768854e-05_1.80333903768854e-05_1.80333903768854e-05
1016,20871,29-17-10-1-1,3.10920523739404e-05_3.10920523739404e-05_3.10920523739404e-05_3.10920523739404e-05_3.10920523739404e-05
1016,20872,29-17-10-1-1,0.000156082102917181_0.000156082102917181_0.000156082102917181_0.000156082102917181_0.000156082102917181
1016,20873,142-42-12-1-1,9.94945675966092e-06_9.94945675966092e-06_9.94945675966092e-06_9.94945675966092e-06_9.94945675966092e-06
1016,20874,29-17-10-1-1,0.000554060373303618_0.000554060373303618_0.000554060373303618_0.000554060373303618_0.000554060373303618
1016,20875,189-12-8-1-1,6.21841047478808e-06_6.21841047478808e-06_6.21841047478808e-06_6.21841047478808e-06_6.21841047478808e-06
1016,20876,137-26-4-2-1,7.46209256974569e-06_7.46209256974569e-06_7.46209256974569e-06_7.46209256974569e-06_7.46209256974569e-06
1016,20877,140-42-12-1-1,3.73104628487285e-06_3.73104628487285e-06_3.73104628487285e-06_3.73104628487285e-06_3.73104628487285e-06
1016,20878,171-18-4-2-1,5.59656942730927e-06_5.59656942730927e-06_5.59656942730927e-06_5.59656942730927e-06_5.59656942730927e-06
1016,20879,152-32-10-1-1,4.35288733235165e-06_4.35288733235165e-06_4.35288733235165e-06_4.35288733235165e-06_4.35288733235165e-06
1016,20880,172-40-4-2-1,4.35288733235165e-06_4.35288733235165e-06_4.35288733235165e-06_4.35288733235165e-06_4.35288733235165e-06
1016,20881,142-42-12-1-1,3.10920523739404e-06_3.10920523739404e-06_3.10920523739404e-06_3.10920523739404e-06_3.10920523739404e-06
1016,20882,152-32-10-1-1,4.35288733235165e-06_4.35288733235165e-06_4.35288733235165e-06_4.35288733235165e-06_4.35288733235165e-06
1016,20883,142-42-12-1-1,3.10920523739404e-06_3.10920523739404e-06_3.10920523739404e-06_3.10920523739404e-06_3.10920523739404e-06
1016,20884,142-42-12-1-1,3.10920523739404e-06_3.10920523739404e-06_3.10920523739404e-06_3.10920523739404e-06_3.10920523739404e-06
1016,20885,142-42-12-1-1,4.35288733235165e-06_4.35288733235165e-06_4.35288733235165e-06_4.35288733235165e-06_4.35288733235165e-06
1016,20886,29-17-10-1-1,1.18149799020973e-05_1.18149799020973e-05_1.18149799020973e-05_1.18149799020973e-05_1.18149799020973e-05
1016,20887,142-42-12-1-1,3.10920523739404e-06_3.10920523739404e-06_3.10920523739404e-06_3.10920523739404e-06_3.10920523739404e-06
1016,20888,142-42-12-1-1,3.10920523739404e-06_3.10920523739404e-06_3.10920523739404e-06_3.10920523739404e-06_3.10920523739404e-06
1016,20890,236-42-12-1-1,4.35288733235165e-06_4.35288733235165e-06_4.35288733235165e-06_4.35288733235165e-06_4.35288733235165e-06
1016,20891,236-42-12-1-1,8.20830182672026e-05_8.20830182672026e-05_8.20830182672026e-05_8.20830182672026e-05_8.20830182672026e-05
1016,20892,66-29-2-2-1,1.43023440920126e-05_1.43023440920126e-05_1.43023440920126e-05_1.43023440920126e-05_1.43023440920126e-05
1016,20893,159-4-4-2-1,2.73610060890675e-05_2.73610060890675e-05_2.73610060890675e-05_2.73610060890675e-05_2.73610060890675e-05
1016,20894,17-11-4-2-1,3.73104628487285e-06_3.73104628487285e-06_3.73104628487285e-06_3.73104628487285e-06_3.73104628487285e-06
1016,20895,142-42-12-1-1,3.10920523739404e-06_3.10920523739404e-06_3.10920523739404e-06_3.10920523739404e-06_3.10920523739404e-06
1016,20896,140-42-12-1-1,3.10920523739404e-06_3.10920523739404e-06_3.10920523739404e-06_3.10920523739404e-06_3.10920523739404e-06
1016,20898,213-15-9-2-1,1.55460261869702e-05_1.55460261869702e-05_1.55460261869702e-05_1.55460261869702e-05_1.55460261869702e-05
1016,20899,140-42-12-1-1,4.97472837983046e-06_4.97472837983046e-06_4.97472837983046e-06_4.97472837983046e-06_4.97472837983046e-06
1016,20900,140-42-12-1-1,3.73104628487285e-06_3.73104628487285e-06_3.73104628487285e-06_3.73104628487285e-06_3.73104628487285e-06
1016,20901,235-34-11-1-1,5.09909658932622e-05_5.09909658932622e-05_5.09909658932622e-05_5.09909658932622e-05_5.09909658932622e-05
1016,20902,45-5-5-1-1,1.6167867234449e-05_1.6167867234449e-05_1.6167867234449e-05_1.6167867234449e-05_1.6167867234449e-05
1016,20903,229-5-5-1-1,7.27554025550205e-05_7.27554025550205e-05_7.27554025550205e-05_7.27554025550205e-05_7.27554025550205e-05
1016,20904,140-42-12-1-1,5.59656942730927e-06_5.59656942730927e-06_5.59656942730927e-06_5.59656942730927e-06_5.59656942730927e-06
1016,20905,134-29-2-2-1,2.17644366617583e-05_2.17644366617583e-05_2.17644366617583e-05_2.17644366617583e-05_2.17644366617583e-05
1016,20906,235-34-11-1-1,2.48736418991523e-05_2.48736418991523e-05_2.48736418991523e-05_2.48736418991523e-05_2.48736418991523e-05
1016,20908,142-42-12-1-1,8.0839336172245e-06_8.0839336172245e-06_8.0839336172245e-06_8.0839336172245e-06_8.0839336172245e-06
1016,20909,140-42-12-1-1,3.73104628487285e-06_3.73104628487285e-06_3.73104628487285e-06_3.73104628487285e-06_3.73104628487285e-06
1016,20910,142-42-12-1-1,6.21841047478808e-06_6.21841047478808e-06_6.21841047478808e-06_6.21841047478808e-06_6.21841047478808e-06
1016,20911,98-27-8-1-1,4.35288733235165e-06_4.35288733235165e-06_4.35288733235165e-06_4.35288733235165e-06_4.35288733235165e-06
1016,20912,147-11-4-2-1,6.21841047478808e-06_6.21841047478808e-06_6.21841047478808e-06_6.21841047478808e-06_6.21841047478808e-06
1016,20913,140-42-12-1-1,6.84025152226688e-06_6.84025152226688e-06_6.84025152226688e-06_6.84025152226688e-06_6.84025152226688e-06
1016,20914,225-31-9-2-1,6.40496278903172e-05_6.40496278903172e-05_6.40496278903172e-05_6.40496278903172e-05_6.40496278903172e-05
1016,20916,140-42-12-1-1,7.46209256974569e-06_7.46209256974569e-06_7.46209256974569e-06_7.46209256974569e-06_7.46209256974569e-06
1016,20917,66-29-2-2-1,3.10920523739404e-06_3.10920523739404e-06_3.10920523739404e-06_3.10920523739404e-06_3.10920523739404e-06
1016,20918,185-41-9-2-1,6.21841047478808e-06_6.21841047478808e-06_6.21841047478808e-06_6.21841047478808e-06_6.21841047478808e-06
1016,20919,140-42-12-1-1,9.32761571218212e-06_9.32761571218212e-06_9.32761571218212e-06_9.32761571218212e-06_9.32761571218212e-06
1016,20920,140-42-12-1-1,4.97472837983046e-06_4.97472837983046e-06_4.97472837983046e-06_4.97472837983046e-06_4.97472837983046e-06
1016,20921,142-42-12-1-1,3.10920523739404e-06_3.10920523739404e-06_3.10920523739404e-06_3.10920523739404e-06_3.10920523739404e-06
1016,20922,127-30-1-1-1,8.70577466470331e-06_8.70577466470331e-06_8.70577466470331e-06_8.70577466470331e-06_8.70577466470331e-06
1016,20923,176-20-9-2-1,4.97472837983046e-06_4.97472837983046e-06_4.97472837983046e-06_4.97472837983046e-06_4.97472837983046e-06
1016,20925,1-1-1-1-1,9.32761571218212e-06_9.32761571218212e-06_9.32761571218212e-06_9.32761571218212e-06_9.32761571218212e-06
1016,20926,209-35-4-2-1,4.97472837983046e-06_4.97472837983046e-06_4.97472837983046e-06_4.97472837983046e-06_4.97472837983046e-06
1016,20928,189-12-8-1-1,3.10920523739404e-06_3.10920523739404e-06_3.10920523739404e-06_3.10920523739404e-06_3.10920523739404e-06
1016,20929,229-5-5-1-1,4.97472837983046e-05_4.97472837983046e-05_4.97472837983046e-05_4.97472837983046e-05_4.97472837983046e-05
1016,20930,76-4-4-2-1,4.97472837983046e-06_4.97472837983046e-06_4.97472837983046e-06_4.97472837983046e-06_4.97472837983046e-06
1016,20931,185-41-9-2-1,1.49241851394914e-05_1.49241851394914e-05_1.49241851394914e-05_1.49241851394914e-05_1.49241851394914e-05
1016,20932,142-42-12-1-1,5.59656942730927e-06_5.59656942730927e-06_5.59656942730927e-06_5.59656942730927e-06_5.59656942730927e-06
1016,20933,185-41-9-2-1,1.24368209495762e-05_1.24368209495762e-05_1.24368209495762e-05_1.24368209495762e-05_1.24368209495762e-05
1016,20934,161-36-10-1-1,3.73104628487285e-06_3.73104628487285e-06_3.73104628487285e-06_3.73104628487285e-06_3.73104628487285e-06
1016,20935,178-44-12-1-1,2.23862777092371e-05_2.23862777092371e-05_2.23862777092371e-05_2.23862777092371e-05_2.23862777092371e-05
1016,20936,160-30-1-1-1,4.35288733235165e-06_4.35288733235165e-06_4.35288733235165e-06_4.35288733235165e-06_4.35288733235165e-06
1016,20937,29-17-10-1-1,5.59656942730927e-06_5.59656942730927e-06_5.59656942730927e-06_5.59656942730927e-06_5.59656942730927e-06
1016,20938,29-17-10-1-1,9.94945675966092e-06_9.94945675966092e-06_9.94945675966092e-06_9.94945675966092e-06_9.94945675966092e-06
1016,20939,29-17-10-1-1,1.05712978071397e-05_1.05712978071397e-05_1.05712978071397e-05_1.05712978071397e-05_1.05712978071397e-05
1016,20940,234-24-7-1-1,5.59656942730927e-05_5.59656942730927e-05_5.59656942730927e-05_5.59656942730927e-05_5.59656942730927e-05
1016,20941,142-42-12-1-1,3.10920523739404e-06_3.10920523739404e-06_3.10920523739404e-06_3.10920523739404e-06_3.10920523739404e-06
1016,20942,29-17-10-1-1,1.55460261869702e-05_1.55460261869702e-05_1.55460261869702e-05_1.55460261869702e-05_1.55460261869702e-05
1016,20943,185-41-9-2-1,2.11425956142795e-05_2.11425956142795e-05_2.11425956142795e-05_2.11425956142795e-05_2.11425956142795e-05
1016,20944,235-34-11-1-1,1.74115493294066e-05_1.74115493294066e-05_1.74115493294066e-05_1.74115493294066e-05_1.74115493294066e-05
1016,20945,235-34-11-1-1,2.54954829466311e-05_2.54954829466311e-05_2.54954829466311e-05_2.54954829466311e-05_2.54954829466311e-05
1016,20946,159-4-4-2-1,5.59656942730927e-06_5.59656942730927e-06_5.59656942730927e-06_5.59656942730927e-06_5.59656942730927e-06
1016,20947,87-34-11-1-1,0.000419742707048195_0.000419742707048195_0.000419742707048195_0.000419742707048195_0.000419742707048195
1016,20948,166-18-4-2-1,6.84025152226688e-06_6.84025152226688e-06_6.84025152226688e-06_6.84025152226688e-06_6.84025152226688e-06
1016,20949,134-29-2-2-1,6.21841047478808e-06_6.21841047478808e-06_6.21841047478808e-06_6.21841047478808e-06_6.21841047478808e-06
1016,20950,142-42-12-1-1,3.10920523739404e-06_3.10920523739404e-06_3.10920523739404e-06_3.10920523739404e-06_3.10920523739404e-06
1016,20951,142-42-12-1-1,3.10920523739404e-06_3.10920523739404e-06_3.10920523739404e-06_3.10920523739404e-06_3.10920523739404e-06
1016,20952,142-42-12-1-1,8.70577466470331e-06_8.70577466470331e-06_8.70577466470331e-06_8.70577466470331e-06_8.70577466470331e-06
1016,20953,141-42-12-1-1,8.0839336172245e-06_8.0839336172245e-06_8.0839336172245e-06_8.0839336172245e-06_8.0839336172245e-06
1016,20954,140-42-12-1-1,5.59656942730927e-06_5.59656942730927e-06_5.59656942730927e-06_5.59656942730927e-06_5.59656942730927e-06
1016,20955,8-7-4-2-1,4.35288733235165e-06_4.35288733235165e-06_4.35288733235165e-06_4.35288733235165e-06_4.35288733235165e-06
1016,20956,142-42-12-1-1,3.10920523739404e-06_3.10920523739404e-06_3.10920523739404e-06_3.10920523739404e-06_3.10920523739404e-06
1016,20957,134-29-2-2-1,9.94945675966092e-06_9.94945675966092e-06_9.94945675966092e-06_9.94945675966092e-06_9.94945675966092e-06
1016,20958,141-42-12-1-1,4.97472837983046e-06_4.97472837983046e-06_4.97472837983046e-06_4.97472837983046e-06_4.97472837983046e-06
1016,20959,185-41-9-2-1,4.35288733235165e-06_4.35288733235165e-06_4.35288733235165e-06_4.35288733235165e-06_4.35288733235165e-06
1016,20960,45-5-5-1-1,8.0839336172245e-06_8.0839336172245e-06_8.0839336172245e-06_8.0839336172245e-06_8.0839336172245e-06
1016,20961,126-29-2-2-1,3.73104628487285e-05_3.73104628487285e-05_3.73104628487285e-05_3.73104628487285e-05_3.73104628487285e-05
1016,20962,142-42-12-1-1,1.05712978071397e-05_1.05712978071397e-05_1.05712978071397e-05_1.05712978071397e-05_1.05712978071397e-05
1016,20963,159-4-4-2-1,2.23862777092371e-05_2.23862777092371e-05_2.23862777092371e-05_2.23862777092371e-05_2.23862777092371e-05
1016,20964,142-42-12-1-1,4.35288733235165e-06_4.35288733235165e-06_4.35288733235165e-06_4.35288733235165e-06_4.35288733235165e-06
1016,20965,140-42-12-1-1,9.94945675966092e-06_9.94945675966092e-06_9.94945675966092e-06_9.94945675966092e-06_9.94945675966092e-06
1016,20966,29-17-10-1-1,5.59656942730927e-06_5.59656942730927e-06_5.59656942730927e-06_5.59656942730927e-06_5.59656942730927e-06
1016,20967,185-41-9-2-1,4.35288733235165e-06_4.35288733235165e-06_4.35288733235165e-06_4.35288733235165e-06_4.35288733235165e-06
1016,20968,66-29-2-2-1,6.21841047478808e-06_6.21841047478808e-06_6.21841047478808e-06_6.21841047478808e-06_6.21841047478808e-06
1016,20969,134-29-2-2-1,6.84025152226688e-06_6.84025152226688e-06_6.84025152226688e-06_6.84025152226688e-06_6.84025152226688e-06
1016,20970,8-7-4-2-1,5.59656942730927e-06_5.59656942730927e-06_5.59656942730927e-06_5.59656942730927e-06_5.59656942730927e-06
1016,20971,29-17-10-1-1,3.66886218012497e-05_3.66886218012497e-05_3.66886218012497e-05_3.66886218012497e-05_3.66886218012497e-05
1016,20972,140-42-12-1-1,3.73104628487285e-06_3.73104628487285e-06_3.73104628487285e-06_3.73104628487285e-06_3.73104628487285e-06
1016,20974,132-42-12-1-1,6.84025152226688e-06_6.84025152226688e-06_6.84025152226688e-06_6.84025152226688e-06_6.84025152226688e-06
1016,20975,142-42-12-1-1,4.35288733235165e-06_4.35288733235165e-06_4.35288733235165e-06_4.35288733235165e-06_4.35288733235165e-06
1016,20976,216-19-9-2-1,3.10920523739404e-06_3.10920523739404e-06_3.10920523739404e-06_3.10920523739404e-06_3.10920523739404e-06
1016,20977,29-17-10-1-1,8.70577466470331e-06_8.70577466470331e-06_8.70577466470331e-06_8.70577466470331e-06_8.70577466470331e-06
1016,20978,140-42-12-1-1,4.97472837983046e-06_4.97472837983046e-06_4.97472837983046e-06_4.97472837983046e-06_4.97472837983046e-06
1016,20979,29-17-10-1-1,1.05712978071397e-05_1.05712978071397e-05_1.05712978071397e-05_1.05712978071397e-05_1.05712978071397e-05
1016,20980,185-41-9-2-1,9.32761571218212e-06_9.32761571218212e-06_9.32761571218212e-06_9.32761571218212e-06_9.32761571218212e-06
1016,20981,227-41-9-2-1,7.46209256974569e-06_7.46209256974569e-06_7.46209256974569e-06_7.46209256974569e-06_7.46209256974569e-06
1016,20982,185-41-9-2-1,2.48736418991523e-06_2.48736418991523e-06_2.48736418991523e-06_2.48736418991523e-06_2.48736418991523e-06
1016,20983,140-42-12-1-1,3.73104628487285e-06_3.73104628487285e-06_3.73104628487285e-06_3.73104628487285e-06_3.73104628487285e-06
1016,20984,171-18-4-2-1,3.73104628487285e-06_3.73104628487285e-06_3.73104628487285e-06_3.73104628487285e-06_3.73104628487285e-06
1016,20985,142-42-12-1-1,3.73104628487285e-06_3.73104628487285e-06_3.73104628487285e-06_3.73104628487285e-06_3.73104628487285e-06
1016,20986,209-35-4-2-1,3.10920523739404e-06_3.10920523739404e-06_3.10920523739404e-06_3.10920523739404e-06_3.10920523739404e-06
1016,20987,112-14-4-2-1,3.73104628487285e-06_3.73104628487285e-06_3.73104628487285e-06_3.73104628487285e-06_3.73104628487285e-06
1016,20988,126-29-2-2-1,4.97472837983046e-06_4.97472837983046e-06_4.97472837983046e-06_4.97472837983046e-06_4.97472837983046e-06
1016,20989,142-42-12-1-1,3.10920523739404e-06_3.10920523739404e-06_3.10920523739404e-06_3.10920523739404e-06_3.10920523739404e-06
1016,20990,149-16-2-2-1,3.73104628487285e-06_3.73104628487285e-06_3.73104628487285e-06_3.73104628487285e-06_3.73104628487285e-06
1016,20991,134-29-2-2-1,1.05712978071397e-05_1.05712978071397e-05_1.05712978071397e-05_1.05712978071397e-05_1.05712978071397e-05
1016,20992,87-34-11-1-1,0.000437776097425081_0.000437776097425081_0.000437776097425081_0.000437776097425081_0.000437776097425081
1016,20993,172-40-4-2-1,3.10920523739404e-06_3.10920523739404e-06_3.10920523739404e-06_3.10920523739404e-06_3.10920523739404e-06
1016,20994,142-42-12-1-1,3.73104628487285e-06_3.73104628487285e-06_3.73104628487285e-06_3.73104628487285e-06_3.73104628487285e-06
1016,20995,29-17-10-1-1,1.74115493294066e-05_1.74115493294066e-05_1.74115493294066e-05_1.74115493294066e-05_1.74115493294066e-05
1016,20996,157-12-8-1-1,1.05712978071397e-05_1.05712978071397e-05_1.05712978071397e-05_1.05712978071397e-05_1.05712978071397e-05
1016,20998,174-15-9-2-1,6.21841047478808e-06_6.21841047478808e-06_6.21841047478808e-06_6.21841047478808e-06_6.21841047478808e-06
1016,20999,171-18-4-2-1,1.18149799020973e-05_1.18149799020973e-05_1.18149799020973e-05_1.18149799020973e-05_1.18149799020973e-05
1016,21000,157-12-8-1-1,1.3058661997055e-05_1.3058661997055e-05_1.3058661997055e-05_1.3058661997055e-05_1.3058661997055e-05
1016,21001,29-17-10-1-1,1.80333903768854e-05_1.80333903768854e-05_1.80333903768854e-05_1.80333903768854e-05_1.80333903768854e-05
1016,21002,221-35-4-2-1,4.97472837983046e-06_4.97472837983046e-06_4.97472837983046e-06_4.97472837983046e-06_4.97472837983046e-06
1016,21003,172-40-4-2-1,2.48736418991523e-06_2.48736418991523e-06_2.48736418991523e-06_2.48736418991523e-06_2.48736418991523e-06
1016,21004,227-41-9-2-1,1.6167867234449e-05_1.6167867234449e-05_1.6167867234449e-05_1.6167867234449e-05_1.6167867234449e-05
1016,21006,1-1-1-1-1,2.79828471365463e-05_2.79828471365463e-05_2.79828471365463e-05_2.79828471365463e-05_2.79828471365463e-05
1016,21007,91-33-5-1-1,3.10920523739404e-06_3.10920523739404e-06_3.10920523739404e-06_3.10920523739404e-06_3.10920523739404e-06
1016,21008,140-42-12-1-1,4.97472837983046e-06_4.97472837983046e-06_4.97472837983046e-06_4.97472837983046e-06_4.97472837983046e-06
1016,21009,167-18-4-2-1,8.70577466470331e-06_8.70577466470331e-06_8.70577466470331e-06_8.70577466470331e-06_8.70577466470331e-06
1016,21010,29-17-10-1-1,1.67897082819278e-05_1.67897082819278e-05_1.67897082819278e-05_1.67897082819278e-05_1.67897082819278e-05
1016,21011,175-20-9-2-1,3.10920523739404e-06_3.10920523739404e-06_3.10920523739404e-06_3.10920523739404e-06_3.10920523739404e-06
1016,21013,214-26-4-2-1,1.55460261869702e-05_1.55460261869702e-05_1.55460261869702e-05_1.55460261869702e-05_1.55460261869702e-05
1016,21015,142-42-12-1-1,3.10920523739404e-06_3.10920523739404e-06_3.10920523739404e-06_3.10920523739404e-06_3.10920523739404e-06
1016,21016,140-42-12-1-1,6.84025152226688e-06_6.84025152226688e-06_6.84025152226688e-06_6.84025152226688e-06_6.84025152226688e-06
1016,21017,140-42-12-1-1,4.97472837983046e-06_4.97472837983046e-06_4.97472837983046e-06_4.97472837983046e-06_4.97472837983046e-06
1016,21019,132-42-12-1-1,3.10920523739404e-06_3.10920523739404e-06_3.10920523739404e-06_3.10920523739404e-06_3.10920523739404e-06
1016,21020,140-42-12-1-1,4.35288733235165e-06_4.35288733235165e-06_4.35288733235165e-06_4.35288733235165e-06_4.35288733235165e-06
1016,21021,160-30-1-1-1,4.97472837983046e-06_4.97472837983046e-06_4.97472837983046e-06_4.97472837983046e-06_4.97472837983046e-06
1016,21022,66-29-2-2-1,7.95956540772874e-05_7.95956540772874e-05_7.95956540772874e-05_7.95956540772874e-05_7.95956540772874e-05
1016,21023,142-42-12-1-1,3.10920523739404e-06_3.10920523739404e-06_3.10920523739404e-06_3.10920523739404e-06_3.10920523739404e-06
1016,21024,25-10-2-2-1,7.46209256974569e-06_7.46209256974569e-06_7.46209256974569e-06_7.46209256974569e-06_7.46209256974569e-06
1016,21025,153-18-4-2-1,8.70577466470331e-06_8.70577466470331e-06_8.70577466470331e-06_8.70577466470331e-06_8.70577466470331e-06
1016,21026,142-42-12-1-1,4.35288733235165e-06_4.35288733235165e-06_4.35288733235165e-06_4.35288733235165e-06_4.35288733235165e-06
1016,21027,67-2-2-2-1,1.6167867234449e-05_1.6167867234449e-05_1.6167867234449e-05_1.6167867234449e-05_1.6167867234449e-05
1016,21029,213-15-9-2-1,1.11931388546185e-05_1.11931388546185e-05_1.11931388546185e-05_1.11931388546185e-05_1.11931388546185e-05
1016,21030,29-17-10-1-1,1.43023440920126e-05_1.43023440920126e-05_1.43023440920126e-05_1.43023440920126e-05_1.43023440920126e-05
1016,21031,161-36-10-1-1,4.35288733235165e-06_4.35288733235165e-06_4.35288733235165e-06_4.35288733235165e-06_4.35288733235165e-06
1016,21033,142-42-12-1-1,3.10920523739404e-06_3.10920523739404e-06_3.10920523739404e-06_3.10920523739404e-06_3.10920523739404e-06
1016,21034,65-1-1-1-1,7.46209256974569e-06_7.46209256974569e-06_7.46209256974569e-06_7.46209256974569e-06_7.46209256974569e-06
1016,21035,65-1-1-1-1,3.10920523739404e-05_3.10920523739404e-05_3.10920523739404e-05_3.10920523739404e-05_3.10920523739404e-05
1016,21037,47-22-8-1-1,4.35288733235165e-06_4.35288733235165e-06_4.35288733235165e-06_4.35288733235165e-06_4.35288733235165e-06
1016,21039,140-42-12-1-1,8.0839336172245e-06_8.0839336172245e-06_8.0839336172245e-06_8.0839336172245e-06_8.0839336172245e-06
1016,21040,142-42-12-1-1,3.10920523739404e-06_3.10920523739404e-06_3.10920523739404e-06_3.10920523739404e-06_3.10920523739404e-06
1016,21041,142-42-12-1-1,3.10920523739404e-06_3.10920523739404e-06_3.10920523739404e-06_3.10920523739404e-06_3.10920523739404e-06
1016,21042,128-7-4-2-1,4.97472837983046e-06_4.97472837983046e-06_4.97472837983046e-06_4.97472837983046e-06_4.97472837983046e-06
1016,21043,140-42-12-1-1,3.73104628487285e-06_3.73104628487285e-06_3.73104628487285e-06_3.73104628487285e-06_3.73104628487285e-06
1016,21044,142-42-12-1-1,6.84025152226688e-05_6.84025152226688e-05_6.84025152226688e-05_6.84025152226688e-05_6.84025152226688e-05
1016,21045,29-17-10-1-1,1.3058661997055e-05_1.3058661997055e-05_1.3058661997055e-05_1.3058661997055e-05_1.3058661997055e-05
1016,21047,29-17-10-1-1,4.04196680861225e-05_4.04196680861225e-05_4.04196680861225e-05_4.04196680861225e-05_4.04196680861225e-05
1016,21048,140-42-12-1-1,7.46209256974569e-06_7.46209256974569e-06_7.46209256974569e-06_7.46209256974569e-06_7.46209256974569e-06
1016,21049,140-42-12-1-1,4.35288733235165e-06_4.35288733235165e-06_4.35288733235165e-06_4.35288733235165e-06_4.35288733235165e-06
1016,21050,142-42-12-1-1,5.59656942730927e-06_5.59656942730927e-06_5.59656942730927e-06_5.59656942730927e-06_5.59656942730927e-06
1016,21053,142-42-12-1-1,4.97472837983046e-06_4.97472837983046e-06_4.97472837983046e-06_4.97472837983046e-06_4.97472837983046e-06
1016,21054,166-18-4-2-1,3.73104628487285e-06_3.73104628487285e-06_3.73104628487285e-06_3.73104628487285e-06_3.73104628487285e-06
1016,21055,66-29-2-2-1,5.1612806940741e-05_5.1612806940741e-05_5.1612806940741e-05_5.1612806940741e-05_5.1612806940741e-05
1016,21056,32-18-4-2-1,6.21841047478808e-06_6.21841047478808e-06_6.21841047478808e-06_6.21841047478808e-06_6.21841047478808e-06
1016,21057,140-42-12-1-1,4.35288733235165e-06_4.35288733235165e-06_4.35288733235165e-06_4.35288733235165e-06_4.35288733235165e-06
1016,21058,185-41-9-2-1,3.10920523739404e-06_3.10920523739404e-06_3.10920523739404e-06_3.10920523739404e-06_3.10920523739404e-06
1016,21059,140-42-12-1-1,3.73104628487285e-06_3.73104628487285e-06_3.73104628487285e-06_3.73104628487285e-06_3.73104628487285e-06
1016,21060,142-42-12-1-1,3.10920523739404e-06_3.10920523739404e-06_3.10920523739404e-06_3.10920523739404e-06_3.10920523739404e-06
1016,21061,142-42-12-1-1,3.10920523739404e-06_3.10920523739404e-06_3.10920523739404e-06_3.10920523739404e-06_3.10920523739404e-06
1016,21062,142-42-12-1-1,3.10920523739404e-06_3.10920523739404e-06_3.10920523739404e-06_3.10920523739404e-06_3.10920523739404e-06
1016,21063,140-42-12-1-1,4.97472837983046e-06_4.97472837983046e-06_4.97472837983046e-06_4.97472837983046e-06_4.97472837983046e-06
1016,21064,134-29-2-2-1,7.95956540772874e-05_7.95956540772874e-05_7.95956540772874e-05_7.95956540772874e-05_7.95956540772874e-05
1016,21065,140-42-12-1-1,6.21841047478808e-06_6.21841047478808e-06_6.21841047478808e-06_6.21841047478808e-06_6.21841047478808e-06
1016,21066,142-42-12-1-1,3.10920523739404e-06_3.10920523739404e-06_3.10920523739404e-06_3.10920523739404e-06_3.10920523739404e-06
1016,21067,8-7-4-2-1,4.35288733235165e-06_4.35288733235165e-06_4.35288733235165e-06_4.35288733235165e-06_4.35288733235165e-06
1016,21068,142-42-12-1-1,9.94945675966092e-06_9.94945675966092e-06_9.94945675966092e-06_9.94945675966092e-06_9.94945675966092e-06
1016,21069,142-42-12-1-1,3.10920523739404e-06_3.10920523739404e-06_3.10920523739404e-06_3.10920523739404e-06_3.10920523739404e-06
1016,21070,29-17-10-1-1,1.18149799020973e-05_1.18149799020973e-05_1.18149799020973e-05_1.18149799020973e-05_1.18149799020973e-05
1016,21071,153-18-4-2-1,3.10920523739404e-06_3.10920523739404e-06_3.10920523739404e-06_3.10920523739404e-06_3.10920523739404e-06
1016,21072,37-11-4-2-1,8.70577466470331e-06_8.70577466470331e-06_8.70577466470331e-06_8.70577466470331e-06_8.70577466470331e-06
1016,21073,133-12-8-1-1,3.10920523739404e-06_3.10920523739404e-06_3.10920523739404e-06_3.10920523739404e-06_3.10920523739404e-06
1016,21074,142-42-12-1-1,7.46209256974569e-06_7.46209256974569e-06_7.46209256974569e-06_7.46209256974569e-06_7.46209256974569e-06
1016,21075,142-42-12-1-1,5.59656942730927e-06_5.59656942730927e-06_5.59656942730927e-06_5.59656942730927e-06_5.59656942730927e-06
1016,21076,67-2-2-2-1,1.36805030445338e-05_1.36805030445338e-05_1.36805030445338e-05_1.36805030445338e-05_1.36805030445338e-05
1016,21077,234-24-7-1-1,5.59656942730927e-05_5.59656942730927e-05_5.59656942730927e-05_5.59656942730927e-05_5.59656942730927e-05
1016,21078,142-42-12-1-1,4.35288733235165e-06_4.35288733235165e-06_4.35288733235165e-06_4.35288733235165e-06_4.35288733235165e-06
1016,21079,29-17-10-1-1,1.24368209495762e-05_1.24368209495762e-05_1.24368209495762e-05_1.24368209495762e-05_1.24368209495762e-05
1016,21080,87-34-11-1-1,0.000415389819715843_0.000415389819715843_0.000415389819715843_0.000415389819715843_0.000415389819715843
1016,21081,26-15-9-2-1,6.21841047478808e-06_6.21841047478808e-06_6.21841047478808e-06_6.21841047478808e-06_6.21841047478808e-06
1016,21082,174-15-9-2-1,3.10920523739404e-06_3.10920523739404e-06_3.10920523739404e-06_3.10920523739404e-06_3.10920523739404e-06
1016,21083,142-42-12-1-1,3.10920523739404e-06_3.10920523739404e-06_3.10920523739404e-06_3.10920523739404e-06_3.10920523739404e-06
1016,21084,159-4-4-2-1,6.84025152226688e-06_6.84025152226688e-06_6.84025152226688e-06_6.84025152226688e-06_6.84025152226688e-06
1016,21085,29-17-10-1-1,1.36805030445338e-05_1.36805030445338e-05_1.36805030445338e-05_1.36805030445338e-05_1.36805030445338e-05
1016,21086,142-42-12-1-1,4.35288733235165e-06_4.35288733235165e-06_4.35288733235165e-06_4.35288733235165e-06_4.35288733235165e-06
1016,21087,37-11-4-2-1,3.73104628487285e-06_3.73104628487285e-06_3.73104628487285e-06_3.73104628487285e-06_3.73104628487285e-06
1016,21088,159-4-4-2-1,5.59656942730927e-06_5.59656942730927e-06_5.59656942730927e-06_5.59656942730927e-06_5.59656942730927e-06
1016,21089,142-42-12-1-1,3.10920523739404e-06_3.10920523739404e-06_3.10920523739404e-06_3.10920523739404e-06_3.10920523739404e-06
1016,21091,229-5-5-1-1,9.32761571218211e-05_9.32761571218211e-05_9.32761571218211e-05_9.32761571218211e-05_9.32761571218211e-05
1016,21092,128-7-4-2-1,3.10920523739404e-06_3.10920523739404e-06_3.10920523739404e-06_3.10920523739404e-06_3.10920523739404e-06
1016,21093,112-14-4-2-1,1.43023440920126e-05_1.43023440920126e-05_1.43023440920126e-05_1.43023440920126e-05_1.43023440920126e-05
1016,21095,141-42-12-1-1,4.97472837983046e-06_4.97472837983046e-06_4.97472837983046e-06_4.97472837983046e-06_4.97472837983046e-06
1016,21096,87-34-11-1-1,0.000415389819715843_0.000415389819715843_0.000415389819715843_0.000415389819715843_0.000415389819715843
1016,21098,185-41-9-2-1,4.35288733235165e-06_4.35288733235165e-06_4.35288733235165e-06_4.35288733235165e-06_4.35288733235165e-06
1016,21099,213-15-9-2-1,6.21841047478808e-06_6.21841047478808e-06_6.21841047478808e-06_6.21841047478808e-06_6.21841047478808e-06
1016,21101,142-42-12-1-1,4.35288733235165e-06_4.35288733235165e-06_4.35288733235165e-06_4.35288733235165e-06_4.35288733235165e-06
1016,21102,142-42-12-1-1,3.10920523739404e-06_3.10920523739404e-06_3.10920523739404e-06_3.10920523739404e-06_3.10920523739404e-06
1016,21103,235-34-11-1-1,4.91254427508258e-05_4.91254427508258e-05_4.91254427508258e-05_4.91254427508258e-05_4.91254427508258e-05
1016,21104,29-17-10-1-1,1.43023440920126e-05_1.43023440920126e-05_1.43023440920126e-05_1.43023440920126e-05_1.43023440920126e-05
1016,21105,180-40-4-2-1,4.97472837983046e-06_4.97472837983046e-06_4.97472837983046e-06_4.97472837983046e-06_4.97472837983046e-06
1016,21106,142-42-12-1-1,7.46209256974569e-06_7.46209256974569e-06_7.46209256974569e-06_7.46209256974569e-06_7.46209256974569e-06
1016,21107,121-39-11-1-1,0.000379944880009551_0.000379944880009551_0.000379944880009551_0.000379944880009551_0.000379944880009551
1016,21108,1-1-1-1-1,1.24368209495762e-05_1.24368209495762e-05_1.24368209495762e-05_1.24368209495762e-05_1.24368209495762e-05
1016,21109,235-34-11-1-1,3.5444939706292e-05_3.5444939706292e-05_3.5444939706292e-05_3.5444939706292e-05_3.5444939706292e-05
1016,21110,188-14-4-2-1,1.11931388546185e-05_1.11931388546185e-05_1.11931388546185e-05_1.11931388546185e-05_1.11931388546185e-05
1016,21111,200-15-9-2-1,2.98483702789828e-05_2.98483702789828e-05_2.98483702789828e-05_2.98483702789828e-05_2.98483702789828e-05
1016,21113,118-36-10-1-1,7.46209256974569e-06_7.46209256974569e-06_7.46209256974569e-06_7.46209256974569e-06_7.46209256974569e-06
1016,21114,8-7-4-2-1,4.97472837983046e-06_4.97472837983046e-06_4.97472837983046e-06_4.97472837983046e-06_4.97472837983046e-06
1016,21116,37-11-4-2-1,3.10920523739404e-06_3.10920523739404e-06_3.10920523739404e-06_3.10920523739404e-06_3.10920523739404e-06
1016,21117,18-12-8-1-1,2.05207545668007e-05_2.05207545668007e-05_2.05207545668007e-05_2.05207545668007e-05_2.05207545668007e-05
1016,21118,175-20-9-2-1,6.84025152226688e-06_6.84025152226688e-06_6.84025152226688e-06_6.84025152226688e-06_6.84025152226688e-06
1016,21120,172-40-4-2-1,3.10920523739404e-06_3.10920523739404e-06_3.10920523739404e-06_3.10920523739404e-06_3.10920523739404e-06
1016,21121,147-11-4-2-1,6.21841047478808e-06_6.21841047478808e-06_6.21841047478808e-06_6.21841047478808e-06_6.21841047478808e-06
1016,21122,66-29-2-2-1,4.97472837983046e-06_4.97472837983046e-06_4.97472837983046e-06_4.97472837983046e-06_4.97472837983046e-06
1016,21123,133-12-8-1-1,4.97472837983046e-06_4.97472837983046e-06_4.97472837983046e-06_4.97472837983046e-06_4.97472837983046e-06
1016,21124,153-18-4-2-1,5.59656942730927e-06_5.59656942730927e-06_5.59656942730927e-06_5.59656942730927e-06_5.59656942730927e-06
1016,21125,127-30-1-1-1,9.32761571218212e-06_9.32761571218212e-06_9.32761571218212e-06_9.32761571218212e-06_9.32761571218212e-06
1016,21126,128-7-4-2-1,4.97472837983046e-05_4.97472837983046e-05_4.97472837983046e-05_4.97472837983046e-05_4.97472837983046e-05
1016,21127,177-7-4-2-1,3.73104628487285e-06_3.73104628487285e-06_3.73104628487285e-06_3.73104628487285e-06_3.73104628487285e-06
1016,21128,128-7-4-2-1,3.73104628487285e-06_3.73104628487285e-06_3.73104628487285e-06_3.73104628487285e-06_3.73104628487285e-06
1016,21129,177-7-4-2-1,4.97472837983046e-06_4.97472837983046e-06_4.97472837983046e-06_4.97472837983046e-06_4.97472837983046e-06
1016,21130,153-18-4-2-1,7.46209256974569e-06_7.46209256974569e-06_7.46209256974569e-06_7.46209256974569e-06_7.46209256974569e-06
1016,21131,91-33-5-1-1,7.46209256974569e-06_7.46209256974569e-06_7.46209256974569e-06_7.46209256974569e-06_7.46209256974569e-06
1016,21132,91-33-5-1-1,8.0839336172245e-06_8.0839336172245e-06_8.0839336172245e-06_8.0839336172245e-06_8.0839336172245e-06
1016,21133,227-41-9-2-1,3.73104628487285e-06_3.73104628487285e-06_3.73104628487285e-06_3.73104628487285e-06_3.73104628487285e-06
1016,21134,161-36-10-1-1,3.10920523739404e-05_3.10920523739404e-05_3.10920523739404e-05_3.10920523739404e-05_3.10920523739404e-05
1016,21135,218-7-4-2-1,2.30081187567159e-05_2.30081187567159e-05_2.30081187567159e-05_2.30081187567159e-05_2.30081187567159e-05
1016,21136,74-31-9-2-1,4.97472837983046e-06_4.97472837983046e-06_4.97472837983046e-06_4.97472837983046e-06_4.97472837983046e-06
1016,21137,39-22-8-1-1,9.94945675966092e-06_9.94945675966092e-06_9.94945675966092e-06_9.94945675966092e-06_9.94945675966092e-06
1016,21138,16-10-2-2-1,0.000126233732638198_0.000126233732638198_0.000126233732638198_0.000126233732638198_0.000126233732638198
1016,21139,4-4-4-2-1,9.32761571218212e-06_9.32761571218212e-06_9.32761571218212e-06_9.32761571218212e-06_9.32761571218212e-06
1016,21140,220-22-8-1-1,3.10920523739404e-06_3.10920523739404e-06_3.10920523739404e-06_3.10920523739404e-06_3.10920523739404e-06
1016,21141,220-22-8-1-1,3.73104628487285e-06_3.73104628487285e-06_3.73104628487285e-06_3.73104628487285e-06_3.73104628487285e-06
1016,21142,113-31-9-2-1,5.96967405579655e-05_5.96967405579655e-05_5.96967405579655e-05_5.96967405579655e-05_5.96967405579655e-05
1016,21143,177-7-4-2-1,1.6167867234449e-05_1.6167867234449e-05_1.6167867234449e-05_1.6167867234449e-05_1.6167867234449e-05
1016,21144,128-7-4-2-1,3.73104628487285e-06_3.73104628487285e-06_3.73104628487285e-06_3.73104628487285e-06_3.73104628487285e-06
1016,21145,8-7-4-2-1,1.55460261869702e-05_1.55460261869702e-05_1.55460261869702e-05_1.55460261869702e-05_1.55460261869702e-05
1016,21146,216-19-9-2-1,6.21841047478808e-06_6.21841047478808e-06_6.21841047478808e-06_6.21841047478808e-06_6.21841047478808e-06
1016,21147,213-15-9-2-1,2.48736418991523e-06_2.48736418991523e-06_2.48736418991523e-06_2.48736418991523e-06_2.48736418991523e-06
1016,21148,194-31-9-2-1,2.61173239941099e-05_2.61173239941099e-05_2.61173239941099e-05_2.61173239941099e-05_2.61173239941099e-05
1016,21149,216-19-9-2-1,2.48736418991523e-06_2.48736418991523e-06_2.48736418991523e-06_2.48736418991523e-06_2.48736418991523e-06
1016,21150,152-32-10-1-1,4.35288733235165e-06_4.35288733235165e-06_4.35288733235165e-06_4.35288733235165e-06_4.35288733235165e-06
1016,21151,161-36-10-1-1,4.97472837983046e-06_4.97472837983046e-06_4.97472837983046e-06_4.97472837983046e-06_4.97472837983046e-06
1016,21152,161-36-10-1-1,8.70577466470331e-06_8.70577466470331e-06_8.70577466470331e-06_8.70577466470331e-06_8.70577466470331e-06
1016,21153,40-23-8-1-1,9.32761571218211e-05_9.32761571218211e-05_9.32761571218211e-05_9.32761571218211e-05_9.32761571218211e-05
1016,21154,138-23-8-1-1,1.49241851394914e-05_1.49241851394914e-05_1.49241851394914e-05_1.49241851394914e-05_1.49241851394914e-05
1016,21155,185-41-9-2-1,3.10920523739404e-06_3.10920523739404e-06_3.10920523739404e-06_3.10920523739404e-06_3.10920523739404e-06
1016,21156,182-24-7-1-1,0.000532917777689338_0.000532917777689338_0.000532917777689338_0.000532917777689338_0.000532917777689338
1016,21157,87-34-11-1-1,0.000415389819715843_0.000415389819715843_0.000415389819715843_0.000415389819715843_0.000415389819715843
1016,21158,87-34-11-1-1,0.000417877183905759_0.000417877183905759_0.000417877183905759_0.000417877183905759_0.000417877183905759
1016,21159,68-30-1-1-1,2.23862777092371e-05_2.23862777092371e-05_2.23862777092371e-05_2.23862777092371e-05_2.23862777092371e-05
1016,21160,140-42-12-1-1,3.73104628487285e-06_3.73104628487285e-06_3.73104628487285e-06_3.73104628487285e-06_3.73104628487285e-06
1016,21161,119-6-6-2-1,2.79828471365463e-05_2.79828471365463e-05_2.79828471365463e-05_2.79828471365463e-05_2.79828471365463e-05
1016,21162,161-36-10-1-1,8.70577466470331e-06_8.70577466470331e-06_8.70577466470331e-06_8.70577466470331e-06_8.70577466470331e-06
1016,21163,127-30-1-1-1,1.36805030445338e-05_1.36805030445338e-05_1.36805030445338e-05_1.36805030445338e-05_1.36805030445338e-05
1016,21164,170-43-4-2-1,0.00019836729414574_0.00019836729414574_0.00019836729414574_0.00019836729414574_0.00019836729414574
1016,21165,190-20-9-2-1,5.28564890356987e-05_5.28564890356987e-05_5.28564890356987e-05_5.28564890356987e-05_5.28564890356987e-05
1016,21166,202-37-4-2-1,2.9226529231504e-05_2.9226529231504e-05_2.9226529231504e-05_2.9226529231504e-05_2.9226529231504e-05
1016,21167,177-7-4-2-1,4.97472837983046e-06_4.97472837983046e-06_4.97472837983046e-06_4.97472837983046e-06_4.97472837983046e-06
1016,21169,25-10-2-2-1,6.21841047478808e-06_6.21841047478808e-06_6.21841047478808e-06_6.21841047478808e-06_6.21841047478808e-06
1016,21170,112-14-4-2-1,2.05207545668007e-05_2.05207545668007e-05_2.05207545668007e-05_2.05207545668007e-05_2.05207545668007e-05
1016,21171,44-13-6-2-1,3.10920523739404e-05_3.10920523739404e-05_3.10920523739404e-05_3.10920523739404e-05_3.10920523739404e-05
1016,21172,163-43-4-2-1,7.02680383651053e-05_7.02680383651053e-05_7.02680383651053e-05_7.02680383651053e-05_7.02680383651053e-05
1016,21173,230-14-4-2-1,7.7730130934851e-05_7.7730130934851e-05_7.7730130934851e-05_7.7730130934851e-05_7.7730130934851e-05
1016,21174,152-32-10-1-1,4.97472837983046e-06_4.97472837983046e-06_4.97472837983046e-06_4.97472837983046e-06_4.97472837983046e-06
1016,21175,199-19-9-2-1,1.11931388546185e-05_1.11931388546185e-05_1.11931388546185e-05_1.11931388546185e-05_1.11931388546185e-05
1016,21176,188-14-4-2-1,1.86552314243642e-05_1.86552314243642e-05_1.86552314243642e-05_1.86552314243642e-05_1.86552314243642e-05
1016,21177,150-30-1-1-1,3.42012576113344e-05_3.42012576113344e-05_3.42012576113344e-05_3.42012576113344e-05_3.42012576113344e-05
1016,21178,6-6-6-2-1,0.00045891869303936_0.00045891869303936_0.00045891869303936_0.00045891869303936_0.00045891869303936
1016,21179,166-18-4-2-1,7.46209256974569e-06_7.46209256974569e-06_7.46209256974569e-06_7.46209256974569e-06_7.46209256974569e-06
1016,21180,68-30-1-1-1,6.21841047478808e-06_6.21841047478808e-06_6.21841047478808e-06_6.21841047478808e-06_6.21841047478808e-06
1016,21181,157-12-8-1-1,5.59656942730927e-06_5.59656942730927e-06_5.59656942730927e-06_5.59656942730927e-06_5.59656942730927e-06
1016,21182,25-10-2-2-1,3.73104628487285e-06_3.73104628487285e-06_3.73104628487285e-06_3.73104628487285e-06_3.73104628487285e-06
1016,21183,66-29-2-2-1,4.97472837983046e-06_4.97472837983046e-06_4.97472837983046e-06_4.97472837983046e-06_4.97472837983046e-06
1016,21184,172-40-4-2-1,4.35288733235165e-06_4.35288733235165e-06_4.35288733235165e-06_4.35288733235165e-06_4.35288733235165e-06
1016,21185,216-19-9-2-1,6.21841047478808e-06_6.21841047478808e-06_6.21841047478808e-06_6.21841047478808e-06_6.21841047478808e-06
1016,21186,185-41-9-2-1,3.10920523739404e-06_3.10920523739404e-06_3.10920523739404e-06_3.10920523739404e-06_3.10920523739404e-06
1016,21187,227-41-9-2-1,3.73104628487285e-06_3.73104628487285e-06_3.73104628487285e-06_3.73104628487285e-06_3.73104628487285e-06
1016,21188,161-36-10-1-1,3.10920523739404e-06_3.10920523739404e-06_3.10920523739404e-06_3.10920523739404e-06_3.10920523739404e-06
1016,21189,119-6-6-2-1,6.28059457953596e-05_6.28059457953596e-05_6.28059457953596e-05_6.28059457953596e-05_6.28059457953596e-05
1016,21190,191-37-4-2-1,3.79323038962073e-05_3.79323038962073e-05_3.79323038962073e-05_3.79323038962073e-05_3.79323038962073e-05
1016,21191,216-19-9-2-1,4.97472837983046e-06_4.97472837983046e-06_4.97472837983046e-06_4.97472837983046e-06_4.97472837983046e-06
1016,21192,151-19-9-2-1,3.73104628487285e-06_3.73104628487285e-06_3.73104628487285e-06_3.73104628487285e-06_3.73104628487285e-06
1016,21193,74-31-9-2-1,8.20830182672026e-05_8.20830182672026e-05_8.20830182672026e-05_8.20830182672026e-05_8.20830182672026e-05
1016,21194,75-1-1-1-1,3.73104628487285e-06_3.73104628487285e-06_3.73104628487285e-06_3.73104628487285e-06_3.73104628487285e-06
1016,21195,152-32-10-1-1,5.59656942730927e-06_5.59656942730927e-06_5.59656942730927e-06_5.59656942730927e-06_5.59656942730927e-06
1016,21196,161-36-10-1-1,9.94945675966092e-06_9.94945675966092e-06_9.94945675966092e-06_9.94945675966092e-06_9.94945675966092e-06
1016,21197,196-14-4-2-1,3.10920523739404e-06_3.10920523739404e-06_3.10920523739404e-06_3.10920523739404e-06_3.10920523739404e-06
1016,21198,172-40-4-2-1,3.73104628487285e-06_3.73104628487285e-06_3.73104628487285e-06_3.73104628487285e-06_3.73104628487285e-06
1016,21199,214-26-4-2-1,3.73104628487285e-06_3.73104628487285e-06_3.73104628487285e-06_3.73104628487285e-06_3.73104628487285e-06
1016,21200,142-42-12-1-1,5.59656942730927e-06_5.59656942730927e-06_5.59656942730927e-06_5.59656942730927e-06_5.59656942730927e-06
1016,21201,185-41-9-2-1,5.59656942730927e-06_5.59656942730927e-06_5.59656942730927e-06_5.59656942730927e-06_5.59656942730927e-06
1016,21202,227-41-9-2-1,3.10920523739404e-06_3.10920523739404e-06_3.10920523739404e-06_3.10920523739404e-06_3.10920523739404e-06
1016,21203,102-13-6-2-1,1.24368209495762e-05_1.24368209495762e-05_1.24368209495762e-05_1.24368209495762e-05_1.24368209495762e-05
1016,21204,152-32-10-1-1,7.46209256974569e-06_7.46209256974569e-06_7.46209256974569e-06_7.46209256974569e-06_7.46209256974569e-06
1016,21205,152-32-10-1-1,2.48736418991523e-06_2.48736418991523e-06_2.48736418991523e-06_2.48736418991523e-06_2.48736418991523e-06
1016,21206,214-26-4-2-1,0.000107578501213834_0.000107578501213834_0.000107578501213834_0.000107578501213834_0.000107578501213834
1016,21207,126-29-2-2-1,2.30081187567159e-05_2.30081187567159e-05_2.30081187567159e-05_2.30081187567159e-05_2.30081187567159e-05
1016,21208,228-17-10-1-1,0.000123124527400804_0.000123124527400804_0.000123124527400804_0.000123124527400804_0.000123124527400804
1016,21209,169-32-10-1-1,0.00013556134835038_0.00013556134835038_0.00013556134835038_0.00013556134835038_0.00013556134835038
1016,21210,55-22-8-1-1,3.10920523739404e-06_3.10920523739404e-06_3.10920523739404e-06_3.10920523739404e-06_3.10920523739404e-06
1016,21211,172-40-4-2-1,4.97472837983046e-06_4.97472837983046e-06_4.97472837983046e-06_4.97472837983046e-06_4.97472837983046e-06
1016,21212,172-40-4-2-1,4.35288733235165e-06_4.35288733235165e-06_4.35288733235165e-06_4.35288733235165e-06_4.35288733235165e-06
1016,21213,49-22-8-1-1,3.48230986588132e-05_3.48230986588132e-05_3.48230986588132e-05_3.48230986588132e-05_3.48230986588132e-05
1016,21214,62-3-3-1-1,2.05207545668007e-05_2.05207545668007e-05_2.05207545668007e-05_2.05207545668007e-05_2.05207545668007e-05
1016,21215,186-15-9-2-1,6.84025152226688e-06_6.84025152226688e-06_6.84025152226688e-06_6.84025152226688e-06_6.84025152226688e-06
1016,21216,140-42-12-1-1,2.36299598041947e-05_2.36299598041947e-05_2.36299598041947e-05_2.36299598041947e-05_2.36299598041947e-05
1016,21217,216-19-9-2-1,8.70577466470331e-06_8.70577466470331e-06_8.70577466470331e-06_8.70577466470331e-06_8.70577466470331e-06
1016,21218,177-7-4-2-1,3.10920523739404e-06_3.10920523739404e-06_3.10920523739404e-06_3.10920523739404e-06_3.10920523739404e-06
1016,21219,174-15-9-2-1,6.21841047478808e-06_6.21841047478808e-06_6.21841047478808e-06_6.21841047478808e-06_6.21841047478808e-06
1016,21220,202-37-4-2-1,6.84025152226688e-06_6.84025152226688e-06_6.84025152226688e-06_6.84025152226688e-06_6.84025152226688e-06
1016,21221,185-41-9-2-1,3.73104628487285e-06_3.73104628487285e-06_3.73104628487285e-06_3.73104628487285e-06_3.73104628487285e-06
1016,21222,191-37-4-2-1,3.10920523739404e-06_3.10920523739404e-06_3.10920523739404e-06_3.10920523739404e-06_3.10920523739404e-06
1016,21223,70-27-8-1-1,4.97472837983046e-06_4.97472837983046e-06_4.97472837983046e-06_4.97472837983046e-06_4.97472837983046e-06
1016,21224,210-29-2-2-1,7.27554025550205e-05_7.27554025550205e-05_7.27554025550205e-05_7.27554025550205e-05_7.27554025550205e-05
1016,21225,66-29-2-2-1,7.46209256974569e-06_7.46209256974569e-06_7.46209256974569e-06_7.46209256974569e-06_7.46209256974569e-06
1016,21226,66-29-2-2-1,4.35288733235165e-06_4.35288733235165e-06_4.35288733235165e-06_4.35288733235165e-06_4.35288733235165e-06
1016,21227,203-11-4-2-1,3.10920523739404e-06_3.10920523739404e-06_3.10920523739404e-06_3.10920523739404e-06_3.10920523739404e-06
1016,21228,112-14-4-2-1,5.59656942730927e-06_5.59656942730927e-06_5.59656942730927e-06_5.59656942730927e-06_5.59656942730927e-06
1016,21229,76-4-4-2-1,9.32761571218212e-06_9.32761571218212e-06_9.32761571218212e-06_9.32761571218212e-06_9.32761571218212e-06
1016,21230,200-15-9-2-1,6.84025152226688e-06_6.84025152226688e-06_6.84025152226688e-06_6.84025152226688e-06_6.84025152226688e-06
1016,21231,185-41-9-2-1,4.97472837983046e-06_4.97472837983046e-06_4.97472837983046e-06_4.97472837983046e-06_4.97472837983046e-06
1016,21232,161-36-10-1-1,4.35288733235165e-06_4.35288733235165e-06_4.35288733235165e-06_4.35288733235165e-06_4.35288733235165e-06
1016,21233,185-41-9-2-1,3.10920523739404e-06_3.10920523739404e-06_3.10920523739404e-06_3.10920523739404e-06_3.10920523739404e-06
1016,21234,202-37-4-2-1,2.11425956142795e-05_2.11425956142795e-05_2.11425956142795e-05_2.11425956142795e-05_2.11425956142795e-05
1016,21235,205-12-8-1-1,6.21841047478808e-06_6.21841047478808e-06_6.21841047478808e-06_6.21841047478808e-06_6.21841047478808e-06
1016,21236,18-12-8-1-1,7.46209256974569e-06_7.46209256974569e-06_7.46209256974569e-06_7.46209256974569e-06_7.46209256974569e-06
1016,21237,127-30-1-1-1,4.97472837983046e-06_4.97472837983046e-06_4.97472837983046e-06_4.97472837983046e-06_4.97472837983046e-06
1016,21238,8-7-4-2-1,4.35288733235165e-06_4.35288733235165e-06_4.35288733235165e-06_4.35288733235165e-06_4.35288733235165e-06
1016,21239,8-7-4-2-1,4.35288733235165e-06_4.35288733235165e-06_4.35288733235165e-06_4.35288733235165e-06_4.35288733235165e-06
1016,21240,199-19-9-2-1,7.46209256974569e-06_7.46209256974569e-06_7.46209256974569e-06_7.46209256974569e-06_7.46209256974569e-06
1016,21241,160-30-1-1-1,1.18149799020973e-05_1.18149799020973e-05_1.18149799020973e-05_1.18149799020973e-05_1.18149799020973e-05
1016,21243,202-37-4-2-1,0.000451456600469614_0.000451456600469614_0.000451456600469614_0.000451456600469614_0.000451456600469614
1016,21244,172-40-4-2-1,3.10920523739404e-06_3.10920523739404e-06_3.10920523739404e-06_3.10920523739404e-06_3.10920523739404e-06
1016,21245,220-22-8-1-1,3.73104628487285e-06_3.73104628487285e-06_3.73104628487285e-06_3.73104628487285e-06_3.73104628487285e-06
1016,21246,90-36-10-1-1,0.000147376328252477_0.000147376328252477_0.000147376328252477_0.000147376328252477_0.000147376328252477
1016,21247,112-14-4-2-1,3.73104628487285e-06_3.73104628487285e-06_3.73104628487285e-06_3.73104628487285e-06_3.73104628487285e-06
1016,21248,26-15-9-2-1,6.65369920802324e-05_6.65369920802324e-05_6.65369920802324e-05_6.65369920802324e-05_6.65369920802324e-05
1016,21249,14-9-7-1-1,4.8503601703347e-05_4.8503601703347e-05_4.8503601703347e-05_4.8503601703347e-05_4.8503601703347e-05
1016,21250,159-4-4-2-1,4.35288733235165e-06_4.35288733235165e-06_4.35288733235165e-06_4.35288733235165e-06_4.35288733235165e-06
1016,21251,44-13-6-2-1,6.21841047478808e-06_6.21841047478808e-06_6.21841047478808e-06_6.21841047478808e-06_6.21841047478808e-06
1016,21252,112-14-4-2-1,4.35288733235165e-06_4.35288733235165e-06_4.35288733235165e-06_4.35288733235165e-06_4.35288733235165e-06
1016,21253,154-25-8-1-1,1.80333903768854e-05_1.80333903768854e-05_1.80333903768854e-05_1.80333903768854e-05_1.80333903768854e-05
1016,21254,5-5-5-1-1,1.3058661997055e-05_1.3058661997055e-05_1.3058661997055e-05_1.3058661997055e-05_1.3058661997055e-05
1016,21255,126-29-2-2-1,4.97472837983046e-06_4.97472837983046e-06_4.97472837983046e-06_4.97472837983046e-06_4.97472837983046e-06
1016,21257,185-41-9-2-1,2.48736418991523e-06_2.48736418991523e-06_2.48736418991523e-06_2.48736418991523e-06_2.48736418991523e-06
1016,21261,231-34-11-1-1,0.000420986389143153_0.000420986389143153_0.000420986389143153_0.000420986389143153_0.000420986389143153
1016,21262,203-11-4-2-1,5.59656942730927e-06_5.59656942730927e-06_5.59656942730927e-06_5.59656942730927e-06_5.59656942730927e-06
1016,21263,203-11-4-2-1,3.10920523739404e-06_3.10920523739404e-06_3.10920523739404e-06_3.10920523739404e-06_3.10920523739404e-06
1016,21264,203-11-4-2-1,1.3058661997055e-05_1.3058661997055e-05_1.3058661997055e-05_1.3058661997055e-05_1.3058661997055e-05
1016,21265,203-11-4-2-1,3.73104628487285e-06_3.73104628487285e-06_3.73104628487285e-06_3.73104628487285e-06_3.73104628487285e-06
1016,21266,203-11-4-2-1,6.84025152226688e-06_6.84025152226688e-06_6.84025152226688e-06_6.84025152226688e-06_6.84025152226688e-06
1016,21267,203-11-4-2-1,6.84025152226688e-06_6.84025152226688e-06_6.84025152226688e-06_6.84025152226688e-06_6.84025152226688e-06
1016,21268,25-10-2-2-1,4.97472837983046e-06_4.97472837983046e-06_4.97472837983046e-06_4.97472837983046e-06_4.97472837983046e-06
1016,21269,203-11-4-2-1,8.70577466470331e-06_8.70577466470331e-06_8.70577466470331e-06_8.70577466470331e-06_8.70577466470331e-06
1016,21270,203-11-4-2-1,4.35288733235165e-06_4.35288733235165e-06_4.35288733235165e-06_4.35288733235165e-06_4.35288733235165e-06
1016,21271,203-11-4-2-1,4.97472837983046e-06_4.97472837983046e-06_4.97472837983046e-06_4.97472837983046e-06_4.97472837983046e-06
1016,21272,203-11-4-2-1,5.59656942730927e-06_5.59656942730927e-06_5.59656942730927e-06_5.59656942730927e-06_5.59656942730927e-06
1016,21273,203-11-4-2-1,6.21841047478808e-06_6.21841047478808e-06_6.21841047478808e-06_6.21841047478808e-06_6.21841047478808e-06
1016,21274,203-11-4-2-1,3.10920523739404e-06_3.10920523739404e-06_3.10920523739404e-06_3.10920523739404e-06_3.10920523739404e-06
1016,21275,203-11-4-2-1,1.98989135193218e-05_1.98989135193218e-05_1.98989135193218e-05_1.98989135193218e-05_1.98989135193218e-05
1016,21276,203-11-4-2-1,1.80333903768854e-05_1.80333903768854e-05_1.80333903768854e-05_1.80333903768854e-05_1.80333903768854e-05
1016,21277,203-11-4-2-1,9.32761571218212e-06_9.32761571218212e-06_9.32761571218212e-06_9.32761571218212e-06_9.32761571218212e-06
1016,21278,203-11-4-2-1,6.21841047478808e-06_6.21841047478808e-06_6.21841047478808e-06_6.21841047478808e-06_6.21841047478808e-06
1016,21279,203-11-4-2-1,9.94945675966092e-06_9.94945675966092e-06_9.94945675966092e-06_9.94945675966092e-06_9.94945675966092e-06
1016,21283,203-11-4-2-1,1.49241851394914e-05_1.49241851394914e-05_1.49241851394914e-05_1.49241851394914e-05_1.49241851394914e-05
1016,21284,203-11-4-2-1,3.73104628487285e-06_3.73104628487285e-06_3.73104628487285e-06_3.73104628487285e-06_3.73104628487285e-06
1016,21285,167-18-4-2-1,4.97472837983046e-06_4.97472837983046e-06_4.97472837983046e-06_4.97472837983046e-06_4.97472837983046e-06
1016,21286,142-42-12-1-1,3.10920523739404e-06_3.10920523739404e-06_3.10920523739404e-06_3.10920523739404e-06_3.10920523739404e-06
1016,21288,167-18-4-2-1,3.10920523739404e-06_3.10920523739404e-06_3.10920523739404e-06_3.10920523739404e-06_3.10920523739404e-06
1016,21289,167-18-4-2-1,1.36805030445338e-05_1.36805030445338e-05_1.36805030445338e-05_1.36805030445338e-05_1.36805030445338e-05
