word_ID_full,freq
1,1.2272046731953955e-5
5,1.8408070097930933e-5
9,6.136023365976977e-6
11,1.2272046731953955e-5
12,6.136023365976977e-6
13,6.136023365976977e-6
14,1.8408070097930933e-5
15,5.52242102937928e-5
16,6.136023365976977e-6
17,6.136023365976977e-6
18,6.136023365976977e-6
19,1.2272046731953955e-5
20,6.136023365976977e-6
21,6.749625702574675e-5
22,1.8408070097930933e-5
23,3.068011682988489e-5
25,7.363228039172373e-5
26,1.2272046731953955e-5
27,2.454409346390791e-5
28,2.454409346390791e-5
32,1.2272046731953955e-5
33,6.136023365976977e-6
35,3.6816140195861865e-5
37,2.454409346390791e-5
38,1.411285374174705e-4
40,3.068011682988489e-5
41,6.136023365976977e-6
42,7.363228039172373e-5
43,5.52242102937928e-5
44,6.136023365976977e-6
45,1.2885649068551653e-4
49,6.136023365976977e-6
51,1.1658444395356257e-4
52,3.068011682988489e-5
54,1.8408070097930933e-5
56,4.295216356183884e-5
57,7.363228039172373e-5
59,6.749625702574675e-5
60,7.976830375770071e-5
61,4.295216356183884e-5
62,5.52242102937928e-5
63,4.908818692781582e-5
65,6.749625702574675e-5
67,7.976830375770071e-5
68,8.590432712367768e-5
69,7.363228039172373e-5
70,4.295216356183884e-5
71,1.411285374174705e-4
72,0.0021292001079940112
74,6.136023365976977e-6
75,6.136023365976977e-6
76,6.136023365976977e-6
78,1.2272046731953955e-5
81,1.8408070097930933e-5
84,1.2272046731953955e-5
86,4.908818692781582e-5
87,6.136023365976977e-6
89,6.136023365976977e-6
90,1.2272046731953955e-5
91,6.136023365976977e-6
94,1.2272046731953955e-5
95,1.2272046731953955e-5
96,6.136023365976977e-6
98,0.0012578847900252803
99,2.454409346390791e-5
101,6.136023365976977e-6
106,5.706501730358589e-4
107,2.454409346390791e-5
108,1.1658444395356257e-4
109,6.136023365976977e-6
111,1.2272046731953955e-5
112,1.2272046731953955e-5
113,6.136023365976977e-6
115,2.454409346390791e-5
116,6.136023365976977e-6
117,6.136023365976977e-6
119,3.620253785926417e-4
120,6.136023365976977e-6
121,6.136023365976977e-6
123,6.136023365976977e-6
124,6.136023365976977e-6
126,2.454409346390791e-5
127,1.8408070097930933e-5
128,1.2272046731953955e-5
130,6.136023365976977e-6
131,9.817637385563164e-5
132,2.454409346390791e-5
136,1.8408070097930933e-5
138,1.8408070097930933e-5
140,1.8408070097930933e-5
145,6.136023365976977e-6
146,6.136023365976977e-6
148,1.0431239722160862e-4
149,6.136023365976977e-6
150,5.52242102937928e-5
151,1.8408070097930933e-5
152,5.154259627420661e-4
153,1.2272046731953955e-5
155,6.136023365976977e-6
156,1.2272046731953955e-5
157,6.136023365976977e-6
159,6.136023365976977e-6
160,3.068011682988489e-5
161,1.2272046731953955e-5
162,6.136023365976977e-6
163,2.454409346390791e-5
164,2.454409346390791e-5
165,1.8408070097930933e-5
168,6.136023365976977e-6
169,1.8408070097930933e-5
173,1.8408070097930933e-5
174,4.908818692781582e-5
175,6.810985936234446e-4
176,6.136023365976977e-6
178,7.976830375770071e-5
179,2.454409346390791e-5
180,6.136023365976977e-6
181,6.136023365976977e-6
182,2.454409346390791e-5
184,1.2272046731953955e-5
187,6.749625702574675e-5
190,1.8408070097930933e-5
191,1.2272046731953955e-5
196,6.136023365976977e-6
197,6.136023365976977e-6
199,1.2272046731953955e-5
200,1.2272046731953955e-5
201,6.136023365976978e-5
202,1.902167243452863e-4
203,3.6816140195861865e-5
204,1.902167243452863e-4
207,6.136023365976977e-6
208,4.295216356183884e-5
209,3.6816140195861867e-4
210,1.2272046731953955e-5
212,6.136023365976977e-6
214,1.2272046731953955e-5
217,6.136023365976977e-6
221,1.5953660751540143e-4
222,6.258743833296518e-4
223,6.136023365976977e-6
224,1.1658444395356257e-4
225,3.6816140195861865e-5
226,1.8408070097930933e-5
227,1.8408070097930933e-5
228,6.136023365976977e-6
230,1.2272046731953955e-5
231,6.136023365976977e-6
232,6.136023365976977e-6
234,1.8408070097930933e-5
235,6.136023365976977e-6
237,6.136023365976977e-6
240,1.2272046731953955e-5
241,1.8408070097930933e-5
242,6.136023365976977e-6
244,7.976830375770071e-5
245,2.0862479444321724e-4
246,1.8408070097930933e-5
247,1.2272046731953955e-5
250,6.136023365976977e-6
251,6.136023365976977e-6
253,6.136023365976977e-6
255,3.6816140195861865e-5
256,2.0248877107724027e-4
259,1.2272046731953955e-5
260,6.136023365976977e-6
261,6.136023365976977e-6
262,1.8408070097930933e-5
263,1.2272046731953955e-5
264,7.363228039172373e-5
265,4.417936823503424e-4
266,6.136023365976977e-6
267,1.8408070097930933e-5
268,1.1658444395356257e-4
269,6.136023365976977e-6
271,6.136023365976978e-5
272,1.2272046731953955e-5
273,1.8408070097930933e-5
276,1.2272046731953955e-5
277,1.2272046731953955e-5
278,6.136023365976977e-6
280,2.454409346390791e-5
281,6.136023365976977e-6
282,8.529072478707999e-4
283,6.136023365976977e-6
284,1.2272046731953955e-5
287,2.454409346390791e-5
288,6.136023365976977e-6
292,6.136023365976977e-6
297,6.136023365976977e-6
301,1.2272046731953955e-5
306,1.2272046731953955e-5
307,2.454409346390791e-5
309,1.2272046731953955e-5
310,1.8408070097930933e-5
312,6.136023365976977e-6
313,1.8408070097930933e-5
317,6.136023365976977e-6
319,1.8408070097930933e-5
320,6.136023365976977e-6
321,6.136023365976977e-6
322,1.2272046731953955e-5
323,1.2272046731953955e-5
327,6.136023365976977e-6
328,6.136023365976977e-6
330,3.068011682988489e-5
331,1.8408070097930933e-5
335,1.2272046731953955e-5
336,1.2272046731953955e-5
338,1.2272046731953955e-5
341,6.136023365976977e-6
342,6.136023365976977e-6
343,1.2272046731953955e-5
344,4.908818692781582e-5
346,4.908818692781582e-5
349,1.8408070097930933e-5
350,4.908818692781582e-5
357,6.136023365976977e-6
358,1.2272046731953955e-5
359,1.8408070097930933e-5
361,1.8408070097930933e-5
363,1.2272046731953955e-5
364,1.2272046731953955e-5
369,3.068011682988489e-5
370,1.8408070097930933e-5
371,1.0431239722160862e-4
372,1.8408070097930933e-5
373,1.8408070097930933e-5
376,1.2272046731953955e-5
377,1.2272046731953955e-5
378,8.590432712367768e-4
379,1.2272046731953955e-5
380,0.004387256706673539
381,6.136023365976977e-6
383,1.8408070097930933e-5
384,1.2272046731953955e-5
385,1.8408070097930933e-5
387,4.295216356183884e-5
390,6.136023365976977e-6
393,9.572196450924086e-4
394,1.8408070097930933e-5
396,2.0248877107724027e-4
397,1.2272046731953955e-5
398,8.590432712367768e-5
400,2.454409346390791e-5
401,1.2272046731953955e-5
403,6.136023365976977e-6
404,6.136023365976977e-6
406,2.454409346390791e-5
407,2.454409346390791e-5
409,6.136023365976977e-6
410,2.454409346390791e-5
411,1.8408070097930933e-5
414,6.136023365976977e-6
415,1.2272046731953955e-5
416,4.908818692781582e-5
418,1.8408070097930933e-5
419,1.8408070097930933e-5
420,3.6816140195861865e-5
421,3.068011682988489e-5
422,4.295216356183884e-5
423,1.104484205875856e-4
424,1.349925140514935e-4
425,0.0010431239722160862
429,6.749625702574675e-4
430,1.8408070097930933e-5
433,6.136023365976977e-6
434,7.363228039172373e-5
435,1.8408070097930933e-5
436,6.136023365976977e-6
442,6.136023365976977e-6
445,1.8408070097930933e-5
447,6.136023365976977e-6
448,6.136023365976977e-6
450,1.8408070097930933e-5
451,1.8408070097930933e-5
456,1.2272046731953955e-5
457,1.8408070097930933e-5
459,6.136023365976977e-6
460,3.6816140195861865e-5
462,6.136023365976977e-6
463,6.136023365976977e-6
464,2.454409346390791e-5
466,6.136023365976977e-6
468,6.136023365976977e-6
469,8.590432712367768e-4
470,8.590432712367768e-5
474,4.908818692781582e-5
476,6.136023365976977e-6
477,2.147608178091942e-4
478,6.136023365976977e-6
484,7.363228039172373e-5
486,0.0020555678276022874
487,6.136023365976977e-6
488,1.8408070097930933e-5
491,1.5340058414942443e-4
492,6.136023365976977e-6
493,1.5340058414942443e-4
494,6.136023365976977e-6
495,1.5340058414942443e-4
497,1.5340058414942443e-4
498,1.5340058414942443e-4
499,4.908818692781582e-5
500,1.5340058414942443e-4
501,6.136023365976977e-6
502,1.5340058414942443e-4
503,1.5340058414942443e-4
505,1.7180865424735537e-4
508,1.8408070097930933e-5
509,5.52242102937928e-5
511,6.136023365976977e-6
512,4.295216356183884e-5
513,4.7247379918022726e-4
520,1.2272046731953955e-5
521,1.2272046731953955e-5
522,6.136023365976977e-6
523,6.136023365976977e-6
524,1.2272046731953955e-5
525,1.8408070097930933e-5
526,2.454409346390791e-5
529,3.4361730849471073e-4
531,4.908818692781582e-5
532,1.2272046731953955e-5
533,1.2272046731953955e-5
539,6.136023365976977e-6
540,1.2272046731953955e-5
541,6.136023365976977e-6
543,5.52242102937928e-5
544,1.349925140514935e-4
545,1.2272046731953955e-5
552,6.136023365976977e-6
555,5.52242102937928e-5
557,1.5953660751540143e-4
558,6.136023365976977e-6
560,2.454409346390791e-5
565,5.706501730358589e-4
566,1.8408070097930933e-4
569,6.136023365976977e-6
570,1.2272046731953955e-5
571,7.301867805512603e-4
572,6.136023365976977e-6
573,1.411285374174705e-4
575,1.8408070097930933e-5
576,2.454409346390791e-5
579,2.454409346390791e-4
580,3.068011682988489e-5
583,6.136023365976977e-6
584,6.381464300616057e-4
585,6.136023365976977e-6
587,4.908818692781582e-5
589,1.2272046731953955e-5
592,2.454409346390791e-5
593,4.295216356183884e-5
595,1.2272046731953955e-5
597,6.749625702574675e-5
599,1.2272046731953955e-5
600,1.2272046731953955e-5
606,6.136023365976977e-6
607,4.908818692781582e-5
610,1.8408070097930933e-5
613,1.411285374174705e-4
615,1.8408070097930933e-5
616,6.136023365976977e-6
617,1.8408070097930933e-5
618,0.0023255528557052747
620,1.2272046731953955e-5
621,1.2272046731953955e-5
625,1.8408070097930933e-5
628,6.136023365976977e-6
629,8.283631544068919e-4
630,1.2272046731953955e-5
631,1.8408070097930933e-4
633,2.454409346390791e-5
634,6.136023365976977e-6
635,6.136023365976977e-6
638,4.295216356183884e-5
643,6.136023365976977e-6
644,6.136023365976977e-6
647,1.2272046731953955e-5
649,1.7180865424735537e-4
650,5.52242102937928e-5
651,7.363228039172373e-5
652,6.136023365976977e-6
653,7.976830375770071e-5
654,6.136023365976977e-6
655,3.068011682988489e-5
656,6.136023365976978e-5
657,1.2272046731953955e-5
658,6.136023365976977e-6
659,2.454409346390791e-5
661,2.454409346390791e-5
663,2.454409346390791e-5
667,4.908818692781582e-5
668,1.2272046731953955e-5
669,1.2885649068551653e-4
670,6.136023365976978e-5
672,1.2272046731953955e-5
674,6.136023365976977e-6
676,6.136023365976977e-6
677,2.454409346390791e-5
679,6.136023365976977e-6
681,5.52242102937928e-5
682,1.8408070097930933e-5
683,1.2272046731953955e-5
685,3.6816140195861865e-5
686,1.2272046731953955e-5
687,3.068011682988489e-5
688,6.136023365976977e-6
689,6.320104066956287e-4
690,1.5340058414942443e-4
691,1.8408070097930933e-5
692,1.5340058414942443e-4
694,1.2272046731953955e-5
696,1.8408070097930933e-4
705,6.136023365976977e-6
706,1.8408070097930933e-5
707,1.2272046731953955e-5
708,6.136023365976977e-6
710,7.363228039172373e-5
712,4.908818692781582e-5
714,6.136023365976977e-6
715,4.295216356183884e-5
717,1.104484205875856e-4
719,2.454409346390791e-5
721,6.136023365976977e-6
722,0.0014849176545664285
725,6.136023365976977e-6
726,1.2272046731953955e-5
727,6.136023365976977e-6
728,2.454409346390791e-5
732,3.6816140195861867e-4
733,1.2272046731953955e-5
734,1.2272046731953955e-5
735,6.136023365976977e-6
736,9.817637385563164e-5
738,6.136023365976977e-6
740,4.908818692781582e-5
744,6.136023365976977e-6
745,1.2272046731953955e-5
746,1.8408070097930933e-5
747,6.136023365976977e-6
748,6.136023365976977e-6
749,6.136023365976977e-6
750,6.136023365976977e-6
751,6.136023365976977e-6
753,3.6816140195861865e-5
754,6.136023365976977e-6
756,6.136023365976977e-6
757,1.8408070097930933e-5
758,1.8408070097930933e-5
759,6.136023365976977e-6
762,4.908818692781582e-5
764,2.0248877107724027e-4
765,6.749625702574675e-5
769,1.2272046731953955e-5
773,6.136023365976977e-6
775,1.2272046731953955e-5
776,1.8408070097930933e-5
778,6.136023365976977e-6
779,6.136023365976978e-5
780,6.136023365976977e-6
781,6.136023365976977e-6
783,7.976830375770071e-5
784,3.068011682988489e-5
785,1.2272046731953955e-5
786,6.136023365976977e-6
788,6.136023365976977e-6
789,6.136023365976977e-6
793,2.454409346390791e-5
795,6.136023365976977e-6
796,4.908818692781582e-5
798,1.2272046731953955e-5
799,3.6816140195861865e-5
802,2.454409346390791e-5
804,7.976830375770071e-5
808,2.454409346390791e-5
809,4.908818692781582e-5
811,6.136023365976977e-6
813,0.0017671747294013696
814,1.8408070097930933e-5
815,1.2272046731953955e-5
817,6.136023365976977e-6
818,6.136023365976977e-6
821,4.663377758142503e-4
822,3.068011682988489e-5
823,2.0248877107724027e-4
824,1.8408070097930933e-5
827,6.136023365976977e-6
828,1.8408070097930933e-5
830,1.2272046731953955e-5
832,1.2272046731953955e-5
834,3.6816140195861865e-5
838,6.136023365976977e-6
839,6.136023365976977e-6
840,3.068011682988489e-5
841,6.136023365976977e-6
845,1.8408070097930933e-5
849,6.136023365976977e-6
853,6.136023365976977e-6
854,1.2272046731953955e-5
858,3.6816140195861865e-5
859,4.295216356183884e-5
860,1.8408070097930933e-5
862,6.136023365976977e-6
863,1.8408070097930933e-5
864,1.2272046731953955e-5
865,1.8408070097930933e-5
867,1.8408070097930933e-5
869,4.908818692781582e-5
870,3.0680116829884886e-4
871,4.295216356183884e-5
872,3.1907321503080286e-4
874,4.172495888864345e-4
875,3.6816140195861865e-5
876,6.136023365976977e-6
877,1.8408070097930933e-4
878,1.8408070097930933e-4
879,1.8408070097930933e-4
880,2.454409346390791e-5
884,1.8408070097930933e-5
885,6.136023365976977e-6
886,4.908818692781582e-5
888,1.2272046731953955e-5
889,6.136023365976977e-6
893,8.590432712367768e-5
894,6.136023365976977e-6
895,6.136023365976978e-5
897,1.2272046731953955e-5
898,0.0012210686498294186
900,6.136023365976977e-6
901,6.136023365976977e-6
903,6.136023365976977e-6
906,2.0862479444321724e-4
908,1.104484205875856e-4
909,2.454409346390791e-5
910,1.2272046731953955e-5
914,1.8408070097930933e-5
916,1.2272046731953955e-5
918,1.2272046731953955e-5
922,6.136023365976977e-6
923,6.136023365976977e-6
925,4.908818692781582e-5
926,3.6816140195861865e-5
928,6.136023365976978e-5
932,1.2272046731953955e-5
933,6.136023365976977e-6
934,6.136023365976977e-6
936,1.8408070097930933e-5
937,5.52242102937928e-5
940,3.068011682988489e-5
941,3.6816140195861865e-5
942,2.454409346390791e-5
943,1.2272046731953955e-5
944,2.454409346390791e-5
945,6.136023365976977e-6
946,9.204035048965467e-5
949,6.136023365976978e-5
950,6.136023365976977e-6
952,8.283631544068919e-4
953,1.2272046731953955e-5
955,1.8408070097930933e-5
956,1.2272046731953955e-5
958,1.104484205875856e-4
960,9.204035048965467e-5
962,2.454409346390791e-5
965,6.136023365976977e-6
966,2.454409346390791e-5
967,1.2272046731953955e-5
969,1.2272046731953955e-5
971,2.454409346390791e-5
972,6.136023365976977e-6
973,2.454409346390791e-5
976,1.2272046731953955e-5
978,6.136023365976977e-6
980,9.204035048965467e-5
982,2.454409346390791e-5
984,1.2272046731953955e-5
986,3.068011682988489e-5
987,1.2272046731953955e-5
988,1.2272046731953955e-5
989,6.136023365976977e-6
990,5.52242102937928e-5
991,6.136023365976977e-6
992,7.363228039172373e-5
993,3.0680116829884886e-4
994,6.136023365976977e-6
995,1.902167243452863e-4
996,1.902167243452863e-4
997,3.0680116829884886e-4
999,3.6816140195861865e-5
1000,1.2272046731953955e-5
1001,6.136023365976977e-6
1003,1.2272046731953955e-5
1004,9.204035048965467e-5
1005,8.467712245048229e-4
1007,5.64514149669882e-4
1009,6.136023365976977e-6
1012,2.454409346390791e-5
1013,1.2272046731953955e-5
1014,2.3316888790712514e-4
1015,6.136023365976978e-5
1019,6.136023365976977e-6
1020,1.2272046731953955e-5
1021,2.454409346390791e-5
1022,3.6816140195861865e-5
1024,6.136023365976977e-6
1025,6.136023365976977e-6
1028,6.136023365976977e-6
1029,6.136023365976977e-6
1031,2.454409346390791e-5
1032,4.295216356183884e-5
1033,6.136023365976977e-6
1035,6.136023365976977e-6
1036,2.454409346390791e-5
1039,6.136023365976977e-6
1041,5.52242102937928e-5
1042,1.2272046731953955e-5
1043,4.295216356183884e-5
1044,3.068011682988489e-5
1046,3.6816140195861865e-5
1047,1.2272046731953955e-5
1048,6.136023365976977e-6
1049,3.068011682988489e-5
1050,4.295216356183884e-5
1051,6.381464300616057e-4
1052,4.663377758142503e-4
1053,1.2272046731953955e-5
1057,1.5340058414942443e-4
1059,6.136023365976977e-6
1060,5.52242102937928e-5
1062,2.454409346390791e-5
1063,1.2272046731953955e-5
1064,1.8408070097930933e-5
1065,1.2272046731953955e-5
1067,3.6816140195861865e-5
1068,6.136023365976977e-6
1069,1.8408070097930933e-5
1070,1.2272046731953955e-5
1073,5.52242102937928e-5
1075,3.6816140195861865e-5
1077,1.8408070097930933e-5
1078,4.908818692781582e-5
1079,6.136023365976977e-6
1081,1.2272046731953955e-5
1082,1.8408070097930933e-5
1083,3.068011682988489e-5
1084,6.136023365976978e-5
1085,4.295216356183884e-5
1090,6.136023365976977e-6
1092,1.2272046731953955e-5
1093,6.136023365976977e-6
1100,1.2272046731953955e-5
1101,6.136023365976977e-6
1104,6.136023365976978e-5
1108,6.136023365976978e-5
1109,6.136023365976977e-6
1110,6.136023365976977e-6
1111,1.2272046731953955e-5
1112,6.136023365976977e-6
1113,4.295216356183884e-5
1115,6.136023365976977e-6
1116,6.136023365976977e-6
1118,6.136023365976977e-6
1119,6.136023365976977e-6
1122,9.817637385563164e-5
1123,6.136023365976977e-6
1124,5.52242102937928e-5
1126,6.136023365976977e-6
1127,1.2272046731953955e-5
1128,6.136023365976977e-6
1131,1.1658444395356257e-4
1132,4.295216356183884e-5
1134,1.2272046731953955e-5
1135,1.7794467761333236e-4
1136,1.8408070097930933e-5
1137,6.136023365976977e-6
1138,1.8408070097930933e-5
1139,6.136023365976977e-6
1140,1.5953660751540143e-4
1141,3.497533318606877e-4
1142,1.2272046731953955e-5
1143,6.136023365976977e-6
1144,4.295216356183884e-5
1145,1.2272046731953955e-5
1146,6.136023365976977e-6
1147,3.068011682988489e-5
1148,6.136023365976977e-6
1149,4.908818692781582e-5
1150,2.454409346390791e-5
1152,1.2272046731953955e-5
1153,2.454409346390791e-5
1155,2.454409346390791e-5
1157,3.6816140195861865e-5
1158,1.2272046731953955e-5
1160,5.52242102937928e-5
1161,1.8408070097930933e-5
1162,6.136023365976977e-6
1163,6.136023365976977e-6
1164,1.8408070097930933e-5
1165,6.136023365976977e-6
1166,1.2272046731953955e-5
1167,6.136023365976977e-6
1168,6.136023365976977e-6
1169,1.2885649068551653e-4
1170,2.454409346390791e-5
1171,2.0862479444321724e-4
1172,6.749625702574675e-5
1173,6.136023365976977e-6
1174,1.656726308813784e-4
1175,5.52242102937928e-5
1176,6.136023365976977e-6
1177,3.6816140195861867e-4
1178,1.2272046731953955e-5
1179,6.136023365976977e-6
1180,1.411285374174705e-4
1181,1.8408070097930933e-5
1182,6.136023365976977e-6
1184,7.363228039172373e-5
1185,8.590432712367768e-5
1187,1.8408070097930933e-5
1188,1.2272046731953955e-5
1190,4.295216356183884e-5
1191,3.6816140195861865e-5
1192,1.902167243452863e-4
1193,6.136023365976977e-6
1194,6.136023365976977e-6
1195,4.908818692781582e-5
1196,6.136023365976977e-6
1197,1.2272046731953955e-5
1198,1.2272046731953955e-5
1200,2.454409346390791e-5
1203,6.136023365976977e-6
1204,4.786098225462043e-4
1205,3.6816140195861865e-5
1206,3.068011682988489e-5
1207,6.136023365976977e-6
1208,6.136023365976977e-6
1209,7.976830375770071e-5
1210,8.590432712367768e-5
1211,1.8408070097930933e-5
1212,6.136023365976977e-6
1214,6.136023365976977e-6
1215,3.068011682988489e-5
1216,1.8408070097930933e-5
1218,4.908818692781582e-5
1219,1.2272046731953955e-5
1220,6.136023365976977e-6
1221,1.8408070097930933e-5
1224,6.136023365976977e-6
1226,6.136023365976977e-6
1227,6.136023365976977e-6
1228,4.908818692781582e-5
1229,1.8408070097930933e-5
1232,6.136023365976977e-6
1233,1.2272046731953955e-5
1234,1.8408070097930933e-5
1235,3.068011682988489e-5
1236,1.8408070097930933e-5
1238,2.454409346390791e-5
1244,3.6816140195861865e-5
1245,1.5340058414942443e-4
1246,2.454409346390791e-5
1247,6.136023365976977e-6
1248,1.2272046731953955e-5
1249,6.136023365976977e-6
1250,6.136023365976977e-6
1251,2.454409346390791e-5
1252,1.2272046731953955e-5
1255,1.8408070097930933e-5
1256,3.6816140195861865e-5
1259,6.136023365976977e-6
1260,2.208968411751712e-4
1261,1.2272046731953955e-5
1262,4.295216356183884e-5
1263,1.9635274771126327e-4
1264,4.908818692781582e-5
1265,1.8408070097930933e-5
1266,1.8408070097930933e-5
1267,1.902167243452863e-4
1268,3.6816140195861865e-5
1269,2.454409346390791e-5
1270,1.2272046731953955e-5
1272,3.9884151878850357e-4
1273,7.976830375770071e-5
1274,6.749625702574675e-5
1275,1.2272046731953955e-5
1276,1.2272046731953955e-5
1277,6.136023365976977e-6
1278,3.6816140195861865e-5
1279,2.3930491127310214e-4
1280,1.2272046731953955e-5
1282,1.349925140514935e-4
1283,6.136023365976977e-6
1284,1.8408070097930933e-5
1285,1.2272046731953955e-5
1287,1.2272046731953955e-5
1290,6.136023365976977e-6
1292,6.136023365976977e-6
1293,1.2272046731953955e-5
1294,3.497533318606877e-4
1295,9.204035048965467e-5
1296,6.136023365976977e-6
1297,6.136023365976977e-6
1298,4.908818692781582e-5
1299,6.136023365976977e-6
1300,1.2272046731953955e-5
1301,2.454409346390791e-5
1303,1.104484205875856e-4
1304,1.5340058414942443e-4
1305,3.068011682988489e-5
1306,6.136023365976977e-6
1307,3.9270549542252655e-4
1308,3.6816140195861865e-5
1309,1.8408070097930933e-5
1311,1.2272046731953955e-5
1312,6.136023365976977e-6
1313,0.0013990133274427508
1314,6.136023365976977e-6
1315,3.068011682988489e-5
1318,1.8408070097930933e-5
1319,6.136023365976977e-6
1320,1.2272046731953955e-5
1322,1.2272046731953955e-5
1323,1.2272046731953955e-5
1324,2.454409346390791e-5
1326,1.8408070097930933e-5
1327,1.8408070097930933e-5
1328,9.817637385563164e-5
1330,1.2272046731953955e-5
1331,6.136023365976977e-6
1332,1.2272046731953955e-5
1334,1.8408070097930933e-5
1335,4.908818692781582e-5
1336,6.136023365976977e-6
1337,6.136023365976977e-6
1338,1.2272046731953955e-5
1339,6.136023365976977e-6
1341,4.295216356183884e-5
1343,1.2272046731953955e-5
1345,2.454409346390791e-5
1347,6.136023365976977e-6
1348,6.136023365976977e-6
1351,3.6816140195861865e-5
1352,6.136023365976977e-6
1353,6.136023365976978e-5
1355,5.52242102937928e-5
1356,2.454409346390791e-5
1357,6.136023365976977e-6
1358,1.8408070097930933e-5
1359,6.136023365976977e-6
1360,3.068011682988489e-5
1361,3.068011682988489e-5
1362,1.2272046731953955e-5
1363,1.8408070097930933e-5
1365,6.136023365976977e-6
1368,1.104484205875856e-4
1369,4.295216356183884e-5
1370,2.454409346390791e-5
1371,1.902167243452863e-4
1372,6.136023365976977e-6
1374,8.590432712367768e-5
1375,0.0014296934442726357
1376,9.204035048965467e-5
1378,6.136023365976977e-6
1379,1.5953660751540143e-4
1380,6.136023365976977e-6
1381,6.136023365976977e-6
1382,7.976830375770071e-5
1383,4.295216356183884e-5
1385,1.2272046731953955e-5
1386,1.2272046731953955e-5
1388,1.2272046731953955e-5
1389,4.479297057163194e-4
1390,5.52242102937928e-5
1391,2.454409346390791e-5
1392,1.2272046731953955e-5
1393,6.136023365976977e-6
1395,3.6816140195861865e-5
1396,1.8408070097930933e-5
1397,0.0017917188228652775
1398,1.8408070097930933e-5
1400,1.0431239722160862e-4
1401,1.0431239722160862e-4
1402,6.749625702574675e-5
1403,6.136023365976977e-6
1404,3.6816140195861865e-5
1405,7.976830375770071e-5
1406,4.295216356183884e-5
1408,6.136023365976977e-6
1410,1.2272046731953955e-5
1414,1.2272046731953955e-5
1418,1.8408070097930933e-5
1421,4.908818692781582e-5
1424,6.136023365976977e-6
1425,2.3316888790712514e-4
1426,1.8408070097930933e-5
1427,3.068011682988489e-5
1428,6.136023365976978e-5
1429,1.104484205875856e-4
1430,4.908818692781582e-5
1432,2.454409346390791e-5
1433,6.136023365976977e-6
1437,6.136023365976977e-6
1438,3.620253785926417e-4
1439,2.454409346390791e-5
1440,2.208968411751712e-4
1441,6.136023365976977e-6
1443,1.8408070097930933e-5
1445,6.136023365976977e-6
1446,5.52242102937928e-5
1447,1.2272046731953955e-5
1448,1.2272046731953955e-5
1450,1.1658444395356257e-4
1451,2.454409346390791e-5
1452,9.817637385563164e-5
1453,2.454409346390791e-5
1455,6.136023365976977e-6
1458,2.5771298137103305e-4
1462,7.363228039172373e-5
1464,6.136023365976977e-6
1465,3.865694720565496e-4
1466,1.4726456078344746e-4
1467,1.2272046731953955e-5
1468,1.1658444395356257e-4
1469,2.0248877107724027e-4
1470,6.136023365976977e-6
1471,1.8408070097930933e-5
1472,3.313452617627568e-4
1474,9.204035048965467e-5
1475,7.976830375770071e-5
1476,1.2272046731953955e-5
1477,1.2272046731953955e-5
1480,5.52242102937928e-5
1481,1.8408070097930933e-5
1483,1.2272046731953955e-5
1485,4.295216356183884e-5
1486,1.2272046731953955e-5
1487,0.0012272046731953954
1489,1.2885649068551653e-4
1490,1.411285374174705e-4
1491,6.136023365976977e-6
1492,1.5953660751540143e-4
1493,1.2272046731953955e-5
1494,6.136023365976977e-6
1495,1.2272046731953955e-5
1496,1.2272046731953955e-5
1497,1.2272046731953955e-5
1498,1.2272046731953955e-5
1499,6.136023365976977e-6
1500,1.7794467761333236e-4
1502,6.136023365976977e-6
1503,1.2272046731953955e-5
1508,2.454409346390791e-5
1509,7.976830375770071e-5
1512,6.136023365976977e-6
1514,7.363228039172373e-5
1516,6.749625702574675e-5
1517,6.136023365976977e-6
1518,6.749625702574675e-5
1519,6.136023365976977e-6
1521,1.8408070097930933e-5
1522,4.602017524482733e-4
1524,1.5953660751540143e-4
1525,1.8408070097930933e-5
1526,6.136023365976977e-6
1527,6.136023365976977e-6
1528,4.908818692781582e-5
1529,3.068011682988489e-5
1530,6.136023365976977e-6
1533,6.136023365976977e-6
1534,6.136023365976977e-6
1536,6.136023365976977e-6
1537,1.8408070097930933e-5
1538,5.46106079571951e-4
1539,4.908818692781582e-5
1543,2.454409346390791e-5
1544,6.136023365976977e-6
1545,6.136023365976977e-6
1546,6.136023365976977e-6
1547,1.2272046731953955e-5
1548,1.8408070097930933e-5
1550,7.363228039172373e-5
1552,6.136023365976977e-6
1553,1.2272046731953955e-5
1554,4.908818692781582e-5
1557,6.136023365976977e-6
1558,2.454409346390791e-5
1559,4.295216356183884e-5
1561,5.52242102937928e-5
1562,4.295216356183884e-5
1563,6.136023365976977e-6
1564,6.136023365976977e-6
1565,3.068011682988489e-5
1567,6.136023365976977e-6
1568,1.2272046731953955e-5
1570,2.454409346390791e-5
1571,1.902167243452863e-4
1572,2.454409346390791e-5
1573,3.6816140195861865e-5
1574,2.454409346390791e-5
1579,6.136023365976978e-5
1581,6.136023365976977e-6
1582,6.136023365976978e-5
1584,2.454409346390791e-5
1586,2.454409346390791e-5
1587,3.068011682988489e-5
1588,6.136023365976977e-6
1590,1.8408070097930933e-5
1593,2.454409346390791e-5
1594,6.136023365976977e-6
1595,3.068011682988489e-5
1597,1.8408070097930933e-5
1598,1.2272046731953955e-5
1599,1.2272046731953955e-5
1600,1.2272046731953955e-5
1601,1.8408070097930933e-5
1603,3.6816140195861865e-5
1605,3.6816140195861865e-5
1606,5.52242102937928e-5
1607,1.2272046731953955e-5
1608,6.136023365976977e-6
1609,2.454409346390791e-5
1610,6.136023365976977e-6
1611,1.2272046731953955e-5
1613,1.2272046731953955e-5
1614,4.908818692781582e-5
1615,6.136023365976977e-6
1616,2.454409346390791e-5
1618,1.2272046731953955e-5
1619,2.454409346390791e-5
1620,6.136023365976977e-6
1621,3.068011682988489e-5
1622,1.2272046731953955e-5
1625,4.295216356183884e-5
1626,6.136023365976977e-6
1627,5.951942664997669e-4
1628,4.908818692781582e-5
1629,6.136023365976977e-6
1630,1.8408070097930933e-5
1631,4.908818692781582e-5
1632,9.817637385563164e-5
1633,1.2272046731953955e-5
1636,1.8408070097930933e-5
1638,1.0431239722160862e-4
1639,1.2272046731953955e-5
1640,3.252092383967798e-4
1645,6.136023365976977e-6
1646,3.068011682988489e-5
1647,1.7180865424735537e-4
1648,7.976830375770071e-5
1649,6.136023365976978e-5
1650,2.454409346390791e-5
1652,6.136023365976977e-6
1653,6.136023365976977e-6
1656,1.2272046731953955e-5
1659,6.136023365976977e-6
1661,6.749625702574675e-5
1662,4.295216356183884e-5
1663,1.2272046731953955e-5
1664,3.252092383967798e-4
1666,9.204035048965467e-5
1668,6.136023365976977e-6
1669,3.6816140195861865e-5
1672,1.2272046731953955e-5
1675,6.136023365976977e-6
1676,1.8408070097930933e-5
1677,2.454409346390791e-5
1678,2.454409346390791e-5
1679,1.2272046731953955e-5
1684,6.136023365976977e-6
1685,6.136023365976977e-6
1686,3.068011682988489e-5
1687,1.9635274771126327e-4
1688,1.2272046731953955e-5
1689,3.006651449328719e-4
1690,4.908818692781582e-5
1691,1.2272046731953955e-5
1692,6.136023365976977e-6
1693,1.2272046731953955e-5
1695,5.706501730358589e-4
1696,6.136023365976977e-6
1697,1.2272046731953955e-5
1700,1.2272046731953955e-5
1703,6.136023365976977e-6
1704,6.749625702574675e-5
1705,6.136023365976977e-6
1706,4.295216356183884e-5
1707,6.136023365976977e-6
1708,6.749625702574675e-5
1712,6.136023365976977e-6
1713,2.454409346390791e-5
1714,6.136023365976977e-6
1715,2.454409346390791e-5
1716,3.068011682988489e-5
1717,5.52242102937928e-5
1719,1.2272046731953955e-5
1723,3.6816140195861865e-5
1724,6.136023365976977e-6
1726,6.136023365976977e-6
1727,1.2272046731953955e-5
1728,7.976830375770071e-5
1729,9.204035048965467e-5
1730,6.136023365976977e-6
1731,2.454409346390791e-5
1732,3.068011682988489e-5
1733,1.8408070097930933e-5
1735,1.2272046731953955e-5
1737,4.295216356183884e-5
1738,6.136023365976977e-6
1739,1.2272046731953955e-5
1741,4.295216356183884e-5
1742,1.8408070097930933e-5
1743,6.136023365976977e-6
1745,6.136023365976977e-6
1747,1.2272046731953955e-5
1748,6.136023365976977e-6
1749,1.4726456078344746e-4
1753,9.204035048965467e-5
1754,1.349925140514935e-4
1755,2.454409346390791e-5
1756,1.2272046731953955e-5
1761,4.295216356183884e-5
1762,1.2272046731953955e-5
1763,1.2272046731953955e-5
1764,1.8408070097930933e-5
1765,9.204035048965467e-5
1767,1.2272046731953956e-4
1768,8.590432712367768e-5
1769,3.6816140195861865e-5
1771,1.8408070097930933e-5
1772,6.136023365976977e-6
1773,1.8408070097930933e-5
1774,1.2272046731953955e-5
1775,5.52242102937928e-5
1776,1.2885649068551653e-4
1777,1.8408070097930933e-5
1778,1.2272046731953955e-5
1779,1.1658444395356257e-4
1780,6.136023365976977e-6
1781,1.2272046731953955e-5
1784,3.068011682988489e-5
1786,1.2272046731953955e-5
1787,7.915470142110301e-4
1788,4.295216356183884e-5
1789,2.454409346390791e-5
1790,1.8408070097930933e-4
1791,6.136023365976977e-6
1792,6.136023365976977e-6
1794,2.454409346390791e-5
1796,9.204035048965467e-5
1797,2.454409346390791e-5
1798,6.136023365976977e-6
1799,1.2272046731953955e-5
1800,6.136023365976977e-6
1801,6.136023365976977e-6
1803,2.454409346390791e-5
1804,6.136023365976977e-6
1805,4.295216356183884e-5
1806,2.208968411751712e-4
1807,6.136023365976978e-5
1810,2.5771298137103305e-4
1811,7.363228039172373e-5
1812,1.2272046731953955e-5
1813,6.136023365976977e-6
1814,6.136023365976978e-5
1815,6.136023365976977e-6
1816,2.454409346390791e-5
1817,4.295216356183884e-5
1819,6.688265468914906e-4
1820,1.656726308813784e-4
1821,6.136023365976977e-6
1823,6.136023365976977e-6
1824,6.136023365976977e-6
1826,3.068011682988489e-5
1827,3.068011682988489e-5
1828,3.068011682988489e-5
1829,1.2272046731953955e-5
1830,8.590432712367768e-5
1831,4.908818692781582e-5
1832,3.068011682988489e-5
1833,6.136023365976977e-6
1834,6.136023365976977e-6
1835,3.6816140195861865e-5
1836,3.068011682988489e-5
1837,1.8408070097930933e-5
1838,4.8474584591218125e-4
1840,4.908818692781582e-5
1843,2.454409346390791e-5
1844,6.136023365976977e-6
1845,6.136023365976977e-6
1846,3.068011682988489e-5
1847,2.76121051468964e-4
1850,3.068011682988489e-5
1851,6.136023365976977e-6
1852,3.068011682988489e-5
1853,6.136023365976977e-6
1854,1.8408070097930933e-5
1855,5.52242102937928e-5
1856,1.2272046731953955e-5
1857,1.1658444395356257e-4
1859,6.136023365976977e-6
1861,2.454409346390791e-4
1862,1.2272046731953955e-5
1863,1.8408070097930933e-5
1864,6.136023365976977e-6
1865,6.136023365976977e-6
1866,3.6816140195861865e-5
1867,1.2272046731953955e-5
1868,4.908818692781582e-5
1869,2.6384900473701e-4
1870,1.411285374174705e-4
1871,1.7180865424735537e-4
1872,6.136023365976978e-5
1873,3.7429742532459564e-4
1874,2.3316888790712514e-4
1876,1.8408070097930933e-4
1877,1.0431239722160862e-4
1878,0.0014849176545664285
1880,5.52242102937928e-5
1881,1.8408070097930933e-5
1883,2.454409346390791e-5
1885,1.2272046731953955e-5
1886,6.136023365976977e-6
1888,1.104484205875856e-4
1889,1.8408070097930933e-5
1890,7.976830375770071e-5
1891,6.136023365976977e-6
1892,7.363228039172373e-5
1893,1.8408070097930933e-5
1894,2.454409346390791e-5
1896,1.2272046731953955e-5
1897,1.0431239722160862e-4
1898,9.817637385563164e-5
1899,6.136023365976977e-6
1900,3.068011682988489e-5
1901,1.411285374174705e-4
1903,1.2272046731953955e-5
1904,6.136023365976977e-6
1905,3.129371916648259e-4
1906,6.136023365976977e-6
1907,6.136023365976977e-6
1910,6.136023365976977e-6
1911,6.136023365976977e-6
1913,3.068011682988489e-5
1914,6.136023365976977e-6
1915,1.2272046731953955e-5
1916,6.136023365976977e-6
1920,1.8408070097930933e-5
1922,4.908818692781582e-5
1923,2.454409346390791e-5
1924,6.136023365976977e-6
1928,6.136023365976977e-6
1929,1.2272046731953955e-5
1930,1.8408070097930933e-5
1931,7.363228039172373e-5
1932,1.8408070097930933e-5
1933,1.2272046731953955e-5
1934,1.8408070097930933e-5
1935,1.2272046731953955e-5
1936,2.454409346390791e-5
1937,6.136023365976977e-6
1939,7.976830375770071e-5
1940,3.068011682988489e-5
1941,1.8408070097930933e-5
1942,1.8408070097930933e-5
1943,6.136023365976977e-6
1944,3.6816140195861865e-5
1945,6.136023365976977e-6
1946,2.454409346390791e-5
1947,4.295216356183884e-5
1948,3.068011682988489e-5
1950,1.2272046731953955e-5
1951,6.136023365976977e-6
1952,6.136023365976977e-6
1953,1.2272046731953955e-5
1954,1.2272046731953956e-4
1955,1.2272046731953955e-5
1957,6.136023365976977e-6
1958,3.068011682988489e-5
1959,6.136023365976977e-6
1960,6.136023365976977e-6
1962,1.2272046731953955e-5
1963,6.749625702574675e-5
1964,1.2272046731953955e-5
1965,3.6816140195861865e-5
1967,6.136023365976977e-6
1971,1.2272046731953955e-5
1974,6.749625702574675e-5
1975,1.8408070097930933e-5
1977,1.8408070097930933e-5
1979,6.136023365976977e-6
1980,6.136023365976977e-6
1981,2.454409346390791e-5
1982,1.8408070097930933e-5
1983,6.136023365976977e-6
1985,6.136023365976977e-6
1986,4.908818692781582e-5
1987,1.8408070097930933e-5
1988,1.349925140514935e-4
1989,1.2272046731953956e-4
1990,7.363228039172373e-5
1991,1.1658444395356257e-4
1993,3.6816140195861865e-5
1996,4.295216356183884e-5
1998,6.136023365976977e-6
1999,1.2272046731953955e-5
2000,3.068011682988489e-5
2001,6.136023365976977e-6
2002,6.136023365976977e-6
2003,3.5588935522666473e-4
2007,6.136023365976977e-6
2008,2.3316888790712514e-4
2009,1.349925140514935e-4
2010,2.454409346390791e-5
2013,6.136023365976977e-6
2014,9.817637385563164e-5
2015,6.136023365976977e-6
2016,1.7794467761333236e-4
2017,3.4361730849471073e-4
2018,1.2272046731953955e-5
2020,1.8408070097930933e-5
2022,1.2272046731953955e-5
2024,1.8408070097930933e-5
2025,1.349925140514935e-4
2026,6.136023365976977e-6
2029,1.2272046731953955e-5
2031,6.136023365976977e-6
2032,1.8408070097930933e-5
2033,4.295216356183884e-5
2036,4.908818692781582e-5
2037,6.136023365976977e-6
2038,4.908818692781582e-5
2039,3.1907321503080286e-4
2040,2.454409346390791e-5
2042,6.136023365976977e-6
2044,5.52242102937928e-5
2045,4.295216356183884e-5
2047,6.136023365976977e-6
2048,4.908818692781582e-5
2049,2.454409346390791e-5
2050,1.8408070097930933e-5
2051,1.2272046731953955e-5
2052,6.136023365976977e-6
2053,1.8408070097930933e-5
2055,1.0431239722160862e-4
2057,3.6816140195861865e-5
2058,1.2272046731953955e-5
2059,6.136023365976977e-6
2061,6.136023365976977e-6
2062,6.136023365976977e-6
2064,1.2272046731953955e-5
2065,6.136023365976978e-5
2066,1.2272046731953955e-5
2067,6.136023365976977e-6
2069,6.136023365976977e-6
2070,9.817637385563164e-5
2071,1.2272046731953955e-5
2072,6.136023365976977e-6
2073,2.454409346390791e-5
2074,2.454409346390791e-5
2075,1.2272046731953955e-5
2076,6.136023365976977e-6
2077,6.136023365976977e-6
2079,1.2272046731953955e-5
2080,3.6816140195861865e-5
2081,6.136023365976977e-6
2082,6.136023365976977e-6
2083,7.363228039172373e-5
2084,1.656726308813784e-4
2085,4.908818692781582e-5
2086,6.136023365976977e-6
2087,4.295216356183884e-5
2088,2.454409346390791e-5
2090,3.6816140195861865e-5
2091,6.136023365976977e-6
2094,2.0862479444321724e-4
2095,6.136023365976978e-5
2096,1.2272046731953955e-5
2097,1.8408070097930933e-4
2098,6.136023365976977e-6
2099,2.454409346390791e-5
2100,6.136023365976977e-6
2101,1.8408070097930933e-5
2102,3.068011682988489e-5
2105,3.6816140195861865e-5
2106,6.136023365976977e-6
2110,1.2272046731953955e-5
2114,1.2272046731953955e-5
2118,6.136023365976977e-6
2120,4.295216356183884e-5
2122,6.136023365976977e-6
2123,1.2272046731953955e-5
2124,5.52242102937928e-5
2126,1.8408070097930933e-5
2131,6.136023365976977e-6
2133,6.136023365976977e-6
2136,2.454409346390791e-5
2137,1.0431239722160862e-4
2138,1.2272046731953955e-5
2139,1.411285374174705e-4
2142,3.068011682988489e-5
2145,1.2272046731953955e-5
2146,1.2272046731953955e-5
2147,8.590432712367768e-5
2148,6.136023365976977e-6
2150,9.817637385563164e-5
2151,3.6816140195861865e-5
2152,1.2272046731953955e-5
2154,3.068011682988489e-5
2155,1.7794467761333236e-4
2158,6.136023365976978e-5
2159,3.6816140195861865e-5
2160,3.068011682988489e-5
2161,3.068011682988489e-5
2162,1.5340058414942443e-4
2163,6.136023365976978e-5
2164,1.2272046731953955e-5
2166,1.0431239722160862e-4
2167,1.2272046731953955e-5
2168,7.363228039172373e-5
2169,6.136023365976977e-6
2170,1.5953660751540143e-4
2173,6.136023365976977e-6
2175,1.8408070097930933e-5
2176,4.908818692781582e-5
2177,1.8408070097930933e-5
2179,1.8408070097930933e-5
2180,1.8408070097930933e-5
2181,6.136023365976977e-6
2182,2.454409346390791e-5
2183,7.363228039172373e-5
2184,4.908818692781582e-5
2187,1.2272046731953955e-5
2188,1.0431239722160862e-4
2189,6.749625702574675e-5
2192,6.749625702574675e-5
2193,1.2272046731953955e-5
2194,5.52242102937928e-5
2195,3.6816140195861865e-5
2196,1.8408070097930933e-5
2197,4.295216356183884e-5
2199,1.8408070097930933e-5
2200,6.136023365976977e-6
2201,1.2272046731953955e-5
2202,5.52242102937928e-5
2203,1.2272046731953955e-5
2204,9.817637385563164e-5
2205,2.454409346390791e-5
2209,4.295216356183884e-5
2211,3.252092383967798e-4
2213,1.8408070097930933e-5
2218,6.136023365976977e-6
2219,1.349925140514935e-4
2220,2.454409346390791e-5
2221,6.136023365976977e-6
2222,6.136023365976977e-6
2223,4.295216356183884e-5
2224,9.204035048965467e-5
2225,4.908818692781582e-5
2227,5.52242102937928e-5
2228,4.908818692781582e-5
2229,1.2272046731953955e-5
2230,0.0014971897012983825
2231,4.908818692781582e-5
2232,6.013302898657438e-4
2234,6.136023365976977e-6
2235,1.4726456078344746e-4
2238,1.2272046731953955e-5
2239,6.136023365976977e-6
2241,7.363228039172373e-5
2242,1.2272046731953955e-5
2243,6.136023365976977e-6
2244,1.2272046731953955e-5
2245,6.136023365976977e-6
2247,3.068011682988489e-5
2248,6.749625702574675e-5
2251,1.8408070097930933e-5
2252,1.2272046731953955e-5
2253,3.5588935522666473e-4
2256,1.8408070097930933e-5
2257,3.068011682988489e-5
2258,6.749625702574675e-5
2259,3.068011682988489e-5
2260,6.136023365976977e-6
2261,3.068011682988489e-5
2262,2.454409346390791e-5
2263,3.6816140195861865e-5
2264,6.136023365976977e-6
2265,6.136023365976977e-6
2266,5.52242102937928e-5
2267,4.908818692781582e-5
2268,6.136023365976977e-6
2270,1.2272046731953955e-5
2271,1.2272046731953955e-5
2272,4.908818692781582e-5
2273,1.8408070097930933e-5
2274,2.8839309820091795e-4
2275,6.136023365976977e-6
2276,1.8408070097930933e-5
2278,6.136023365976977e-6
2279,6.136023365976977e-6
2281,1.2272046731953955e-5
2282,6.136023365976977e-6
2283,6.136023365976977e-6
2287,3.9884151878850357e-4
2288,1.2272046731953955e-5
2289,2.454409346390791e-5
2290,5.52242102937928e-5
2291,6.136023365976977e-6
2292,1.2272046731953955e-5
2293,1.2272046731953955e-5
2295,1.8408070097930933e-5
2296,1.8408070097930933e-5
2297,1.8408070097930933e-5
2298,3.068011682988489e-5
2299,6.136023365976977e-6
2300,3.068011682988489e-5
2301,5.338340328399971e-4
2302,6.136023365976978e-5
2304,1.2272046731953955e-5
2305,2.3316888790712514e-4
2306,1.349925140514935e-4
2307,2.454409346390791e-5
2308,4.295216356183884e-5
2311,6.136023365976977e-6
2312,6.136023365976977e-6
2313,1.8408070097930933e-5
2314,3.6816140195861865e-5
2315,6.136023365976977e-6
2316,6.136023365976977e-6
2317,6.136023365976977e-6
2318,3.068011682988489e-5
2319,6.136023365976977e-6
2321,6.136023365976977e-6
2329,1.8408070097930933e-5
2330,6.136023365976977e-6
2332,2.454409346390791e-5
2333,1.1658444395356257e-4
2338,2.2703286454114818e-4
2339,1.8408070097930933e-5
2340,3.6816140195861865e-5
2341,6.136023365976977e-6
2342,1.2272046731953955e-5
2344,1.2272046731953955e-5
2345,1.5340058414942443e-4
2346,6.136023365976977e-6
2347,1.2272046731953955e-5
2349,4.295216356183884e-5
2350,1.8408070097930933e-5
2351,6.136023365976977e-6
2352,1.2272046731953955e-5
2354,2.454409346390791e-5
2355,6.136023365976977e-6
2357,6.136023365976977e-6
2358,3.068011682988489e-5
2359,1.8408070097930933e-5
2360,6.136023365976977e-6
2361,7.363228039172373e-5
2362,1.2272046731953955e-5
2364,1.2272046731953955e-5
2366,9.326755516285006e-4
2368,6.136023365976977e-6
2371,6.136023365976978e-5
2372,6.136023365976977e-6
2373,6.136023365976977e-6
2374,6.136023365976977e-6
2375,3.068011682988489e-5
2376,6.136023365976977e-6
2377,6.136023365976977e-6
2378,3.497533318606877e-4
2381,6.136023365976977e-6
2382,6.136023365976977e-6
2383,6.136023365976977e-6
2384,2.5771298137103305e-4
2386,5.52242102937928e-5
2387,6.136023365976977e-6
2390,6.136023365976977e-6
2392,6.136023365976977e-6
2393,1.2272046731953955e-5
2394,1.2272046731953955e-5
2395,6.136023365976977e-6
2396,1.2272046731953955e-5
2398,6.136023365976977e-6
2399,6.136023365976977e-6
2401,2.454409346390791e-5
2402,1.8408070097930933e-5
2404,1.2272046731953955e-5
2405,2.208968411751712e-4
2406,6.136023365976977e-6
2410,6.136023365976977e-6
2411,4.908818692781582e-5
2413,1.2272046731953955e-5
2415,6.136023365976977e-6
2417,1.2272046731953955e-5
2418,9.817637385563164e-5
2419,3.6816140195861865e-5
2420,1.8408070097930933e-5
2421,6.136023365976977e-6
2422,6.136023365976977e-6
2425,1.8408070097930933e-5
2426,1.2272046731953955e-5
2427,6.136023365976977e-6
2428,2.454409346390791e-5
2429,6.136023365976977e-6
2430,7.363228039172373e-5
2432,3.068011682988489e-5
2433,6.136023365976977e-6
2437,1.2885649068551653e-4
2439,6.136023365976977e-6
2440,6.136023365976977e-6
2442,1.7794467761333236e-4
2443,1.2272046731953955e-5
2444,1.2272046731953955e-5
2447,7.976830375770071e-5
2449,1.2272046731953955e-5
2450,1.8408070097930933e-5
2451,7.363228039172373e-5
2452,1.8408070097930933e-5
2453,1.2272046731953955e-5
2458,1.8408070097930933e-5
2459,5.583781263039049e-4
2460,5.52242102937928e-5
2462,6.136023365976977e-6
2463,6.136023365976978e-5
2464,6.136023365976977e-6
2466,1.0431239722160862e-4
2469,1.1658444395356257e-4
2470,1.2272046731953955e-5
2472,5.52242102937928e-5
2475,6.136023365976977e-6
2477,2.0248877107724027e-4
2478,1.8408070097930933e-5
2479,6.136023365976977e-6
2480,6.995066637213754e-4
2481,4.908818692781582e-5
2483,2.454409346390791e-5
2486,6.136023365976978e-5
2487,1.2272046731953955e-5
2488,6.136023365976977e-6
2489,6.136023365976977e-6
2490,2.454409346390791e-5
2492,1.8408070097930933e-5
2494,2.454409346390791e-5
2495,6.136023365976977e-6
2496,1.2272046731953956e-4
2497,1.8408070097930933e-5
2501,1.2272046731953955e-5
2504,3.068011682988489e-5
2505,4.295216356183884e-5
2506,6.136023365976977e-6
2507,6.136023365976977e-6
2508,2.454409346390791e-5
2510,1.2272046731953955e-5
2512,3.6816140195861865e-5
2513,1.8408070097930933e-5
2514,2.454409346390791e-5
2515,1.8408070097930933e-5
2517,1.2272046731953955e-5
2519,6.136023365976977e-6
2520,1.2272046731953955e-5
2521,6.136023365976977e-6
2523,1.2272046731953955e-5
2524,3.068011682988489e-5
2527,6.136023365976977e-6
2528,6.136023365976977e-6
2529,3.6816140195861867e-4
2530,1.2272046731953955e-5
2531,6.136023365976977e-6
2532,2.454409346390791e-5
2533,4.908818692781582e-5
2534,9.817637385563164e-5
2535,6.688265468914906e-4
2536,6.136023365976977e-6
2537,1.8408070097930933e-5
2538,1.8408070097930933e-5
2539,6.136023365976978e-5
2540,1.8408070097930933e-5
2541,6.136023365976977e-6
2542,1.7794467761333236e-4
2543,5.46106079571951e-4
2544,3.865694720565496e-4
2545,6.136023365976977e-6
2547,1.902167243452863e-4
2548,1.2272046731953955e-5
2549,1.656726308813784e-4
2551,1.2272046731953955e-5
2553,1.2272046731953955e-5
2554,4.908818692781582e-5
2556,6.136023365976977e-6
2558,6.749625702574675e-5
2560,1.7794467761333236e-4
2561,1.2272046731953955e-5
2562,6.136023365976977e-6
2563,6.136023365976977e-6
2567,2.454409346390791e-5
2569,6.136023365976977e-6
2570,6.136023365976977e-6
2571,6.136023365976977e-6
2572,2.454409346390791e-5
2573,5.52242102937928e-5
2574,2.454409346390791e-5
2575,1.2272046731953955e-5
2578,6.136023365976977e-6
2581,2.454409346390791e-5
2583,2.82257074834941e-4
2584,6.136023365976977e-6
2585,2.454409346390791e-5
2586,4.295216356183884e-5
2587,1.2272046731953955e-5
2589,2.454409346390791e-5
2590,6.136023365976977e-6
2591,9.204035048965467e-5
2592,6.136023365976977e-6
2594,5.52242102937928e-5
2595,6.136023365976977e-6
2597,1.8408070097930933e-5
2599,1.9635274771126327e-4
2600,1.5340058414942443e-4
2601,1.8408070097930933e-5
2604,6.136023365976977e-6
2605,6.136023365976977e-6
2606,3.6816140195861865e-5
2608,4.295216356183884e-5
2609,1.902167243452863e-4
2610,1.2272046731953955e-5
2612,4.908818692781582e-5
2613,6.136023365976977e-6
2615,6.136023365976977e-6
2617,1.2272046731953955e-5
2618,1.2272046731953955e-5
2619,3.068011682988489e-5
2620,3.6816140195861865e-5
2621,6.136023365976977e-6
2622,1.2272046731953955e-5
2623,1.8408070097930933e-5
2624,6.136023365976977e-6
2625,2.454409346390791e-5
2626,2.82257074834941e-4
2628,3.6816140195861865e-5
2629,1.2272046731953955e-5
2630,6.136023365976977e-6
2631,6.136023365976977e-6
2632,2.515769580050561e-4
2633,1.2272046731953955e-5
2634,6.136023365976977e-6
2635,1.2272046731953955e-5
2637,4.417936823503424e-4
2638,4.908818692781582e-5
2639,2.454409346390791e-5
2640,6.136023365976977e-6
2641,6.136023365976977e-6
2642,1.2272046731953955e-5
2643,6.136023365976977e-6
2644,6.136023365976977e-6
2645,4.908818692781582e-5
2647,6.136023365976977e-6
2649,6.136023365976977e-6
2652,3.129371916648259e-4
2653,6.749625702574675e-5
2654,6.136023365976977e-6
2656,6.136023365976977e-6
2657,2.454409346390791e-5
2659,5.52242102937928e-5
2661,7.363228039172373e-5
2662,7.363228039172373e-5
2663,4.295216356183884e-5
2664,4.908818692781582e-5
2665,1.411285374174705e-4
2666,1.2272046731953955e-5
2668,6.136023365976977e-6
2669,1.2272046731953955e-5
2670,3.6816140195861865e-5
2671,1.8408070097930933e-5
2672,6.136023365976977e-6
2673,1.2272046731953955e-5
2674,1.8408070097930933e-5
2676,1.0431239722160862e-4
2678,1.2272046731953955e-5
2680,6.136023365976977e-6
2682,6.136023365976977e-6
2683,1.8408070097930933e-5
2685,6.136023365976977e-6
2686,6.136023365976977e-6
2688,6.136023365976977e-6
2689,1.2272046731953955e-5
2691,1.2272046731953955e-5
2693,3.6816140195861865e-5
2694,6.136023365976977e-6
2695,1.8408070097930933e-5
2696,1.2272046731953955e-5
2697,3.6816140195861865e-5
2698,6.136023365976977e-6
2699,1.8408070097930933e-5
2700,1.2272046731953955e-5
2701,2.454409346390791e-5
2702,6.136023365976977e-6
2703,2.454409346390791e-5
2704,1.8408070097930933e-5
2705,6.136023365976977e-6
2706,5.52242102937928e-5
2707,1.2272046731953955e-5
2708,6.136023365976977e-6
2709,3.6816140195861865e-5
2710,1.8408070097930933e-5
2711,1.8408070097930933e-5
2712,6.136023365976977e-6
2713,6.136023365976977e-6
2714,2.454409346390791e-5
2715,6.136023365976977e-6
2717,6.136023365976977e-6
2720,2.454409346390791e-5
2721,2.454409346390791e-5
2723,1.2272046731953955e-5
2724,1.8408070097930933e-5
2726,1.8408070097930933e-5
2727,3.068011682988489e-5
2728,9.204035048965467e-5
2729,4.295216356183884e-5
2730,2.454409346390791e-5
2731,6.136023365976977e-6
2732,6.136023365976977e-6
2737,1.8408070097930933e-5
2738,1.2272046731953955e-5
2739,6.136023365976977e-6
2743,6.136023365976977e-6
2745,6.749625702574675e-5
2746,6.136023365976977e-6
2747,1.2272046731953955e-5
2751,1.8408070097930933e-5
2752,6.136023365976977e-6
2754,1.2272046731953955e-5
2755,6.136023365976977e-6
2756,7.363228039172373e-5
2758,6.136023365976977e-6
2759,1.2272046731953955e-5
2760,1.2272046731953955e-5
2761,6.136023365976977e-6
2762,2.454409346390791e-5
2763,1.2272046731953955e-5
2764,1.8408070097930933e-5
2765,2.454409346390791e-5
2767,3.068011682988489e-5
2768,7.363228039172373e-5
2769,1.2272046731953955e-5
2770,1.2272046731953955e-5
2772,1.2272046731953955e-5
2773,1.902167243452863e-4
2774,1.5340058414942443e-4
2775,1.8408070097930933e-5
2776,1.8408070097930933e-5
2777,6.136023365976977e-6
2779,5.46106079571951e-4
2782,1.2272046731953956e-4
2784,1.8408070097930933e-5
2785,6.136023365976977e-6
2786,1.902167243452863e-4
2789,1.2272046731953955e-5
2790,3.6816140195861865e-5
2791,4.295216356183884e-5
2792,4.295216356183884e-5
2795,2.454409346390791e-4
2796,1.2272046731953955e-5
2797,1.2272046731953955e-5
2798,1.5340058414942443e-4
2799,6.136023365976977e-6
2800,1.2272046731953955e-5
2802,1.2272046731953955e-5
2807,1.2885649068551653e-4
2808,1.2272046731953955e-5
2810,1.8408070097930933e-5
2811,6.136023365976977e-6
2812,4.295216356183884e-5
2816,6.136023365976977e-6
2817,6.136023365976977e-6
2819,9.204035048965467e-5
2821,6.136023365976978e-5
2822,1.8408070097930933e-5
2823,1.8408070097930933e-5
2824,3.068011682988489e-5
2825,5.52242102937928e-5
2826,3.865694720565496e-4
2828,3.6816140195861865e-5
2830,1.2272046731953955e-5
2832,1.8408070097930933e-5
2835,0.002540313673514469
2836,1.2272046731953955e-5
2837,7.363228039172373e-5
2839,1.8408070097930933e-5
2840,5.52242102937928e-5
2841,2.454409346390791e-5
2842,6.136023365976977e-6
2843,1.0431239722160862e-4
2844,6.136023365976977e-6
2845,3.068011682988489e-5
2847,6.136023365976977e-6
2848,2.454409346390791e-5
2850,2.454409346390791e-5
2853,4.663377758142503e-4
2854,1.8408070097930933e-5
2855,1.2272046731953955e-5
2856,6.136023365976977e-6
2858,6.136023365976977e-6
2859,6.136023365976977e-6
2862,1.2272046731953955e-5
2863,6.136023365976977e-6
2864,6.136023365976977e-6
2866,9.817637385563164e-5
2868,6.136023365976977e-6
2869,1.2272046731953955e-5
2871,4.295216356183884e-5
2872,6.136023365976977e-6
2873,1.2272046731953955e-5
2874,1.8408070097930933e-5
2876,6.136023365976978e-5
2877,6.136023365976977e-6
2879,1.8408070097930933e-5
2881,2.454409346390791e-5
2883,6.136023365976977e-6
2884,1.2272046731953955e-5
2885,6.136023365976977e-6
2886,6.136023365976977e-6
2887,6.136023365976977e-6
2888,3.6816140195861865e-5
2889,3.6816140195861865e-5
2895,1.8408070097930933e-5
2899,6.136023365976977e-6
2900,1.8408070097930933e-5
2901,6.136023365976977e-6
2902,2.454409346390791e-5
2903,3.068011682988489e-5
2904,1.2272046731953955e-5
2905,1.2272046731953955e-5
2906,1.8408070097930933e-5
2907,1.8408070097930933e-5
2909,6.136023365976977e-6
2911,2.454409346390791e-5
2913,6.136023365976977e-6
2915,6.136023365976977e-6
2917,6.136023365976977e-6
2918,6.136023365976977e-6
2919,1.2272046731953955e-5
2920,1.2272046731953955e-5
2921,6.136023365976978e-5
2923,2.0862479444321724e-4
2926,1.349925140514935e-4
2927,3.6816140195861865e-5
2928,3.6816140195861865e-5
2929,5.52242102937928e-5
2931,6.136023365976977e-6
2932,1.411285374174705e-4
2933,3.068011682988489e-5
2934,1.8408070097930933e-5
2936,3.6816140195861865e-5
2937,8.590432712367768e-5
2938,1.1658444395356257e-4
2939,6.136023365976977e-6
2941,6.136023365976977e-6
2942,3.068011682988489e-5
2944,2.454409346390791e-5
2945,1.2272046731953955e-5
2946,1.8408070097930933e-5
2947,1.2272046731953955e-5
2948,6.136023365976977e-6
2949,2.454409346390791e-4
2952,3.068011682988489e-5
2953,2.454409346390791e-5
2954,1.2272046731953955e-5
2956,1.2272046731953955e-5
2958,6.136023365976977e-6
2959,1.8408070097930933e-5
2962,1.2272046731953955e-5
2963,1.2272046731953955e-5
2964,3.6816140195861865e-5
2966,2.454409346390791e-5
2968,1.411285374174705e-4
2969,3.068011682988489e-5
2970,1.2272046731953955e-5
2971,1.8408070097930933e-5
2973,6.136023365976977e-6
2974,3.6816140195861865e-5
2975,2.454409346390791e-5
2979,1.7180865424735537e-4
2981,6.136023365976977e-6
2982,1.8408070097930933e-5
2983,2.454409346390791e-5
2985,6.136023365976977e-6
2987,6.136023365976977e-6
2989,1.5953660751540143e-4
2991,6.136023365976977e-6
2992,6.136023365976977e-6
2993,6.136023365976977e-6
2994,6.136023365976977e-6
2996,6.136023365976977e-6
2999,1.2272046731953955e-5
3000,1.8408070097930933e-5
3001,4.295216356183884e-5
3002,1.8408070097930933e-5
3003,6.136023365976977e-6
3007,1.8408070097930933e-5
3008,6.136023365976977e-6
3009,1.2272046731953955e-5
3010,6.136023365976977e-6
3012,1.8408070097930933e-5
3014,6.136023365976977e-6
3015,3.068011682988489e-5
3016,6.136023365976977e-6
3018,6.136023365976977e-6
3019,2.454409346390791e-5
3020,1.8408070097930933e-5
3021,6.136023365976977e-6
3023,6.136023365976977e-6
3025,1.349925140514935e-4
3026,6.136023365976977e-6
3027,1.8408070097930933e-4
3028,5.52242102937928e-5
3032,2.454409346390791e-5
3033,6.136023365976977e-6
3034,2.454409346390791e-5
3037,2.454409346390791e-5
3040,1.7794467761333236e-4
3041,6.136023365976977e-6
3042,6.136023365976977e-6
3044,6.136023365976977e-6
3045,4.7247379918022726e-4
3047,2.8839309820091795e-4
3048,1.7794467761333236e-4
3049,1.2272046731953955e-5
3050,3.6816140195861865e-5
3052,6.136023365976977e-6
3053,1.902167243452863e-4
3055,1.2272046731953955e-5
3056,1.2272046731953955e-5
3059,1.2272046731953955e-5
3060,1.8408070097930933e-5
3061,1.8408070097930933e-5
3062,6.136023365976977e-6
3064,4.295216356183884e-5
3066,1.2272046731953955e-5
3067,3.6816140195861865e-5
3068,6.136023365976977e-6
3069,1.2272046731953955e-5
3070,4.295216356183884e-5
3071,1.2272046731953955e-5
3072,1.2272046731953955e-5
3073,3.068011682988489e-5
3075,3.6816140195861865e-5
3077,1.104484205875856e-4
3078,1.8408070097930933e-5
3079,6.136023365976978e-5
3080,6.136023365976977e-6
3081,9.817637385563164e-5
3082,1.8408070097930933e-5
3083,1.2885649068551653e-4
3084,1.2272046731953955e-5
3085,1.2885649068551653e-4
3088,8.590432712367768e-5
3089,4.908818692781582e-5
3090,4.908818692781582e-5
3092,6.136023365976977e-6
3093,4.908818692781582e-5
3095,1.2885649068551653e-4
3096,1.2272046731953955e-5
3097,1.2272046731953955e-5
3098,2.454409346390791e-5
3099,4.908818692781582e-5
3100,3.068011682988489e-5
3101,1.2272046731953955e-5
3103,6.136023365976977e-6
3104,1.2272046731953956e-4
3105,3.068011682988489e-5
3107,6.136023365976977e-6
3108,6.136023365976977e-6
3110,7.976830375770071e-5
3112,6.136023365976977e-6
3113,1.8408070097930933e-5
3114,1.411285374174705e-4
3115,1.1658444395356257e-4
3116,5.2769800947402e-4
3117,6.136023365976977e-6
3118,1.8408070097930933e-5
3120,6.136023365976977e-6
3121,1.2272046731953955e-5
3122,3.068011682988489e-5
3123,3.6816140195861865e-5
3124,6.136023365976977e-6
3125,6.749625702574675e-5
3126,2.454409346390791e-5
3127,1.2272046731953955e-5
3128,1.2272046731953955e-5
3130,2.454409346390791e-5
3132,1.8408070097930933e-5
3136,1.2272046731953955e-5
3138,6.749625702574675e-5
3139,6.136023365976977e-6
3141,4.295216356183884e-5
3142,1.8408070097930933e-5
3144,1.8408070097930933e-5
3146,2.515769580050561e-4
3147,1.2272046731953955e-5
3148,8.590432712367768e-5
3149,7.363228039172373e-5
3150,1.2272046731953955e-5
3151,1.7794467761333236e-4
3152,6.136023365976977e-6
3153,6.136023365976977e-6
3156,1.8408070097930933e-4
3159,7.363228039172373e-5
3160,6.136023365976977e-6
3161,1.8408070097930933e-5
3163,1.2272046731953955e-5
3164,1.2272046731953955e-5
3166,1.2272046731953955e-5
3167,1.2272046731953955e-5
3168,6.136023365976978e-5
3169,6.136023365976977e-6
3171,6.136023365976977e-6
3173,2.454409346390791e-5
3174,6.136023365976978e-5
3175,6.136023365976977e-6
3176,2.454409346390791e-5
3177,1.2272046731953955e-5
3178,3.068011682988489e-5
3180,2.454409346390791e-5
3181,6.136023365976977e-6
3182,8.590432712367768e-5
3183,1.8408070097930933e-5
3184,2.0862479444321724e-4
3185,2.454409346390791e-5
3186,1.2272046731953955e-5
3187,7.976830375770071e-5
3190,6.136023365976977e-6
3191,1.8408070097930933e-5
3195,1.2272046731953955e-5
3196,3.068011682988489e-5
3197,3.6816140195861865e-5
3199,3.068011682988489e-5
3200,1.8408070097930933e-5
3201,5.52242102937928e-5
3203,3.9270549542252655e-4
3204,3.6816140195861865e-5
3205,6.136023365976977e-6
3206,6.136023365976977e-6
3207,6.136023365976977e-6
3208,6.749625702574675e-5
3210,1.104484205875856e-4
3211,6.136023365976977e-6
3212,7.363228039172373e-5
3213,6.136023365976977e-6
3215,2.454409346390791e-5
3217,1.2272046731953955e-5
3218,1.2272046731953955e-5
3220,6.136023365976977e-6
3221,2.454409346390791e-5
3223,6.136023365976977e-6
3224,5.52242102937928e-5
3225,6.749625702574675e-5
3226,3.6816140195861865e-5
3227,3.6816140195861865e-5
3228,1.2272046731953955e-5
3229,1.2272046731953955e-5
3230,1.8408070097930933e-5
3232,6.136023365976977e-6
3233,6.136023365976977e-6
3234,6.136023365976977e-6
3236,1.8408070097930933e-5
3237,1.2272046731953955e-5
3238,1.2272046731953955e-5
3239,3.6816140195861865e-5
3240,6.136023365976977e-6
3241,1.8408070097930933e-5
3242,4.295216356183884e-5
3244,6.136023365976977e-6
3245,4.908818692781582e-5
3246,1.8408070097930933e-5
3247,6.136023365976977e-6
3248,1.8408070097930933e-5
3249,6.136023365976977e-6
3250,1.8408070097930933e-5
3251,2.945291215668949e-4
3252,1.2272046731953955e-5
3253,1.8408070097930933e-5
3257,6.136023365976977e-6
3259,6.136023365976977e-6
3260,6.136023365976977e-6
3261,6.749625702574675e-5
3263,1.8408070097930933e-5
3264,1.8408070097930933e-5
3265,7.363228039172373e-5
3266,1.2272046731953955e-5
3269,4.908818692781582e-4
3270,1.104484205875856e-4
3271,4.908818692781582e-5
3273,6.136023365976977e-6
3274,1.2272046731953956e-4
3276,6.136023365976977e-6
3277,1.2272046731953955e-5
3279,6.136023365976977e-6
3281,1.7180865424735537e-4
3282,1.8408070097930933e-5
3283,9.204035048965467e-5
3284,6.136023365976977e-6
3285,3.6816140195861865e-5
3286,9.204035048965467e-5
3287,6.136023365976977e-6
3291,1.8408070097930933e-5
3292,6.136023365976977e-6
3294,1.2272046731953955e-5
3295,6.136023365976977e-6
3296,3.6816140195861865e-5
3297,1.2272046731953955e-5
3300,1.1658444395356257e-4
3301,2.208968411751712e-4
3303,6.136023365976977e-6
3304,6.136023365976977e-6
3305,5.52242102937928e-5
3307,6.136023365976977e-6
3310,6.136023365976977e-6
3312,1.8408070097930933e-5
3315,1.902167243452863e-4
3316,6.136023365976977e-6
3317,6.136023365976977e-6
3318,1.1658444395356257e-4
3319,4.908818692781582e-5
3323,3.6816140195861865e-5
3324,6.136023365976977e-6
3326,4.295216356183884e-5
3328,1.2272046731953955e-5
3330,6.136023365976977e-6
3332,1.2272046731953956e-4
3333,1.8408070097930933e-5
3335,1.2272046731953955e-5
3336,1.0431239722160862e-4
3338,1.2272046731953955e-5
3339,1.2272046731953955e-5
3342,1.2272046731953955e-5
3345,2.454409346390791e-5
3346,1.8408070097930933e-5
3347,5.52242102937928e-5
3349,1.8408070097930933e-5
3350,1.2272046731953955e-5
3352,1.2272046731953955e-5
3353,6.136023365976978e-5
3355,7.363228039172373e-5
3357,6.136023365976978e-5
3359,2.454409346390791e-5
3360,7.363228039172373e-5
3362,3.6816140195861865e-5
3363,2.3930491127310214e-4
3365,1.8408070097930933e-5
3366,3.068011682988489e-5
3367,6.136023365976977e-6
3368,2.454409346390791e-5
3369,6.136023365976977e-6
3370,8.590432712367768e-5
3371,6.136023365976977e-6
3372,6.136023365976977e-6
3373,1.2272046731953955e-5
3374,4.295216356183884e-5
3376,5.64514149669882e-4
3379,4.295216356183884e-5
3381,6.136023365976977e-6
3382,6.136023365976977e-6
3383,1.8408070097930933e-5
3384,2.454409346390791e-5
3385,6.136023365976977e-6
3386,4.295216356183884e-5
3387,1.2272046731953955e-5
3388,6.136023365976977e-6
3389,3.068011682988489e-5
3390,6.136023365976977e-6
3391,6.136023365976977e-6
3392,1.2272046731953955e-5
3393,6.136023365976977e-6
3394,6.136023365976977e-6
3395,1.2272046731953955e-5
3396,3.006651449328719e-4
3397,1.2272046731953955e-5
3398,6.136023365976977e-6
3399,2.454409346390791e-5
3400,4.8474584591218125e-4
3401,6.136023365976977e-6
3402,1.411285374174705e-4
3403,6.136023365976977e-6
3404,1.5340058414942443e-4
3407,6.136023365976977e-6
3409,1.1658444395356257e-4
3410,6.136023365976977e-6
3411,3.068011682988489e-5
3412,1.8408070097930933e-5
3413,1.8408070097930933e-5
3414,1.2272046731953955e-5
3416,1.8408070097930933e-5
3418,4.908818692781582e-5
3419,1.2272046731953955e-5
3420,1.8408070097930933e-5
3421,1.8408070097930933e-5
3422,1.8408070097930933e-5
3423,6.136023365976977e-6
3425,2.454409346390791e-5
3426,4.295216356183884e-5
3427,7.976830375770071e-5
3429,1.2272046731953955e-5
3430,6.136023365976977e-6
3432,2.76121051468964e-4
3436,6.136023365976977e-6
3438,1.8408070097930933e-5
3439,6.136023365976977e-6
3441,8.590432712367768e-5
3442,1.2272046731953955e-5
3443,5.52242102937928e-5
3444,1.8408070097930933e-5
3445,1.8408070097930933e-5
3447,6.136023365976977e-6
3449,6.136023365976977e-6
3452,1.0431239722160862e-4
3453,6.136023365976977e-6
3454,3.6816140195861865e-5
3456,1.2272046731953955e-5
3458,1.2272046731953955e-5
3459,6.136023365976977e-6
3460,6.136023365976977e-6
3461,1.2272046731953955e-5
3462,3.6816140195861865e-5
3463,2.454409346390791e-5
3464,7.976830375770071e-5
3465,6.136023365976977e-6
3467,2.454409346390791e-5
3469,3.068011682988489e-5
3471,7.976830375770071e-5
3472,2.454409346390791e-5
3474,6.136023365976977e-6
3475,2.454409346390791e-5
3476,2.454409346390791e-5
3477,0.0013315170704170042
3479,1.5953660751540143e-4
3480,1.1658444395356257e-4
3483,5.52242102937928e-5
3484,8.590432712367768e-5
3485,6.136023365976977e-6
3487,6.136023365976977e-6
3488,6.136023365976977e-6
3489,6.136023365976977e-6
3490,6.136023365976977e-6
3491,7.424588272832142e-4
3492,1.2272046731953955e-5
3493,6.136023365976977e-6
3494,2.945291215668949e-4
3496,6.136023365976977e-6
3498,6.136023365976977e-6
3499,3.068011682988489e-5
3500,6.136023365976977e-6
3502,1.2272046731953955e-5
3504,6.136023365976977e-6
3505,6.136023365976977e-6
3506,6.136023365976977e-6
3507,3.313452617627568e-4
3508,6.136023365976977e-6
3511,2.454409346390791e-5
3513,1.2272046731953955e-5
3514,6.136023365976978e-5
3515,6.136023365976977e-6
3517,4.295216356183884e-5
3518,6.136023365976977e-6
3519,1.8408070097930933e-5
3520,2.454409346390791e-5
3521,6.136023365976977e-6
3522,0.0012762928601232114
3523,7.976830375770071e-5
3524,6.136023365976977e-6
3525,3.068011682988489e-5
3526,4.786098225462043e-4
3528,1.8408070097930933e-5
3532,1.2272046731953955e-5
3533,4.908818692781582e-5
3534,4.295216356183884e-5
3535,6.136023365976977e-6
3537,4.908818692781582e-5
3538,6.136023365976977e-6
3539,1.2272046731953955e-5
3540,6.136023365976977e-6
3541,1.2272046731953955e-5
3543,1.8408070097930933e-5
3546,6.136023365976977e-6
3547,1.0431239722160862e-4
3548,2.454409346390791e-5
3550,6.136023365976977e-6
3551,4.908818692781582e-5
3552,2.454409346390791e-5
3553,6.136023365976977e-6
3554,1.8408070097930933e-5
3555,4.295216356183884e-5
3556,1.2272046731953955e-5
3557,1.8408070097930933e-5
3558,3.6816140195861865e-5
3559,8.590432712367768e-5
3560,1.8408070097930933e-5
3562,6.136023365976977e-6
3566,1.2272046731953955e-5
3567,2.3316888790712514e-4
3568,4.908818692781582e-5
3570,6.136023365976977e-6
3571,6.136023365976977e-6
3572,1.2272046731953955e-5
3573,2.147608178091942e-4
3574,6.136023365976978e-5
3575,1.8408070097930933e-5
3576,6.136023365976977e-6
3579,6.136023365976977e-6
3580,7.976830375770071e-5
3581,1.8408070097930933e-5
3583,6.136023365976977e-6
3584,3.068011682988489e-5
3585,1.2272046731953955e-5
3588,6.136023365976977e-6
3589,2.454409346390791e-5
3591,6.136023365976977e-6
3592,6.136023365976977e-6
3593,4.908818692781582e-5
3595,6.136023365976977e-6
3597,3.6816140195861865e-5
3599,0.0011167562526078099
3600,1.2272046731953955e-5
3601,6.258743833296518e-4
3602,6.136023365976977e-6
3605,1.9635274771126327e-4
3606,1.1658444395356257e-4
3607,2.454409346390791e-5
3608,1.2272046731953955e-5
3609,6.136023365976977e-6
3610,6.136023365976977e-6
3611,6.136023365976977e-6
3612,6.136023365976977e-6
3614,6.136023365976977e-6
3615,1.8408070097930933e-5
3616,1.2272046731953955e-5
3617,4.908818692781582e-5
3618,3.068011682988489e-5
3619,4.295216356183884e-5
3620,1.8408070097930933e-5
3621,6.136023365976977e-6
3622,9.817637385563164e-5
3624,6.136023365976977e-6
3627,6.136023365976977e-6
3628,1.5953660751540143e-4
3629,1.5340058414942443e-4
3631,5.52242102937928e-5
3632,6.749625702574675e-5
3634,1.2272046731953955e-5
3635,6.136023365976977e-6
3637,6.136023365976977e-6
3639,3.068011682988489e-5
3640,1.8408070097930933e-5
3641,1.2272046731953955e-5
3642,1.8408070097930933e-5
3643,6.136023365976977e-6
3646,1.349925140514935e-4
3647,1.2272046731953955e-5
3649,6.136023365976977e-6
3650,1.2272046731953955e-5
3651,1.104484205875856e-4
3655,2.454409346390791e-4
3657,6.749625702574675e-5
3658,6.136023365976977e-6
3659,6.136023365976978e-5
3660,1.8408070097930933e-5
3661,9.817637385563164e-5
3662,7.363228039172373e-5
3663,1.2272046731953955e-5
3664,7.976830375770071e-5
3665,6.136023365976977e-6
3666,6.136023365976977e-6
3667,2.454409346390791e-5
3669,2.3930491127310214e-4
3670,5.52242102937928e-5
3671,9.204035048965467e-5
3673,1.2272046731953955e-5
3674,1.2272046731953955e-5
3675,2.454409346390791e-5
3676,2.454409346390791e-5
3679,6.136023365976977e-6
3680,6.136023365976977e-6
3681,4.295216356183884e-5
3682,1.2272046731953955e-5
3683,6.136023365976977e-6
3684,6.136023365976977e-6
3685,6.136023365976977e-6
3686,6.136023365976977e-6
3687,6.136023365976977e-6
3688,3.6816140195861865e-5
3690,1.8408070097930933e-5
3691,6.136023365976977e-6
3692,6.136023365976978e-5
3693,1.2272046731953955e-5
3695,4.908818692781582e-5
3696,7.363228039172373e-5
3697,6.136023365976977e-6
3699,9.817637385563164e-5
3700,1.8408070097930933e-5
3701,6.136023365976977e-6
3702,1.2272046731953955e-5
3703,1.2272046731953955e-5
3704,6.136023365976977e-6
3705,1.8408070097930933e-5
3707,6.136023365976977e-6
3711,1.8408070097930933e-5
3713,1.8408070097930933e-5
3715,1.2272046731953955e-5
3717,1.8408070097930933e-5
3718,0.002184424318287804
3719,6.136023365976977e-6
3721,3.6816140195861865e-5
3724,4.908818692781582e-5
3725,6.136023365976977e-6
3726,6.136023365976977e-6
3727,0.0011903885329995337
3728,1.8408070097930933e-5
3730,6.136023365976977e-6
3732,6.136023365976977e-6
3733,1.2272046731953955e-5
3734,6.136023365976977e-6
3735,2.2703286454114818e-4
3736,6.626905235255136e-4
3737,1.2272046731953955e-5
3738,2.76121051468964e-4
3740,3.068011682988489e-5
3741,7.976830375770071e-5
3742,3.6816140195861865e-5
3744,1.2272046731953955e-5
3745,6.136023365976977e-6
3746,1.2272046731953955e-5
3747,1.2272046731953955e-5
3748,1.8408070097930933e-5
3750,5.52242102937928e-5
3751,6.136023365976977e-6
3752,3.6816140195861865e-5
3753,1.2272046731953955e-5
3755,1.2272046731953955e-5
3756,3.6816140195861865e-5
3758,1.2272046731953955e-5
3759,2.454409346390791e-5
3760,6.136023365976977e-6
3762,1.8408070097930933e-5
3763,6.136023365976977e-6
3764,1.2272046731953955e-5
3765,6.136023365976977e-6
3768,7.976830375770071e-5
3770,3.6816140195861865e-5
3771,1.8408070097930933e-5
3772,9.817637385563164e-5
3773,1.2272046731953955e-5
3774,3.6816140195861865e-5
3775,3.6816140195861865e-5
3776,3.6816140195861865e-5
3777,1.8408070097930933e-5
3778,2.454409346390791e-5
3779,1.2272046731953955e-5
3780,1.2272046731953955e-5
3781,6.136023365976977e-6
3782,6.136023365976977e-6
3783,6.136023365976977e-6
3785,9.817637385563164e-5
3786,6.136023365976978e-5
3787,3.6816140195861865e-5
3788,4.111135655204575e-4
3789,1.8408070097930933e-5
3790,1.2272046731953955e-5
3793,1.8408070097930933e-5
3794,6.136023365976977e-6
3796,6.136023365976977e-6
3799,2.454409346390791e-5
3802,2.2703286454114818e-4
3803,1.2272046731953955e-5
3804,6.136023365976977e-6
3805,6.136023365976977e-6
3806,5.52242102937928e-5
3807,2.454409346390791e-5
3810,1.8408070097930933e-5
3811,3.068011682988489e-5
3812,1.0431239722160862e-4
3813,6.136023365976977e-6
3815,6.136023365976977e-6
3816,1.8408070097930933e-4
3817,1.8408070097930933e-5
3818,6.136023365976977e-6
3821,2.0862479444321724e-4
3822,1.8408070097930933e-5
3825,6.136023365976977e-6
3826,1.2272046731953955e-5
3827,3.4361730849471073e-4
3830,8.590432712367768e-5
3832,6.136023365976977e-6
3833,1.8408070097930933e-5
3834,3.6816140195861865e-5
3835,2.454409346390791e-5
3837,5.52242102937928e-5
3838,1.2272046731953955e-5
3840,6.136023365976977e-6
3841,6.136023365976977e-6
3843,6.136023365976977e-6
3845,4.908818692781582e-5
3847,6.136023365976977e-6
3848,1.8408070097930933e-4
3849,3.068011682988489e-5
3850,2.454409346390791e-5
3853,6.749625702574675e-5
3854,8.590432712367768e-5
3855,1.8408070097930933e-5
3856,3.6816140195861865e-5
3857,3.6816140195861865e-5
3858,6.136023365976977e-6
3861,1.2272046731953955e-5
3863,1.2272046731953955e-5
3865,6.136023365976977e-6
3866,6.136023365976977e-6
3868,9.572196450924086e-4
3869,2.454409346390791e-5
3871,3.6816140195861865e-5
3872,6.136023365976977e-6
3873,6.136023365976977e-6
3874,4.908818692781582e-5
3876,1.2272046731953955e-5
3881,6.136023365976977e-6
3884,4.295216356183884e-5
3886,1.2272046731953955e-5
3887,6.136023365976978e-5
3888,6.136023365976977e-6
3890,1.8408070097930933e-5
3891,3.068011682988489e-5
3893,6.136023365976977e-6
3894,6.136023365976977e-6
3895,6.136023365976977e-6
3896,6.136023365976977e-6
3897,4.295216356183884e-5
3898,2.454409346390791e-5
3899,6.136023365976977e-6
3903,1.8408070097930933e-5
3904,6.136023365976977e-6
3905,6.136023365976977e-6
3906,1.2272046731953955e-5
3907,1.2272046731953955e-5
3908,3.068011682988489e-5
3911,6.136023365976977e-6
3912,2.454409346390791e-5
3913,6.136023365976977e-6
3914,7.363228039172373e-5
3915,6.136023365976977e-6
3916,2.454409346390791e-5
3917,3.068011682988489e-5
3918,8.22227131040915e-4
3920,6.136023365976977e-6
3921,5.2769800947402e-4
3922,6.136023365976977e-6
3923,1.411285374174705e-4
3924,1.5340058414942443e-4
3926,2.454409346390791e-5
3927,6.136023365976977e-6
3929,2.454409346390791e-5
3930,6.136023365976977e-6
3934,2.454409346390791e-5
3935,4.295216356183884e-5
3937,1.349925140514935e-4
3938,3.068011682988489e-5
3940,1.8408070097930933e-5
3941,1.2272046731953955e-5
3942,6.136023365976977e-6
3943,1.2272046731953955e-5
3946,1.8408070097930933e-5
3953,7.976830375770071e-5
3955,3.068011682988489e-5
3956,6.136023365976977e-6
3957,6.749625702574675e-5
3959,6.136023365976978e-5
3960,6.136023365976977e-6
3961,1.349925140514935e-4
3963,4.908818692781582e-5
3964,2.454409346390791e-5
3965,5.52242102937928e-5
3967,2.454409346390791e-5
3968,3.068011682988489e-5
3969,1.2272046731953955e-5
3971,6.136023365976977e-6
3972,6.136023365976977e-6
3973,6.136023365976977e-6
3974,6.136023365976977e-6
3977,6.136023365976977e-6
3979,3.5588935522666473e-4
3980,1.8408070097930933e-5
3981,6.136023365976977e-6
3982,1.1658444395356257e-4
3983,6.136023365976977e-6
3984,6.136023365976977e-6
3985,6.626905235255136e-4
3987,2.76121051468964e-4
3989,6.136023365976977e-6
3990,1.4726456078344746e-4
3991,1.656726308813784e-4
3992,3.068011682988489e-5
3993,1.2272046731953955e-5
3994,1.8408070097930933e-5
3996,3.068011682988489e-5
3997,1.2272046731953955e-5
3999,3.6816140195861865e-5
4000,6.136023365976977e-6
4001,5.52242102937928e-5
4002,3.6816140195861865e-5
4003,1.8408070097930933e-5
4004,4.295216356183884e-5
4005,6.136023365976977e-6
4006,3.6816140195861865e-5
4007,1.2272046731953955e-5
4008,2.6384900473701e-4
4009,1.2272046731953956e-4
4010,2.454409346390791e-5
4011,6.136023365976977e-6
4012,1.0431239722160862e-4
4013,6.749625702574675e-5
4014,1.8408070097930933e-5
4017,3.6816140195861865e-5
4018,1.1658444395356257e-4
4019,1.8408070097930933e-5
4021,1.2272046731953955e-5
4022,1.8408070097930933e-5
4023,1.8408070097930933e-5
4024,6.136023365976977e-6
4026,1.8408070097930933e-5
4027,6.136023365976977e-6
4028,6.136023365976977e-6
4029,1.2272046731953955e-5
4030,6.136023365976977e-6
4031,3.6816140195861865e-5
4032,1.2272046731953955e-5
4033,8.22227131040915e-4
4035,1.2272046731953955e-5
4036,1.0431239722160862e-4
4037,1.2272046731953955e-5
4038,7.363228039172373e-5
4042,8.34499177772869e-4
4044,3.313452617627568e-4
4045,1.104484205875856e-4
4046,1.2272046731953955e-5
4047,1.8408070097930933e-5
4049,6.136023365976977e-6
4050,6.136023365976977e-6
4051,6.136023365976977e-6
4052,0.0010124438553862013
4053,3.1907321503080286e-4
4054,6.136023365976977e-6
4056,1.656726308813784e-4
4057,1.2272046731953955e-5
4058,3.6816140195861865e-5
4059,6.136023365976977e-6
4060,6.136023365976977e-6
4061,6.136023365976977e-6
4062,4.908818692781582e-5
4063,1.8408070097930933e-5
4065,1.2272046731953955e-5
4066,3.6816140195861865e-5
4067,6.136023365976977e-6
4068,1.2272046731953955e-5
4069,6.136023365976977e-6
4070,9.940357852882703e-4
4071,7.976830375770071e-5
4074,6.136023365976977e-6
4075,6.136023365976978e-5
4076,1.2272046731953955e-5
4077,1.8408070097930933e-5
4078,3.068011682988489e-5
4079,3.068011682988489e-5
4081,5.52242102937928e-5
4082,7.976830375770071e-5
4083,4.295216356183884e-5
4084,1.8408070097930933e-5
4085,6.136023365976977e-6
4086,1.2272046731953955e-5
4088,4.295216356183884e-5
4090,1.8408070097930933e-5
4091,6.136023365976977e-6
4093,6.136023365976977e-6
4094,3.068011682988489e-5
4095,1.2272046731953955e-5
4097,6.136023365976977e-6
4098,6.136023365976977e-6
4103,3.6816140195861865e-5
4104,1.8408070097930933e-5
4105,1.2272046731953955e-5
4106,1.2885649068551653e-4
4109,2.454409346390791e-5
4110,6.136023365976977e-6
4111,1.2885649068551653e-4
4113,1.8408070097930933e-5
4114,1.8408070097930933e-5
4115,6.136023365976977e-6
4116,2.0862479444321724e-4
4117,1.2272046731953955e-5
4120,3.6816140195861865e-5
4121,6.136023365976977e-6
4122,6.136023365976977e-6
4124,1.1658444395356257e-4
4125,1.2272046731953955e-5
4126,4.295216356183884e-5
4127,1.8408070097930933e-5
4129,2.454409346390791e-5
4131,3.068011682988489e-5
4134,3.068011682988489e-5
4135,2.3930491127310214e-4
4136,1.8408070097930933e-5
4137,1.8408070097930933e-5
4138,3.129371916648259e-4
4143,3.068011682988489e-5
4145,6.136023365976977e-6
4146,1.2272046731953955e-5
4151,1.2272046731953955e-5
4152,8.590432712367768e-5
4153,6.136023365976977e-6
4155,6.136023365976978e-5
4158,1.8408070097930933e-5
4159,6.136023365976977e-6
4160,5.52242102937928e-5
4161,2.454409346390791e-5
4162,1.5340058414942443e-4
4163,4.295216356183884e-5
4164,6.136023365976977e-6
4165,1.2272046731953955e-5
4167,6.136023365976977e-6
4169,2.5771298137103305e-4
4170,6.136023365976977e-6
4172,6.136023365976978e-5
4173,4.295216356183884e-5
4175,6.136023365976977e-6
4176,1.8408070097930933e-5
4177,6.136023365976977e-6
4182,1.2272046731953955e-5
4185,2.0862479444321724e-4
4186,4.295216356183884e-5
4187,1.2272046731953955e-5
4188,4.295216356183884e-5
4189,6.136023365976977e-6
4190,6.136023365976977e-6
4191,2.454409346390791e-5
4192,6.136023365976977e-6
4194,1.2272046731953955e-5
4195,3.6816140195861867e-4
4196,1.2272046731953955e-5
4197,6.136023365976977e-6
4199,2.454409346390791e-5
4201,1.8408070097930933e-5
4202,6.136023365976977e-6
4204,6.136023365976977e-6
4205,6.136023365976977e-6
4207,1.2272046731953955e-5
4208,8.590432712367768e-5
4210,6.136023365976977e-6
4216,1.2272046731953955e-5
4220,3.6816140195861865e-5
4221,3.6816140195861865e-5
4222,3.068011682988489e-5
4223,6.136023365976977e-6
4224,1.8408070097930933e-5
4225,7.363228039172373e-5
4226,4.908818692781582e-5
4229,1.8408070097930933e-5
4230,2.454409346390791e-5
4231,1.656726308813784e-4
4232,6.136023365976977e-6
4233,5.52242102937928e-5
4234,1.8408070097930933e-5
4235,1.2272046731953955e-5
4236,3.068011682988489e-5
4237,1.2272046731953955e-5
4239,1.8408070097930933e-5
4240,6.136023365976978e-5
4241,3.6816140195861865e-5
4243,6.136023365976977e-6
4244,3.068011682988489e-5
4246,3.252092383967798e-4
4247,6.136023365976977e-6
4248,1.1658444395356257e-4
4249,6.749625702574675e-5
4250,6.749625702574675e-5
4252,0.0029268831455710183
4253,1.2272046731953955e-5
4256,1.2272046731953955e-5
4257,6.749625702574675e-5
4258,5.52242102937928e-5
4259,1.8408070097930933e-5
4260,1.2272046731953955e-5
4261,1.656726308813784e-4
4263,1.8408070097930933e-5
4264,6.136023365976977e-6
4266,6.136023365976977e-6
4267,1.5340058414942443e-4
4268,4.908818692781582e-5
4269,4.908818692781582e-5
4270,1.1658444395356257e-4
4271,6.136023365976977e-6
4272,1.2272046731953955e-5
4274,1.2272046731953955e-5
4275,8.590432712367768e-5
4276,1.2272046731953955e-5
4277,6.136023365976977e-6
4280,6.136023365976977e-6
4281,1.2272046731953955e-5
4282,1.8408070097930933e-5
4283,5.52242102937928e-5
4285,5.52242102937928e-5
4286,6.136023365976977e-6
4287,3.3748128512873376e-4
4288,6.136023365976977e-6
4289,3.252092383967798e-4
4290,8.590432712367768e-5
4291,4.295216356183884e-5
4292,3.068011682988489e-5
4293,6.136023365976977e-6
4294,1.8408070097930933e-5
4296,2.454409346390791e-5
4297,1.2272046731953955e-5
4298,6.136023365976977e-6
4299,6.136023365976977e-6
4300,6.136023365976977e-6
4301,6.136023365976977e-6
4302,4.295216356183884e-5
4303,6.136023365976977e-6
4305,1.8408070097930933e-5
4306,2.454409346390791e-5
4307,3.9270549542252655e-4
4308,8.590432712367768e-5
4309,4.295216356183884e-5
4310,6.749625702574675e-5
4311,1.7794467761333236e-4
4312,6.136023365976977e-6
4313,6.136023365976978e-5
4316,1.8408070097930933e-5
4317,4.908818692781582e-5
4318,6.136023365976977e-6
4319,1.2272046731953955e-5
4320,1.8408070097930933e-5
4322,6.136023365976977e-6
4323,1.2272046731953955e-5
4325,1.8408070097930933e-5
4326,1.0431239722160862e-4
4327,1.2272046731953955e-5
4328,1.2272046731953955e-5
4329,6.136023365976977e-6
4330,6.136023365976978e-5
4331,6.136023365976977e-6
4332,6.136023365976977e-6
4333,4.908818692781582e-5
4334,6.136023365976977e-6
4335,1.2272046731953955e-5
4337,1.0431239722160862e-4
4338,1.8408070097930933e-5
4341,2.454409346390791e-5
4342,6.136023365976977e-6
4343,9.817637385563164e-5
4344,2.454409346390791e-5
4346,6.136023365976977e-6
4347,6.749625702574675e-5
4348,1.2272046731953955e-5
4351,6.136023365976977e-6
4352,6.136023365976977e-6
4353,1.2272046731953955e-5
4354,1.2272046731953955e-5
4355,4.295216356183884e-5
4356,6.136023365976977e-6
4357,1.2272046731953955e-5
4358,6.136023365976977e-6
4360,1.2272046731953955e-5
4361,6.136023365976977e-6
4362,0.0010063078320202243
4363,1.8408070097930933e-5
4364,7.117787104533295e-4
4366,2.454409346390791e-5
4367,1.8408070097930933e-4
4368,1.8408070097930933e-5
4369,1.0431239722160862e-4
4371,6.136023365976978e-5
4373,1.8408070097930933e-5
4374,5.52242102937928e-5
4375,1.8408070097930933e-5
4377,2.0862479444321724e-4
4378,1.2885649068551653e-4
4379,6.749625702574675e-5
4380,1.8408070097930933e-5
4381,3.6816140195861865e-5
4382,6.136023365976977e-6
4383,6.136023365976977e-6
4385,4.172495888864345e-4
4386,1.2272046731953955e-5
4387,1.2272046731953955e-5
4388,3.068011682988489e-5
4389,3.7429742532459564e-4
4391,8.590432712367768e-5
4392,2.454409346390791e-5
4393,3.068011682988489e-5
4395,6.136023365976977e-6
4396,1.2272046731953955e-5
4400,6.136023365976977e-6
4401,1.8408070097930933e-5
4410,6.136023365976977e-6
4411,6.136023365976978e-5
4412,1.8408070097930933e-5
4413,1.8408070097930933e-5
4414,1.8408070097930933e-5
4417,1.1658444395356257e-4
4418,1.8408070097930933e-5
4419,6.136023365976977e-6
4420,3.6816140195861865e-5
4421,1.8408070097930933e-5
4422,6.136023365976977e-6
4423,1.2272046731953955e-5
4424,6.136023365976977e-6
4427,4.295216356183884e-5
4428,6.136023365976977e-6
4430,1.2272046731953955e-5
4431,2.454409346390791e-5
4434,3.068011682988489e-5
4436,6.136023365976977e-6
4437,8.590432712367768e-5
4438,4.295216356183884e-5
4439,1.2272046731953955e-5
4440,4.908818692781582e-5
4441,1.2272046731953955e-5
4442,3.0680116829884886e-4
4445,1.8408070097930933e-5
4446,4.295216356183884e-5
4447,1.8408070097930933e-5
4448,5.338340328399971e-4
4449,1.2272046731953955e-5
4450,6.136023365976977e-6
4451,6.136023365976977e-6
4452,1.2272046731953955e-5
4453,2.454409346390791e-5
4454,1.8408070097930933e-5
4455,4.295216356183884e-5
4457,1.2272046731953955e-5
4459,6.136023365976978e-5
4460,2.454409346390791e-5
4462,1.2272046731953955e-5
4463,2.2703286454114818e-4
4464,2.454409346390791e-5
4465,6.136023365976977e-6
4468,1.2272046731953955e-5
4469,1.349925140514935e-4
4471,6.136023365976977e-6
4473,6.136023365976977e-6
4474,6.136023365976977e-6
4475,2.454409346390791e-5
4477,1.2272046731953955e-5
4479,2.454409346390791e-5
4480,6.136023365976977e-6
4482,4.295216356183884e-5
4483,6.136023365976977e-6
4484,6.136023365976977e-6
4485,3.068011682988489e-5
4486,7.976830375770071e-5
4487,7.976830375770071e-5
4488,7.363228039172373e-5
4489,1.8408070097930933e-5
4490,1.2272046731953956e-4
4491,3.6816140195861865e-5
4492,5.52242102937928e-5
4493,6.136023365976977e-6
4494,6.136023365976977e-6
4495,3.068011682988489e-5
4496,1.2272046731953955e-5
4497,1.5953660751540143e-4
4498,4.295216356183884e-5
4499,1.8408070097930933e-5
4500,6.136023365976977e-6
4502,1.2272046731953955e-5
4503,4.295216356183884e-5
4504,3.068011682988489e-5
4508,1.2272046731953955e-5
4509,6.136023365976977e-6
4510,1.2272046731953955e-5
4511,6.136023365976977e-6
4513,5.52242102937928e-5
4514,2.454409346390791e-5
4517,2.454409346390791e-5
4518,1.2272046731953955e-5
4519,6.136023365976977e-6
4521,1.8408070097930933e-5
4524,1.2272046731953955e-5
4526,3.6816140195861865e-5
4528,1.8408070097930933e-5
4529,2.454409346390791e-5
4530,1.8408070097930933e-5
4532,1.2272046731953955e-5
4534,6.136023365976977e-6
4535,1.104484205875856e-4
4536,6.136023365976977e-6
4537,4.295216356183884e-5
4538,1.4726456078344746e-4
4539,1.2272046731953955e-5
4541,6.136023365976977e-6
4542,9.817637385563164e-5
4544,0.0012947009302211423
4545,6.136023365976977e-6
4547,1.8408070097930933e-5
4549,1.8408070097930933e-5
4550,2.454409346390791e-5
4551,1.2272046731953955e-5
4552,1.2272046731953955e-5
4553,6.136023365976977e-6
4557,2.945291215668949e-4
4558,6.136023365976977e-6
4560,3.6816140195861865e-5
4561,6.136023365976977e-6
4562,0.0015524139115921753
4563,1.8408070097930933e-5
4564,1.7794467761333236e-4
4565,6.136023365976977e-6
4566,6.136023365976977e-6
4568,4.295216356183884e-5
4569,6.136023365976977e-6
4571,6.136023365976977e-6
4572,3.068011682988489e-5
4573,2.454409346390791e-5
4574,2.454409346390791e-5
4575,3.6816140195861865e-5
4576,2.454409346390791e-5
4578,6.136023365976977e-6
4579,6.136023365976977e-6
4580,3.3748128512873376e-4
4581,3.068011682988489e-5
4582,6.136023365976977e-6
4583,5.52242102937928e-5
4586,4.295216356183884e-5
4587,4.295216356183884e-5
4590,9.817637385563164e-5
4591,2.454409346390791e-5
4592,6.136023365976977e-6
4593,3.6816140195861865e-5
4594,7.363228039172373e-4
4597,6.013302898657438e-4
4598,6.136023365976977e-6
4599,6.136023365976978e-5
4600,8.590432712367768e-5
4601,3.068011682988489e-5
4602,9.204035048965467e-5
4605,6.136023365976977e-6
4606,3.865694720565496e-4
4607,1.2272046731953955e-5
4609,6.136023365976977e-6
4610,8.651792946027539e-4
4611,1.2272046731953955e-5
4612,6.136023365976977e-6
4613,1.2272046731953955e-5
4615,7.363228039172373e-5
4616,6.136023365976977e-6
4617,2.208968411751712e-4
4619,1.2272046731953955e-5
4620,5.52242102937928e-5
4621,6.136023365976977e-6
4623,1.2272046731953955e-5
4624,6.136023365976977e-6
4625,1.2272046731953955e-5
4626,1.8408070097930933e-5
4629,1.2272046731953955e-5
4630,6.136023365976977e-6
4631,1.1658444395356257e-4
4632,1.2272046731953955e-5
4634,1.2272046731953955e-5
4635,1.2272046731953955e-5
4636,5.52242102937928e-5
4638,5.52242102937928e-5
4639,1.8408070097930933e-5
4640,6.136023365976977e-6
4641,6.136023365976977e-6
4642,6.136023365976977e-6
4643,1.2272046731953955e-5
4644,1.2272046731953955e-5
4645,6.136023365976977e-6
4646,4.295216356183884e-5
4647,1.8408070097930933e-5
4648,2.454409346390791e-5
4650,7.363228039172373e-5
4651,6.136023365976978e-5
4653,3.3748128512873376e-4
4654,1.7180865424735537e-4
4655,4.602017524482733e-4
4656,3.068011682988489e-5
4657,1.2272046731953955e-5
4658,5.52242102937928e-5
4659,6.136023365976977e-6
4661,1.2272046731953955e-5
4662,1.2272046731953955e-5
4663,6.136023365976977e-6
4664,1.8408070097930933e-5
4665,6.136023365976977e-6
4666,6.136023365976977e-6
4670,6.136023365976977e-6
4671,1.2272046731953955e-5
4672,6.136023365976977e-6
4673,2.454409346390791e-5
4674,1.8408070097930933e-5
4675,7.976830375770071e-5
4676,1.8408070097930933e-5
4677,1.8408070097930933e-5
4678,6.136023365976977e-6
4679,1.2272046731953955e-5
4680,6.136023365976977e-6
4681,6.136023365976977e-6
4682,6.136023365976978e-5
4686,6.136023365976977e-6
4687,1.2272046731953955e-5
4690,1.2272046731953955e-5
4692,6.136023365976977e-6
4693,4.417936823503424e-4
4694,4.908818692781582e-5
4695,2.454409346390791e-5
4697,1.1658444395356257e-4
4699,1.2272046731953955e-5
4700,6.136023365976977e-6
4701,6.136023365976977e-6
4702,6.136023365976977e-6
4703,3.068011682988489e-5
4704,3.068011682988489e-5
4705,7.976830375770071e-5
4706,1.8408070097930933e-4
4707,1.0431239722160862e-4
4708,1.5340058414942443e-4
4710,2.454409346390791e-5
4711,5.52242102937928e-5
4712,6.136023365976977e-6
4714,6.136023365976977e-6
4716,6.136023365976977e-6
4717,1.2272046731953955e-5
4718,2.454409346390791e-5
4721,1.8408070097930933e-5
4722,6.136023365976977e-6
4723,6.136023365976978e-5
4725,6.136023365976977e-6
4729,6.136023365976977e-6
4730,1.411285374174705e-4
4731,1.2272046731953955e-5
4732,3.068011682988489e-5
4733,1.2272046731953955e-5
4734,1.411285374174705e-4
4736,6.136023365976977e-6
4739,7.976830375770071e-5
4741,3.6816140195861865e-5
4742,3.068011682988489e-5
4743,6.136023365976977e-6
4744,1.2272046731953955e-5
4747,1.2272046731953955e-5
4748,5.52242102937928e-5
4753,6.136023365976978e-5
4754,6.749625702574675e-5
4755,1.2272046731953955e-5
4756,6.136023365976977e-6
4757,6.136023365976977e-6
4758,1.2272046731953955e-5
4760,7.976830375770071e-5
4761,5.52242102937928e-5
4762,1.4726456078344746e-4
4765,2.454409346390791e-5
4766,3.6816140195861865e-5
4767,6.136023365976977e-6
4768,1.2272046731953955e-5
4769,1.2272046731953955e-5
4770,6.136023365976977e-6
4771,1.2272046731953955e-5
4772,1.2272046731953955e-5
4773,3.068011682988489e-5
4775,6.136023365976977e-6
4776,1.7794467761333236e-4
4778,9.817637385563164e-5
4779,2.454409346390791e-5
4780,1.2272046731953955e-5
4781,2.454409346390791e-5
4784,1.2272046731953955e-5
4789,1.4726456078344746e-4
4790,1.349925140514935e-4
4791,3.068011682988489e-5
4792,1.2885649068551653e-4
4793,4.908818692781582e-5
4794,6.749625702574675e-5
4795,6.136023365976977e-6
4796,2.454409346390791e-5
4797,6.136023365976977e-6
4798,6.136023365976977e-6
4799,6.749625702574675e-5
4801,4.908818692781582e-5
4802,6.136023365976977e-6
4803,6.136023365976977e-6
4804,6.136023365976977e-6
4805,1.2272046731953955e-5
4806,1.8408070097930933e-5
4807,3.068011682988489e-5
4808,1.8408070097930933e-5
4809,1.2272046731953955e-5
4812,1.8408070097930933e-5
4815,2.454409346390791e-5
4816,3.068011682988489e-5
4817,1.2272046731953955e-5
4818,1.902167243452863e-4
4820,1.2272046731953955e-5
4821,2.454409346390791e-5
4822,1.8408070097930933e-5
4823,5.52242102937928e-5
4824,1.2272046731953955e-5
4825,1.2272046731953955e-5
4826,1.2272046731953955e-5
4827,1.2272046731953955e-5
4828,2.454409346390791e-5
4829,6.136023365976977e-6
4831,1.8408070097930933e-5
4833,1.8408070097930933e-5
4834,9.817637385563164e-5
4835,1.4726456078344746e-4
4838,6.136023365976977e-6
4839,1.8408070097930933e-5
4840,1.8408070097930933e-5
4842,1.2272046731953955e-5
4843,2.3930491127310214e-4
4844,2.454409346390791e-5
4846,6.136023365976977e-6
4847,1.2272046731953955e-5
4850,4.295216356183884e-5
4851,6.136023365976977e-6
4852,6.136023365976977e-6
4853,1.2272046731953955e-5
4854,6.136023365976977e-6
4855,1.8408070097930933e-5
4856,1.2272046731953955e-5
4858,4.295216356183884e-5
4859,3.068011682988489e-5
4860,6.136023365976977e-6
4861,9.204035048965467e-5
4862,6.749625702574675e-4
4863,1.902167243452863e-4
4864,5.52242102937928e-5
4865,1.902167243452863e-4
4866,5.52242102937928e-5
4869,2.454409346390791e-5
4870,7.363228039172373e-5
4871,5.52242102937928e-5
4873,2.454409346390791e-5
4874,6.136023365976977e-6
4875,6.136023365976977e-6
4876,1.8408070097930933e-5
4877,2.454409346390791e-5
4880,5.092899393760892e-4
4882,6.136023365976977e-6
4883,3.6816140195861865e-5
4884,1.8408070097930933e-5
4885,6.136023365976977e-6
4886,6.136023365976977e-6
4888,1.2885649068551653e-4
4889,1.2272046731953955e-5
4891,6.136023365976977e-6
4892,2.5771298137103305e-4
4893,6.136023365976978e-5
4894,4.295216356183884e-5
4895,3.068011682988489e-5
4897,3.6816140195861865e-5
4898,6.136023365976977e-6
4899,3.3748128512873376e-4
4900,2.454409346390791e-5
4901,2.454409346390791e-5
4902,1.8408070097930933e-5
4903,1.2272046731953955e-5
4904,1.104484205875856e-4
4907,2.454409346390791e-5
4908,3.068011682988489e-5
4909,6.749625702574675e-5
4911,6.136023365976977e-6
4912,1.8408070097930933e-5
4913,3.6816140195861865e-5
4914,1.2272046731953955e-5
4916,6.136023365976977e-6
4917,1.656726308813784e-4
4918,1.2272046731953955e-5
4919,1.8408070097930933e-5
4921,1.2272046731953955e-5
4923,1.8408070097930933e-5
4926,8.590432712367768e-5
4927,5.52242102937928e-5
4928,1.8408070097930933e-5
4929,1.2272046731953955e-5
4930,6.136023365976977e-6
4931,2.454409346390791e-5
4933,2.2703286454114818e-4
4934,6.136023365976978e-5
4935,6.136023365976977e-6
4936,1.2272046731953955e-5
4937,1.2272046731953955e-5
4938,6.136023365976977e-6
4939,3.068011682988489e-5
4940,3.068011682988489e-5
4941,6.136023365976977e-6
4943,6.136023365976977e-6
4944,3.068011682988489e-5
4945,6.136023365976977e-6
4947,2.454409346390791e-5
4950,3.068011682988489e-5
4951,1.8408070097930933e-5
4952,1.2272046731953955e-5
4953,2.454409346390791e-5
4954,6.136023365976977e-6
4955,3.6816140195861865e-5
4956,6.136023365976977e-6
4957,1.0431239722160862e-4
4958,6.136023365976977e-6
4959,3.068011682988489e-5
4960,1.8408070097930933e-5
4961,1.2272046731953955e-5
4962,1.2272046731953955e-5
4963,1.2272046731953955e-5
4964,1.411285374174705e-4
4968,5.092899393760892e-4
4969,1.2272046731953955e-5
4970,1.2272046731953955e-5
4971,1.2272046731953955e-5
4973,6.136023365976977e-6
4977,1.2272046731953955e-5
4978,6.136023365976977e-6
4981,6.136023365976977e-6
4982,6.136023365976977e-6
4983,6.136023365976977e-6
4984,1.8408070097930933e-5
4985,1.2272046731953955e-5
4986,2.454409346390791e-5
4987,9.817637385563164e-5
4988,3.6816140195861865e-5
4991,6.136023365976977e-6
4992,2.454409346390791e-5
4993,6.136023365976977e-6
4994,2.454409346390791e-5
4996,1.8408070097930933e-5
4998,1.7180865424735537e-4
4999,1.2272046731953956e-4
5000,6.136023365976977e-6
5001,6.136023365976977e-6
5002,1.8408070097930933e-5
5003,6.136023365976977e-6
5006,1.8408070097930933e-5
5010,3.6816140195861865e-5
5013,1.8408070097930933e-5
5014,6.136023365976977e-6
5016,2.208968411751712e-4
5017,6.749625702574675e-5
5021,1.2272046731953956e-4
5022,0.0013192450236850502
5023,4.295216356183884e-5
5024,4.295216356183884e-5
5025,4.295216356183884e-5
5026,4.295216356183884e-5
5027,4.295216356183884e-5
5028,4.295216356183884e-5
5029,4.295216356183884e-5
5030,3.6816140195861865e-5
5031,3.6816140195861865e-5
5032,2.69985028102987e-4
5033,1.5340058414942443e-4
5035,6.136023365976977e-6
5036,4.908818692781582e-5
5039,7.976830375770071e-5
5041,6.136023365976977e-6
5042,1.4726456078344746e-4
5044,6.136023365976977e-6
5046,5.52242102937928e-5
5049,6.136023365976977e-6
5050,6.136023365976977e-6
5052,6.136023365976977e-6
5053,6.136023365976977e-6
5054,1.8408070097930933e-5
5055,6.136023365976977e-6
5056,6.136023365976977e-6
5059,2.454409346390791e-5
5061,1.2272046731953955e-5
5063,1.2272046731953955e-5
5065,6.136023365976977e-6
5066,7.301867805512603e-4
5067,6.136023365976977e-6
5071,1.8408070097930933e-5
5072,3.313452617627568e-4
5073,1.2272046731953955e-5
5075,1.8408070097930933e-5
5079,1.2272046731953955e-5
5080,6.749625702574675e-5
5083,7.976830375770071e-5
5084,6.136023365976977e-6
5085,6.136023365976977e-6
5086,6.136023365976977e-6
5087,6.136023365976977e-6
5088,1.2272046731953955e-5
5090,5.092899393760892e-4
5091,1.2272046731953955e-5
5092,2.454409346390791e-5
5095,3.068011682988489e-5
5097,7.363228039172373e-5
5098,6.136023365976977e-6
5100,1.2272046731953955e-5
5101,1.0431239722160862e-4
5102,1.2272046731953955e-5
5103,3.6816140195861865e-5
5104,3.068011682988489e-5
5106,6.136023365976977e-6
5108,6.136023365976977e-6
5110,7.976830375770071e-5
5111,3.6816140195861865e-5
5112,1.0431239722160862e-4
5113,7.608668973811452e-4
5114,6.136023365976977e-6
5115,2.454409346390791e-5
5116,1.8408070097930933e-5
5118,0.001343789117148958
5119,6.136023365976977e-6
5120,6.749625702574675e-5
5121,6.136023365976977e-6
5122,6.136023365976977e-6
5123,1.8408070097930933e-5
5124,2.454409346390791e-5
5125,2.208968411751712e-4
5127,2.208968411751712e-4
5129,1.8408070097930933e-5
5130,6.136023365976977e-6
5131,7.363228039172373e-5
5132,1.2272046731953955e-5
5133,3.6816140195861865e-5
5134,1.2272046731953955e-5
5135,1.8408070097930933e-5
5137,1.8408070097930933e-5
5138,1.8408070097930933e-5
5140,6.749625702574675e-5
5141,1.8408070097930933e-5
5142,3.3748128512873376e-4
5143,7.976830375770071e-5
5144,1.7180865424735537e-4
5145,4.295216356183884e-5
5146,1.2272046731953955e-5
5147,4.908818692781582e-5
5148,0.0012333406965613725
5149,3.068011682988489e-5
5154,1.2272046731953955e-5
5159,1.2272046731953955e-5
5160,2.454409346390791e-5
5161,6.136023365976977e-6
5162,6.136023365976977e-6
5163,1.8408070097930933e-5
5164,2.454409346390791e-5
5165,6.136023365976977e-6
5166,3.068011682988489e-5
5167,1.2272046731953955e-5
5170,2.454409346390791e-5
5173,4.295216356183884e-5
5175,2.454409346390791e-5
5178,1.8408070097930933e-5
5181,1.8408070097930933e-5
5182,1.2272046731953955e-5
5183,4.908818692781582e-5
5186,1.2272046731953955e-5
5188,6.136023365976977e-6
5189,6.136023365976977e-6
5190,2.454409346390791e-5
5191,6.136023365976977e-6
5192,1.2272046731953955e-5
5193,3.068011682988489e-5
5194,1.2272046731953955e-5
5195,1.2272046731953955e-5
5196,7.240507571852834e-4
5197,3.068011682988489e-5
5198,4.295216356183884e-5
5199,1.2272046731953955e-5
5201,6.136023365976977e-6
5203,6.136023365976977e-6
5204,1.2272046731953955e-5
5205,7.363228039172373e-5
5206,6.136023365976977e-6
5208,6.136023365976978e-5
5210,1.8408070097930933e-5
5211,6.136023365976977e-6
5214,2.69985028102987e-4
5215,1.5340058414942443e-4
5216,6.136023365976977e-6
5218,1.9635274771126327e-4
5219,1.4726456078344746e-4
5221,4.908818692781582e-5
5224,1.2885649068551653e-4
5226,3.068011682988489e-5
5228,1.2272046731953955e-5
5230,6.136023365976977e-6
5231,6.136023365976977e-6
5232,6.136023365976977e-6
5233,6.136023365976977e-6
5234,3.4361730849471073e-4
5235,1.2272046731953955e-5
5236,3.068011682988489e-5
5237,3.6816140195861865e-5
5239,4.295216356183884e-5
5240,6.136023365976977e-6
5241,6.136023365976977e-6
5242,6.136023365976977e-6
5243,3.6816140195861865e-5
5245,1.2272046731953955e-5
5246,1.2272046731953955e-5
5247,6.136023365976978e-5
5248,1.8408070097930933e-5
5249,7.363228039172373e-5
5251,1.2272046731953955e-5
5252,6.136023365976977e-6
5255,2.3930491127310214e-4
5256,6.136023365976977e-6
5258,3.6816140195861865e-5
5260,1.2272046731953955e-5
5261,1.8408070097930933e-5
5262,1.8408070097930933e-5
5263,1.2272046731953955e-5
5264,6.136023365976977e-6
5265,1.2272046731953955e-5
5266,2.3316888790712514e-4
5269,2.454409346390791e-5
5270,9.817637385563164e-5
5271,3.068011682988489e-5
5272,1.2272046731953955e-5
5274,2.454409346390791e-5
5277,1.8408070097930933e-5
5279,6.136023365976977e-6
5281,1.8408070097930933e-5
5282,1.8408070097930933e-5
5284,6.136023365976977e-6
5286,1.2272046731953955e-5
5287,3.068011682988489e-5
5290,1.2272046731953955e-5
5291,6.136023365976977e-6
5295,6.136023365976977e-6
5296,3.7429742532459564e-4
5297,6.749625702574675e-5
5298,1.2272046731953955e-5
5300,1.1658444395356257e-4
5301,1.8408070097930933e-5
5303,3.6816140195861865e-5
5304,6.136023365976977e-6
5306,6.136023365976977e-6
5307,6.136023365976977e-6
5308,1.2272046731953955e-5
5310,1.2272046731953955e-5
5311,6.136023365976977e-6
5312,6.136023365976977e-6
5313,1.2272046731953956e-4
5314,7.363228039172373e-5
5317,7.363228039172373e-5
5318,7.976830375770071e-5
5320,1.8408070097930933e-5
5321,1.2272046731953955e-5
5322,7.363228039172373e-5
5323,1.2272046731953955e-5
5324,1.8408070097930933e-5
5325,6.136023365976977e-6
5327,1.2272046731953955e-5
5331,3.068011682988489e-5
5332,6.136023365976977e-6
5333,1.2272046731953955e-5
5335,3.068011682988489e-5
5336,1.8408070097930933e-5
5340,2.454409346390791e-5
5341,6.136023365976978e-5
5342,6.136023365976977e-6
5343,6.136023365976977e-6
5346,4.908818692781582e-5
5351,6.136023365976977e-6
5354,2.454409346390791e-5
5355,6.136023365976977e-6
5356,1.2272046731953955e-5
5357,6.136023365976977e-6
5361,6.136023365976977e-6
5362,6.136023365976977e-6
5363,1.2885649068551653e-4
5364,1.2272046731953955e-5
5365,3.6816140195861865e-5
5368,6.136023365976977e-6
5369,2.454409346390791e-5
5370,1.2272046731953955e-5
5371,7.363228039172373e-5
5372,2.454409346390791e-5
5373,2.2703286454114818e-4
5374,6.136023365976977e-6
5375,1.8408070097930933e-5
5377,1.2272046731953955e-5
5380,3.068011682988489e-5
5381,6.136023365976978e-5
5382,1.5340058414942443e-4
5383,1.2272046731953955e-5
5385,6.136023365976977e-6
5386,1.2272046731953955e-5
5388,6.136023365976977e-6
5390,1.8408070097930933e-5
5391,2.454409346390791e-5
5393,3.6816140195861865e-5
5394,4.908818692781582e-4
5397,6.136023365976977e-6
5399,3.068011682988489e-5
5400,6.136023365976977e-6
5401,7.240507571852834e-4
5402,1.2272046731953955e-5
5404,4.908818692781582e-5
5405,1.2272046731953955e-5
5407,6.136023365976977e-6
5408,6.136023365976977e-6
5411,6.136023365976977e-6
5412,1.2272046731953955e-5
5413,2.454409346390791e-5
5416,6.136023365976977e-6
5417,6.136023365976977e-6
5418,3.6816140195861865e-5
5419,3.068011682988489e-5
5420,2.6384900473701e-4
5421,1.9635274771126327e-4
5422,6.136023365976977e-6
5423,4.295216356183884e-5
5424,3.9270549542252655e-4
5425,7.976830375770071e-5
5426,1.2272046731953955e-5
5427,3.068011682988489e-5
5430,6.749625702574675e-5
5431,1.2272046731953955e-5
5432,6.136023365976978e-5
5434,4.295216356183884e-5
5435,6.749625702574675e-5
5436,1.2272046731953955e-5
5438,6.136023365976977e-6
5439,3.6816140195861865e-5
5441,1.8408070097930933e-5
5442,1.0431239722160862e-4
5444,1.2272046731953955e-5
5446,1.2272046731953956e-4
5447,3.6816140195861865e-5
5448,4.908818692781582e-5
5451,2.454409346390791e-5
5452,6.136023365976977e-6
5453,6.136023365976977e-6
5455,6.136023365976977e-6
5456,6.136023365976977e-6
5459,4.295216356183884e-5
5461,6.136023365976977e-6
5462,2.3930491127310214e-4
5463,2.454409346390791e-5
5465,2.454409346390791e-5
5468,0.001349925140514935
5470,3.068011682988489e-5
5471,6.136023365976977e-6
5472,6.136023365976978e-5
5476,4.295216356183884e-5
5477,6.136023365976977e-6
5478,1.411285374174705e-4
5479,6.749625702574675e-5
5480,2.454409346390791e-5
5482,1.2272046731953955e-5
5483,1.2272046731953955e-5
5484,1.349925140514935e-4
5485,1.8408070097930933e-5
5487,6.136023365976977e-6
5488,7.976830375770071e-5
5489,1.349925140514935e-4
5491,6.136023365976977e-6
5492,6.136023365976977e-6
5494,8.590432712367768e-5
5495,6.749625702574675e-5
5496,1.2272046731953955e-5
5499,4.295216356183884e-5
5501,1.2885649068551653e-4
5505,4.908818692781582e-5
5506,6.749625702574675e-5
5507,1.2272046731953955e-5
5509,6.136023365976977e-6
5512,1.2272046731953955e-5
5513,1.2272046731953955e-5
5514,1.2272046731953955e-5
5515,1.9635274771126327e-4
5516,1.2272046731953955e-5
5517,6.136023365976977e-6
5518,1.2272046731953955e-5
5519,5.52242102937928e-5
5520,6.136023365976977e-6
5521,4.295216356183884e-5
5523,1.2272046731953955e-5
5524,1.2272046731953955e-5
5526,6.136023365976977e-6
5528,1.2272046731953955e-5
5529,3.068011682988489e-5
5531,1.2272046731953955e-5
5533,4.479297057163194e-4
5534,3.6816140195861865e-5
5535,6.136023365976977e-6
5537,0.0023010087622413666
5538,2.454409346390791e-5
5539,1.5953660751540143e-4
5540,1.349925140514935e-4
5541,7.976830375770071e-5
5542,6.136023365976977e-6
5544,6.136023365976977e-6
5545,6.136023365976977e-6
5546,6.136023365976978e-5
5547,1.2272046731953955e-5
5548,2.454409346390791e-5
5551,0.003301180570895614
5553,1.2272046731953955e-5
5554,3.068011682988489e-5
5555,6.136023365976978e-5
5556,0.0019880715705765406
5557,2.454409346390791e-5
5560,1.8408070097930933e-5
5561,4.908818692781582e-5
5563,2.208968411751712e-4
5565,6.136023365976977e-6
5566,6.136023365976977e-6
5567,1.8408070097930933e-5
5568,1.8408070097930933e-5
5571,3.068011682988489e-5
5572,2.454409346390791e-5
5573,6.074663132317208e-4
5574,1.2272046731953955e-5
5575,3.6816140195861865e-5
5576,1.8408070097930933e-5
5577,1.2272046731953955e-5
5578,6.136023365976977e-6
5579,1.0431239722160862e-4
5580,6.136023365976977e-6
5581,6.749625702574675e-5
5582,3.6816140195861865e-5
5584,6.749625702574675e-5
5587,8.590432712367768e-5
5588,6.136023365976977e-6
5589,5.52242102937928e-5
5591,3.6816140195861865e-5
5592,6.136023365976977e-6
5594,1.8408070097930933e-5
5596,6.749625702574675e-5
5597,1.8408070097930933e-5
5599,6.749625702574675e-5
5600,6.136023365976977e-6
5601,2.454409346390791e-5
5602,2.454409346390791e-5
5603,6.749625702574675e-5
5604,3.6816140195861865e-5
5606,6.136023365976977e-6
5607,6.136023365976977e-6
5608,2.0248877107724027e-4
5609,1.2272046731953955e-5
5610,5.951942664997669e-4
5611,1.2272046731953955e-5
5613,1.656726308813784e-4
5614,5.031539160101122e-4
5615,2.454409346390791e-5
5616,1.8408070097930933e-5
5618,1.5953660751540143e-4
5619,4.908818692781582e-5
5620,2.454409346390791e-5
5621,6.136023365976977e-6
5622,6.136023365976977e-6
5623,1.8408070097930933e-5
5624,2.454409346390791e-5
5625,1.2272046731953955e-5
5626,6.136023365976977e-6
5628,2.454409346390791e-5
5629,7.363228039172373e-5
5631,6.136023365976977e-6
5634,6.136023365976977e-6
5635,6.136023365976977e-6
5636,6.136023365976977e-6
5640,6.136023365976977e-6
5641,6.136023365976977e-6
5643,6.136023365976977e-6
5644,4.295216356183884e-5
5645,6.136023365976977e-6
5646,1.2272046731953955e-5
5647,3.068011682988489e-5
5649,6.136023365976977e-6
5651,6.136023365976977e-6
5652,6.136023365976977e-6
5653,6.136023365976977e-6
5656,2.454409346390791e-5
5657,1.104484205875856e-4
5658,3.068011682988489e-5
5659,6.136023365976977e-6
5660,6.136023365976977e-6
5662,1.8408070097930933e-5
5663,1.8408070097930933e-5
5664,3.6816140195861865e-5
5666,1.2272046731953955e-5
5667,6.136023365976977e-6
5670,6.136023365976977e-6
5671,1.8408070097930933e-5
5672,1.8408070097930933e-5
5673,3.068011682988489e-5
5677,1.2272046731953955e-5
5679,6.136023365976977e-6
5680,6.136023365976977e-6
5683,6.136023365976977e-6
5686,6.136023365976977e-6
5687,1.2272046731953955e-5
5688,6.136023365976977e-6
5690,6.136023365976977e-6
5691,6.136023365976977e-6
5692,1.2272046731953955e-5
5693,1.2272046731953955e-5
5695,6.136023365976977e-6
5696,6.136023365976977e-6
5698,6.136023365976977e-6
5699,1.2272046731953955e-5
5700,4.356576589843654e-4
5701,9.817637385563164e-5
5704,1.2272046731953955e-5
5705,9.204035048965467e-5
5706,3.6816140195861865e-5
5707,6.136023365976977e-6
5708,1.349925140514935e-4
5710,3.068011682988489e-5
5711,4.908818692781582e-5
5712,1.2272046731953955e-5
5713,6.136023365976977e-6
5714,2.454409346390791e-5
5715,1.8408070097930933e-5
5716,3.068011682988489e-5
5718,6.136023365976977e-6
5720,1.1658444395356257e-4
5721,1.2272046731953955e-5
5722,6.136023365976977e-6
5725,6.136023365976977e-6
5726,1.4726456078344746e-4
5727,1.349925140514935e-4
5728,6.136023365976978e-5
5729,2.454409346390791e-5
5730,4.295216356183884e-5
5732,1.2272046731953955e-5
5733,3.620253785926417e-4
5737,1.2272046731953955e-5
5738,6.136023365976977e-6
5739,7.976830375770071e-5
5740,6.136023365976977e-6
5741,3.6816140195861865e-5
5742,1.2272046731953955e-5
5744,1.2272046731953955e-5
5745,4.908818692781582e-5
5748,6.136023365976977e-6
5749,1.8408070097930933e-5
5750,6.136023365976977e-6
5751,6.136023365976977e-6
5752,3.068011682988489e-5
5753,6.136023365976977e-6
5754,6.136023365976977e-6
5755,6.136023365976977e-6
5756,6.136023365976977e-6
5757,6.136023365976977e-6
5759,1.2272046731953955e-5
5764,6.136023365976977e-6
5765,1.2272046731953955e-5
5766,1.8408070097930933e-5
5767,6.136023365976977e-6
5769,1.8408070097930933e-5
5771,1.2272046731953955e-5
5772,1.8408070097930933e-5
5773,1.2272046731953955e-5
5774,1.8408070097930933e-5
5775,6.136023365976978e-5
5776,5.52242102937928e-5
5778,3.6816140195861865e-5
5779,6.136023365976977e-6
5780,6.136023365976977e-6
5781,6.136023365976977e-6
5784,2.454409346390791e-5
5786,4.295216356183884e-5
5787,1.5953660751540143e-4
5788,1.8408070097930933e-5
5789,1.8408070097930933e-5
5790,6.136023365976977e-6
5792,3.068011682988489e-5
5794,2.454409346390791e-5
5795,9.204035048965467e-5
5796,2.454409346390791e-5
5798,1.8408070097930933e-5
5799,6.136023365976977e-6
5800,6.136023365976977e-6
5802,1.8408070097930933e-5
5805,2.76121051468964e-4
5806,6.136023365976977e-6
5807,6.136023365976977e-6
5808,3.6816140195861865e-5
5810,2.454409346390791e-5
5812,4.908818692781582e-5
5813,5.52242102937928e-5
5814,1.656726308813784e-4
5815,2.454409346390791e-5
5817,2.454409346390791e-5
5818,6.136023365976977e-6
5819,1.8408070097930933e-5
5820,3.6816140195861865e-5
5821,6.136023365976977e-6
5823,3.6816140195861865e-5
5826,1.8408070097930933e-5
5827,1.2272046731953955e-5
5829,1.2272046731953955e-5
5831,6.136023365976977e-6
5838,1.2272046731953955e-5
5839,1.2272046731953955e-5
5841,6.136023365976977e-6
5842,5.52242102937928e-5
5843,6.136023365976977e-6
5844,1.2272046731953955e-5
5845,8.590432712367768e-5
5847,2.454409346390791e-5
5850,7.363228039172373e-5
5851,6.136023365976977e-6
5852,1.2272046731953955e-5
5855,2.82257074834941e-4
5856,1.2272046731953955e-5
5857,8.590432712367768e-5
5858,6.136023365976978e-5
5859,2.454409346390791e-5
5860,1.2272046731953955e-5
5861,6.136023365976977e-6
5862,2.454409346390791e-5
5863,1.8408070097930933e-5
5864,1.8408070097930933e-5
5865,6.136023365976977e-6
5866,4.295216356183884e-5
5867,6.136023365976977e-6
5868,1.2272046731953955e-5
5869,2.454409346390791e-5
5870,6.136023365976977e-6
5871,1.7794467761333236e-4
5872,6.136023365976978e-5
5873,6.136023365976977e-6
5875,6.136023365976977e-6
5876,1.2272046731953955e-5
5878,6.136023365976978e-5
5879,3.068011682988489e-5
5881,6.136023365976977e-6
5883,1.2272046731953955e-5
5884,1.8408070097930933e-5
5885,1.2272046731953955e-5
5888,1.8408070097930933e-5
5889,3.6816140195861865e-5
5890,3.068011682988489e-5
5891,1.8408070097930933e-5
5892,5.706501730358589e-4
5895,1.2272046731953955e-5
5899,1.8408070097930933e-5
5900,2.454409346390791e-5
5902,1.2272046731953955e-5
5904,6.136023365976977e-6
5905,6.136023365976977e-6
5906,6.136023365976977e-6
5908,6.136023365976977e-6
5910,2.454409346390791e-5
5911,1.8408070097930933e-5
5912,1.2272046731953955e-5
5914,1.2272046731953955e-5
5915,1.2272046731953955e-5
5917,6.136023365976977e-6
5919,6.136023365976977e-6
5920,1.8408070097930933e-5
5924,1.8408070097930933e-5
5925,2.454409346390791e-5
5926,3.6816140195861865e-5
5927,2.454409346390791e-5
5928,1.8408070097930933e-5
5929,3.6816140195861865e-5
5930,6.749625702574675e-5
5931,7.363228039172373e-5
5932,4.908818692781582e-5
5933,1.8408070097930933e-5
5934,1.411285374174705e-4
5935,1.8408070097930933e-5
5936,1.2272046731953955e-5
5938,7.363228039172373e-5
5939,1.8408070097930933e-5
5940,1.8408070097930933e-5
5947,1.2272046731953955e-5
5948,1.2272046731953955e-5
5949,1.2272046731953955e-5
5951,5.52242102937928e-5
5952,1.2272046731953955e-5
5954,6.136023365976977e-6
5957,6.136023365976977e-6
5958,7.363228039172373e-5
5959,2.454409346390791e-5
5960,1.2272046731953955e-5
5961,6.136023365976977e-6
5964,2.454409346390791e-5
5965,6.136023365976977e-6
5966,1.2272046731953955e-5
5968,6.136023365976977e-6
5969,3.068011682988489e-5
5970,6.136023365976977e-6
5972,2.454409346390791e-5
5973,1.8408070097930933e-5
5975,3.068011682988489e-5
5976,6.136023365976977e-6
5977,1.8408070097930933e-5
5978,1.8408070097930933e-5
5979,1.8408070097930933e-5
5981,6.136023365976977e-6
5982,6.136023365976977e-6
5984,1.0431239722160862e-4
5985,9.817637385563164e-5
5986,6.136023365976977e-6
5987,1.8408070097930933e-5
5988,1.2272046731953955e-5
5989,1.8408070097930933e-5
5991,6.136023365976977e-6
5992,6.136023365976977e-6
5994,1.8408070097930933e-4
5995,7.363228039172373e-5
5996,6.136023365976977e-6
5997,1.8408070097930933e-5
5998,3.9270549542252655e-4
5999,6.136023365976977e-6
6000,2.454409346390791e-5
6001,1.8408070097930933e-5
6003,6.136023365976977e-6
6004,1.2272046731953955e-5
6005,1.7180865424735537e-4
6006,6.136023365976977e-6
6007,2.454409346390791e-5
6008,6.136023365976977e-6
6010,1.2272046731953955e-5
6011,6.136023365976977e-6
6013,1.2272046731953955e-5
6014,2.454409346390791e-5
6015,6.136023365976977e-6
6016,6.136023365976977e-6
6017,6.136023365976977e-6
6021,1.2272046731953955e-5
6022,2.454409346390791e-5
6023,1.8408070097930933e-5
6024,6.136023365976977e-6
6025,6.136023365976977e-6
6027,6.136023365976977e-6
6028,6.136023365976977e-6
6029,1.1658444395356257e-4
6031,2.69985028102987e-4
6032,1.8408070097930933e-5
6034,1.2272046731953955e-5
6035,2.454409346390791e-5
6036,8.590432712367768e-5
6039,6.136023365976977e-6
6040,1.2272046731953955e-5
6041,1.2272046731953955e-5
6042,1.2272046731953955e-5
6043,1.9635274771126327e-4
6044,2.454409346390791e-5
6045,6.136023365976977e-6
6046,1.4726456078344746e-4
6048,3.6816140195861865e-5
6049,6.136023365976977e-6
6050,1.5953660751540143e-4
6051,1.8408070097930933e-5
6052,6.136023365976977e-6
6053,1.2272046731953955e-5
6055,4.908818692781582e-5
6056,1.1658444395356257e-4
6058,6.136023365976977e-6
6059,3.6816140195861865e-5
6060,6.136023365976977e-6
6061,5.52242102937928e-5
6065,3.068011682988489e-5
6066,6.136023365976977e-6
6069,6.136023365976977e-6
6070,1.8408070097930933e-5
6071,3.068011682988489e-5
6072,6.136023365976977e-6
6073,6.136023365976977e-6
6074,5.52242102937928e-5
6075,1.8408070097930933e-5
6076,1.2272046731953955e-5
6077,4.295216356183884e-5
6078,6.136023365976977e-6
6079,6.136023365976977e-6
6081,6.136023365976977e-6
6082,1.2272046731953955e-5
6083,6.136023365976977e-6
6084,1.8408070097930933e-5
6085,2.454409346390791e-5
6086,6.136023365976977e-6
6087,4.908818692781582e-5
6088,2.454409346390791e-5
6090,1.2272046731953955e-5
6091,1.8408070097930933e-5
6092,6.136023365976977e-6
6093,6.136023365976977e-6
6094,1.8408070097930933e-5
6096,6.136023365976977e-6
6097,1.5340058414942443e-4
6098,9.817637385563164e-5
6100,9.204035048965467e-5
6101,6.136023365976977e-6
6102,3.6816140195861865e-5
6103,6.136023365976977e-6
6104,1.2272046731953955e-5
6107,3.068011682988489e-5
6108,1.1658444395356257e-4
6109,6.136023365976977e-6
6111,6.136023365976977e-6
6112,1.2272046731953955e-5
6113,6.136023365976977e-6
6117,6.136023365976977e-6
6121,1.2272046731953955e-5
6124,7.976830375770071e-5
6125,2.454409346390791e-5
6127,3.068011682988489e-5
6128,0.0010738040890459712
6129,6.136023365976978e-5
6130,1.2272046731953955e-5
6131,1.2885649068551653e-4
6133,7.976830375770071e-5
6136,1.2272046731953955e-5
6139,1.2272046731953955e-5
6140,1.2272046731953955e-5
6141,7.363228039172373e-5
6143,2.454409346390791e-5
6144,6.136023365976977e-6
6146,9.817637385563164e-5
6149,1.2272046731953955e-5
6150,6.136023365976977e-6
6152,6.136023365976977e-6
6153,1.8408070097930933e-5
6156,1.8408070097930933e-5
6158,6.136023365976977e-6
6160,1.2272046731953955e-5
6161,6.136023365976977e-6
6162,6.136023365976977e-6
6164,6.136023365976977e-6
6165,6.136023365976977e-6
6166,1.2272046731953955e-5
6167,3.068011682988489e-5
6168,6.136023365976977e-6
6171,6.136023365976977e-6
6177,3.6816140195861865e-5
6178,1.0431239722160862e-4
6179,6.136023365976977e-6
6180,3.6816140195861865e-5
6182,6.136023365976977e-6
6183,9.817637385563164e-5
6184,1.8408070097930933e-5
6185,4.908818692781582e-5
6186,6.136023365976977e-6
6187,6.136023365976977e-6
6194,1.2272046731953955e-5
6198,6.136023365976977e-6
6200,1.2272046731953955e-5
6201,6.136023365976977e-6
6202,3.068011682988489e-5
6203,6.872346169894215e-4
6204,6.136023365976977e-6
6206,1.2272046731953955e-5
6207,1.8408070097930933e-5
6208,1.8408070097930933e-5
6209,1.8408070097930933e-5
6210,2.2703286454114818e-4
6211,1.2272046731953955e-5
6213,1.4726456078344746e-4
6214,1.8408070097930933e-5
6215,6.136023365976977e-6
6216,6.136023365976977e-6
6217,3.068011682988489e-5
6218,6.136023365976977e-6
6219,1.2272046731953955e-5
6220,1.2272046731953955e-5
6224,1.2272046731953955e-5
6225,1.2272046731953955e-5
6226,6.136023365976977e-6
6227,1.8408070097930933e-5
6228,1.2272046731953955e-5
6229,1.2272046731953955e-5
6230,2.454409346390791e-5
6233,1.2272046731953955e-5
6234,1.8408070097930933e-5
6235,6.136023365976977e-6
6236,8.590432712367768e-5
6238,1.2272046731953955e-5
6239,1.2272046731953955e-5
6240,1.2272046731953955e-5
6241,3.6816140195861865e-5
6242,6.136023365976977e-6
6243,1.2272046731953955e-5
6245,1.8408070097930933e-5
6248,3.068011682988489e-5
6250,3.068011682988489e-5
6252,1.2272046731953955e-5
6254,1.8408070097930933e-5
6255,6.136023365976977e-6
6257,6.136023365976977e-6
6258,1.8408070097930933e-5
6259,1.8408070097930933e-5
6260,1.2272046731953955e-5
6263,4.908818692781582e-5
6264,6.136023365976977e-6
6265,6.136023365976977e-6
6266,9.817637385563164e-5
6267,1.2272046731953955e-5
6268,6.136023365976977e-6
6270,6.136023365976977e-6
6271,1.8408070097930933e-5
6272,6.136023365976977e-6
6273,1.8408070097930933e-5
6274,3.6816140195861865e-5
6275,1.902167243452863e-4
6277,1.8408070097930933e-5
6278,1.2272046731953955e-5
6279,1.2272046731953955e-5
6280,2.454409346390791e-5
6282,6.136023365976977e-6
6283,4.295216356183884e-5
6285,6.136023365976977e-6
6286,1.2272046731953955e-5
6287,3.068011682988489e-5
6290,6.136023365976977e-6
6291,3.068011682988489e-5
6292,1.8408070097930933e-5
6294,3.6816140195861865e-5
6295,8.958594114326388e-4
6296,2.3930491127310214e-4
6297,1.8408070097930933e-5
6298,1.4726456078344746e-4
6299,9.019954347986157e-4
6300,1.8408070097930933e-5
6301,1.8408070097930933e-5
6302,3.6816140195861865e-5
6303,1.8408070097930933e-5
6304,1.2272046731953955e-5
6305,7.976830375770071e-5
6307,6.136023365976977e-6
6309,6.136023365976977e-6
6310,6.136023365976977e-6
6311,1.1658444395356257e-4
6314,7.363228039172373e-5
6315,6.810985936234446e-4
6316,3.6816140195861865e-5
6317,1.2272046731953955e-5
6319,3.068011682988489e-5
6320,2.2703286454114818e-4
6322,2.454409346390791e-5
6324,1.2272046731953955e-5
6325,1.2272046731953955e-5
6326,1.8408070097930933e-5
6327,6.136023365976978e-5
6328,6.136023365976977e-6
6329,6.136023365976977e-6
6331,3.068011682988489e-5
6333,1.2272046731953956e-4
6334,1.2272046731953955e-5
6335,6.136023365976977e-6
6337,1.8408070097930933e-5
6339,6.136023365976977e-6
6340,1.2272046731953955e-5
6341,6.136023365976977e-6
6342,6.136023365976977e-6
6343,3.068011682988489e-5
6346,1.104484205875856e-4
6347,1.2272046731953955e-5
6349,4.908818692781582e-5
6350,7.363228039172373e-5
6351,1.8408070097930933e-5
6353,4.295216356183884e-5
6355,6.136023365976977e-6
6357,1.2272046731953955e-5
6360,3.4361730849471073e-4
6362,2.454409346390791e-5
6363,6.136023365976977e-6
6364,6.136023365976977e-6
6365,6.136023365976977e-6
6366,6.136023365976977e-6
6368,4.786098225462043e-4
6370,1.8408070097930933e-5
6372,1.1658444395356257e-4
6373,2.454409346390791e-5
6374,6.136023365976977e-6
6375,1.2272046731953955e-5
6378,6.136023365976977e-6
6380,2.454409346390791e-5
6381,6.136023365976977e-6
6384,1.2272046731953955e-5
6385,6.136023365976977e-6
6386,3.6816140195861865e-5
6387,6.136023365976977e-6
6390,1.8408070097930933e-5
6391,6.136023365976977e-6
6392,1.2272046731953955e-5
6393,1.2272046731953955e-5
6394,2.3316888790712514e-4
6397,6.136023365976977e-6
6398,1.2272046731953956e-4
6400,6.136023365976977e-6
6401,1.8408070097930933e-5
6402,6.136023365976977e-6
6405,6.136023365976977e-6
6410,4.295216356183884e-5
6411,6.136023365976977e-6
6412,1.2272046731953955e-5
6413,1.2272046731953955e-5
6414,2.454409346390791e-5
6415,1.0431239722160862e-4
6416,2.454409346390791e-5
6418,2.454409346390791e-5
6421,6.136023365976977e-6
6422,1.2272046731953955e-5
6423,1.2272046731953955e-5
6425,4.295216356183884e-5
6427,2.454409346390791e-5
6430,6.136023365976977e-6
6431,3.6816140195861865e-5
6432,6.136023365976977e-6
6434,1.2272046731953955e-5
6436,4.908818692781582e-5
6437,3.068011682988489e-5
6438,6.136023365976977e-6
6439,1.2272046731953955e-5
6441,1.7794467761333236e-4
6442,6.136023365976977e-6
6443,1.8408070097930933e-5
6444,3.6816140195861865e-5
6445,2.454409346390791e-5
6446,1.8408070097930933e-5
6447,1.2272046731953955e-5
6448,3.068011682988489e-5
6449,3.068011682988489e-5
6452,1.2272046731953955e-5
6453,6.136023365976977e-6
6455,2.454409346390791e-5
6456,1.2272046731953955e-5
6457,1.2272046731953955e-5
6458,3.068011682988489e-5
6459,1.2272046731953955e-5
6460,1.8408070097930933e-5
6461,6.136023365976977e-6
6463,6.749625702574675e-5
6465,6.136023365976977e-6
6467,3.6816140195861865e-5
6468,1.2272046731953955e-5
6469,4.295216356183884e-5
6473,6.136023365976977e-6
6474,1.2272046731953955e-5
6475,1.2885649068551653e-4
6476,1.2272046731953955e-5
6477,1.8408070097930933e-5
6478,4.295216356183884e-5
6480,1.7180865424735537e-4
6482,4.295216356183884e-5
6483,6.136023365976977e-6
6484,1.2272046731953955e-5
6485,6.136023365976977e-6
6486,1.2272046731953955e-5
6487,6.136023365976977e-6
6489,6.136023365976977e-6
6491,1.2272046731953955e-5
6493,1.2272046731953955e-5
6494,6.136023365976977e-6
6495,1.8408070097930933e-5
6497,4.417936823503424e-4
6498,6.136023365976977e-6
6499,6.136023365976977e-6
6500,1.7794467761333236e-4
6501,3.865694720565496e-4
6503,3.068011682988489e-5
6504,7.670029207471222e-4
6505,2.454409346390791e-5
6506,6.136023365976978e-5
6507,3.804334486905726e-4
6508,1.8408070097930933e-5
6510,2.76121051468964e-4
6511,5.52242102937928e-5
6513,5.52242102937928e-5
6514,6.136023365976977e-6
6515,6.933706403553985e-4
6516,3.068011682988489e-5
6517,4.295216356183884e-5
6518,6.136023365976977e-6
6519,2.515769580050561e-4
6522,1.8408070097930933e-5
6524,1.8408070097930933e-5
6525,1.104484205875856e-4
6526,8.590432712367768e-5
6527,2.454409346390791e-5
6528,2.454409346390791e-5
6529,1.2272046731953955e-5
6530,1.1658444395356257e-4
6532,1.2272046731953955e-5
6533,6.136023365976977e-6
6534,2.454409346390791e-5
6535,2.208968411751712e-4
6536,6.136023365976977e-6
6537,1.104484205875856e-4
6539,3.6816140195861865e-5
6540,1.8408070097930933e-5
6542,6.136023365976977e-6
6543,1.8408070097930933e-5
6544,6.749625702574675e-5
6545,1.2272046731953955e-5
6546,6.136023365976977e-6
6549,1.7794467761333236e-4
6550,1.8408070097930933e-5
6555,6.136023365976977e-6
6556,2.454409346390791e-5
6561,2.454409346390791e-5
6563,3.6816140195861865e-5
6564,1.8408070097930933e-5
6565,1.2272046731953955e-5
6566,1.8408070097930933e-5
6568,9.204035048965467e-5
6569,6.749625702574675e-5
6570,0.001362197187246889
6573,1.2272046731953955e-5
6574,6.136023365976977e-6
6575,3.6816140195861865e-5
6576,6.136023365976977e-6
6578,6.136023365976977e-6
6580,1.2272046731953956e-4
6581,6.136023365976977e-6
6582,4.295216356183884e-5
6583,2.454409346390791e-5
6585,1.2272046731953955e-5
6586,6.136023365976977e-6
6587,6.136023365976977e-6
6588,9.204035048965467e-5
6589,3.068011682988489e-5
6590,2.454409346390791e-5
6591,1.2272046731953955e-5
6592,2.454409346390791e-5
6594,6.136023365976977e-6
6597,6.136023365976977e-6
6599,6.136023365976977e-6
6600,2.454409346390791e-5
6603,6.136023365976978e-5
6606,1.2272046731953955e-5
6608,6.136023365976977e-6
6609,6.136023365976977e-6
6613,3.068011682988489e-5
6615,6.136023365976977e-6
6616,1.5340058414942443e-4
6619,1.2272046731953955e-5
6620,3.068011682988489e-5
6621,2.454409346390791e-5
6622,1.2272046731953955e-5
6623,7.363228039172373e-5
6624,6.136023365976977e-6
6628,6.136023365976977e-6
6629,1.2272046731953955e-5
6630,6.136023365976977e-6
6631,6.136023365976977e-6
6632,1.2272046731953955e-5
6633,1.2272046731953955e-5
6634,6.136023365976977e-6
6637,1.2272046731953955e-5
6641,6.136023365976978e-5
6642,6.136023365976977e-6
6644,3.068011682988489e-5
6645,1.2272046731953955e-5
6646,1.2272046731953955e-5
6648,6.136023365976977e-6
6650,2.0862479444321724e-4
6651,6.136023365976977e-6
6652,1.2272046731953955e-5
6653,1.2272046731953955e-5
6655,3.6816140195861865e-5
6656,4.295216356183884e-5
6661,6.136023365976977e-6
6662,1.2272046731953955e-5
6663,6.136023365976977e-6
6664,4.295216356183884e-5
6667,2.454409346390791e-5
6668,6.136023365976978e-5
6669,1.2272046731953955e-5
6670,1.2272046731953955e-5
6672,2.2703286454114818e-4
6673,2.454409346390791e-5
6675,1.2272046731953955e-5
6676,1.1658444395356257e-4
6677,2.454409346390791e-5
6680,4.295216356183884e-5
6681,1.2272046731953955e-5
6683,1.2272046731953955e-5
6684,1.2272046731953955e-5
6685,6.136023365976977e-6
6686,1.8408070097930933e-5
6687,6.136023365976978e-5
6690,3.6816140195861865e-5
6691,2.454409346390791e-5
6693,6.136023365976977e-6
6694,2.3316888790712514e-4
6695,4.908818692781582e-5
6696,2.6384900473701e-4
6697,1.2272046731953955e-5
6698,6.136023365976977e-4
6700,7.363228039172373e-5
6702,2.515769580050561e-4
6703,4.295216356183884e-5
6705,3.068011682988489e-5
6706,4.786098225462043e-4
6707,0.0010431239722160862
6708,5.52242102937928e-5
6709,6.136023365976977e-6
6710,1.2272046731953955e-5
6712,2.454409346390791e-5
6713,1.349925140514935e-4
6714,5.52242102937928e-5
6715,4.908818692781582e-5
6716,1.2272046731953955e-5
6718,1.8408070097930933e-5
6719,6.749625702574675e-5
6720,1.411285374174705e-4
6721,6.136023365976977e-6
6725,6.136023365976977e-6
6726,6.136023365976977e-6
6727,1.2272046731953955e-5
6728,2.454409346390791e-5
6731,1.2272046731953955e-5
6732,6.136023365976977e-6
6734,2.454409346390791e-5
6736,6.136023365976977e-6
6739,7.363228039172373e-5
6740,1.2272046731953955e-5
6741,1.2272046731953955e-5
6742,4.908818692781582e-5
6744,1.5340058414942443e-4
6745,6.136023365976977e-6
6746,5.52242102937928e-5
6747,6.136023365976977e-6
6748,1.2272046731953955e-5
6749,1.8408070097930933e-5
6751,7.363228039172373e-5
6752,1.2272046731953955e-5
6753,6.136023365976977e-6
6754,6.136023365976977e-6
6757,1.2272046731953955e-5
6758,1.2272046731953955e-5
6759,6.749625702574675e-5
6760,0.0010247159021181552
6761,3.068011682988489e-5
6762,3.068011682988489e-5
6763,6.136023365976978e-5
6766,6.136023365976977e-6
6767,6.136023365976977e-6
6771,1.8408070097930933e-5
6773,2.454409346390791e-5
6774,1.8408070097930933e-5
6775,1.2272046731953955e-5
6776,1.2272046731953955e-5
6777,1.2272046731953955e-5
6778,2.454409346390791e-5
6779,1.8408070097930933e-5
6781,1.5340058414942443e-4
6782,1.349925140514935e-4
6783,1.8408070097930933e-5
6788,3.6816140195861865e-5
6789,6.136023365976977e-6
6790,3.6816140195861865e-5
6791,7.363228039172373e-5
6793,6.136023365976977e-6
6794,4.295216356183884e-5
6795,5.52242102937928e-5
6796,6.136023365976977e-6
6797,6.136023365976978e-5
6799,3.068011682988489e-5
6800,1.8408070097930933e-5
6801,6.136023365976977e-6
6803,1.4726456078344746e-4
6804,5.52242102937928e-5
6805,1.8408070097930933e-5
6806,3.6816140195861865e-5
6807,2.454409346390791e-5
6809,1.8408070097930933e-5
6810,4.295216356183884e-5
6811,6.136023365976977e-6
6812,3.068011682988489e-5
6813,2.454409346390791e-5
6814,1.8408070097930933e-5
6816,1.2272046731953955e-5
6818,2.454409346390791e-5
6819,6.136023365976977e-6
6820,6.136023365976977e-6
6821,1.8408070097930933e-5
6822,1.2272046731953955e-5
6823,1.411285374174705e-4
6825,2.454409346390791e-5
6826,6.136023365976977e-6
6830,9.204035048965467e-5
6832,1.8408070097930933e-5
6838,1.902167243452863e-4
6839,5.52242102937928e-5
6842,1.7794467761333236e-4
6843,6.136023365976977e-6
6845,8.590432712367768e-5
6847,4.908818692781582e-5
6850,1.2272046731953955e-5
6851,1.2272046731953955e-5
6852,1.2272046731953955e-5
6853,1.8408070097930933e-5
6855,6.136023365976977e-6
6856,1.2272046731953955e-5
6857,6.136023365976977e-6
6859,3.6816140195861865e-5
6860,6.136023365976977e-6
6861,1.2885649068551653e-4
6864,1.8408070097930933e-5
6865,6.136023365976977e-6
6866,6.136023365976977e-6
6868,9.204035048965467e-5
6871,3.068011682988489e-5
6873,1.2272046731953955e-5
6875,6.136023365976977e-6
6876,6.136023365976977e-6
6877,6.136023365976977e-6
6878,3.6816140195861865e-5
6879,6.197383599636747e-4
6880,7.976830375770071e-5
6881,1.2272046731953955e-5
6882,1.0431239722160862e-4
6885,6.136023365976977e-6
6887,2.454409346390791e-5
6888,1.2272046731953955e-5
6890,2.454409346390791e-5
6891,3.6816140195861865e-5
6892,4.908818692781582e-5
6893,3.6816140195861865e-5
6897,6.136023365976977e-6
6899,6.136023365976977e-6
6900,6.136023365976977e-6
6901,7.363228039172373e-5
6902,2.147608178091942e-4
6903,1.8408070097930933e-5
6904,6.136023365976977e-6
6905,6.136023365976977e-6
6908,6.136023365976977e-6
6910,6.136023365976978e-5
6911,6.136023365976977e-6
6914,1.8408070097930933e-5
6915,4.908818692781582e-5
6916,1.2272046731953955e-5
6917,1.2272046731953955e-5
6918,6.136023365976977e-6
6920,3.068011682988489e-5
6921,2.454409346390791e-5
6923,1.8408070097930933e-5
6925,1.8408070097930933e-5
6926,1.2272046731953955e-5
6928,5.52242102937928e-5
6929,3.6816140195861865e-5
6931,6.136023365976978e-5
6932,6.136023365976978e-5
6934,4.908818692781582e-5
6935,1.5953660751540143e-4
6937,2.454409346390791e-5
6938,1.8408070097930933e-5
6939,1.2272046731953955e-5
6941,1.902167243452863e-4
6942,6.136023365976977e-6
6943,6.136023365976977e-6
6944,8.16091107674938e-4
6945,1.2272046731953955e-5
6946,1.2272046731953955e-5
6947,6.749625702574675e-5
6950,3.068011682988489e-5
6951,6.136023365976977e-6
6956,6.136023365976977e-6
6958,6.136023365976977e-6
6960,2.454409346390791e-5
6961,4.295216356183884e-5
6962,6.136023365976977e-6
6963,6.136023365976977e-6
6964,5.52242102937928e-5
6965,9.817637385563164e-5
6966,1.2272046731953955e-5
6967,1.2272046731953955e-5
6968,3.6816140195861865e-5
6969,1.8408070097930933e-5
6971,6.136023365976977e-6
6972,6.136023365976977e-6
6973,6.136023365976977e-6
6974,3.068011682988489e-5
6975,5.52242102937928e-5
6976,3.068011682988489e-5
6977,1.2272046731953955e-5
6979,1.2272046731953955e-5
6982,6.136023365976977e-6
6984,6.136023365976977e-6
6985,1.8408070097930933e-5
6987,1.7794467761333236e-4
6988,1.8408070097930933e-5
6989,2.454409346390791e-5
6990,1.2272046731953955e-5
6991,4.908818692781582e-5
6992,2.454409346390791e-5
6995,2.454409346390791e-5
6996,2.454409346390791e-5
6997,1.8408070097930933e-5
6998,2.454409346390791e-5
6999,5.52242102937928e-5
7000,3.068011682988489e-5
7002,9.204035048965467e-5
7003,3.068011682988489e-5
7004,1.8408070097930933e-5
7005,1.4726456078344746e-4
7006,6.136023365976977e-6
7007,3.4361730849471073e-4
7008,1.2272046731953955e-5
7009,6.136023365976977e-6
7010,1.2272046731953955e-5
7011,1.8408070097930933e-5
7012,6.136023365976977e-6
7013,6.136023365976977e-6
7014,5.39970056205974e-4
7015,4.295216356183884e-5
7016,6.136023365976978e-5
7017,7.363228039172373e-5
7018,1.2272046731953955e-5
7019,2.454409346390791e-5
7020,1.2272046731953955e-5
7022,4.295216356183884e-5
7023,3.068011682988489e-5
7025,1.2272046731953955e-5
7026,6.136023365976977e-6
7030,6.136023365976977e-6
7031,1.8408070097930933e-5
7032,1.8408070097930933e-5
7034,6.136023365976977e-6
7036,6.136023365976977e-6
7037,1.8408070097930933e-5
7038,6.136023365976977e-6
7039,1.411285374174705e-4
7040,6.136023365976977e-6
7041,1.2272046731953955e-5
7042,6.136023365976977e-6
7044,6.136023365976977e-6
7045,1.2272046731953955e-5
7046,1.8408070097930933e-4
7047,5.52242102937928e-5
7048,7.363228039172373e-5
7049,2.454409346390791e-5
7050,6.136023365976977e-6
7051,1.2272046731953955e-5
7052,6.136023365976977e-6
7053,6.136023365976977e-6
7054,6.749625702574675e-5
7056,3.068011682988489e-5
7058,2.454409346390791e-5
7059,3.313452617627568e-4
7060,6.136023365976977e-6
7062,8.590432712367768e-5
7063,1.8408070097930933e-5
7064,1.2272046731953955e-5
7065,1.2272046731953955e-5
7066,4.908818692781582e-5
7067,1.2272046731953955e-5
7068,6.136023365976977e-6
7072,2.454409346390791e-5
7073,2.208968411751712e-4
7074,1.8408070097930933e-5
7076,2.208968411751712e-4
7077,2.454409346390791e-5
7078,6.136023365976977e-6
7079,1.2272046731953955e-5
7080,6.136023365976977e-6
7083,1.2272046731953955e-5
7084,1.8408070097930933e-5
7087,1.2272046731953955e-5
7088,6.136023365976977e-6
7090,3.6816140195861865e-5
7092,9.817637385563164e-5
7093,6.136023365976977e-6
7094,6.136023365976977e-6
7095,2.454409346390791e-5
7096,1.2272046731953955e-5
7097,4.295216356183884e-5
7099,1.2272046731953955e-5
7100,1.2272046731953955e-5
7101,1.8408070097930933e-5
7102,1.2272046731953955e-5
7103,1.5953660751540143e-4
7105,1.2272046731953955e-5
7106,6.136023365976977e-6
7107,5.52242102937928e-5
7109,6.136023365976977e-6
7110,1.8408070097930933e-5
7111,6.136023365976977e-6
7114,6.136023365976977e-6
7117,1.8408070097930933e-5
7120,1.2272046731953955e-5
7123,6.136023365976977e-6
7124,4.295216356183884e-5
7125,3.6816140195861865e-5
7126,2.454409346390791e-5
7129,1.2272046731953955e-5
7130,6.136023365976977e-6
7132,1.2272046731953955e-5
7133,1.8408070097930933e-5
7134,2.3930491127310214e-4
7135,1.2272046731953955e-5
7136,6.136023365976977e-6
7137,6.136023365976977e-6
7138,6.136023365976977e-6
7139,6.136023365976977e-6
7140,7.363228039172373e-5
7142,1.2272046731953955e-5
7143,1.8408070097930933e-5
7144,6.136023365976977e-6
7145,1.2272046731953955e-5
7146,6.136023365976977e-6
7147,3.068011682988489e-5
7148,6.136023365976977e-6
7149,1.2272046731953955e-5
7153,3.6816140195861865e-5
7154,2.3316888790712514e-4
7155,1.5340058414942443e-4
7156,3.6816140195861865e-5
7157,1.2272046731953955e-5
7158,5.52242102937928e-5
7159,2.454409346390791e-5
7160,6.136023365976977e-6
7161,3.6816140195861865e-5
7162,3.6816140195861865e-5
7163,4.0497754215448054e-4
7164,2.454409346390791e-5
7165,6.136023365976977e-6
7166,4.295216356183884e-5
7167,1.8408070097930933e-5
7169,6.136023365976977e-6
7170,1.2272046731953955e-5
7173,1.2272046731953955e-5
7176,6.136023365976977e-6
7177,3.068011682988489e-5
7178,6.136023365976977e-6
7179,1.8408070097930933e-5
7180,1.2272046731953955e-5
7181,6.136023365976977e-6
7182,1.8408070097930933e-5
7183,3.6816140195861865e-5
7184,6.136023365976977e-6
7185,9.817637385563164e-5
7186,6.136023365976977e-6
7188,1.2272046731953955e-5
7189,6.136023365976977e-6
7190,1.2272046731953955e-5
7192,1.4726456078344746e-4
7193,7.976830375770071e-5
7194,1.2272046731953955e-5
7195,1.2272046731953955e-5
7196,2.454409346390791e-5
7197,6.136023365976978e-5
7198,6.136023365976977e-6
7199,6.136023365976977e-6
7200,6.136023365976977e-6
7201,2.454409346390791e-5
7203,1.2272046731953955e-5
7204,6.136023365976977e-6
7205,6.136023365976977e-6
7207,6.136023365976977e-6
7210,3.068011682988489e-5
7211,4.479297057163194e-4
7212,4.295216356183884e-5
7213,9.940357852882703e-4
7214,6.749625702574675e-5
7216,1.8408070097930933e-5
7217,0.00196966350047861
7218,6.136023365976977e-6
7222,2.0862479444321724e-4
7224,6.136023365976977e-6
7226,6.136023365976977e-6
7227,2.0248877107724027e-4
7229,9.204035048965467e-5
7230,1.8408070097930933e-5
7231,6.136023365976977e-6
7232,7.363228039172373e-5
7234,6.136023365976977e-6
7235,6.136023365976977e-6
7236,6.136023365976977e-6
7237,1.4726456078344746e-4
7238,1.2272046731953955e-5
7239,6.136023365976977e-6
7240,1.2272046731953955e-5
7241,3.068011682988489e-5
7243,6.136023365976977e-6
7244,6.136023365976977e-6
7245,1.8408070097930933e-5
7246,6.136023365976977e-6
7247,1.2272046731953955e-5
7249,1.0431239722160862e-4
7250,6.136023365976977e-6
7252,6.136023365976977e-6
7253,5.52242102937928e-5
7254,6.136023365976977e-6
7256,6.136023365976977e-6
7258,1.2272046731953955e-5
7259,3.6816140195861865e-5
7260,5.52242102937928e-5
7261,3.068011682988489e-5
7262,6.136023365976977e-6
7263,6.136023365976977e-6
7264,6.136023365976977e-6
7266,6.136023365976977e-6
7267,1.2272046731953955e-5
7268,1.1658444395356257e-4
7269,3.6816140195861865e-5
7272,6.136023365976977e-6
7273,1.2272046731953955e-5
7274,4.908818692781582e-5
7275,3.068011682988489e-5
7277,1.5953660751540143e-4
7278,6.136023365976977e-6
7279,6.136023365976977e-6
7281,1.2885649068551653e-4
7282,1.2272046731953955e-5
7283,4.908818692781582e-5
7284,6.136023365976977e-6
7285,1.8408070097930933e-5
7286,1.2272046731953955e-5
7287,1.8408070097930933e-5
7288,6.136023365976977e-6
7289,3.6816140195861865e-5
7290,1.8408070097930933e-5
7292,6.749625702574675e-5
7293,6.136023365976977e-6
7294,2.454409346390791e-5
7295,6.136023365976977e-6
7296,1.2272046731953955e-5
7297,6.136023365976977e-6
7298,6.136023365976977e-6
7300,2.454409346390791e-5
7302,2.454409346390791e-5
7303,1.8408070097930933e-5
7304,1.5953660751540143e-4
7306,1.2272046731953955e-5
7309,1.8408070097930933e-5
7310,3.6816140195861865e-5
7311,1.8408070097930933e-5
7312,6.136023365976977e-6
7313,1.2272046731953955e-5
7314,1.5340058414942443e-4
7315,7.976830375770071e-5
7316,6.136023365976977e-6
7318,6.136023365976977e-6
7319,1.7180865424735537e-4
7320,1.8408070097930933e-5
7321,2.454409346390791e-5
7322,6.136023365976977e-6
7323,6.136023365976977e-6
7324,1.349925140514935e-4
7325,4.908818692781582e-5
7326,1.2885649068551653e-4
7328,1.8408070097930933e-5
7329,6.136023365976977e-6
7330,1.2272046731953955e-5
7331,1.8408070097930933e-5
7332,1.2272046731953955e-5
7333,6.136023365976977e-6
7334,4.295216356183884e-5
7335,6.136023365976977e-6
7336,6.136023365976977e-6
7337,3.068011682988489e-5
7338,6.136023365976977e-6
7339,6.136023365976977e-6
7340,4.786098225462043e-4
7341,6.136023365976977e-6
7342,6.749625702574675e-5
7343,1.2272046731953956e-4
7344,1.0431239722160862e-4
7346,6.136023365976977e-6
7348,6.136023365976977e-6
7349,6.136023365976977e-6
7350,4.908818692781582e-5
7351,1.1658444395356257e-4
7352,6.688265468914906e-4
7353,0.0020310237341383797
7354,2.454409346390791e-4
7355,5.951942664997669e-4
7356,1.104484205875856e-4
7357,6.136023365976977e-6
7358,6.136023365976977e-6
7361,5.52242102937928e-5
7362,1.2272046731953955e-5
7363,4.908818692781582e-5
7366,5.52242102937928e-5
7367,1.2272046731953955e-5
7369,1.8408070097930933e-5
7370,6.136023365976977e-6
7371,1.656726308813784e-4
7372,1.4726456078344746e-4
7373,1.8408070097930933e-5
7374,3.068011682988489e-5
7375,5.52242102937928e-5
7376,6.136023365976977e-6
7377,6.136023365976977e-6
7378,6.136023365976977e-6
7380,6.136023365976977e-6
7382,6.136023365976977e-6
7383,1.2272046731953955e-5
7386,6.136023365976977e-6
7387,6.136023365976977e-6
7388,1.2272046731953955e-5
7389,1.656726308813784e-4
7391,6.136023365976977e-6
7392,6.136023365976977e-6
7395,6.749625702574675e-5
7396,2.454409346390791e-5
7399,6.136023365976977e-6
7400,6.136023365976977e-6
7406,4.908818692781582e-5
7408,7.976830375770071e-5
7410,1.7180865424735537e-4
7411,1.2272046731953955e-5
7412,2.454409346390791e-5
7413,1.2272046731953955e-5
7414,1.2272046731953955e-5
7415,6.136023365976977e-6
7416,1.8408070097930933e-5
7417,3.6816140195861865e-5
7418,6.136023365976977e-6
7420,9.204035048965467e-5
7422,4.908818692781582e-5
7423,1.8408070097930933e-5
7424,1.8408070097930933e-5
7425,6.136023365976977e-6
7426,1.8408070097930933e-5
7427,5.52242102937928e-5
7428,6.136023365976977e-6
7430,2.454409346390791e-5
7432,6.136023365976977e-6
7434,6.136023365976977e-6
7435,3.9270549542252655e-4
7437,6.136023365976977e-6
7439,3.068011682988489e-5
7441,4.295216356183884e-5
7442,1.8408070097930933e-5
7443,7.976830375770071e-5
7444,2.454409346390791e-4
7445,6.136023365976977e-6
7447,6.136023365976977e-6
7450,2.454409346390791e-4
7451,6.136023365976977e-6
7452,6.749625702574675e-5
7453,6.136023365976977e-6
7454,6.136023365976977e-6
7455,6.136023365976977e-6
7456,1.1658444395356257e-4
7458,6.136023365976977e-6
7459,4.908818692781582e-5
7460,6.136023365976977e-6
7461,1.2272046731953955e-5
7463,6.136023365976977e-6
7466,6.136023365976977e-6
7468,6.136023365976977e-6
7470,3.068011682988489e-5
7472,6.136023365976977e-6
7473,6.136023365976977e-6
7474,1.2272046731953955e-5
7475,4.111135655204575e-4
7477,6.749625702574675e-5
7480,6.136023365976977e-6
7481,6.136023365976977e-6
7482,2.454409346390791e-5
7483,6.136023365976977e-6
7484,1.2885649068551653e-4
7485,3.068011682988489e-5
7486,1.104484205875856e-4
7487,6.136023365976977e-6
7488,6.136023365976978e-5
7489,1.2272046731953955e-5
7491,4.908818692781582e-5
7492,9.204035048965467e-5
7493,1.2272046731953955e-5
7496,1.8408070097930933e-5
7498,1.2272046731953955e-5
7499,1.8408070097930933e-5
7500,6.136023365976977e-6
7502,6.136023365976977e-6
7503,9.204035048965467e-5
7504,1.0431239722160862e-4
7505,1.8408070097930933e-5
7506,1.2272046731953955e-5
7507,5.52242102937928e-5
7508,6.136023365976977e-6
7509,6.136023365976977e-6
7510,6.136023365976977e-6
7511,3.313452617627568e-4
7515,8.590432712367768e-5
7516,3.006651449328719e-4
7517,6.136023365976977e-6
7518,6.136023365976977e-6
7519,6.136023365976977e-6
7522,4.908818692781582e-5
7524,1.0431239722160862e-4
7527,1.8408070097930933e-5
7529,1.411285374174705e-4
7531,3.6816140195861865e-5
7532,3.068011682988489e-5
7534,3.068011682988489e-5
7535,4.908818692781582e-5
7536,3.068011682988489e-5
7537,6.136023365976977e-6
7538,1.4726456078344746e-4
7539,6.136023365976977e-6
7540,7.976830375770071e-5
7541,0.0013990133274427508
7542,2.454409346390791e-5
7543,6.136023365976978e-5
7544,2.515769580050561e-4
7546,4.295216356183884e-5
7547,6.136023365976977e-6
7549,6.136023365976977e-6
7550,1.8408070097930933e-4
7551,6.136023365976977e-6
7552,6.136023365976978e-5
7553,1.2272046731953955e-5
7555,9.817637385563164e-5
7556,3.6816140195861865e-5
7557,9.081314581645927e-4
7558,3.068011682988489e-5
7560,1.0431239722160862e-4
7561,6.749625702574675e-5
7564,1.349925140514935e-4
7565,6.136023365976977e-6
7566,1.2272046731953955e-5
7567,3.1907321503080286e-4
7568,1.2272046731953955e-5
7570,6.136023365976977e-6
7571,5.52242102937928e-5
7572,6.136023365976977e-6
7573,1.8408070097930933e-5
7574,3.6816140195861865e-5
7575,1.8408070097930933e-5
7578,9.817637385563164e-5
7579,1.2272046731953955e-5
7580,1.2272046731953955e-5
7581,3.006651449328719e-4
7582,5.52242102937928e-5
7583,3.6816140195861865e-5
7585,6.136023365976977e-6
7586,7.363228039172373e-5
7587,6.136023365976977e-6
7588,6.136023365976977e-6
7590,1.349925140514935e-4
7591,6.136023365976977e-6
7592,1.2272046731953955e-5
7593,1.8408070097930933e-5
7594,1.8408070097930933e-5
7596,1.0431239722160862e-4
7597,2.454409346390791e-5
7598,1.8408070097930933e-5
7602,6.136023365976977e-6
7604,3.068011682988489e-5
7605,3.6816140195861865e-5
7606,6.136023365976977e-6
7607,4.908818692781582e-5
7610,3.9270549542252655e-4
7611,1.2272046731953955e-5
7612,6.136023365976977e-6
7614,6.136023365976977e-6
7617,5.52242102937928e-5
7618,1.5953660751540143e-4
7619,1.2272046731953955e-5
7620,4.295216356183884e-5
7621,6.136023365976977e-6
7622,1.7794467761333236e-4
7626,3.068011682988489e-5
7628,2.454409346390791e-5
7629,3.068011682988489e-5
7630,1.2272046731953955e-5
7632,6.136023365976977e-6
7633,4.295216356183884e-5
7634,1.8408070097930933e-5
7635,3.6816140195861865e-5
7637,9.817637385563164e-5
7638,1.4726456078344746e-4
7639,9.204035048965467e-5
7640,9.204035048965467e-5
7641,1.2272046731953955e-5
7642,2.454409346390791e-5
7643,2.3930491127310214e-4
7644,1.1658444395356257e-4
7645,2.5771298137103305e-4
7647,2.454409346390791e-5
7648,1.2272046731953955e-5
7649,0.0022764646687774585
7651,3.5588935522666473e-4
7652,7.363228039172373e-5
7653,3.252092383967798e-4
7654,1.5953660751540143e-4
7655,1.0431239722160862e-4
7657,9.817637385563164e-5
7658,6.136023365976978e-5
7659,1.8408070097930933e-5
7660,3.5588935522666473e-4
7661,1.2272046731953955e-5
7662,6.136023365976977e-6
7663,2.147608178091942e-4
7665,2.454409346390791e-5
7668,3.068011682988489e-5
7669,1.2272046731953955e-5
7670,1.2272046731953955e-5
7672,2.454409346390791e-5
7674,1.2272046731953955e-5
7676,6.136023365976977e-6
7678,4.295216356183884e-5
7679,6.136023365976977e-6
7681,6.136023365976977e-6
7682,6.136023365976978e-5
7684,4.908818692781582e-5
7685,7.240507571852834e-4
7686,6.136023365976977e-6
7687,8.590432712367768e-5
7688,1.2272046731953955e-5
7689,1.2272046731953955e-5
7690,1.8408070097930933e-5
7692,1.2272046731953955e-5
7693,1.0431239722160862e-4
7694,2.454409346390791e-5
7695,2.454409346390791e-5
7696,6.136023365976977e-6
7698,2.454409346390791e-5
7700,4.295216356183884e-5
7701,6.136023365976977e-6
7702,3.068011682988489e-5
7703,2.454409346390791e-5
7704,3.6816140195861865e-5
7705,1.2272046731953955e-5
7706,6.136023365976977e-6
7707,6.136023365976977e-6
7708,1.8408070097930933e-5
7709,2.454409346390791e-5
7710,9.817637385563164e-5
7712,6.136023365976977e-6
7713,2.454409346390791e-5
7714,6.136023365976977e-6
7717,2.2703286454114818e-4
7719,8.590432712367768e-5
7720,6.136023365976977e-6
7721,6.136023365976977e-6
7724,1.2272046731953955e-5
7725,6.136023365976977e-6
7727,1.5340058414942443e-4
7728,3.068011682988489e-5
7729,6.136023365976977e-6
7730,5.52242102937928e-5
7731,2.454409346390791e-5
7732,2.3316888790712514e-4
7733,1.1658444395356257e-4
7734,4.295216356183884e-5
7736,3.068011682988489e-5
7737,1.8408070097930933e-5
7738,1.5340058414942443e-4
7739,2.454409346390791e-5
7740,6.136023365976978e-5
7741,1.2272046731953955e-5
7742,1.2272046731953955e-5
7743,1.902167243452863e-4
7744,1.4726456078344746e-4
7745,6.136023365976977e-6
7746,6.136023365976978e-5
7748,1.2272046731953955e-5
7749,2.3930491127310214e-4
7750,4.908818692781582e-5
7752,6.749625702574675e-5
7754,6.136023365976977e-6
7755,6.136023365976977e-6
7756,7.363228039172373e-5
7757,3.6816140195861865e-5
7758,1.2272046731953955e-5
7760,6.136023365976977e-6
7761,1.2272046731953955e-5
7762,2.454409346390791e-5
7765,2.2703286454114818e-4
7766,2.454409346390791e-5
7768,6.136023365976977e-6
7769,6.136023365976977e-6
7770,1.2272046731953955e-5
7771,3.252092383967798e-4
7772,1.2272046731953955e-5
7773,1.4726456078344746e-4
7774,4.295216356183884e-5
7775,1.5340058414942443e-4
7776,4.908818692781582e-5
7777,6.136023365976977e-6
7778,2.454409346390791e-5
7779,1.2272046731953955e-5
7781,6.013302898657438e-4
7784,8.590432712367768e-4
7785,8.590432712367768e-5
7786,1.2272046731953955e-5
7787,1.0431239722160862e-4
7789,3.6816140195861865e-5
7790,6.136023365976977e-6
7792,4.295216356183884e-5
7793,6.136023365976977e-6
7794,1.4726456078344746e-4
7795,1.5340058414942443e-4
7796,1.8408070097930933e-5
7797,5.52242102937928e-5
7798,6.136023365976977e-6
7799,6.136023365976977e-6
7800,1.8408070097930933e-5
7801,3.068011682988489e-5
7803,6.136023365976977e-6
7805,2.82257074834941e-4
7808,3.6816140195861865e-5
7809,1.2272046731953955e-5
7810,1.2272046731953955e-5
7814,2.3316888790712514e-4
7816,1.2272046731953955e-5
7817,8.590432712367768e-5
7818,6.136023365976977e-6
7819,6.136023365976977e-6
7821,8.590432712367768e-5
7823,1.2272046731953955e-5
7824,6.136023365976977e-6
7825,4.295216356183884e-5
7826,1.656726308813784e-4
7827,6.136023365976977e-6
7830,8.590432712367768e-5
7831,1.8408070097930933e-5
7832,1.2272046731953955e-5
7833,2.454409346390791e-5
7834,3.252092383967798e-4
7836,1.8408070097930933e-4
7837,2.454409346390791e-5
7840,1.8408070097930933e-5
7842,1.8408070097930933e-5
7843,6.136023365976978e-5
7845,2.147608178091942e-4
7847,1.7794467761333236e-4
7849,1.2272046731953955e-5
7851,6.136023365976977e-6
7852,4.295216356183884e-5
7854,4.295216356183884e-5
7855,1.2272046731953955e-5
7856,4.295216356183884e-5
7858,6.136023365976977e-6
7859,4.295216356183884e-5
7861,5.52242102937928e-5
7862,1.2272046731953955e-5
7863,4.295216356183884e-5
7865,1.8408070097930933e-5
7866,3.068011682988489e-5
7869,6.136023365976977e-6
7870,1.2272046731953955e-5
7871,1.2272046731953955e-5
7877,5.52242102937928e-5
7878,1.8408070097930933e-5
7879,1.2272046731953955e-5
7880,3.068011682988489e-5
7882,1.8408070097930933e-5
7884,7.731389441130992e-4
7885,5.52242102937928e-5
7886,6.136023365976977e-6
7887,6.749625702574675e-5
7889,1.2272046731953955e-5
7890,1.4726456078344746e-4
7891,6.749625702574675e-5
7892,6.136023365976977e-6
7894,6.136023365976977e-6
7895,6.136023365976977e-6
7897,6.136023365976977e-6
7899,7.363228039172373e-5
7901,2.454409346390791e-5
7902,1.2272046731953955e-5
7903,1.2272046731953955e-5
7904,6.136023365976977e-6
7906,6.136023365976977e-6
7907,6.136023365976977e-6
7911,3.6816140195861865e-5
7912,9.204035048965467e-5
7913,1.2272046731953955e-5
7914,1.2272046731953955e-5
7915,3.068011682988489e-5
7917,1.2272046731953955e-5
7918,4.908818692781582e-5
7919,6.136023365976977e-6
7920,4.295216356183884e-5
7927,3.6816140195861865e-5
7928,3.620253785926417e-4
7929,1.2885649068551653e-4
7931,1.8408070097930933e-4
7933,1.8408070097930933e-5
7934,1.2272046731953955e-5
7937,6.136023365976977e-6
7938,1.2272046731953955e-5
7939,6.136023365976977e-6
7940,3.6816140195861865e-5
7944,2.454409346390791e-5
7945,1.8408070097930933e-5
7947,1.902167243452863e-4
7949,6.136023365976977e-6
7950,6.136023365976977e-6
7951,2.454409346390791e-5
7956,6.136023365976977e-6
7959,2.454409346390791e-5
7961,6.136023365976977e-6
7962,3.068011682988489e-5
7963,3.6816140195861865e-5
7964,4.908818692781582e-5
7965,1.8408070097930933e-5
7966,1.2272046731953955e-5
7967,6.136023365976977e-6
7968,1.2272046731953955e-5
7969,3.6816140195861865e-5
7970,1.8408070097930933e-5
7971,1.2272046731953955e-5
7973,1.2272046731953955e-5
7974,6.136023365976977e-6
7977,6.136023365976977e-6
7978,2.454409346390791e-5
7979,3.068011682988489e-5
7980,6.136023365976977e-6
7983,1.656726308813784e-4
7985,6.136023365976977e-6
7987,3.006651449328719e-4
7990,6.136023365976977e-6
7991,3.6816140195861865e-5
7992,1.8408070097930933e-5
7993,3.6816140195861865e-5
7994,3.6816140195861865e-5
7995,3.6816140195861865e-5
7996,6.136023365976977e-6
7999,3.068011682988489e-5
8000,1.2272046731953956e-4
8001,1.0431239722160862e-4
8002,1.8408070097930933e-5
8003,3.068011682988489e-5
8004,6.136023365976977e-6
8006,1.8408070097930933e-5
8008,1.2272046731953955e-5
8010,6.136023365976977e-6
8011,1.2272046731953955e-5
8012,6.136023365976977e-6
8013,1.2272046731953955e-5
8016,3.6816140195861865e-5
8018,3.4361730849471073e-4
8019,3.006651449328719e-4
8022,6.136023365976977e-6
8023,3.6816140195861865e-5
8024,1.2272046731953955e-5
8025,6.136023365976977e-6
8026,0.0018039908695972314
8027,1.2272046731953955e-5
8029,1.8408070097930933e-5
8030,3.6816140195861865e-5
8031,1.2272046731953955e-5
8032,1.411285374174705e-4
8033,2.454409346390791e-5
8034,1.2272046731953955e-5
8035,6.136023365976977e-6
8038,8.590432712367768e-5
8039,4.295216356183884e-5
8040,3.1907321503080286e-4
8042,1.2272046731953955e-5
8043,1.2272046731953955e-5
8045,1.8408070097930933e-5
8047,6.136023365976977e-6
8049,3.068011682988489e-5
8050,6.136023365976977e-6
8052,3.6816140195861865e-5
8053,1.2272046731953955e-5
8055,6.136023365976977e-6
8056,1.104484205875856e-4
8057,1.5953660751540143e-4
8059,6.136023365976977e-6
8061,4.295216356183884e-5
8062,1.8408070097930933e-5
8063,6.136023365976977e-6
8064,1.2272046731953955e-5
8067,6.136023365976977e-6
8070,8.590432712367768e-5
8071,2.454409346390791e-5
8072,1.8408070097930933e-5
8074,6.136023365976977e-6
8076,6.136023365976977e-6
8079,9.817637385563164e-5
8080,1.8408070097930933e-5
8081,1.2885649068551653e-4
8082,6.136023365976977e-6
8083,1.7180865424735537e-4
8084,1.8408070097930933e-5
8085,1.8408070097930933e-5
8086,1.2272046731953955e-5
8088,9.817637385563164e-5
8089,6.136023365976977e-6
8090,1.2272046731953955e-5
8091,6.136023365976977e-6
8093,4.663377758142503e-4
8094,7.976830375770071e-5
8095,6.136023365976977e-6
8096,6.136023365976977e-6
8098,3.497533318606877e-4
8099,1.2272046731953955e-5
8101,1.2272046731953955e-5
8102,1.2272046731953955e-5
8104,7.976830375770071e-5
8105,9.204035048965467e-5
8106,1.2272046731953955e-5
8107,1.2272046731953955e-5
8110,6.136023365976977e-6
8111,2.454409346390791e-5
8112,1.8408070097930933e-5
8113,6.136023365976977e-6
8114,9.204035048965467e-5
8115,1.2272046731953955e-5
8116,1.2272046731953955e-5
8117,6.136023365976977e-6
8118,3.068011682988489e-5
8119,1.8408070097930933e-5
8120,6.749625702574675e-5
8122,8.590432712367768e-5
8123,1.8408070097930933e-5
8124,4.295216356183884e-4
8126,1.2272046731953955e-5
8128,6.136023365976977e-6
8130,3.6816140195861865e-5
8131,1.8408070097930933e-5
8134,1.2272046731953955e-5
8135,0.0014726456078344747
8136,1.8408070097930933e-5
8139,1.2272046731953955e-5
8141,4.908818692781582e-5
8142,2.454409346390791e-5
8144,6.136023365976977e-6
8145,1.8408070097930933e-5
8146,2.454409346390791e-5
8149,6.136023365976977e-6
8150,2.454409346390791e-5
8151,2.454409346390791e-5
8153,1.8408070097930933e-5
8155,6.136023365976977e-6
8156,6.136023365976977e-6
8158,6.136023365976977e-6
8159,6.136023365976977e-6
8160,1.8408070097930933e-5
8161,5.52242102937928e-5
8162,6.136023365976977e-6
8163,1.2272046731953955e-5
8166,5.52242102937928e-5
8167,6.136023365976977e-6
8168,1.2272046731953955e-5
8170,1.2272046731953955e-5
8171,1.2272046731953955e-5
8172,1.2272046731953955e-5
8173,6.136023365976977e-6
8176,3.068011682988489e-5
8177,1.1658444395356257e-4
8178,1.2272046731953955e-5
8179,6.136023365976977e-6
8180,2.454409346390791e-5
8181,6.136023365976977e-6
8182,3.068011682988489e-5
8184,1.8408070097930933e-5
8185,1.8408070097930933e-5
8186,1.2272046731953955e-5
8187,6.136023365976977e-6
8188,4.908818692781582e-5
8191,1.8408070097930933e-5
8192,0.002472817416488722
8193,6.136023365976977e-6
8194,1.2272046731953955e-5
8196,6.136023365976978e-5
8198,1.8408070097930933e-5
8199,4.295216356183884e-5
8200,6.136023365976977e-6
8202,1.2272046731953955e-5
8203,2.454409346390791e-5
8204,1.2272046731953955e-5
8206,6.136023365976977e-6
8207,2.454409346390791e-5
8209,6.136023365976977e-6
8210,6.749625702574675e-5
8211,6.136023365976977e-6
8212,1.2272046731953955e-5
8213,1.2272046731953955e-5
8215,6.136023365976977e-6
8216,2.454409346390791e-5
8217,9.204035048965467e-5
8218,1.2272046731953955e-5
8220,6.136023365976977e-6
8222,1.8408070097930933e-5
8223,5.52242102937928e-5
8224,1.2272046731953955e-5
8225,1.1658444395356257e-4
8226,2.454409346390791e-4
8228,6.136023365976977e-6
8230,3.068011682988489e-5
8231,3.9270549542252655e-4
8232,6.136023365976977e-6
8233,1.2272046731953955e-5
8234,1.2272046731953956e-4
8236,3.6816140195861865e-5
8237,0.001092212159143902
8238,5.52242102937928e-5
8239,6.136023365976977e-6
8241,6.136023365976977e-6
8242,4.5406572908229635e-4
8243,0.0016996784723756228
8244,3.068011682988489e-5
8245,1.2272046731953955e-5
8246,6.136023365976977e-6
8249,6.136023365976977e-6
8251,9.204035048965467e-5
8252,6.136023365976977e-6
8254,6.136023365976977e-6
8255,1.2272046731953955e-5
8256,1.2272046731953955e-5
8257,6.197383599636747e-4
8258,6.136023365976977e-6
8259,1.2272046731953955e-5
8260,6.136023365976977e-6
8261,6.136023365976977e-6
8263,2.454409346390791e-5
8265,6.136023365976977e-6
8266,5.52242102937928e-5
8267,6.136023365976977e-6
8269,4.295216356183884e-5
8270,1.2272046731953955e-5
8271,5.52242102937928e-5
8273,7.363228039172373e-5
8275,3.068011682988489e-5
8276,6.136023365976977e-6
8277,1.8408070097930933e-5
8278,1.2272046731953955e-5
8280,1.8408070097930933e-5
8281,1.8408070097930933e-5
8282,1.2272046731953955e-5
8284,6.749625702574675e-5
8285,6.136023365976977e-6
8286,1.2272046731953955e-5
8288,1.2272046731953955e-5
8289,1.8408070097930933e-5
8290,3.4361730849471073e-4
8291,1.1658444395356257e-4
8292,6.136023365976977e-6
8293,6.136023365976977e-6
8297,1.2272046731953955e-5
8298,3.129371916648259e-4
8299,2.454409346390791e-5
8302,7.976830375770071e-5
8303,1.8408070097930933e-5
8306,1.2272046731953955e-5
8307,1.2272046731953955e-5
8309,1.8408070097930933e-5
8310,6.136023365976977e-6
8313,1.2272046731953955e-5
8314,1.2272046731953955e-5
8315,1.2272046731953955e-5
8317,7.547308740151683e-4
8318,4.908818692781582e-5
8319,2.454409346390791e-5
8320,1.2272046731953955e-5
8321,4.295216356183884e-5
8322,2.454409346390791e-5
8323,7.976830375770071e-5
8324,1.2272046731953955e-5
8325,6.136023365976977e-6
8326,1.8408070097930933e-5
8327,1.2272046731953955e-5
8328,1.2272046731953955e-5
8329,3.068011682988489e-5
8331,1.8408070097930933e-5
8333,6.136023365976978e-5
8334,6.749625702574675e-5
8335,3.068011682988489e-5
8336,1.8408070097930933e-5
8337,1.8408070097930933e-5
8338,6.136023365976977e-6
8339,6.136023365976977e-6
8342,7.976830375770071e-5
8343,6.136023365976977e-6
8346,2.454409346390791e-5
8347,6.136023365976977e-6
8348,3.068011682988489e-5
8349,6.136023365976977e-6
8350,6.136023365976977e-6
8351,9.817637385563164e-5
8352,6.136023365976978e-5
8354,6.136023365976977e-6
8356,6.136023365976977e-6
8357,2.454409346390791e-5
8358,1.8408070097930933e-5
8359,7.363228039172373e-5
8360,1.8408070097930933e-5
8361,1.8408070097930933e-5
8362,6.136023365976977e-6
8363,1.2272046731953955e-5
8364,3.7429742532459564e-4
8365,3.068011682988489e-5
8367,1.2272046731953955e-5
8368,6.136023365976977e-6
8369,1.8408070097930933e-5
8370,1.2272046731953955e-5
8371,3.6816140195861865e-5
8372,1.8408070097930933e-5
8374,3.6816140195861865e-5
8375,6.136023365976977e-6
8376,1.8408070097930933e-5
8380,8.590432712367768e-5
8381,2.454409346390791e-5
8382,1.8408070097930933e-5
8383,6.136023365976977e-6
8384,6.136023365976977e-6
8385,6.136023365976977e-6
8386,2.454409346390791e-5
8387,4.295216356183884e-5
8388,1.4726456078344746e-4
8390,1.8408070097930933e-5
8392,1.2272046731953955e-5
8393,6.136023365976977e-6
8394,6.136023365976977e-6
8395,6.136023365976977e-6
8396,4.295216356183884e-5
8397,5.154259627420661e-4
8398,1.2272046731953955e-5
8399,6.136023365976977e-6
8400,2.945291215668949e-4
8402,1.2885649068551653e-4
8403,6.749625702574675e-5
8405,1.8408070097930933e-5
8407,6.136023365976977e-6
8409,1.2272046731953955e-5
8410,7.976830375770071e-5
8411,3.6816140195861865e-5
8412,8.590432712367768e-5
8413,1.8408070097930933e-5
8414,5.52242102937928e-5
8415,3.252092383967798e-4
8416,6.136023365976977e-6
8418,2.454409346390791e-5
8419,1.411285374174705e-4
8421,1.2272046731953955e-5
8422,3.6816140195861865e-5
8423,6.136023365976977e-6
8429,1.2272046731953955e-5
8431,1.902167243452863e-4
8432,6.136023365976977e-6
8434,1.8408070097930933e-5
8437,4.295216356183884e-5
8439,3.6816140195861865e-5
8441,4.908818692781582e-5
8442,1.2272046731953955e-5
8443,6.136023365976978e-5
8444,4.908818692781582e-5
8446,4.295216356183884e-5
8447,6.136023365976977e-6
8449,6.136023365976977e-6
8450,2.454409346390791e-5
8451,7.363228039172373e-5
8453,6.136023365976977e-6
8455,3.068011682988489e-5
8456,3.068011682988489e-5
8458,6.136023365976977e-6
8459,6.136023365976977e-6
8460,1.2272046731953955e-5
8461,7.363228039172373e-5
8462,1.2272046731953955e-5
8463,4.295216356183884e-5
8466,1.8408070097930933e-5
8468,7.363228039172373e-5
8469,1.2272046731953955e-5
8471,4.908818692781582e-5
8472,3.068011682988489e-5
8473,1.2885649068551653e-4
8475,2.454409346390791e-5
8476,1.2272046731953955e-5
8477,6.136023365976977e-6
8478,1.8408070097930933e-5
8479,2.454409346390791e-5
8480,2.454409346390791e-5
8481,6.136023365976977e-6
8485,7.976830375770071e-5
8486,6.136023365976977e-6
8487,6.136023365976978e-5
8488,6.136023365976977e-6
8489,6.136023365976977e-6
8490,6.136023365976977e-6
8494,1.2272046731953955e-5
8496,1.2272046731953955e-5
8497,6.136023365976977e-6
8499,6.136023365976977e-6
8500,3.068011682988489e-5
8501,1.2272046731953955e-5
8502,1.8408070097930933e-5
8503,1.8408070097930933e-5
8504,3.6816140195861865e-5
8506,2.454409346390791e-5
8507,6.136023365976978e-5
8508,1.902167243452863e-4
8510,1.2272046731953955e-5
8511,7.363228039172373e-5
8513,1.2272046731953955e-5
8514,1.2272046731953955e-5
8517,1.2272046731953955e-5
8518,1.2272046731953956e-4
8519,1.2272046731953955e-5
8521,6.136023365976977e-6
8522,6.136023365976977e-6
8525,4.908818692781582e-5
8526,1.2272046731953955e-5
8527,7.363228039172373e-5
8529,4.295216356183884e-5
8530,1.2272046731953955e-5
8531,7.976830375770071e-5
8532,3.6816140195861865e-5
8533,5.52242102937928e-5
8534,1.7180865424735537e-4
8538,6.136023365976977e-6
8540,4.908818692781582e-5
8541,1.2272046731953955e-5
8542,6.136023365976977e-6
8543,1.2272046731953955e-5
8545,7.363228039172373e-5
8547,1.8408070097930933e-5
8549,2.454409346390791e-5
8551,6.136023365976977e-6
8553,1.5340058414942443e-4
8554,6.136023365976977e-6
8555,1.2272046731953955e-5
8556,1.2272046731953955e-5
8557,1.411285374174705e-4
8558,2.454409346390791e-5
8559,1.104484205875856e-4
8561,6.136023365976977e-6
8563,7.976830375770071e-5
8564,2.454409346390791e-5
8566,1.2272046731953955e-5
8567,3.804334486905726e-4
8569,3.5588935522666473e-4
8570,3.6816140195861865e-5
8571,3.6816140195861865e-5
8572,2.69985028102987e-4
8574,2.454409346390791e-5
8579,6.136023365976977e-6
8581,3.0680116829884886e-4
8582,1.2272046731953955e-5
8584,1.8408070097930933e-5
8587,2.454409346390791e-5
8589,2.454409346390791e-5
8590,1.2272046731953955e-5
8591,1.8408070097930933e-5
8593,1.2272046731953955e-5
8594,6.136023365976977e-6
8597,1.2272046731953955e-5
8598,9.817637385563164e-5
8600,7.976830375770071e-5
8602,6.136023365976977e-6
8603,6.136023365976977e-6
8604,4.295216356183884e-5
8605,7.363228039172373e-5
8606,1.8408070097930933e-5
8607,1.2272046731953955e-5
8610,6.136023365976977e-6
8611,6.136023365976977e-6
8612,2.454409346390791e-5
8613,1.2272046731953955e-5
8614,1.8408070097930933e-5
8615,6.136023365976977e-6
8616,6.136023365976977e-6
8617,1.2272046731953956e-4
8620,1.8408070097930933e-5
8621,6.136023365976977e-6
8625,2.454409346390791e-5
8626,1.2272046731953955e-5
8629,6.136023365976977e-6
8630,6.749625702574675e-5
8631,1.8408070097930933e-5
8632,1.2272046731953955e-5
8634,1.2272046731953955e-5
8635,3.068011682988489e-5
8637,6.136023365976977e-6
8638,4.908818692781582e-5
8639,6.136023365976977e-6
8640,7.363228039172373e-5
8641,4.908818692781582e-5
8642,2.454409346390791e-5
8645,6.136023365976977e-6
8649,6.136023365976977e-6
8650,1.1658444395356257e-4
8651,6.136023365976977e-6
8653,1.2272046731953955e-5
8655,1.2272046731953955e-5
8656,1.2272046731953955e-5
8659,1.2272046731953955e-5
8660,1.4726456078344746e-4
8661,9.817637385563164e-5
8663,5.52242102937928e-5
8664,6.136023365976977e-6
8665,5.52242102937928e-5
8666,1.2272046731953955e-5
8667,3.313452617627568e-4
8668,3.068011682988489e-5
8669,3.068011682988489e-5
8672,3.6816140195861865e-5
8673,6.136023365976977e-6
8675,8.22227131040915e-4
8676,1.2272046731953955e-5
8677,4.908818692781582e-5
8678,1.2272046731953955e-5
8680,9.204035048965467e-5
8681,6.136023365976977e-6
8682,3.068011682988489e-5
8687,6.136023365976977e-6
8688,6.136023365976977e-6
8689,3.6816140195861865e-5
8693,6.136023365976977e-6
8694,6.136023365976977e-6
8695,2.454409346390791e-5
8696,3.068011682988489e-5
8700,6.136023365976977e-6
8701,8.590432712367768e-5
8703,1.2272046731953955e-5
8706,1.2272046731953955e-5
8707,6.136023365976977e-6
8709,7.301867805512603e-4
8710,2.454409346390791e-5
8711,2.454409346390791e-5
8712,3.068011682988489e-5
8713,2.454409346390791e-5
8714,6.136023365976977e-6
8715,7.363228039172373e-5
8716,2.208968411751712e-4
8717,6.136023365976977e-6
8718,1.8408070097930933e-5
8721,3.6816140195861865e-5
8723,1.5953660751540143e-4
8724,6.136023365976977e-6
8725,1.8408070097930933e-5
8726,1.8408070097930933e-5
8727,2.454409346390791e-5
8728,2.454409346390791e-5
8729,3.068011682988489e-5
8730,3.068011682988489e-5
8731,6.136023365976977e-6
8733,1.8408070097930933e-5
8734,1.8408070097930933e-4
8735,7.363228039172373e-5
8736,1.8408070097930933e-5
8737,6.136023365976978e-5
8738,4.295216356183884e-5
8739,1.2272046731953955e-5
8740,1.2272046731953955e-5
8741,6.136023365976977e-6
8742,1.2272046731953955e-5
8744,1.8408070097930933e-5
8745,6.136023365976977e-6
8746,1.2272046731953955e-5
8748,1.411285374174705e-4
8750,6.136023365976977e-6
8751,3.6816140195861865e-5
8752,1.8408070097930933e-5
8754,1.2272046731953955e-5
8755,6.136023365976977e-6
8756,6.136023365976977e-6
8757,3.6816140195861865e-5
8759,1.2272046731953955e-5
8760,6.136023365976977e-6
8761,2.454409346390791e-5
8762,4.908818692781582e-5
8763,2.454409346390791e-5
8764,6.136023365976977e-6
8765,1.2272046731953955e-5
8766,6.136023365976977e-6
8767,1.2272046731953955e-5
8768,7.363228039172373e-5
8769,6.136023365976977e-6
8770,6.136023365976977e-6
8771,2.454409346390791e-5
8772,3.068011682988489e-5
8773,7.976830375770071e-5
8776,6.136023365976977e-6
8777,1.7180865424735537e-4
8778,1.8408070097930933e-5
8779,1.8408070097930933e-5
8780,6.136023365976977e-6
8781,1.8408070097930933e-5
8788,6.136023365976977e-6
8789,4.479297057163194e-4
8790,2.454409346390791e-5
8791,1.8408070097930933e-5
8792,1.8408070097930933e-5
8793,6.136023365976978e-5
8794,6.136023365976977e-6
8795,4.5406572908229635e-4
8796,1.8408070097930933e-5
8797,1.8408070097930933e-5
8798,6.136023365976977e-6
8801,1.8408070097930933e-5
8802,6.136023365976977e-6
8805,9.204035048965467e-5
8806,3.068011682988489e-5
8807,1.2272046731953955e-5
8808,1.8408070097930933e-5
8813,1.8408070097930933e-5
8814,8.590432712367768e-5
8815,4.908818692781582e-5
8816,6.136023365976977e-6
8817,6.136023365976977e-6
8819,3.6816140195861865e-5
8820,1.2272046731953955e-5
8821,6.136023365976977e-6
8822,2.454409346390791e-5
8823,6.136023365976977e-6
8825,6.136023365976977e-6
8827,1.8408070097930933e-5
8829,1.2272046731953955e-5
8831,2.454409346390791e-5
8835,1.2272046731953955e-5
8839,6.136023365976977e-6
8840,6.136023365976977e-6
8841,6.136023365976977e-6
8846,9.204035048965467e-5
8847,2.454409346390791e-5
8848,8.590432712367768e-5
8850,6.136023365976977e-6
8852,1.2272046731953955e-5
8853,6.136023365976977e-6
8854,4.295216356183884e-5
8858,2.0248877107724027e-4
8860,7.976830375770071e-5
8863,3.068011682988489e-5
8864,7.976830375770071e-5
8865,4.908818692781582e-5
8866,1.104484205875856e-4
8868,3.6816140195861865e-5
8869,6.136023365976977e-6
8870,4.908818692781582e-5
8871,1.8408070097930933e-5
8878,1.8408070097930933e-5
8879,6.136023365976977e-6
8880,9.019954347986157e-4
8881,6.136023365976977e-6
8882,6.136023365976977e-6
8884,3.6816140195861865e-5
8885,5.52242102937928e-5
8886,6.136023365976977e-6
8887,6.136023365976977e-6
8888,5.52242102937928e-5
8889,6.136023365976977e-6
8890,6.136023365976977e-6
8894,3.620253785926417e-4
8895,1.2272046731953955e-5
8896,6.136023365976977e-6
8897,4.295216356183884e-5
8898,2.454409346390791e-5
8899,3.6816140195861865e-5
8900,1.104484205875856e-4
8901,1.5953660751540143e-4
8902,5.52242102937928e-5
8903,2.454409346390791e-5
8904,7.976830375770071e-5
8905,3.068011682988489e-5
8907,1.8408070097930933e-5
8908,1.2272046731953955e-5
8909,3.6816140195861865e-5
8910,6.136023365976977e-6
8913,1.0431239722160862e-4
8914,6.136023365976977e-6
8917,6.136023365976977e-6
8919,4.908818692781582e-5
8921,1.9635274771126327e-4
8922,5.52242102937928e-5
8924,6.136023365976977e-6
8926,1.2272046731953955e-5
8927,6.136023365976977e-6
8930,6.136023365976977e-6
8932,6.136023365976977e-6
8933,1.2272046731953955e-5
8934,1.8408070097930933e-5
8935,1.2272046731953955e-5
8936,1.2272046731953955e-5
8937,9.510836217264315e-4
8938,2.454409346390791e-5
8939,0.002399185136096998
8940,6.136023365976977e-6
8942,4.417936823503424e-4
8943,6.136023365976977e-6
8944,6.136023365976977e-6
8945,6.136023365976977e-6
8946,1.4726456078344746e-4
8947,1.2272046731953955e-5
8949,6.136023365976977e-6
8950,2.454409346390791e-5
8951,4.295216356183884e-5
8952,6.136023365976977e-6
8953,1.8408070097930933e-5
8954,3.6816140195861865e-5
8955,6.136023365976977e-6
8956,6.136023365976977e-6
8959,5.52242102937928e-5
8960,1.8408070097930933e-5
8964,1.104484205875856e-4
8965,6.136023365976977e-6
8966,1.2272046731953955e-5
8967,2.454409346390791e-5
8970,1.8408070097930933e-5
8971,1.2272046731953955e-5
8972,3.9884151878850357e-4
8973,3.6816140195861865e-5
8974,1.2272046731953955e-5
8975,1.8408070097930933e-5
8976,3.6816140195861865e-5
8977,1.2272046731953955e-5
8978,6.136023365976977e-6
8979,1.2272046731953955e-5
8981,6.136023365976977e-6
8983,1.2272046731953955e-5
8984,1.2272046731953955e-5
8985,6.136023365976977e-6
8986,5.39970056205974e-4
8987,2.454409346390791e-5
8988,1.349925140514935e-4
8991,4.295216356183884e-5
8992,2.454409346390791e-5
8993,6.136023365976977e-6
8995,1.8408070097930933e-5
8996,6.136023365976977e-6
9000,6.136023365976977e-6
9001,6.136023365976977e-6
9002,2.454409346390791e-5
9003,6.136023365976977e-6
9004,1.2272046731953955e-5
9006,3.068011682988489e-5
9010,6.136023365976978e-5
9011,6.136023365976977e-6
9012,6.136023365976977e-6
9013,3.6816140195861865e-5
9015,5.092899393760892e-4
9016,1.2272046731953955e-5
9018,4.295216356183884e-5
9020,4.908818692781582e-5
9022,5.52242102937928e-5
9023,3.068011682988489e-5
9024,6.136023365976977e-6
9026,3.6816140195861865e-5
9028,1.2272046731953956e-4
9029,1.2272046731953955e-5
9030,6.136023365976977e-6
9031,1.2272046731953955e-5
9032,6.136023365976977e-6
9033,1.8408070097930933e-5
9034,3.068011682988489e-5
9035,1.8408070097930933e-5
9036,1.2272046731953955e-5
9039,2.6384900473701e-4
9041,1.2272046731953955e-5
9042,1.2272046731953955e-5
9043,5.52242102937928e-5
9045,2.2703286454114818e-4
9047,6.136023365976977e-6
9048,8.590432712367768e-5
9049,2.454409346390791e-5
9051,1.2272046731953955e-5
9053,1.2272046731953955e-5
9057,4.172495888864345e-4
9059,5.64514149669882e-4
9060,4.172495888864345e-4
9064,4.295216356183884e-5
9065,6.136023365976977e-6
9066,9.878997619222935e-4
9067,1.8408070097930933e-5
9068,1.8408070097930933e-5
9069,6.136023365976977e-6
9070,1.2272046731953955e-5
9071,1.2272046731953955e-5
9072,2.454409346390791e-5
9073,1.1658444395356257e-4
9074,6.136023365976977e-6
9075,0.0010247159021181552
9077,1.1658444395356257e-4
9078,3.068011682988489e-5
9079,3.068011682988489e-5
9080,1.2272046731953955e-5
9081,2.454409346390791e-5
9083,6.136023365976977e-6
9085,1.8408070097930933e-5
9086,3.6816140195861865e-5
9087,3.068011682988489e-5
9089,3.6816140195861865e-5
9091,6.136023365976977e-6
9092,3.068011682988489e-5
9094,1.2272046731953955e-5
9097,6.136023365976977e-6
9098,1.2272046731953955e-5
9100,6.136023365976977e-6
9101,6.136023365976977e-6
9102,7.363228039172373e-5
9104,1.8408070097930933e-5
9106,2.454409346390791e-5
9109,6.136023365976977e-6
9110,6.136023365976977e-6
9112,2.454409346390791e-5
9113,6.136023365976977e-6
9115,1.2272046731953955e-5
9116,4.295216356183884e-5
9117,6.136023365976977e-6
9119,1.2272046731953955e-5
9121,1.8408070097930933e-5
9122,3.068011682988489e-5
9124,1.8408070097930933e-5
9126,3.129371916648259e-4
9127,2.454409346390791e-5
9129,4.295216356183884e-5
9132,6.136023365976977e-6
9134,6.136023365976977e-6
9135,6.136023365976977e-6
9136,1.8408070097930933e-5
9137,1.2272046731953955e-5
9140,2.454409346390791e-5
9141,5.52242102937928e-5
9147,6.136023365976977e-6
9148,6.136023365976977e-6
9149,1.2272046731953955e-5
9150,6.136023365976977e-6
9151,7.976830375770071e-5
9153,9.204035048965467e-5
9155,6.136023365976977e-6
9157,4.295216356183884e-5
9158,7.976830375770071e-5
9159,3.068011682988489e-5
9160,1.8408070097930933e-5
9161,1.8408070097930933e-5
9162,3.068011682988489e-5
9164,6.136023365976977e-6
9168,6.136023365976977e-6
9169,1.8408070097930933e-5
9170,6.136023365976977e-6
9171,6.013302898657438e-4
9172,4.295216356183884e-5
9173,6.136023365976977e-6
9174,3.6816140195861865e-5
9175,6.136023365976977e-6
9176,3.006651449328719e-4
9177,6.136023365976977e-6
9178,3.6816140195861865e-5
9179,6.136023365976977e-6
9181,6.136023365976977e-6
9183,6.136023365976977e-6
9184,7.363228039172373e-5
9185,1.1658444395356257e-4
9186,1.2272046731953955e-5
9187,2.454409346390791e-5
9188,1.2272046731953955e-5
9191,3.6816140195861865e-5
9192,6.136023365976977e-6
9193,0.0012701568367572344
9195,7.363228039172373e-5
9197,7.363228039172373e-5
9198,7.976830375770071e-5
9200,1.0431239722160862e-4
9201,1.8408070097930933e-5
9202,1.1658444395356257e-4
9203,8.529072478707999e-4
9204,9.081314581645927e-4
9205,1.5340058414942443e-4
9206,1.8408070097930933e-5
9207,6.136023365976977e-6
9208,1.7794467761333236e-4
9210,1.8408070097930933e-5
9212,6.136023365976977e-6
9215,6.136023365976977e-6
9217,1.1658444395356257e-4
9218,6.136023365976977e-6
9219,4.908818692781582e-5
9220,1.8408070097930933e-5
9221,3.6816140195861865e-5
9222,2.5771298137103305e-4
9223,6.749625702574675e-5
9224,3.068011682988489e-5
9225,1.8408070097930933e-5
9226,6.136023365976977e-6
9227,1.2272046731953955e-5
9228,1.8408070097930933e-5
9229,6.136023365976977e-6
9230,1.7180865424735537e-4
9231,3.6816140195861865e-5
9232,3.068011682988489e-5
9234,1.2272046731953955e-5
9236,3.068011682988489e-5
9239,1.2272046731953955e-5
9240,1.2272046731953955e-5
9242,6.136023365976977e-6
9243,1.8408070097930933e-5
9245,2.454409346390791e-5
9246,4.295216356183884e-5
9247,6.136023365976977e-6
9248,1.2885649068551653e-4
9250,1.2272046731953955e-5
9253,3.068011682988489e-5
9254,6.136023365976978e-5
9256,1.7180865424735537e-4
9257,1.2272046731953955e-5
9260,2.454409346390791e-5
9261,3.068011682988489e-5
9262,7.976830375770071e-5
9264,3.5588935522666473e-4
9265,1.7180865424735537e-4
9267,2.454409346390791e-5
9269,2.2703286454114818e-4
9270,2.454409346390791e-5
9273,6.136023365976977e-6
9275,1.2272046731953955e-5
9278,1.2272046731953955e-5
9279,6.136023365976977e-6
9280,1.2272046731953955e-5
9281,6.136023365976977e-6
9282,1.8408070097930933e-5
9286,6.136023365976977e-6
9287,4.295216356183884e-5
9291,6.136023365976977e-6
9292,2.454409346390791e-5
9293,1.8408070097930933e-5
9294,1.2272046731953955e-5
9295,1.8408070097930933e-5
9296,6.136023365976977e-6
9297,6.136023365976977e-6
9298,2.454409346390791e-5
9299,1.2272046731953955e-5
9300,1.2272046731953955e-5
9301,1.8408070097930933e-5
9303,0.0022887367155094126
9304,2.454409346390791e-5
9306,1.2272046731953955e-5
9307,1.2272046731953955e-5
9309,2.454409346390791e-4
9310,9.817637385563164e-5
9312,3.6816140195861865e-5
9313,6.136023365976977e-6
9314,6.136023365976977e-6
9315,3.068011682988489e-5
9316,3.6816140195861865e-5
9317,1.2272046731953955e-5
9319,1.2272046731953955e-5
9320,2.454409346390791e-5
9323,1.8408070097930933e-5
9324,2.3316888790712514e-4
9325,6.136023365976977e-6
9326,1.2272046731953955e-5
9327,1.2272046731953955e-5
9329,9.204035048965467e-5
9330,1.2272046731953955e-5
9332,4.295216356183884e-5
9334,6.136023365976977e-6
9336,4.295216356183884e-5
9337,4.908818692781582e-5
9338,4.908818692781582e-5
9339,6.136023365976977e-6
9340,4.2338561225241145e-4
9341,3.0680116829884886e-4
9343,6.136023365976977e-6
9345,6.136023365976977e-6
9347,2.454409346390791e-5
9348,1.2272046731953955e-5
9349,1.2272046731953955e-5
9351,6.136023365976977e-6
9352,6.136023365976977e-6
9353,2.454409346390791e-5
9357,1.8408070097930933e-5
9358,6.136023365976977e-6
9359,2.454409346390791e-5
9360,4.295216356183884e-5
9361,6.136023365976977e-6
9362,6.136023365976977e-6
9364,6.136023365976977e-6
9365,1.8408070097930933e-5
9366,2.454409346390791e-5
9367,6.136023365976977e-6
9368,1.656726308813784e-4
9369,6.749625702574675e-5
9370,6.136023365976977e-6
9371,1.1658444395356257e-4
9374,4.295216356183884e-5
9375,3.6816140195861865e-5
9376,6.136023365976977e-6
9378,3.3748128512873376e-4
9380,5.2769800947402e-4
9384,3.6816140195861865e-5
9385,7.976830375770071e-5
9386,1.2272046731953955e-5
9387,2.454409346390791e-5
9388,4.295216356183884e-5
9389,4.295216356183884e-5
9391,6.136023365976977e-6
9394,6.136023365976977e-6
9397,2.454409346390791e-5
9399,3.068011682988489e-5
9401,6.136023365976977e-6
9402,6.136023365976977e-6
9403,2.454409346390791e-5
9404,9.204035048965467e-5
9407,1.2272046731953955e-5
9408,4.908818692781582e-5
9409,7.976830375770071e-5
9410,6.136023365976977e-6
9411,6.136023365976977e-6
9412,4.908818692781582e-5
9413,1.2272046731953955e-5
9414,6.136023365976977e-6
9415,1.2272046731953955e-5
9416,6.136023365976977e-6
9417,2.454409346390791e-5
9418,3.0680116829884886e-4
9419,1.2272046731953955e-5
9420,4.295216356183884e-5
9421,1.8408070097930933e-5
9422,2.515769580050561e-4
9423,1.8408070097930933e-5
9424,7.363228039172373e-5
9425,4.295216356183884e-5
9426,6.136023365976977e-6
9427,2.208968411751712e-4
9428,1.2885649068551653e-4
9429,1.2272046731953955e-5
9430,4.295216356183884e-5
9432,1.8408070097930933e-5
9433,6.136023365976977e-6
9434,6.136023365976977e-6
9435,6.136023365976977e-6
9440,6.749625702574675e-5
9442,0.0025955378838082616
9445,1.2272046731953955e-5
9446,1.7180865424735537e-4
9447,1.8408070097930933e-5
9449,2.454409346390791e-5
9454,1.9635274771126327e-4
9455,6.136023365976977e-6
9456,6.136023365976977e-6
9457,2.454409346390791e-5
9460,1.8408070097930933e-5
9462,1.2272046731953955e-5
9463,1.8408070097930933e-5
9464,6.136023365976977e-6
9465,6.136023365976977e-6
9466,2.454409346390791e-5
9467,3.068011682988489e-5
9468,2.3930491127310214e-4
9469,2.6384900473701e-4
9470,1.8408070097930933e-5
9471,1.8408070097930933e-5
9472,6.136023365976977e-6
9473,9.204035048965467e-5
9479,6.136023365976977e-6
9480,6.136023365976977e-6
9481,6.136023365976977e-6
9482,3.068011682988489e-5
9483,6.136023365976977e-6
9484,2.454409346390791e-5
9486,1.8408070097930933e-5
9487,1.2272046731953955e-5
9488,6.136023365976977e-6
9489,3.6816140195861865e-5
9491,1.8408070097930933e-5
9493,6.136023365976977e-6
9494,1.2272046731953955e-5
9495,6.136023365976977e-6
9496,6.136023365976977e-6
9497,7.976830375770071e-5
9498,8.774513413347078e-4
9499,2.454409346390791e-5
9500,6.136023365976977e-6
9501,1.2272046731953955e-5
9503,9.204035048965467e-5
9504,9.694916918243625e-4
9506,1.2272046731953955e-5
9507,1.8408070097930933e-5
9510,1.2272046731953955e-5
9511,6.136023365976977e-6
9512,6.136023365976977e-6
9513,3.068011682988489e-5
9514,6.136023365976977e-6
9515,3.6816140195861865e-5
9516,6.136023365976977e-6
9517,6.136023365976977e-6
9518,1.2272046731953955e-5
9519,6.136023365976977e-6
9520,7.363228039172373e-5
9521,6.136023365976977e-6
9522,6.136023365976977e-6
9523,1.8408070097930933e-5
9524,6.136023365976977e-6
9526,7.363228039172373e-5
9527,1.2272046731953955e-5
9528,3.068011682988489e-5
9529,1.2272046731953955e-5
9530,6.136023365976977e-6
9532,6.136023365976977e-6
9533,3.068011682988489e-5
9534,6.136023365976977e-6
9536,2.945291215668949e-4
9539,1.2885649068551653e-4
9541,1.104484205875856e-4
9542,1.2272046731953955e-5
9543,7.363228039172373e-5
9545,4.295216356183884e-5
9546,1.1658444395356257e-4
9547,7.363228039172373e-5
9548,1.8408070097930933e-5
9549,1.8408070097930933e-5
9550,5.52242102937928e-5
9551,2.454409346390791e-5
9552,3.7429742532459564e-4
9553,4.7247379918022726e-4
9554,6.136023365976977e-6
9555,2.454409346390791e-4
9557,1.2272046731953955e-5
9559,1.8408070097930933e-5
9560,4.295216356183884e-5
9561,1.2272046731953955e-5
9562,1.2272046731953955e-5
9563,1.8408070097930933e-5
9564,6.933706403553985e-4
9566,6.136023365976977e-6
9567,0.0011597084161696488
9568,0.00196966350047861
9569,6.136023365976977e-6
9570,2.147608178091942e-4
9571,1.2272046731953955e-5
9573,6.136023365976977e-6
9574,9.817637385563164e-5
9576,5.52242102937928e-5
9577,2.147608178091942e-4
9578,6.136023365976977e-6
9579,2.3930491127310214e-4
9582,2.454409346390791e-5
9584,1.2272046731953955e-5
9585,6.136023365976977e-6
9586,1.2272046731953955e-5
9587,3.068011682988489e-5
9589,1.8408070097930933e-5
9590,2.454409346390791e-5
9592,6.749625702574675e-5
9594,3.068011682988489e-5
9595,6.136023365976977e-6
9596,1.2272046731953955e-5
9598,2.208968411751712e-4
9601,9.204035048965467e-5
9603,4.295216356183884e-5
9607,3.068011682988489e-5
9608,4.172495888864345e-4
9609,3.068011682988489e-5
9611,6.136023365976977e-6
9612,6.136023365976977e-6
9613,6.136023365976977e-6
9614,6.136023365976977e-6
9616,2.3316888790712514e-4
9617,2.454409346390791e-5
9620,1.2272046731953955e-5
9622,3.6816140195861865e-5
9623,6.136023365976977e-6
9625,2.454409346390791e-5
9627,1.2272046731953955e-5
9628,6.136023365976977e-6
9630,6.136023365976977e-6
9633,6.136023365976977e-6
9635,7.976830375770071e-5
9636,7.363228039172373e-5
9637,3.068011682988489e-5
9639,6.136023365976977e-6
9640,3.6816140195861865e-5
9641,6.136023365976977e-6
9642,3.6816140195861865e-5
9643,1.656726308813784e-4
9644,4.295216356183884e-5
9646,4.295216356183884e-5
9647,6.136023365976977e-6
9648,6.136023365976977e-6
9649,2.454409346390791e-5
9653,6.136023365976977e-6
9654,1.2272046731953955e-5
9655,3.068011682988489e-5
9656,1.8408070097930933e-5
9657,1.8408070097930933e-5
9658,1.1658444395356257e-4
9659,1.2272046731953955e-5
9660,1.8408070097930933e-5
9661,1.902167243452863e-4
9662,6.136023365976977e-6
9663,1.2272046731953955e-5
9665,3.068011682988489e-5
9667,3.6816140195861865e-5
9668,6.136023365976977e-6
9669,1.2272046731953955e-5
9670,1.2272046731953955e-5
9671,1.8408070097930933e-5
9673,1.2272046731953955e-5
9674,7.976830375770071e-5
9675,1.8408070097930933e-5
9676,6.136023365976977e-6
9677,6.749625702574675e-5
9679,1.2272046731953955e-5
9680,1.2272046731953955e-5
9681,2.454409346390791e-5
9684,1.8408070097930933e-5
9685,6.136023365976977e-6
9686,6.136023365976977e-6
9688,6.136023365976977e-6
9689,1.8408070097930933e-5
9690,1.8408070097930933e-5
9692,1.2272046731953955e-5
9693,3.068011682988489e-5
9694,6.136023365976977e-6
9695,1.1658444395356257e-4
9696,6.136023365976978e-5
9697,6.136023365976977e-6
9698,1.2272046731953956e-4
9699,6.136023365976977e-6
9704,6.136023365976977e-6
9707,6.136023365976977e-6
9710,1.411285374174705e-4
9714,6.136023365976977e-6
9715,6.136023365976977e-6
9716,2.454409346390791e-4
9723,2.454409346390791e-5
9725,6.136023365976977e-6
9728,1.8408070097930933e-5
9730,3.5588935522666473e-4
9731,6.136023365976977e-6
9733,1.2272046731953955e-5
9734,0.0011535723928036718
9735,1.5340058414942443e-4
9736,4.356576589843654e-4
9738,7.179147338193064e-4
9739,1.8408070097930933e-5
9740,1.2272046731953955e-5
9741,1.2272046731953955e-5
9742,4.295216356183884e-5
9743,2.454409346390791e-5
9744,1.8408070097930933e-5
9746,5.52242102937928e-5
9747,6.136023365976977e-6
9750,3.6816140195861865e-5
9751,1.2272046731953955e-5
9752,3.068011682988489e-5
9753,1.7180865424735537e-4
9756,6.136023365976977e-6
9760,6.136023365976977e-6
9761,1.2272046731953955e-5
9762,1.2272046731953955e-5
9763,1.2272046731953955e-5
9764,3.6816140195861865e-5
9765,2.454409346390791e-5
9766,3.068011682988489e-5
9767,6.136023365976978e-5
9768,6.136023365976977e-6
9769,4.295216356183884e-5
9770,3.068011682988489e-5
9772,2.454409346390791e-5
9773,6.136023365976977e-6
9774,6.136023365976977e-6
9776,1.2272046731953955e-5
9777,1.2272046731953955e-5
9778,4.908818692781582e-5
9780,6.136023365976977e-6
9782,1.2885649068551653e-4
9783,6.136023365976977e-6
9785,1.349925140514935e-4
9786,6.136023365976977e-6
9787,4.295216356183884e-5
9788,1.2272046731953955e-5
9791,1.2272046731953955e-5
9795,6.136023365976977e-6
9799,1.2272046731953955e-5
9802,9.204035048965467e-5
9805,6.136023365976978e-5
9807,6.136023365976977e-6
9808,6.136023365976977e-6
9809,2.208968411751712e-4
9810,1.8408070097930933e-5
9812,2.454409346390791e-5
9813,2.454409346390791e-5
9815,4.908818692781582e-5
9817,2.8839309820091795e-4
9819,6.136023365976977e-6
9820,1.2272046731953955e-5
9821,6.136023365976977e-6
9822,6.136023365976977e-6
9823,3.006651449328719e-4
9824,6.136023365976977e-6
9825,1.2272046731953955e-5
9828,6.136023365976977e-6
9829,1.2272046731953955e-5
9830,3.068011682988489e-5
9831,6.136023365976977e-6
9832,6.136023365976977e-6
9833,6.136023365976978e-5
9834,6.136023365976977e-6
9835,6.136023365976977e-6
9837,1.8408070097930933e-5
9839,1.8408070097930933e-5
9840,5.52242102937928e-5
9841,9.817637385563164e-5
9842,1.8408070097930933e-5
9843,2.454409346390791e-5
9844,2.454409346390791e-5
9845,6.136023365976977e-6
9846,6.136023365976977e-6
9847,1.2272046731953955e-5
9849,1.2272046731953955e-5
9854,1.2272046731953955e-5
9855,1.2272046731953955e-5
9857,3.6816140195861865e-5
9858,1.2272046731953955e-5
9860,6.136023365976977e-6
9862,6.136023365976977e-6
9864,6.136023365976977e-6
9865,6.136023365976977e-6
9866,6.136023365976977e-6
9867,1.2272046731953955e-5
9868,6.136023365976978e-5
9869,1.2272046731953955e-5
9871,6.136023365976977e-6
9872,6.136023365976977e-6
9873,1.2272046731953955e-5
9874,6.136023365976977e-6
9875,1.2272046731953956e-4
9876,6.136023365976977e-6
9877,6.136023365976977e-6
9878,4.908818692781582e-5
9879,1.2272046731953955e-5
9880,6.136023365976977e-6
9881,6.136023365976977e-6
9883,6.136023365976977e-6
9885,6.136023365976977e-6
9886,1.349925140514935e-4
9887,3.6816140195861865e-5
9888,6.136023365976978e-5
9889,8.590432712367768e-5
9890,6.136023365976977e-6
9891,3.6816140195861865e-5
9893,6.136023365976977e-6
9896,6.136023365976977e-6
9897,6.136023365976977e-6
9898,6.136023365976977e-6
9899,4.295216356183884e-5
9900,1.2272046731953955e-5
9901,1.2272046731953955e-5
9902,6.136023365976977e-6
9903,1.2272046731953955e-5
9904,5.52242102937928e-5
9906,1.2272046731953955e-5
9908,6.136023365976977e-6
9910,1.2272046731953955e-5
9914,7.976830375770071e-5
9916,2.454409346390791e-5
9917,1.8408070097930933e-5
9921,2.2703286454114818e-4
9922,1.2885649068551653e-4
9923,2.5771298137103305e-4
9924,4.5406572908229635e-4
9926,3.068011682988489e-5
9927,2.69985028102987e-4
9929,1.8408070097930933e-5
9930,1.8408070097930933e-5
9932,1.2272046731953955e-5
9933,2.454409346390791e-5
9934,1.8408070097930933e-5
9935,6.136023365976977e-6
9938,1.2272046731953955e-5
9939,1.2272046731953955e-5
9940,6.136023365976977e-6
9941,1.2272046731953955e-5
9942,1.8408070097930933e-5
9943,1.7794467761333236e-4
9944,8.590432712367768e-5
9945,6.136023365976977e-6
9946,8.590432712367768e-5
9947,4.295216356183884e-5
9948,5.52242102937928e-5
9949,1.349925140514935e-4
9950,6.136023365976977e-6
9951,6.136023365976977e-6
9955,6.136023365976977e-6
9956,6.136023365976977e-6
9957,6.136023365976977e-6
9958,1.8408070097930933e-5
9959,1.4726456078344746e-4
9960,1.2272046731953955e-5
9961,2.454409346390791e-5
9962,4.356576589843654e-4
9963,1.2272046731953955e-5
9964,6.136023365976977e-6
9965,7.976830375770071e-5
9967,1.8408070097930933e-4
9968,2.454409346390791e-5
9969,1.2272046731953955e-5
9970,6.136023365976977e-6
9972,1.2272046731953955e-5
9974,3.068011682988489e-5
9975,2.454409346390791e-5
9976,6.136023365976977e-6
9977,1.8408070097930933e-5
9978,6.136023365976977e-6
9979,1.411285374174705e-4
9980,1.2272046731953955e-5
9981,3.6816140195861865e-5
9983,1.2272046731953955e-5
9985,1.1658444395356257e-4
9986,6.749625702574675e-5
9987,1.2272046731953955e-5
9989,1.2272046731953955e-5
9990,1.2272046731953955e-5
9991,3.068011682988489e-5
9992,3.6816140195861865e-5
9993,4.172495888864345e-4
9994,1.2272046731953955e-5
9995,6.136023365976977e-6
9996,6.136023365976977e-6
9997,6.136023365976977e-6
9998,1.2272046731953955e-5
9999,3.068011682988489e-5
10001,2.454409346390791e-5
10003,6.136023365976977e-6
10005,6.136023365976977e-6
10006,6.136023365976977e-6
10007,3.068011682988489e-5
10008,7.363228039172373e-5
10009,6.136023365976977e-6
10010,3.6816140195861865e-5
10011,2.454409346390791e-5
10012,4.908818692781582e-5
10014,4.295216356183884e-5
10017,6.136023365976977e-6
10018,6.136023365976977e-6
10019,1.2272046731953955e-5
10021,1.2272046731953955e-5
10022,6.136023365976977e-6
10025,3.068011682988489e-5
10026,6.136023365976977e-6
10028,6.136023365976977e-6
10030,6.136023365976977e-6
10031,1.8408070097930933e-5
10032,0.0014174213975406819
10035,4.908818692781582e-5
10036,2.454409346390791e-5
10037,6.136023365976977e-6
10038,0.003049603612890558
10040,6.136023365976977e-6
10041,1.349925140514935e-4
10042,6.136023365976977e-6
10045,1.5953660751540143e-4
10047,1.2272046731953955e-5
10048,1.2272046731953955e-5
10049,6.136023365976977e-6
10050,3.068011682988489e-5
10051,1.2272046731953955e-5
10052,6.136023365976977e-6
10054,2.454409346390791e-5
10055,6.136023365976977e-6
10056,1.2272046731953955e-5
10057,4.295216356183884e-5
10058,1.2272046731953955e-5
10059,6.136023365976977e-6
10060,6.136023365976977e-6
10061,6.136023365976977e-6
10062,7.976830375770071e-5
10063,9.204035048965467e-5
10065,6.136023365976977e-6
10068,6.136023365976977e-6
10071,6.136023365976977e-6
10073,3.6816140195861865e-5
10074,1.8408070097930933e-5
10075,5.52242102937928e-5
10076,6.136023365976977e-6
10078,6.136023365976977e-6
10079,6.136023365976977e-6
10081,6.136023365976977e-6
10082,3.068011682988489e-5
10083,1.2272046731953955e-5
10085,4.908818692781582e-5
10086,4.295216356183884e-5
10087,6.136023365976977e-6
10088,2.454409346390791e-5
10089,1.8408070097930933e-5
10090,6.136023365976977e-6
10091,1.2272046731953956e-4
10092,1.8408070097930933e-5
10094,2.454409346390791e-5
10097,6.136023365976977e-6
10098,2.454409346390791e-5
10100,4.908818692781582e-5
10101,9.204035048965467e-5
10102,1.8408070097930933e-5
10104,6.136023365976977e-6
10106,1.2272046731953955e-5
10107,6.136023365976977e-6
10108,2.454409346390791e-5
10109,6.136023365976977e-6
10110,2.5771298137103305e-4
10111,1.8408070097930933e-5
10113,1.2272046731953956e-4
10115,8.590432712367768e-5
10116,6.136023365976977e-6
10117,6.136023365976977e-6
10118,3.068011682988489e-5
10119,6.136023365976977e-6
10120,6.136023365976977e-6
10121,1.2272046731953955e-5
10123,2.454409346390791e-5
10124,3.068011682988489e-5
10125,1.8408070097930933e-5
10126,9.817637385563164e-5
10127,4.908818692781582e-5
10128,2.454409346390791e-5
10129,2.454409346390791e-5
10130,2.454409346390791e-5
10131,6.136023365976977e-6
10132,5.52242102937928e-5
10133,6.136023365976977e-6
10134,3.6816140195861865e-5
10135,6.136023365976977e-6
10136,8.590432712367768e-5
10137,6.136023365976977e-6
10138,6.136023365976978e-5
10139,4.908818692781582e-5
10141,9.204035048965467e-5
10143,1.2272046731953955e-5
10144,3.068011682988489e-5
10148,2.454409346390791e-5
10149,1.2272046731953955e-5
10150,4.295216356183884e-5
10151,6.749625702574675e-5
10152,6.136023365976977e-6
10153,1.2272046731953955e-5
10154,3.6816140195861865e-5
10156,3.6816140195861865e-5
10157,5.52242102937928e-5
10158,1.8408070097930933e-5
10159,1.2272046731953955e-5
10160,4.908818692781582e-5
10161,3.068011682988489e-5
10162,2.454409346390791e-5
10163,6.136023365976977e-6
10166,2.454409346390791e-5
10167,6.136023365976977e-6
10168,1.8408070097930933e-5
10170,2.454409346390791e-5
10172,6.136023365976977e-6
10173,1.2272046731953955e-5
10174,6.136023365976977e-6
10175,1.2272046731953955e-5
10176,2.515769580050561e-4
10178,6.136023365976977e-6
10179,2.454409346390791e-5
10182,6.136023365976977e-6
10183,6.136023365976977e-6
10184,1.2272046731953955e-5
10185,1.2272046731953955e-5
10186,1.2272046731953955e-5
10188,6.136023365976977e-6
10189,1.2272046731953955e-5
10191,1.8408070097930933e-5
10192,2.454409346390791e-5
10193,1.8408070097930933e-5
10194,4.908818692781582e-5
10195,3.6816140195861865e-5
10196,1.8408070097930933e-5
10198,4.295216356183884e-5
10201,6.136023365976977e-6
10202,4.295216356183884e-5
10203,3.6816140195861865e-5
10204,1.2272046731953955e-5
10205,3.6816140195861865e-5
10206,3.068011682988489e-5
10207,1.2272046731953955e-5
10208,3.068011682988489e-5
10210,9.204035048965467e-5
10211,6.136023365976977e-6
10212,3.6816140195861865e-5
10213,2.454409346390791e-5
10214,1.2272046731953955e-5
10216,1.2272046731953955e-5
10217,1.2272046731953955e-5
10222,1.2272046731953955e-5
10223,1.2272046731953955e-5
10224,6.136023365976977e-6
10225,1.2272046731953955e-5
10226,1.8408070097930933e-5
10227,1.2272046731953955e-5
10229,6.136023365976977e-6
10230,6.749625702574675e-5
10231,1.2272046731953955e-5
10232,3.7429742532459564e-4
10233,2.454409346390791e-5
10235,4.663377758142503e-4
10237,6.136023365976977e-6
10238,6.749625702574675e-5
10239,1.2272046731953955e-5
10241,6.136023365976977e-6
10243,1.2272046731953955e-5
10244,6.136023365976977e-6
10245,6.136023365976977e-6
10246,1.349925140514935e-4
10247,3.068011682988489e-5
10248,1.2885649068551653e-4
10251,1.2272046731953955e-5
10252,6.136023365976977e-6
10253,1.2272046731953955e-5
10255,6.320104066956287e-4
10256,3.068011682988489e-5
10257,6.136023365976977e-6
10258,1.2272046731953955e-5
10259,8.590432712367768e-5
10261,1.2272046731953955e-5
10262,6.136023365976977e-6
10264,1.8408070097930933e-5
10265,6.136023365976977e-6
10271,6.136023365976977e-6
10272,6.136023365976977e-6
10274,1.2272046731953955e-5
10275,3.068011682988489e-5
10276,1.8408070097930933e-5
10277,1.2272046731953955e-5
10278,3.6816140195861865e-5
10279,6.136023365976977e-6
10280,1.8408070097930933e-5
10281,1.8408070097930933e-5
10284,6.136023365976977e-6
10285,6.136023365976977e-6
10286,2.454409346390791e-5
10287,6.136023365976977e-6
10288,6.136023365976977e-6
10289,1.8408070097930933e-5
10291,1.2272046731953955e-5
10292,6.136023365976977e-6
10293,1.2272046731953955e-5
10294,5.52242102937928e-5
10295,1.2272046731953955e-5
10296,3.068011682988489e-5
10297,6.136023365976977e-6
10298,6.136023365976977e-6
10299,6.749625702574675e-5
10300,6.136023365976977e-6
10303,3.068011682988489e-5
10304,1.104484205875856e-4
10305,3.6816140195861865e-5
10307,1.2272046731953955e-5
10309,1.2272046731953955e-5
10310,1.2272046731953955e-5
10311,6.136023365976978e-5
10313,2.454409346390791e-5
10314,6.136023365976977e-6
10315,2.454409346390791e-5
10316,3.6816140195861865e-5
10317,4.295216356183884e-5
10318,4.295216356183884e-5
10319,1.9635274771126327e-4
10320,1.8408070097930933e-5
10321,4.295216356183884e-5
10322,6.136023365976977e-6
10323,6.136023365976977e-6
10324,4.295216356183884e-5
10325,3.6816140195861865e-5
10326,1.2272046731953955e-5
10328,1.2272046731953955e-5
10330,4.908818692781582e-5
10331,6.136023365976977e-6
10332,6.136023365976977e-6
10335,1.2272046731953955e-5
10336,1.2272046731953955e-5
10337,6.136023365976977e-6
10341,1.8408070097930933e-5
10342,6.136023365976977e-6
10344,9.204035048965467e-5
10345,1.2272046731953955e-5
10346,6.136023365976978e-5
10349,1.8408070097930933e-5
10351,1.2272046731953955e-5
10352,6.136023365976977e-6
10353,1.2272046731953955e-5
10354,1.2272046731953955e-5
10356,6.136023365976977e-6
10357,3.6816140195861865e-5
10358,1.2272046731953955e-5
10360,6.136023365976977e-6
10361,1.7794467761333236e-4
10365,3.6816140195861867e-4
10368,3.068011682988489e-5
10369,1.2272046731953955e-5
10371,6.749625702574675e-5
10372,8.590432712367768e-5
10373,3.068011682988489e-5
10374,6.136023365976978e-5
10375,7.363228039172373e-5
10376,5.52242102937928e-5
10377,1.4726456078344746e-4
10379,4.295216356183884e-5
10380,6.136023365976977e-6
10381,6.136023365976977e-6
10382,6.136023365976977e-6
10383,3.068011682988489e-5
10384,0.00065041847679355965
10385,3.068011682988489e-5
10386,5.767861964018359e-4
10387,6.136023365976977e-6
10389,8.590432712367768e-5
10390,1.2272046731953955e-5
10391,5.52242102937928e-5
10392,6.136023365976977e-6
10394,6.136023365976977e-6
10395,1.656726308813784e-4
10396,2.69985028102987e-4
10397,1.104484205875856e-4
10398,2.454409346390791e-5
10399,6.136023365976977e-6
10400,6.136023365976977e-6
10402,1.2272046731953955e-5
10403,1.2272046731953955e-5
10404,6.136023365976977e-6
10405,1.2885649068551653e-4
10406,1.2272046731953955e-5
10407,2.2703286454114818e-4
10408,6.136023365976977e-6
10409,6.136023365976977e-6
10410,6.136023365976977e-6
10412,6.136023365976977e-6
10413,5.52242102937928e-5
10415,1.2272046731953955e-5
10416,2.454409346390791e-5
10420,1.2272046731953955e-5
10421,3.068011682988489e-5
10423,6.136023365976977e-6
10424,6.749625702574675e-5
10425,1.2272046731953955e-5
10426,6.136023365976977e-6
10427,6.136023365976977e-6
10430,6.136023365976977e-6
10432,1.2272046731953955e-5
10433,6.136023365976977e-6
10435,3.6816140195861865e-5
10438,6.136023365976978e-5
10440,1.104484205875856e-4
10444,1.2272046731953955e-5
10446,6.136023365976977e-6
10447,1.4726456078344746e-4
10448,1.2272046731953955e-5
10450,2.69985028102987e-4
10451,6.136023365976978e-5
10452,1.2885649068551653e-4
10453,2.454409346390791e-5
10454,6.136023365976977e-6
10457,6.136023365976977e-6
10458,1.8408070097930933e-5
10459,6.136023365976977e-6
10460,6.136023365976977e-6
10461,6.136023365976977e-6
10464,9.204035048965467e-5
10465,3.6816140195861865e-5
10466,6.136023365976977e-6
10468,6.136023365976977e-6
10469,1.2272046731953955e-5
10472,3.6816140195861865e-5
10474,6.136023365976977e-6
10477,6.136023365976977e-6
10479,1.8408070097930933e-5
10480,6.136023365976977e-6
10481,6.136023365976977e-6
10484,1.8408070097930933e-5
10486,6.136023365976977e-6
10489,1.2272046731953955e-5
10490,6.136023365976977e-6
10492,2.454409346390791e-5
10495,1.2272046731953955e-5
10498,6.136023365976977e-6
10500,1.2272046731953955e-5
10501,3.6816140195861865e-5
10502,2.454409346390791e-5
10503,6.136023365976977e-6
10504,5.52242102937928e-5
10508,2.454409346390791e-5
10509,6.136023365976977e-6
10511,1.8408070097930933e-5
10512,1.8408070097930933e-5
10514,6.136023365976977e-6
10515,2.454409346390791e-5
10517,6.136023365976977e-6
10518,0.0022826006921434355
10519,3.6816140195861865e-5
10521,6.995066637213754e-4
10522,3.068011682988489e-5
10524,6.136023365976977e-6
10525,1.2272046731953955e-5
10526,1.2272046731953955e-5
10527,1.2272046731953955e-5
10528,1.4726456078344746e-4
10529,6.136023365976977e-6
10532,6.136023365976977e-6
10533,4.2338561225241145e-4
10534,3.6816140195861865e-5
10535,7.976830375770071e-5
10537,9.817637385563164e-5
10538,2.454409346390791e-5
10539,7.976830375770071e-5
10540,6.136023365976977e-6
10541,1.2272046731953955e-5
10542,1.8408070097930933e-5
10543,6.136023365976977e-6
10544,1.2272046731953955e-5
10545,6.136023365976977e-6
10548,1.2272046731953955e-5
10549,2.454409346390791e-5
10550,1.2272046731953955e-5
10551,6.136023365976977e-6
10553,1.2272046731953955e-5
10556,1.2885649068551653e-4
10557,4.908818692781582e-5
10561,1.9635274771126327e-4
10562,8.590432712367768e-5
10563,1.8408070097930933e-5
10564,1.2272046731953955e-5
10566,6.136023365976977e-6
10567,3.006651449328719e-4
10570,1.2272046731953955e-5
10572,2.454409346390791e-5
10573,4.908818692781582e-5
10574,6.136023365976977e-6
10575,1.8408070097930933e-5
10576,6.136023365976977e-6
10577,6.136023365976977e-6
10578,6.136023365976977e-6
10579,7.976830375770071e-5
10580,6.136023365976977e-6
10582,1.2272046731953955e-5
10585,6.136023365976977e-6
10586,8.590432712367768e-5
10588,6.136023365976977e-6
10590,1.8408070097930933e-5
10591,1.2272046731953955e-5
10593,2.454409346390791e-5
10594,2.208968411751712e-4
10596,1.2272046731953955e-5
10597,9.204035048965467e-5
10598,2.454409346390791e-5
10599,6.136023365976977e-6
10600,6.136023365976977e-6
10601,4.295216356183884e-5
10604,1.104484205875856e-4
10605,8.467712245048229e-4
10606,1.8408070097930933e-5
10607,1.2272046731953955e-5
10608,6.136023365976977e-6
10609,3.6816140195861865e-5
10611,6.136023365976977e-6
10613,6.136023365976977e-6
10616,1.2272046731953955e-5
10617,1.8408070097930933e-5
10618,3.068011682988489e-5
10619,1.2272046731953955e-5
10620,1.8408070097930933e-5
10621,6.136023365976977e-6
10622,7.363228039172373e-5
10623,6.136023365976977e-6
10626,6.136023365976977e-6
10628,6.136023365976977e-6
10631,3.6816140195861865e-5
10632,6.136023365976977e-6
10634,1.2272046731953955e-5
10635,4.295216356183884e-5
10636,5.52242102937928e-5
10640,1.8408070097930933e-5
10641,3.6816140195861865e-5
10646,6.136023365976977e-6
10648,6.136023365976977e-6
10650,1.8408070097930933e-5
10652,3.068011682988489e-5
10653,1.8408070097930933e-5
10655,1.2272046731953955e-5
10656,1.2272046731953955e-5
10658,6.136023365976977e-6
10660,3.6816140195861865e-5
10661,6.136023365976977e-6
10663,3.865694720565496e-4
10664,6.136023365976977e-6
10665,1.4726456078344746e-4
10667,1.2272046731953955e-5
10669,1.8408070097930933e-5
10674,6.136023365976977e-6
10675,6.136023365976977e-6
10676,6.136023365976977e-6
10677,1.2272046731953955e-5
10678,1.2272046731953955e-5
10679,1.656726308813784e-4
10680,3.6816140195861865e-5
10681,3.068011682988489e-5
10682,2.454409346390791e-5
10685,2.454409346390791e-5
10686,6.136023365976977e-6
10687,2.454409346390791e-5
10688,1.2272046731953955e-5
10689,1.0431239722160862e-4
10690,3.6816140195861865e-5
10692,3.068011682988489e-5
10695,6.136023365976977e-6
10696,7.976830375770071e-5
10698,6.136023365976977e-6
10699,4.295216356183884e-5
10701,4.295216356183884e-5
10702,3.6816140195861865e-5
10703,1.2272046731953955e-5
10705,6.136023365976977e-6
10706,9.204035048965467e-5
10707,1.8408070097930933e-5
10708,5.52242102937928e-5
10710,6.136023365976977e-6
10711,1.2272046731953955e-5
10712,1.2272046731953955e-5
10713,2.82257074834941e-4
10714,6.136023365976977e-6
10716,6.136023365976977e-6
10717,6.136023365976977e-6
10718,6.136023365976977e-6
10720,7.608668973811452e-4
10722,1.2272046731953955e-5
10723,1.7794467761333236e-4
10724,6.136023365976977e-6
10725,9.817637385563164e-5
10726,6.136023365976978e-5
10727,3.068011682988489e-5
10728,1.8408070097930933e-5
10729,4.908818692781582e-5
10730,1.2272046731953955e-5
10731,6.136023365976977e-6
10734,6.136023365976977e-6
10735,1.2272046731953955e-5
10739,1.8408070097930933e-5
10741,6.136023365976977e-6
10742,3.4361730849471073e-4
10744,1.8408070097930933e-5
10745,6.136023365976977e-6
10746,3.068011682988489e-5
10747,3.068011682988489e-5
10748,1.2272046731953956e-4
10751,1.104484205875856e-4
10752,7.363228039172373e-5
10753,6.136023365976977e-6
10754,7.363228039172373e-5
10755,6.136023365976977e-6
10756,3.068011682988489e-5
10757,2.454409346390791e-5
10759,6.136023365976977e-6
10760,3.6816140195861865e-5
10761,6.136023365976977e-6
10762,6.136023365976977e-6
10766,1.2272046731953955e-5
10767,1.8408070097930933e-5
10768,6.136023365976977e-6
10772,4.295216356183884e-5
10773,2.2703286454114818e-4
10774,1.2272046731953955e-5
10777,1.2272046731953955e-5
10778,2.454409346390791e-5
10779,2.454409346390791e-5
10780,1.2272046731953955e-5
10782,6.136023365976977e-6
10785,1.2272046731953955e-5
10786,4.908818692781582e-5
10787,2.454409346390791e-5
10788,1.8408070097930933e-5
10789,6.136023365976977e-6
10792,1.8408070097930933e-5
10793,6.136023365976977e-6
10794,9.817637385563164e-5
10795,6.136023365976977e-6
10796,6.136023365976977e-6
10797,1.2272046731953955e-5
10801,1.8408070097930933e-5
10802,6.136023365976977e-6
10804,4.295216356183884e-5
10805,1.2272046731953955e-5
10806,9.817637385563164e-5
10807,1.8408070097930933e-5
10808,6.136023365976977e-6
10811,6.136023365976977e-6
10812,1.411285374174705e-4
10813,6.136023365976977e-6
10814,6.136023365976977e-6
10815,2.454409346390791e-4
10816,1.8408070097930933e-5
10817,6.136023365976977e-6
10818,6.136023365976977e-6
10819,6.136023365976977e-6
10820,6.136023365976977e-6
10821,6.136023365976977e-6
10824,1.8408070097930933e-5
10825,6.136023365976977e-6
10826,9.204035048965467e-5
10827,6.136023365976977e-6
10828,3.6816140195861865e-5
10829,1.0431239722160862e-4
10830,6.136023365976977e-6
10831,6.136023365976977e-6
10832,6.136023365976977e-6
10836,2.454409346390791e-5
10838,6.136023365976977e-6
10841,6.136023365976977e-6
10842,6.136023365976977e-6
10847,6.136023365976977e-6
10848,2.454409346390791e-5
10850,1.2272046731953955e-5
10851,1.2272046731953955e-5
10852,1.8408070097930933e-5
10853,6.136023365976977e-6
10856,1.4726456078344746e-4
10858,2.454409346390791e-5
10859,1.8408070097930933e-5
10861,1.8408070097930933e-5
10862,6.136023365976977e-6
10864,3.068011682988489e-5
10866,6.136023365976977e-6
10867,6.749625702574675e-5
10869,1.8408070097930933e-5
10873,6.136023365976977e-6
10874,1.349925140514935e-4
10875,6.136023365976977e-6
10876,1.2272046731953955e-5
10878,6.136023365976977e-6
10880,1.2272046731953955e-5
10881,6.136023365976977e-6
10882,1.8408070097930933e-5
10883,8.590432712367768e-5
10884,7.363228039172373e-5
10885,1.5953660751540143e-4
10890,8.590432712367768e-5
10891,6.136023365976977e-6
10893,4.908818692781582e-5
10894,4.908818692781582e-5
10895,1.8408070097930933e-5
10896,3.068011682988489e-5
10899,3.6816140195861865e-5
10901,1.2272046731953955e-5
10902,3.068011682988489e-5
10903,6.136023365976977e-6
10906,6.136023365976977e-6
10907,1.8408070097930933e-5
10910,3.006651449328719e-4
10912,4.908818692781582e-5
10913,3.6816140195861865e-5
10914,3.6816140195861865e-5
10915,2.454409346390791e-5
10917,4.111135655204575e-4
10918,6.136023365976977e-6
10919,1.1658444395356257e-4
10920,1.2272046731953955e-5
10921,2.454409346390791e-5
10922,1.8408070097930933e-5
10923,2.454409346390791e-5
10924,1.2272046731953955e-5
10926,1.2272046731953955e-5
10927,3.4361730849471073e-4
10928,1.104484205875856e-4
10929,1.8408070097930933e-5
10930,6.136023365976977e-6
10931,6.872346169894215e-4
10932,1.2272046731953956e-4
10933,4.908818692781582e-5
10934,6.136023365976977e-6
10935,1.2272046731953955e-5
10936,1.2272046731953955e-5
10939,6.136023365976977e-6
10942,6.136023365976977e-6
10943,1.4726456078344746e-4
10944,3.6816140195861865e-5
10948,7.976830375770071e-5
10949,3.068011682988489e-5
10950,6.136023365976977e-6
10952,1.2272046731953955e-5
10955,1.2272046731953955e-5
10957,2.454409346390791e-5
10958,3.068011682988489e-5
10959,1.2272046731953955e-5
10960,1.2272046731953955e-5
10961,2.454409346390791e-5
10962,1.8408070097930933e-5
10963,6.995066637213754e-4
10965,3.068011682988489e-5
10966,3.6816140195861865e-5
10968,1.2272046731953955e-5
10969,1.8408070097930933e-5
10970,1.8408070097930933e-5
10971,1.5340058414942443e-4
10973,3.068011682988489e-5
10974,1.2272046731953956e-4
10976,6.136023365976977e-6
10978,1.0431239722160862e-4
10979,3.6816140195861865e-5
10980,6.136023365976977e-6
10981,1.8408070097930933e-5
10982,6.136023365976977e-6
10983,2.454409346390791e-5
10986,2.454409346390791e-5
10987,6.136023365976977e-6
10989,1.8408070097930933e-5
10990,2.8839309820091795e-4
10992,1.2272046731953955e-5
10993,1.2272046731953955e-5
10994,1.902167243452863e-4
10996,6.136023365976977e-6
10997,4.295216356183884e-5
10998,3.068011682988489e-5
10999,4.295216356183884e-5
11000,4.295216356183884e-5
11001,6.136023365976977e-6
11003,1.8408070097930933e-5
11004,3.068011682988489e-5
11006,7.976830375770071e-5
11007,1.8408070097930933e-5
11008,9.204035048965467e-5
11009,1.8408070097930933e-5
11019,1.2272046731953955e-5
11020,1.2272046731953956e-4
11021,6.136023365976977e-6
11022,2.454409346390791e-5
11023,1.8408070097930933e-5
11024,3.6816140195861865e-5
11025,9.817637385563164e-5
11026,1.2272046731953956e-4
11027,1.2272046731953955e-5
11028,6.136023365976977e-6
11030,1.8408070097930933e-5
11031,9.817637385563164e-5
11032,7.976830375770071e-5
11033,1.2272046731953955e-5
11035,1.2272046731953955e-5
11036,6.136023365976977e-6
11037,6.136023365976977e-6
11038,1.2272046731953955e-5
11039,4.908818692781582e-5
11040,3.068011682988489e-5
11041,3.129371916648259e-4
11042,4.295216356183884e-5
11043,4.295216356183884e-5
11044,1.8408070097930933e-5
11045,4.295216356183884e-5
11046,2.0862479444321724e-4
11047,4.908818692781582e-5
11048,5.092899393760892e-4
11050,2.454409346390791e-5
11051,1.2272046731953955e-5
11052,8.590432712367768e-5
11054,5.52242102937928e-5
11055,7.485948506491913e-4
11056,6.136023365976977e-6
11057,9.204035048965467e-5
11058,2.945291215668949e-4
11059,4.908818692781582e-5
11061,1.8408070097930933e-4
11062,1.2272046731953955e-5
11063,1.2272046731953955e-5
11064,6.136023365976978e-5
11066,1.0431239722160862e-4
11069,1.8408070097930933e-5
11071,1.2272046731953955e-5
11072,0.001092212159143902
11074,6.136023365976977e-6
11076,1.656726308813784e-4
11077,6.136023365976977e-6
11078,2.945291215668949e-4
11079,5.52242102937928e-5
11080,6.136023365976977e-6
11081,1.2272046731953955e-5
11082,1.2272046731953955e-5
11083,1.8408070097930933e-5
11084,6.136023365976977e-6
11085,1.349925140514935e-4
11086,4.908818692781582e-5
11087,1.8408070097930933e-5
11088,3.068011682988489e-5
11090,6.136023365976977e-6
11092,7.976830375770071e-5
11093,1.8408070097930933e-5
11094,1.104484205875856e-4
11095,6.136023365976977e-6
11096,3.068011682988489e-5
11097,4.908818692781582e-5
11098,1.8408070097930933e-5
11099,3.6816140195861865e-5
11100,2.454409346390791e-5
11101,4.295216356183884e-5
11102,1.8408070097930933e-5
11103,6.136023365976977e-6
11104,6.136023365976977e-6
11105,3.068011682988489e-5
11107,1.2272046731953955e-5
11108,4.908818692781582e-5
11111,2.454409346390791e-5
11112,9.817637385563164e-5
11113,1.2272046731953955e-5
11114,6.136023365976977e-6
11116,6.136023365976977e-6
11117,2.454409346390791e-5
11119,1.2272046731953955e-5
11120,6.136023365976977e-6
11124,1.8408070097930933e-5
11126,1.2272046731953955e-5
11130,8.590432712367768e-5
11131,4.908818692781582e-5
11132,7.363228039172373e-5
11133,1.2885649068551653e-4
11134,6.136023365976977e-6
11135,1.2272046731953955e-5
11136,4.295216356183884e-5
11137,1.1658444395356257e-4
11138,1.2272046731953955e-5
11139,6.136023365976977e-6
11141,4.602017524482733e-4
11142,1.2272046731953955e-5
11143,1.4726456078344746e-4
11144,6.136023365976977e-6
11145,6.136023365976977e-6
11146,6.136023365976977e-6
11147,1.2272046731953955e-5
11148,4.908818692781582e-5
11150,3.6816140195861865e-5
11157,1.2272046731953955e-5
11158,1.8408070097930933e-5
11159,1.8408070097930933e-5
11160,6.136023365976977e-6
11162,6.136023365976978e-5
11163,1.2272046731953955e-5
11164,1.8408070097930933e-5
11165,1.8408070097930933e-5
11168,4.295216356183884e-5
11169,6.136023365976977e-6
11171,6.136023365976977e-6
11172,6.136023365976977e-6
11173,1.2272046731953955e-5
11174,1.411285374174705e-4
11175,2.0862479444321724e-4
11177,6.136023365976977e-6
11178,1.7180865424735537e-4
11179,2.454409346390791e-5
11180,2.82257074834941e-4
11181,3.6816140195861865e-5
11182,3.068011682988489e-5
11183,3.068011682988489e-5
11185,1.8408070097930933e-5
11186,1.2272046731953955e-5
11187,6.136023365976977e-6
11189,6.136023365976977e-6
11190,6.136023365976978e-5
11191,1.8408070097930933e-5
11193,3.068011682988489e-5
11194,6.136023365976977e-6
11195,0.001675134378911715
11196,1.2272046731953955e-5
11199,1.8408070097930933e-5
11200,1.104484205875856e-4
11201,1.8408070097930933e-5
11203,1.2272046731953956e-4
11204,6.136023365976977e-6
11205,3.6816140195861865e-5
11206,5.52242102937928e-5
11207,5.52242102937928e-5
11208,1.8408070097930933e-5
11209,6.136023365976977e-6
11210,5.031539160101122e-4
11213,1.2272046731953955e-5
11215,1.8408070097930933e-5
11216,6.136023365976977e-6
11219,3.0680116829884886e-4
11220,2.454409346390791e-5
11221,1.2272046731953955e-5
11222,1.8408070097930933e-5
11223,1.411285374174705e-4
11224,6.136023365976977e-6
11225,1.8408070097930933e-5
11226,6.136023365976977e-6
11227,6.136023365976977e-6
11228,1.2272046731953955e-5
11231,6.136023365976977e-6
11232,5.52242102937928e-5
11234,1.7180865424735537e-4
11235,2.454409346390791e-5
11236,2.3316888790712514e-4
11237,6.136023365976977e-6
11238,6.136023365976978e-5
11239,1.2272046731953955e-5
11240,6.136023365976977e-6
11241,1.2272046731953955e-5
11242,6.136023365976977e-6
11243,6.136023365976977e-6
11244,1.2272046731953955e-5
11245,0.0010063078320202243
11246,6.136023365976977e-6
11247,1.8408070097930933e-5
11248,1.2272046731953955e-5
11249,6.136023365976977e-6
11250,6.872346169894215e-4
11251,6.136023365976977e-6
11252,1.2272046731953955e-5
11256,6.136023365976977e-4
11257,1.0431239722160862e-4
11258,4.908818692781582e-5
11259,1.2272046731953955e-5
11260,6.872346169894215e-4
11261,2.454409346390791e-5
11263,6.136023365976977e-6
11264,3.6816140195861865e-5
11265,1.2272046731953955e-5
11266,2.454409346390791e-5
11268,6.136023365976977e-6
11269,3.068011682988489e-5
11270,6.136023365976977e-6
11271,1.2272046731953955e-5
11272,3.068011682988489e-5
11273,6.136023365976977e-6
11275,5.951942664997669e-4
11276,2.208968411751712e-4
11277,1.349925140514935e-4
11278,2.454409346390791e-5
11279,6.136023365976977e-6
11280,6.136023365976977e-6
11281,8.590432712367768e-5
11284,7.976830375770071e-5
11285,7.363228039172373e-5
11286,9.204035048965467e-5
11287,1.8408070097930933e-5
11288,6.136023365976977e-6
11289,1.8408070097930933e-5
11290,6.136023365976977e-6
11291,4.172495888864345e-4
11293,1.2272046731953955e-5
11294,6.136023365976977e-6
11296,1.2272046731953955e-5
11297,6.136023365976977e-6
11298,6.136023365976977e-6
11299,7.363228039172373e-5
11300,6.136023365976977e-6
11301,1.8408070097930933e-5
11302,1.8408070097930933e-5
11306,6.136023365976977e-6
11307,0.0028655229119112485
11309,6.136023365976977e-6
11310,6.442824534275826e-4
11313,1.2272046731953955e-5
11314,6.136023365976977e-6
11315,6.749625702574675e-4
11316,6.136023365976977e-6
11321,4.2338561225241145e-4
11324,6.136023365976977e-6
11325,0.0014603735611025206
11327,3.068011682988489e-5
11328,1.2272046731953955e-5
11329,1.8408070097930933e-5
11330,6.136023365976977e-6
11331,2.454409346390791e-5
11332,1.2272046731953955e-5
11333,1.8408070097930933e-5
11334,6.136023365976977e-6
11335,6.136023365976977e-6
11336,4.295216356183884e-5
11338,6.136023365976977e-6
11339,6.136023365976977e-6
11340,1.2272046731953955e-5
11341,6.136023365976977e-6
11342,6.136023365976977e-6
11345,6.136023365976977e-6
11346,5.52242102937928e-5
11347,1.2272046731953955e-5
11348,5.52242102937928e-5
11349,1.2885649068551653e-4
11351,1.656726308813784e-4
11352,1.8408070097930933e-5
11355,6.136023365976977e-6
11356,1.2272046731953955e-5
11358,6.136023365976977e-6
11359,0.0011965245563655105
11360,6.136023365976977e-6
11361,6.136023365976977e-6
11362,6.136023365976977e-6
11363,4.908818692781582e-5
11364,2.3316888790712514e-4
11365,1.2272046731953955e-5
11366,2.0248877107724027e-4
11367,6.136023365976977e-6
11368,5.46106079571951e-4
11369,3.313452617627568e-4
11370,6.136023365976977e-6
11371,1.2885649068551653e-4
11373,4.786098225462043e-4
11374,2.454409346390791e-5
11375,1.104484205875856e-4
11376,1.2272046731953955e-5
11377,1.2272046731953955e-5
11378,1.8408070097930933e-5
11380,6.136023365976977e-6
11382,2.454409346390791e-5
11383,6.136023365976977e-6
11384,6.749625702574675e-5
11385,3.6816140195861865e-5
11386,1.8408070097930933e-5
11388,1.2272046731953955e-5
11389,1.2272046731953955e-5
11390,6.136023365976977e-6
11391,9.204035048965467e-5
11392,1.2272046731953955e-5
11394,1.2272046731953955e-5
11395,6.136023365976977e-6
11396,6.136023365976977e-6
11398,1.8408070097930933e-5
11400,1.2272046731953955e-5
11402,1.2272046731953955e-5
11406,2.3930491127310214e-4
11407,2.454409346390791e-5
11409,6.136023365976977e-6
11411,0.007522764646687775
11413,5.52242102937928e-5
11414,3.6816140195861865e-5
11416,3.129371916648259e-4
11418,5.52242102937928e-5
11420,6.136023365976978e-5
11421,1.8408070097930933e-5
11422,1.8408070097930933e-5
11424,7.976830375770071e-5
11426,6.136023365976977e-6
11427,1.8408070097930933e-5
11430,2.454409346390791e-5
11431,6.136023365976977e-6
11432,0.00065041847679355965
11433,6.749625702574675e-5
11434,6.136023365976977e-6
11435,1.2272046731953955e-5
11436,6.136023365976977e-6
11438,6.749625702574675e-5
11439,6.136023365976977e-6
11440,3.068011682988489e-5
11441,4.908818692781582e-5
11442,6.136023365976977e-6
11446,1.2272046731953955e-5
11451,1.2272046731953955e-5
11452,1.1658444395356257e-4
11453,1.8408070097930933e-5
11454,2.454409346390791e-5
11455,1.2272046731953955e-5
11456,1.2272046731953956e-4
11457,1.2885649068551653e-4
11458,6.136023365976977e-6
11459,5.951942664997669e-4
11460,0.0018530790565250473
11461,8.283631544068919e-4
11462,1.2272046731953955e-5
11463,6.136023365976977e-6
11464,2.945291215668949e-4
11465,6.136023365976977e-6
11467,3.068011682988489e-5
11469,1.2272046731953955e-5
11472,5.52242102937928e-5
11474,0.0020126156640404486
11476,1.5953660751540143e-4
11478,1.349925140514935e-4
11479,6.136023365976977e-6
11480,3.6816140195861865e-5
11481,5.52242102937928e-5
11482,2.454409346390791e-5
11483,4.602017524482733e-4
11484,5.52242102937928e-5
11486,1.5953660751540143e-4
11487,1.8408070097930933e-5
11488,1.8408070097930933e-5
11489,1.2272046731953955e-5
11492,1.2272046731953955e-5
11494,1.2272046731953955e-5
11495,6.136023365976977e-6
11496,1.2272046731953955e-5
11498,1.2272046731953955e-5
11500,1.2272046731953955e-5
11503,2.454409346390791e-5
11504,1.1658444395356257e-4
11505,6.136023365976977e-6
11508,1.2272046731953955e-5
11509,5.154259627420661e-4
11510,4.908818692781582e-5
11511,2.0248877107724027e-4
11515,1.8408070097930933e-5
11516,3.6816140195861865e-5
11520,1.2272046731953955e-5
11522,1.2272046731953955e-5
11523,3.068011682988489e-5
11524,1.8408070097930933e-5
11526,2.76121051468964e-4
11527,1.8408070097930933e-5
11528,2.454409346390791e-5
11530,2.454409346390791e-5
11531,1.2272046731953955e-5
11535,2.454409346390791e-5
11536,1.2272046731953955e-5
11538,1.8408070097930933e-5
11540,6.136023365976977e-6
11542,1.8408070097930933e-5
11543,5.52242102937928e-5
11546,1.0431239722160862e-4
11548,6.136023365976977e-6
11549,4.908818692781582e-5
11551,6.136023365976977e-6
11552,3.068011682988489e-5
11553,6.136023365976977e-6
11556,6.136023365976977e-6
11557,6.136023365976977e-6
11559,6.136023365976977e-6
11561,4.295216356183884e-5
11562,1.2272046731953955e-5
11563,1.2272046731953955e-5
11564,2.454409346390791e-5
11568,6.136023365976977e-6
11570,3.068011682988489e-5
11571,3.6816140195861865e-5
11572,1.2272046731953955e-5
11574,6.136023365976977e-6
11577,3.068011682988489e-5
11578,6.136023365976977e-6
11580,1.349925140514935e-4
11581,1.2272046731953955e-5
11582,4.295216356183884e-5
11585,1.1658444395356257e-4
11588,1.1658444395356257e-4
11589,3.6816140195861865e-5
11590,1.2272046731953955e-5
11593,6.136023365976977e-6
11594,1.2272046731953955e-5
11597,3.6816140195861865e-5
11599,2.454409346390791e-5
11600,3.6816140195861865e-5
11601,1.8408070097930933e-5
11602,1.8408070097930933e-5
11603,1.2272046731953955e-5
11605,3.068011682988489e-5
11606,1.2272046731953955e-5
11608,6.136023365976977e-6
11610,6.136023365976977e-6
11611,6.136023365976977e-6
11612,6.136023365976977e-6
11614,6.136023365976977e-6
11616,6.136023365976977e-6
11621,1.2272046731953955e-5
11622,6.136023365976977e-6
11623,2.147608178091942e-4
11624,2.454409346390791e-5
11625,6.136023365976977e-6
11627,6.136023365976977e-6
11629,3.313452617627568e-4
11630,2.454409346390791e-5
11631,6.136023365976977e-6
11632,1.8408070097930933e-5
11634,4.295216356183884e-5
11635,3.6816140195861865e-5
11636,3.068011682988489e-5
11637,6.136023365976977e-6
11638,6.136023365976977e-6
11639,7.976830375770071e-5
11640,1.2272046731953955e-5
11642,6.136023365976977e-6
11643,6.136023365976977e-6
11645,3.9884151878850357e-4
11646,1.2272046731953955e-5
11647,1.5340058414942443e-4
11648,1.2272046731953955e-5
11649,1.8408070097930933e-5
11650,3.068011682988489e-5
11651,1.2272046731953955e-5
11652,4.786098225462043e-4
11653,2.454409346390791e-5
11656,1.2272046731953955e-5
11657,6.136023365976977e-6
11659,6.136023365976977e-6
11660,2.515769580050561e-4
11661,1.2272046731953955e-5
11662,3.068011682988489e-5
11664,7.976830375770071e-5
11665,4.295216356183884e-5
11668,6.136023365976977e-6
11669,1.8408070097930933e-5
11671,2.454409346390791e-5
11672,1.2272046731953955e-5
11673,6.136023365976977e-6
11674,1.4726456078344746e-4
11675,1.8408070097930933e-5
11676,2.0248877107724027e-4
11677,2.147608178091942e-4
11678,3.0680116829884886e-4
11679,6.136023365976977e-6
11680,3.068011682988489e-5
11681,1.8408070097930933e-5
11682,3.068011682988489e-5
11683,1.2272046731953956e-4
11684,1.2272046731953955e-5
11687,6.136023365976977e-6
11688,4.295216356183884e-5
11690,6.136023365976977e-6
11691,6.136023365976977e-6
11692,1.2272046731953955e-5
11693,6.136023365976977e-6
11695,6.136023365976977e-6
11696,6.136023365976977e-6
11700,6.136023365976977e-6
11703,1.9635274771126327e-4
11704,1.8408070097930933e-5
11706,4.295216356183884e-5
11709,6.136023365976977e-6
11711,3.068011682988489e-5
11712,6.136023365976977e-6
11713,6.136023365976977e-6
11715,6.136023365976977e-6
11716,6.136023365976977e-6
11718,1.2272046731953955e-5
11719,1.2272046731953955e-5
11720,2.454409346390791e-5
11722,6.136023365976977e-6
11723,6.136023365976977e-6
11724,6.136023365976977e-6
11725,3.6816140195861865e-5
11726,2.208968411751712e-4
11727,1.2272046731953955e-5
11729,6.136023365976977e-6
11730,2.76121051468964e-4
11733,3.068011682988489e-5
11734,1.2272046731953955e-5
11735,1.8408070097930933e-5
11736,1.2272046731953955e-5
11737,6.136023365976977e-6
11738,4.5406572908229635e-4
11743,2.454409346390791e-5
11744,6.136023365976977e-6
11746,1.2272046731953955e-5
11748,1.8408070097930933e-5
11751,6.136023365976977e-6
11752,1.8408070097930933e-5
11754,6.136023365976977e-6
11756,3.068011682988489e-5
11757,1.2272046731953955e-5
11758,2.454409346390791e-5
11759,1.349925140514935e-4
11760,3.068011682988489e-5
11763,0.0010308519254841322
11764,2.454409346390791e-5
11766,1.411285374174705e-4
11768,1.104484205875856e-4
11769,6.136023365976977e-4
11770,6.136023365976977e-6
11771,5.52242102937928e-5
11772,6.136023365976977e-6
11774,4.908818692781582e-5
11775,6.136023365976977e-6
11778,1.2272046731953955e-5
11779,6.136023365976977e-6
11780,2.454409346390791e-5
11782,1.2272046731953955e-5
11783,6.136023365976978e-5
11784,9.817637385563164e-5
11785,6.136023365976977e-6
11787,6.136023365976977e-6
11789,1.2272046731953955e-5
11790,6.136023365976977e-6
11791,6.136023365976977e-6
11792,2.454409346390791e-5
11793,1.8408070097930933e-5
11796,1.8408070097930933e-5
11798,1.8408070097930933e-5
11799,6.136023365976977e-6
11800,1.2272046731953955e-5
11801,1.8408070097930933e-5
11802,4.295216356183884e-5
11803,1.8408070097930933e-5
11804,1.2272046731953955e-5
11807,1.2272046731953955e-5
11808,1.2272046731953955e-5
11810,6.136023365976977e-6
11811,6.136023365976977e-6
11812,6.136023365976977e-6
11813,1.902167243452863e-4
11816,2.0862479444321724e-4
11818,7.363228039172373e-5
11819,9.204035048965467e-5
11820,6.136023365976977e-6
11823,2.945291215668949e-4
11824,3.068011682988489e-5
11826,1.0431239722160862e-4
11827,3.6816140195861865e-5
11828,1.2272046731953955e-5
11829,6.136023365976977e-6
11830,2.454409346390791e-5
11831,1.2885649068551653e-4
11833,1.656726308813784e-4
11834,1.2272046731953955e-5
11836,1.0431239722160862e-4
11837,4.295216356183884e-5
11838,5.52242102937928e-5
11839,2.3930491127310214e-4
11840,1.2272046731953955e-5
11841,1.8408070097930933e-5
11842,1.2272046731953955e-5
11843,3.068011682988489e-5
11845,1.2272046731953955e-5
11846,2.5771298137103305e-4
11847,1.8408070097930933e-5
11849,1.8408070097930933e-5
11850,7.363228039172373e-5
11851,6.136023365976977e-6
11853,1.2272046731953955e-5
11855,6.136023365976977e-6
11856,2.69985028102987e-4
11857,4.908818692781582e-5
11859,3.068011682988489e-5
11860,6.136023365976977e-6
11861,2.454409346390791e-5
11862,6.136023365976977e-6
11863,6.136023365976977e-6
11864,1.104484205875856e-4
11865,1.2885649068551653e-4
11868,1.2885649068551653e-4
11872,1.8408070097930933e-5
11873,6.136023365976977e-6
11875,2.454409346390791e-5
11878,1.2272046731953955e-5
11881,1.2272046731953955e-5
11882,3.6816140195861865e-5
11883,1.8408070097930933e-5
11884,6.136023365976977e-6
11886,1.2272046731953955e-5
11887,1.2272046731953955e-5
11888,3.068011682988489e-5
11889,1.2272046731953955e-5
11892,1.8408070097930933e-5
11893,1.2272046731953955e-5
11896,1.8408070097930933e-5
11901,1.7794467761333236e-4
11902,6.136023365976978e-5
11903,1.2272046731953955e-5
11904,1.5953660751540143e-4
11906,1.2272046731953955e-5
11907,4.602017524482733e-4
11908,2.0248877107724027e-4
11909,3.6816140195861865e-5
11910,3.068011682988489e-5
11911,2.454409346390791e-5
11912,1.2272046731953955e-5
11913,6.136023365976977e-6
11914,6.136023365976977e-6
11915,8.590432712367768e-5
11916,6.136023365976977e-6
11917,1.1658444395356257e-4
11918,4.295216356183884e-5
11919,2.454409346390791e-5
11922,6.749625702574675e-5
11923,1.2272046731953955e-5
11925,1.2272046731953955e-5
11927,6.136023365976977e-6
11928,1.2272046731953955e-5
11929,1.2272046731953955e-5
11932,4.111135655204575e-4
11933,1.2272046731953955e-5
11934,1.2272046731953955e-5
11935,6.136023365976977e-6
11936,1.8408070097930933e-5
11937,6.136023365976977e-6
11939,2.2703286454114818e-4
11940,6.136023365976977e-6
11941,7.976830375770071e-5
11943,3.6816140195861865e-5
11945,6.136023365976977e-6
11946,1.0431239722160862e-4
11947,1.2272046731953955e-5
11949,1.8408070097930933e-5
11950,6.136023365976977e-6
11951,1.2272046731953955e-5
11953,7.976830375770071e-5
11955,6.136023365976977e-6
11956,6.136023365976977e-6
11957,3.068011682988489e-5
11959,7.731389441130992e-4
11960,3.129371916648259e-4
11961,6.136023365976978e-5
11962,2.454409346390791e-5
11963,7.363228039172373e-5
11965,5.52242102937928e-5
11966,3.068011682988489e-5
11967,6.136023365976977e-6
11968,6.136023365976977e-6
11969,9.204035048965467e-5
11970,1.8408070097930933e-5
11971,2.454409346390791e-5
11973,1.4726456078344746e-4
11976,0.005105171440492846
11977,5.52242102937928e-5
11978,7.976830375770071e-5
11981,6.136023365976977e-6
11982,6.136023365976977e-6
11984,1.2272046731953955e-5
11985,7.363228039172373e-5
11986,6.136023365976977e-6
11987,7.363228039172373e-5
11988,1.8408070097930933e-5
11989,9.204035048965467e-5
11991,1.8408070097930933e-5
11993,1.8408070097930933e-5
11995,6.136023365976977e-6
11996,6.136023365976977e-6
11997,3.6816140195861865e-5
11998,1.2272046731953955e-5
12001,1.8408070097930933e-5
12002,1.2272046731953955e-5
12004,6.136023365976977e-6
12005,3.068011682988489e-5
12006,1.2272046731953955e-5
12007,1.2272046731953955e-5
12008,7.363228039172373e-5
12009,8.590432712367768e-5
12011,1.0431239722160862e-4
12013,1.8408070097930933e-5
12014,5.52242102937928e-5
12016,4.172495888864345e-4
12017,1.104484205875856e-4
12018,2.454409346390791e-5
12019,1.8408070097930933e-5
12020,2.0248877107724027e-4
12021,1.7794467761333236e-4
12022,3.6816140195861865e-5
12023,3.068011682988489e-5
12025,1.8408070097930933e-5
12028,1.5953660751540143e-4
12029,3.068011682988489e-5
12033,1.8408070097930933e-5
12034,5.52242102937928e-5
12035,2.454409346390791e-5
12036,6.136023365976977e-6
12037,6.136023365976977e-6
12038,1.2272046731953955e-5
12040,1.2272046731953955e-5
12041,1.8408070097930933e-5
12044,1.2272046731953955e-5
12045,1.2272046731953955e-5
12046,1.2272046731953955e-5
12047,6.136023365976977e-6
12048,1.2272046731953955e-5
12049,6.136023365976977e-6
12050,1.2272046731953955e-5
12052,6.136023365976977e-6
12053,6.136023365976977e-6
12054,2.454409346390791e-5
12055,6.136023365976977e-6
12057,2.454409346390791e-5
12060,6.136023365976977e-6
12061,7.976830375770071e-5
12062,5.52242102937928e-4
12063,3.6816140195861865e-5
12064,1.104484205875856e-4
12065,3.068011682988489e-5
12066,3.068011682988489e-5
12067,2.454409346390791e-5
12068,3.068011682988489e-5
12069,6.136023365976977e-6
12070,1.2272046731953955e-5
12071,1.2272046731953955e-5
12072,2.454409346390791e-5
12073,1.9635274771126327e-4
12075,1.2885649068551653e-4
12076,1.2272046731953955e-5
12077,6.136023365976977e-6
12078,2.454409346390791e-5
12079,6.749625702574675e-5
12080,6.136023365976977e-6
12081,5.52242102937928e-5
12082,6.136023365976977e-6
12084,4.908818692781582e-5
12085,4.908818692781582e-5
12088,1.2272046731953955e-5
12089,6.749625702574675e-5
12090,1.8408070097930933e-5
12091,6.197383599636747e-4
12093,6.136023365976977e-6
12095,3.068011682988489e-5
12097,3.497533318606877e-4
12098,1.2272046731953955e-5
12100,3.6816140195861865e-5
12101,1.2272046731953955e-5
12102,6.136023365976977e-6
12104,1.2272046731953955e-5
12107,3.068011682988489e-5
12108,1.2272046731953955e-5
12109,2.454409346390791e-5
12110,1.8408070097930933e-5
12111,2.454409346390791e-5
12112,6.136023365976977e-6
12113,6.136023365976977e-6
12117,2.454409346390791e-5
12118,6.136023365976978e-5
12122,6.136023365976977e-6
12123,6.136023365976977e-6
12124,3.6816140195861865e-5
12126,2.8839309820091795e-4
12127,2.454409346390791e-5
12128,3.620253785926417e-4
12129,6.136023365976977e-6
12131,6.136023365976977e-6
12132,1.411285374174705e-4
12133,4.908818692781582e-5
12134,6.136023365976977e-6
12135,2.454409346390791e-5
12140,2.454409346390791e-5
12141,1.2272046731953955e-5
12143,6.136023365976977e-6
12145,1.8408070097930933e-5
12148,1.2272046731953955e-5
12152,6.136023365976977e-6
12154,6.136023365976978e-5
12156,6.136023365976977e-6
12157,6.136023365976977e-6
12158,7.363228039172373e-5
12160,4.908818692781582e-5
12162,6.136023365976977e-6
12163,6.136023365976978e-5
12164,6.136023365976978e-5
12169,2.454409346390791e-5
12170,1.2272046731953955e-5
12174,8.590432712367768e-5
12176,3.068011682988489e-5
12179,6.136023365976977e-6
12181,1.2885649068551653e-4
12183,7.485948506491913e-4
12184,1.0431239722160862e-4
12185,4.908818692781582e-5
12187,6.136023365976977e-6
12189,4.295216356183884e-5
12190,3.129371916648259e-4
12193,1.2272046731953955e-5
12195,1.8408070097930933e-5
12196,6.136023365976977e-6
12197,6.136023365976977e-6
12198,8.590432712367768e-5
12199,6.136023365976977e-6
12201,7.976830375770071e-5
12202,6.136023365976977e-6
12204,1.8408070097930933e-5
12205,6.136023365976977e-6
12206,1.2272046731953955e-5
12208,1.9635274771126327e-4
12209,3.6816140195861865e-5
12211,1.2272046731953955e-5
12212,9.817637385563164e-5
12214,1.2272046731953955e-5
12215,1.2272046731953955e-5
12217,1.8408070097930933e-5
12221,1.2272046731953955e-5
12222,2.454409346390791e-4
12223,2.454409346390791e-5
12224,1.2272046731953955e-5
12225,2.6384900473701e-4
12226,7.792749674790762e-4
12227,1.2272046731953955e-5
12229,1.8408070097930933e-5
12230,3.6816140195861865e-5
12231,6.136023365976977e-6
12232,6.136023365976977e-6
12238,6.136023365976978e-5
12239,1.2272046731953955e-5
12240,2.454409346390791e-5
12241,1.2272046731953955e-5
12242,4.295216356183884e-5
12244,6.136023365976977e-6
12247,6.136023365976977e-6
12248,2.5771298137103305e-4
12249,2.2703286454114818e-4
12250,1.2272046731953955e-5
12251,3.006651449328719e-4
12252,3.068011682988489e-5
12254,1.2272046731953955e-5
12255,6.136023365976977e-6
12256,1.2272046731953956e-4
12257,1.8408070097930933e-5
12259,4.295216356183884e-5
12261,1.2272046731953955e-5
12264,1.2272046731953955e-5
12265,6.136023365976977e-6
12266,6.136023365976977e-6
12270,2.0862479444321724e-4
12271,6.136023365976978e-5
12272,1.8408070097930933e-5
12273,1.2272046731953955e-5
12274,6.136023365976977e-6
12275,1.8408070097930933e-5
12276,2.454409346390791e-5
12279,6.136023365976977e-6
12282,6.136023365976977e-6
12283,3.068011682988489e-5
12287,1.2272046731953955e-5
12288,6.136023365976977e-6
12289,6.136023365976977e-6
12290,3.313452617627568e-4
12291,1.2272046731953955e-5
12292,2.454409346390791e-5
12293,1.2272046731953955e-5
12294,6.136023365976977e-6
12295,2.454409346390791e-5
12296,6.136023365976977e-6
12297,1.8408070097930933e-5
12299,6.136023365976977e-6
12300,3.6816140195861865e-5
12301,1.5953660751540143e-4
12303,2.454409346390791e-5
12304,1.2272046731953955e-5
12305,2.454409346390791e-5
12306,6.136023365976977e-6
12307,1.8408070097930933e-5
12308,1.8408070097930933e-5
12309,3.6816140195861865e-5
12310,2.454409346390791e-5
12312,1.8408070097930933e-5
12313,1.5953660751540143e-4
12317,6.136023365976977e-6
12318,6.136023365976977e-6
12319,6.136023365976977e-6
12320,7.976830375770071e-5
12321,1.0431239722160862e-4
12327,1.2272046731953955e-5
12329,6.136023365976977e-6
12330,1.8408070097930933e-5
12331,1.8408070097930933e-5
12332,1.8408070097930933e-5
12333,5.52242102937928e-5
12334,6.136023365976977e-6
12335,6.136023365976977e-6
12336,5.52242102937928e-5
12337,5.890582431337898e-4
12338,4.295216356183884e-5
12340,1.8408070097930933e-5
12341,1.8408070097930933e-5
12343,1.2272046731953955e-5
12345,1.411285374174705e-4
12347,4.356576589843654e-4
12349,3.6816140195861865e-5
12350,3.6816140195861865e-5
12351,1.2272046731953955e-5
12352,0.0014787816312004517
12354,6.136023365976977e-6
12355,9.817637385563164e-5
12356,2.454409346390791e-5
12358,4.908818692781582e-5
12360,1.8408070097930933e-5
12361,1.2272046731953955e-5
12362,3.6816140195861865e-5
12363,1.2272046731953955e-5
12364,2.454409346390791e-5
12365,3.6816140195861865e-5
12368,6.136023365976977e-6
12369,5.52242102937928e-5
12370,4.295216356183884e-5
12371,6.136023365976977e-6
12373,1.2272046731953955e-5
12375,0.0015646859583241294
12376,1.8408070097930933e-5
12377,1.2272046731953956e-4
12378,0.001889895196720909
12379,6.136023365976977e-6
12386,2.454409346390791e-5
12387,6.136023365976977e-6
12388,1.2272046731953955e-5
12390,5.52242102937928e-5
12391,3.068011682988489e-5
12392,1.2272046731953955e-5
12393,6.136023365976977e-6
12396,2.454409346390791e-5
12397,6.136023365976977e-6
12398,1.2272046731953955e-5
12399,6.136023365976977e-6
12400,6.136023365976977e-6
12401,2.454409346390791e-5
12404,6.136023365976977e-6
12408,6.136023365976977e-6
12409,6.136023365976977e-6
12411,1.2272046731953955e-5
12413,1.8408070097930933e-5
12414,6.136023365976977e-6
12415,6.136023365976977e-6
12416,3.6816140195861865e-5
12417,6.136023365976977e-6
12419,6.136023365976977e-6
12422,9.756277151903394e-4
12423,4.295216356183884e-5
12424,6.136023365976978e-5
12425,6.136023365976977e-6
12426,6.136023365976977e-6
12428,6.136023365976977e-6
12431,1.411285374174705e-4
12433,6.136023365976977e-6
12434,6.136023365976977e-6
12435,6.136023365976977e-6
12437,1.2272046731953955e-5
12438,7.976830375770071e-5
12439,6.136023365976977e-6
12440,6.136023365976977e-6
12441,1.2272046731953955e-5
12442,6.136023365976977e-6
12444,1.2272046731953955e-5
12448,1.8408070097930933e-5
12449,1.2272046731953955e-5
12451,6.136023365976977e-6
12454,1.2272046731953956e-4
12455,2.454409346390791e-5
12456,6.136023365976977e-6
12457,1.2272046731953955e-5
12458,1.8408070097930933e-5
12459,1.2272046731953955e-5
12460,7.363228039172373e-5
12461,6.136023365976977e-6
12462,1.2272046731953955e-5
12463,2.454409346390791e-5
12464,6.136023365976977e-6
12465,6.136023365976977e-6
12466,6.136023365976977e-6
12468,6.136023365976977e-6
12470,3.6816140195861865e-5
12471,4.908818692781582e-5
12472,1.2272046731953955e-5
12473,5.52242102937928e-5
12474,1.8408070097930933e-5
12475,6.136023365976977e-6
12479,1.2272046731953955e-5
12480,6.136023365976977e-6
12482,4.295216356183884e-5
12483,6.136023365976977e-6
12485,7.976830375770071e-5
12487,1.2272046731953955e-5
12489,8.590432712367768e-5
12490,3.6816140195861865e-5
12491,6.749625702574675e-5
12492,3.068011682988489e-5
12494,1.2272046731953955e-5
12495,8.590432712367768e-5
12496,1.2272046731953955e-5
12497,1.1658444395356257e-4
12501,0.0014419654910045898
12502,0.0011842525096335567
12504,4.908818692781582e-5
12505,8.590432712367768e-5
12507,6.136023365976977e-6
12508,4.908818692781582e-5
12509,2.0862479444321724e-4
12510,1.2885649068551653e-4
12512,0.0015340058414942445
12515,1.2272046731953955e-5
12516,1.8408070097930933e-5
12517,3.068011682988489e-5
12518,6.136023365976977e-6
12519,5.52242102937928e-5
12522,6.136023365976977e-6
12523,2.454409346390791e-5
12524,1.2272046731953955e-5
12526,6.136023365976977e-6
12527,6.136023365976977e-6
12528,1.8408070097930933e-5
12529,1.2272046731953955e-5
12530,1.2272046731953955e-5
12532,7.976830375770071e-5
12535,1.2272046731953955e-5
12536,3.068011682988489e-5
12538,6.136023365976977e-6
12541,6.136023365976977e-6
12542,1.2272046731953955e-5
12543,6.136023365976977e-6
12544,6.136023365976977e-6
12545,4.295216356183884e-5
12546,6.136023365976977e-6
12552,3.068011682988489e-5
12553,1.8408070097930933e-5
12556,2.3930491127310214e-4
12558,3.129371916648259e-4
12559,1.2272046731953955e-5
12561,6.136023365976977e-6
12562,1.8408070097930933e-5
12563,6.136023365976977e-6
12564,1.8408070097930933e-5
12565,1.2272046731953955e-5
12567,6.136023365976977e-6
12568,1.2272046731953955e-5
12569,6.136023365976977e-6
12571,3.6816140195861865e-5
12572,3.6816140195861865e-5
12573,1.2272046731953955e-5
12574,6.136023365976977e-6
12575,6.136023365976977e-6
12576,2.454409346390791e-5
12577,6.136023365976977e-6
12580,6.136023365976977e-6
12582,1.2272046731953955e-5
12583,1.8408070097930933e-5
12584,1.2272046731953955e-5
12586,1.9635274771126327e-4
12587,9.817637385563164e-5
12588,6.136023365976977e-6
12589,1.2272046731953955e-5
12590,0.001092212159143902
12591,9.204035048965467e-5
12593,3.068011682988489e-5
12594,5.52242102937928e-5
12598,1.8408070097930933e-5
12603,6.136023365976977e-6
12605,4.908818692781582e-5
12606,6.136023365976977e-6
12607,6.136023365976977e-6
12609,1.2272046731953955e-5
12610,1.8408070097930933e-5
12611,3.6816140195861867e-4
12612,6.136023365976977e-6
12613,1.2272046731953955e-5
12614,6.136023365976977e-6
12615,6.136023365976977e-6
12616,6.136023365976977e-6
12617,3.6816140195861865e-5
12618,6.136023365976977e-6
12619,1.2272046731953955e-5
12621,6.136023365976977e-6
12622,6.136023365976977e-6
12624,1.2272046731953955e-5
12625,6.136023365976977e-6
12628,1.8408070097930933e-5
12629,6.136023365976977e-6
12631,6.136023365976977e-6
12632,6.136023365976977e-6
12633,6.136023365976977e-6
12634,6.136023365976977e-6
12636,3.068011682988489e-5
12638,8.590432712367768e-5
12639,5.52242102937928e-5
12640,1.2272046731953955e-5
12641,6.136023365976977e-6
12642,6.136023365976977e-6
12643,7.976830375770071e-5
12644,8.590432712367768e-5
12645,6.136023365976977e-6
12646,1.8408070097930933e-5
12647,1.8408070097930933e-5
12648,1.2272046731953955e-5
12650,1.2272046731953955e-5
12652,2.454409346390791e-5
12653,6.136023365976977e-6
12656,1.2272046731953955e-5
12657,1.2272046731953955e-5
12658,1.2272046731953955e-5
12659,1.8408070097930933e-5
12660,6.136023365976977e-6
12661,2.454409346390791e-5
12662,6.136023365976977e-6
12663,6.136023365976977e-6
12664,3.6816140195861865e-5
12665,1.8408070097930933e-5
12666,1.2272046731953955e-5
12668,3.6816140195861865e-5
12671,2.0862479444321724e-4
12673,3.7429742532459564e-4
12674,6.136023365976977e-6
12676,6.136023365976977e-6
12677,6.136023365976977e-6
12678,4.295216356183884e-5
12679,4.295216356183884e-5
12680,2.454409346390791e-5
12681,1.8408070097930933e-5
12682,1.2272046731953955e-5
12684,7.363228039172373e-5
12685,5.52242102937928e-5
12686,2.3930491127310214e-4
12689,1.8408070097930933e-5
12693,6.136023365976977e-6
12696,6.136023365976977e-6
12697,1.8408070097930933e-5
12699,6.136023365976977e-6
12701,6.136023365976977e-6
12704,1.2272046731953955e-5
12705,4.908818692781582e-5
12707,2.6384900473701e-4
12709,1.8408070097930933e-4
12710,6.136023365976977e-6
12711,7.976830375770071e-5
12712,1.2272046731953955e-5
12713,1.2272046731953955e-5
12715,3.9884151878850357e-4
12716,1.8408070097930933e-5
12717,9.817637385563164e-5
12718,1.2272046731953955e-5
12720,6.136023365976977e-6
12721,2.454409346390791e-5
12723,3.068011682988489e-5
12724,6.136023365976977e-6
12725,1.2272046731953955e-5
12726,4.295216356183884e-5
12727,1.2272046731953955e-5
12730,6.136023365976977e-6
12731,1.2272046731953955e-5
12733,2.454409346390791e-5
12736,1.902167243452863e-4
12737,6.136023365976977e-6
12738,1.2272046731953955e-5
12739,4.295216356183884e-5
12741,2.454409346390791e-5
12743,1.2272046731953955e-5
12745,6.136023365976977e-6
12746,4.295216356183884e-5
12748,1.8408070097930933e-5
12749,1.2272046731953955e-5
12750,6.136023365976977e-6
12751,1.2272046731953955e-5
12752,6.136023365976978e-5
12753,3.6816140195861865e-5
12754,4.908818692781582e-5
12755,9.817637385563164e-5
12756,6.136023365976977e-6
12757,9.204035048965467e-5
12758,3.068011682988489e-5
12759,6.136023365976977e-6
12760,1.5953660751540143e-4
12761,1.2272046731953955e-5
12764,1.2272046731953955e-5
12765,1.8408070097930933e-5
12766,2.454409346390791e-5
12767,1.8408070097930933e-5
12769,1.2272046731953955e-5
12770,2.454409346390791e-5
12772,6.136023365976977e-6
12774,1.2272046731953955e-5
12776,1.8408070097930933e-5
12777,2.454409346390791e-5
12778,1.8408070097930933e-5
12779,9.817637385563164e-5
12780,1.2272046731953955e-5
12782,3.068011682988489e-5
12783,8.590432712367768e-5
12784,6.136023365976977e-6
12785,4.908818692781582e-5
12787,3.068011682988489e-5
12788,1.2272046731953955e-5
12789,7.240507571852834e-4
12790,1.2272046731953955e-5
12791,1.5953660751540143e-4
12792,3.6816140195861865e-5
12793,1.2272046731953955e-5
12794,3.6816140195861865e-5
12795,3.6816140195861865e-5
12796,6.136023365976977e-6
12799,4.295216356183884e-5
12800,6.136023365976977e-6
12801,6.136023365976977e-6
12802,6.136023365976977e-6
12803,1.2272046731953955e-5
12804,3.068011682988489e-5
12805,1.8408070097930933e-5
12806,3.068011682988489e-5
12807,6.136023365976977e-6
12808,6.136023365976977e-6
12809,0.0010308519254841322
12810,1.2272046731953955e-5
12815,6.136023365976977e-6
12816,6.136023365976977e-6
12817,1.2272046731953955e-5
12818,6.749625702574675e-5
12819,6.136023365976977e-6
12820,1.2272046731953955e-5
12823,1.0431239722160862e-4
12824,6.136023365976977e-6
12826,6.136023365976977e-6
12827,4.908818692781582e-5
12828,1.2272046731953955e-5
12829,6.136023365976977e-6
12830,6.136023365976977e-6
12831,6.136023365976977e-6
12832,1.5953660751540143e-4
12836,0.001349925140514935
12837,9.817637385563164e-5
12838,5.52242102937928e-5
12839,6.136023365976977e-6
12840,1.8408070097930933e-5
12841,1.2272046731953955e-5
12842,4.908818692781582e-5
12843,6.136023365976977e-6
12845,6.136023365976977e-6
12846,6.136023365976977e-6
12847,1.8408070097930933e-5
12848,6.136023365976977e-6
12850,6.136023365976977e-6
12852,6.136023365976977e-6
12853,0.0017242225658395307
12854,6.136023365976977e-6
12855,3.068011682988489e-5
12856,4.295216356183884e-5
12858,6.136023365976977e-6
12859,4.295216356183884e-5
12860,6.136023365976977e-6
12861,3.6816140195861865e-5
12862,6.136023365976977e-6
12863,2.945291215668949e-4
12864,1.8408070097930933e-5
12867,6.136023365976977e-6
12868,6.136023365976977e-6
12870,1.2272046731953955e-5
12871,1.2272046731953955e-5
12873,1.2272046731953955e-5
12874,3.068011682988489e-5
12876,6.136023365976977e-6
12877,1.2272046731953955e-5
12882,6.136023365976977e-6
12883,6.136023365976977e-6
12884,1.2272046731953955e-5
12887,4.295216356183884e-5
12888,1.8408070097930933e-5
12889,2.3316888790712514e-4
12890,2.454409346390791e-5
12891,8.590432712367768e-5
12892,6.136023365976977e-6
12895,2.454409346390791e-5
12896,6.136023365976977e-6
12898,6.136023365976977e-6
12899,3.068011682988489e-5
12900,6.136023365976977e-6
12901,1.2272046731953955e-5
12902,6.136023365976977e-6
12903,6.136023365976977e-6
12906,6.136023365976977e-6
12907,4.908818692781582e-5
12909,3.068011682988489e-5
12910,6.136023365976977e-6
12911,1.8408070097930933e-5
12912,1.2272046731953955e-5
12914,4.295216356183884e-5
12915,4.479297057163194e-4
12916,1.2272046731953955e-5
12917,6.136023365976977e-6
12918,1.8408070097930933e-5
12919,1.2272046731953955e-5
12920,1.2272046731953955e-5
12921,9.326755516285006e-4
12923,1.2272046731953955e-5
12924,1.2272046731953955e-5
12925,6.136023365976977e-6
12926,4.908818692781582e-5
12928,2.454409346390791e-4
12929,6.136023365976977e-6
12932,1.2272046731953955e-5
12933,2.454409346390791e-5
12934,6.136023365976977e-6
12935,2.454409346390791e-5
12937,6.136023365976977e-6
12938,6.136023365976977e-6
12942,1.2272046731953955e-5
12944,4.908818692781582e-5
12945,7.976830375770071e-5
12947,1.8408070097930933e-5
12948,2.454409346390791e-5
12952,2.454409346390791e-5
12954,6.136023365976977e-6
12955,3.129371916648259e-4
12956,1.2272046731953955e-5
12958,2.454409346390791e-5
12959,1.4726456078344746e-4
12960,6.136023365976977e-6
12961,1.2272046731953955e-5
12962,1.2272046731953955e-5
12963,4.172495888864345e-4
12964,3.068011682988489e-5
12965,2.454409346390791e-5
12966,5.767861964018359e-4
12967,1.2272046731953955e-5
12968,1.2272046731953955e-5
12969,2.454409346390791e-5
12970,1.8408070097930933e-5
12971,2.454409346390791e-5
12972,6.136023365976977e-6
12973,6.136023365976977e-6
12974,1.2272046731953955e-5
12975,1.8408070097930933e-5
12980,4.295216356183884e-5
12981,1.8408070097930933e-5
12983,2.454409346390791e-5
12984,6.136023365976977e-6
12986,1.2272046731953955e-5
12987,1.349925140514935e-4
12988,1.2272046731953955e-5
12989,6.136023365976977e-6
12990,4.295216356183884e-5
12992,1.5953660751540143e-4
12994,4.295216356183884e-5
12995,1.2272046731953955e-5
12996,1.2272046731953955e-5
12997,6.136023365976977e-4
13000,3.6816140195861865e-5
13004,1.2272046731953955e-5
13005,6.136023365976977e-6
13009,6.136023365976977e-6
13010,3.068011682988489e-5
13012,6.136023365976977e-6
13013,6.136023365976977e-6
13015,6.136023365976977e-6
13016,6.136023365976978e-5
13020,7.976830375770071e-5
13021,6.136023365976977e-6
13022,2.454409346390791e-5
13023,1.8408070097930933e-5
13024,8.590432712367768e-5
13025,6.136023365976977e-6
13028,2.454409346390791e-5
13029,5.52242102937928e-5
13030,6.136023365976977e-6
13032,1.8408070097930933e-5
13033,6.136023365976977e-6
13034,1.8408070097930933e-5
13035,4.908818692781582e-5
13036,9.817637385563164e-5
13037,7.976830375770071e-5
13038,6.136023365976977e-6
13040,1.8408070097930933e-5
13041,1.8408070097930933e-5
13042,9.817637385563164e-5
13044,1.8408070097930933e-5
13047,6.136023365976977e-6
13048,2.454409346390791e-5
13049,1.8408070097930933e-5
13050,1.2272046731953955e-5
13051,1.8408070097930933e-5
13052,3.068011682988489e-5
13053,6.136023365976977e-6
13054,1.2272046731953955e-5
13055,6.136023365976977e-6
13056,6.136023365976977e-6
13057,1.8408070097930933e-5
13058,6.136023365976977e-6
13059,1.2272046731953955e-5
13060,1.8408070097930933e-5
13062,6.136023365976977e-6
13063,2.454409346390791e-5
13065,8.590432712367768e-5
13066,1.2272046731953955e-5
13067,2.454409346390791e-5
13068,1.8408070097930933e-5
13069,1.8408070097930933e-5
13070,1.2272046731953955e-5
13071,6.136023365976977e-6
13072,1.8408070097930933e-5
13073,2.454409346390791e-5
13076,6.136023365976977e-6
13077,6.136023365976977e-6
13078,6.136023365976977e-6
13080,4.295216356183884e-5
13081,1.8408070097930933e-5
13082,1.8408070097930933e-5
13084,1.7180865424735537e-4
13085,1.2272046731953955e-5
13086,6.136023365976977e-6
13087,2.454409346390791e-5
13088,3.6816140195861865e-5
13089,7.976830375770071e-5
13090,4.908818692781582e-5
13091,3.068011682988489e-5
13092,2.454409346390791e-5
13094,6.136023365976977e-6
13097,1.2272046731953955e-5
13099,6.136023365976977e-6
13100,5.52242102937928e-5
13101,6.136023365976977e-6
13103,4.295216356183884e-5
13104,1.2272046731953955e-5
13106,2.454409346390791e-5
13107,1.2272046731953955e-5
13108,1.8408070097930933e-5
13109,8.590432712367768e-5
13110,6.136023365976977e-6
13111,6.136023365976977e-6
13112,2.454409346390791e-5
13113,4.295216356183884e-5
13114,1.8408070097930933e-4
13116,6.136023365976977e-6
13117,1.2885649068551653e-4
13119,1.2272046731953955e-5
13120,2.454409346390791e-5
13123,1.8408070097930933e-5
13124,2.454409346390791e-5
13125,6.136023365976977e-6
13126,6.136023365976977e-6
13127,3.6816140195861865e-5
13128,1.2272046731953955e-5
13130,4.295216356183884e-5
13131,1.8408070097930933e-5
13132,1.2272046731953955e-5
13133,6.136023365976977e-6
13135,6.136023365976977e-6
13137,6.197383599636747e-4
13138,2.945291215668949e-4
13139,1.656726308813784e-4
13140,1.2272046731953955e-5
13141,2.0862479444321724e-4
13143,4.2338561225241145e-4
13144,1.104484205875856e-4
13145,1.349925140514935e-4
13146,5.52242102937928e-5
13147,1.2272046731953955e-5
13148,2.2703286454114818e-4
13149,3.6816140195861865e-5
13150,1.8408070097930933e-5
13151,7.976830375770071e-5
13154,3.068011682988489e-5
13155,1.2272046731953955e-5
13156,6.136023365976977e-6
13157,6.136023365976977e-6
13158,2.454409346390791e-5
13159,1.2272046731953955e-5
13162,3.068011682988489e-5
13163,1.1658444395356257e-4
13164,1.2272046731953955e-5
13167,1.2272046731953955e-5
13168,4.908818692781582e-5
13169,1.8408070097930933e-5
13170,3.068011682988489e-5
13171,9.817637385563164e-5
13173,1.8408070097930933e-5
13174,3.6816140195861865e-5
13175,6.136023365976977e-6
13176,1.8408070097930933e-5
13180,1.8408070097930933e-5
13181,6.136023365976977e-6
13182,1.8408070097930933e-5
13183,6.136023365976977e-6
13184,6.136023365976977e-6
13186,2.454409346390791e-5
13189,6.136023365976977e-6
13190,6.136023365976977e-6
13191,1.8408070097930933e-5
13192,1.0431239722160862e-4
13195,0.0016137741452519451
13197,2.454409346390791e-5
13198,1.2272046731953955e-5
13199,6.136023365976977e-6
13201,6.136023365976977e-6
13205,6.136023365976977e-6
13207,4.295216356183884e-5
13208,2.454409346390791e-5
13209,6.136023365976977e-6
13210,4.908818692781582e-5
13211,1.902167243452863e-4
13213,1.8408070097930933e-5
13216,6.136023365976977e-6
13217,1.2272046731953955e-5
13221,7.976830375770071e-5
13222,1.2272046731953955e-5
13223,8.590432712367768e-5
13224,3.068011682988489e-5
13225,6.136023365976977e-6
13226,9.817637385563164e-5
13227,4.908818692781582e-5
13228,4.295216356183884e-5
13229,1.8408070097930933e-5
13231,1.2272046731953955e-5
13232,1.2272046731953955e-5
13233,2.5771298137103305e-4
13234,3.0680116829884886e-4
13235,6.136023365976977e-6
13236,6.136023365976977e-6
13237,1.7180865424735537e-4
13238,2.6384900473701e-4
13240,6.749625702574675e-5
13241,6.136023365976977e-6
13242,1.2885649068551653e-4
13243,6.136023365976977e-6
13244,6.136023365976977e-6
13247,2.454409346390791e-5
13248,1.8408070097930933e-5
13249,4.295216356183884e-5
13250,2.454409346390791e-5
13252,1.8408070097930933e-5
13253,1.2272046731953955e-5
13255,1.8408070097930933e-5
13256,1.2272046731953955e-5
13258,5.583781263039049e-4
13259,1.8408070097930933e-5
13260,7.056426870873524e-4
13261,1.2272046731953955e-5
13263,1.0431239722160862e-4
13266,1.8408070097930933e-5
13267,4.908818692781582e-5
13268,6.136023365976977e-6
13269,6.136023365976977e-6
13270,1.2272046731953955e-5
13271,1.8408070097930933e-5
13272,4.908818692781582e-5
13273,6.136023365976977e-6
13274,6.136023365976977e-6
13276,3.068011682988489e-5
13277,6.136023365976977e-6
13281,1.104484205875856e-4
13282,6.136023365976977e-6
13283,1.2885649068551653e-4
13284,1.2272046731953955e-5
13285,5.52242102937928e-5
13286,5.52242102937928e-5
13287,3.6816140195861865e-5
13289,1.2272046731953955e-5
13291,4.295216356183884e-5
13292,2.454409346390791e-5
13293,1.8408070097930933e-5
13294,1.2272046731953955e-5
13295,2.454409346390791e-5
13296,2.454409346390791e-5
13297,3.068011682988489e-5
13299,1.2272046731953955e-5
13300,1.8408070097930933e-5
13304,1.2272046731953955e-5
13306,2.454409346390791e-5
13307,6.136023365976977e-6
13308,4.295216356183884e-5
13309,2.208968411751712e-4
13310,1.2885649068551653e-4
13311,1.8408070097930933e-5
13314,6.136023365976977e-6
13317,6.136023365976977e-6
13320,6.136023365976977e-6
13323,1.2272046731953955e-5
13324,6.136023365976977e-6
13325,2.454409346390791e-5
13327,3.068011682988489e-5
13330,8.590432712367768e-5
13331,3.6816140195861865e-5
13334,3.6816140195861865e-5
13335,4.908818692781582e-5
13336,1.2272046731953955e-5
13337,2.454409346390791e-5
13338,1.8408070097930933e-5
13339,1.2272046731953955e-5
13340,1.8408070097930933e-5
13341,2.454409346390791e-4
13342,7.363228039172373e-5
13343,1.2272046731953955e-5
13344,9.204035048965467e-5
13345,1.2272046731953955e-5
13346,2.454409346390791e-5
13347,1.8408070097930933e-5
13348,1.8408070097930933e-5
13349,6.136023365976977e-6
13352,1.0431239722160862e-4
13353,4.295216356183884e-5
13354,1.2272046731953955e-5
13357,6.136023365976977e-6
13359,6.136023365976977e-6
13363,1.2272046731953955e-5
13364,6.136023365976977e-6
13366,1.8408070097930933e-5
13367,1.2272046731953955e-5
13368,2.454409346390791e-5
13369,1.8408070097930933e-5
13370,1.2272046731953955e-5
13371,5.52242102937928e-5
13372,4.908818692781582e-5
13375,3.068011682988489e-5
13376,6.136023365976977e-6
13378,4.908818692781582e-5
13380,4.295216356183884e-5
13381,1.2272046731953955e-5
13382,6.136023365976977e-6
13383,6.136023365976977e-6
13384,1.2272046731953955e-5
13386,6.136023365976977e-6
13388,6.136023365976977e-6
13389,1.2272046731953955e-5
13390,6.136023365976977e-6
13392,6.136023365976977e-6
13393,1.2272046731953955e-5
13395,6.136023365976977e-6
13396,3.068011682988489e-5
13397,8.590432712367768e-5
13399,1.8408070097930933e-5
13400,1.2272046731953955e-5
13401,1.8408070097930933e-5
13402,2.454409346390791e-5
13405,1.2272046731953955e-5
13407,6.136023365976977e-6
13408,1.2272046731953955e-5
13409,6.136023365976977e-6
13411,5.52242102937928e-5
13412,6.749625702574675e-5
13413,1.2272046731953955e-5
13414,1.2272046731953955e-5
13415,6.136023365976977e-6
13416,3.6816140195861865e-5
13417,1.2272046731953955e-5
13418,1.2272046731953955e-5
13419,6.136023365976977e-6
13421,1.2272046731953955e-5
13422,2.147608178091942e-4
13423,1.2272046731953955e-5
13425,6.136023365976977e-6
13426,6.136023365976977e-6
13427,1.2272046731953955e-5
13428,1.8408070097930933e-5
13429,3.068011682988489e-5
13433,4.908818692781582e-5
13434,6.136023365976977e-6
13435,1.2272046731953955e-5
13437,5.52242102937928e-5
13438,3.068011682988489e-5
13439,1.2272046731953955e-5
13440,6.136023365976977e-6
13441,6.136023365976977e-6
13442,3.068011682988489e-5
13445,6.136023365976977e-6
13446,6.136023365976977e-6
13448,8.590432712367768e-5
13449,1.7794467761333236e-4
13451,1.656726308813784e-4
13452,1.8408070097930933e-5
13453,3.068011682988489e-5
13454,3.068011682988489e-5
13456,1.0431239722160862e-4
13457,1.2272046731953955e-5
13458,3.0680116829884886e-4
13461,1.2885649068551653e-4
13462,6.136023365976977e-6
13463,2.454409346390791e-5
13466,7.363228039172373e-5
13467,1.2272046731953955e-5
13468,6.136023365976977e-6
13469,7.363228039172373e-5
13474,1.8408070097930933e-5
13476,3.068011682988489e-5
13479,4.295216356183884e-5
13480,6.136023365976977e-6
13481,1.349925140514935e-4
13482,9.817637385563164e-5
13483,6.136023365976977e-6
13484,3.068011682988489e-5
13485,1.2272046731953955e-5
13486,1.7180865424735537e-4
13487,1.2272046731953955e-5
13489,6.136023365976977e-6
13490,3.6816140195861865e-5
13491,4.295216356183884e-5
13494,1.2885649068551653e-4
13495,1.8408070097930933e-5
13496,1.2272046731953955e-5
13498,4.908818692781582e-5
13499,5.52242102937928e-5
13500,4.908818692781582e-5
13501,6.136023365976977e-6
13504,4.479297057163194e-4
13508,1.411285374174705e-4
13509,4.786098225462043e-4
13510,1.902167243452863e-4
13511,1.8408070097930933e-5
13512,1.2272046731953955e-5
13514,6.136023365976977e-6
13515,7.976830375770071e-5
13516,6.136023365976977e-6
13517,1.8408070097930933e-5
13518,6.136023365976977e-6
13520,4.295216356183884e-5
13522,6.136023365976977e-6
13523,7.976830375770071e-5
13524,6.136023365976977e-6
13525,1.8408070097930933e-5
13526,6.749625702574675e-5
13527,6.136023365976977e-6
13528,1.8408070097930933e-5
13530,7.363228039172373e-5
13533,1.8408070097930933e-5
13539,1.2272046731953955e-5
13540,6.136023365976977e-6
13541,6.136023365976977e-6
13542,1.2272046731953955e-5
13543,1.2272046731953955e-5
13545,5.52242102937928e-5
13547,6.136023365976977e-6
13549,2.454409346390791e-5
13551,3.9270549542252655e-4
13553,4.295216356183884e-5
13554,3.6816140195861865e-5
13555,1.5340058414942443e-4
13556,1.2272046731953955e-5
13557,3.068011682988489e-5
13559,6.136023365976977e-6
13560,6.136023365976977e-6
13561,1.8408070097930933e-5
13562,1.104484205875856e-4
13564,2.82257074834941e-4
13565,3.6816140195861865e-5
13566,1.2272046731953955e-5
13567,3.6816140195861865e-5
13569,1.2272046731953955e-5
13570,3.6816140195861865e-5
13573,1.2272046731953955e-5
13576,1.2272046731953955e-5
13577,6.136023365976977e-6
13579,1.2272046731953955e-5
13580,1.8408070097930933e-5
13582,6.136023365976977e-6
13583,1.2272046731953955e-5
13584,3.6816140195861865e-5
13585,1.8408070097930933e-5
13588,6.749625702574675e-5
13589,1.8408070097930933e-5
13591,8.590432712367768e-5
13593,6.136023365976977e-6
13595,5.52242102937928e-5
13597,1.2272046731953955e-5
13599,1.8408070097930933e-5
13600,4.0497754215448054e-4
13601,6.136023365976978e-5
13602,0.0015340058414942445
13603,6.136023365976977e-6
13604,1.902167243452863e-4
13605,6.136023365976977e-6
13606,4.908818692781582e-4
13610,1.8408070097930933e-5
13611,1.8408070097930933e-5
13612,6.136023365976977e-6
13613,1.8408070097930933e-5
13614,1.8408070097930933e-4
13615,1.8408070097930933e-5
13616,6.136023365976977e-6
13617,3.6816140195861865e-5
13619,2.454409346390791e-5
13620,3.068011682988489e-5
13621,1.2272046731953955e-5
13622,1.8408070097930933e-5
13623,6.136023365976977e-6
13624,1.2272046731953955e-5
13625,1.1658444395356257e-4
13628,6.136023365976977e-6
13629,6.136023365976977e-6
13632,1.2272046731953955e-5
13633,1.8408070097930933e-5
13635,4.295216356183884e-5
13636,1.1658444395356257e-4
13637,1.8408070097930933e-5
13638,2.454409346390791e-5
13639,3.6816140195861865e-5
13640,3.068011682988489e-5
13641,2.454409346390791e-5
13644,1.8408070097930933e-4
13646,4.295216356183884e-5
13647,7.240507571852834e-4
13648,3.068011682988489e-5
13649,3.6816140195861865e-5
13650,6.136023365976977e-6
13651,5.52242102937928e-5
13652,3.068011682988489e-5
13653,5.64514149669882e-4
13654,6.136023365976977e-6
13655,1.2272046731953955e-5
13657,1.8408070097930933e-5
13658,4.970178926441351e-4
13659,6.136023365976977e-6
13661,2.515769580050561e-4
13662,6.136023365976978e-5
13663,1.1658444395356257e-4
13664,6.136023365976977e-6
13665,1.2272046731953955e-5
13666,4.908818692781582e-5
13667,9.204035048965467e-5
13668,5.52242102937928e-5
13670,6.749625702574675e-5
13671,6.136023365976977e-6
13672,3.068011682988489e-5
13673,6.749625702574675e-5
13675,1.2272046731953955e-5
13676,6.136023365976977e-6
13677,9.510836217264315e-4
13678,8.590432712367768e-5
13679,1.2272046731953955e-5
13680,1.2272046731953955e-5
13683,6.136023365976977e-6
13684,1.2272046731953955e-5
13685,6.136023365976977e-6
13686,1.2272046731953955e-5
13687,2.454409346390791e-5
13688,1.2272046731953955e-5
13689,4.295216356183884e-5
13690,1.104484205875856e-4
13691,1.8408070097930933e-5
13693,6.136023365976977e-6
13694,6.136023365976977e-6
13695,2.454409346390791e-5
13696,1.2272046731953955e-5
13697,1.2272046731953955e-5
13699,3.6816140195861865e-5
13700,4.295216356183884e-5
13702,1.5340058414942443e-4
13703,1.2272046731953955e-5
13704,1.2272046731953955e-5
13709,1.2272046731953955e-5
13711,1.2272046731953955e-5
13713,2.454409346390791e-5
13716,3.6816140195861865e-5
13717,1.2272046731953955e-5
13718,6.136023365976977e-6
13720,1.8408070097930933e-5
13722,2.454409346390791e-5
13723,1.8408070097930933e-5
13725,1.2272046731953955e-5
13726,6.136023365976977e-6
13727,1.1658444395356257e-4
13730,6.136023365976977e-6
13731,4.908818692781582e-5
13732,1.8408070097930933e-5
13734,1.8408070097930933e-5
13735,1.2272046731953955e-5
13736,1.2272046731953955e-5
13738,1.2272046731953955e-5
13739,2.454409346390791e-5
13740,6.136023365976977e-6
13741,0.0020801119210661955
13742,1.2272046731953955e-5
13744,3.068011682988489e-5
13745,6.136023365976977e-6
13746,1.2272046731953955e-5
13748,1.8408070097930933e-5
13749,6.136023365976977e-6
13750,6.136023365976977e-6
13751,4.356576589843654e-4
13752,1.656726308813784e-4
13753,1.411285374174705e-4
13754,6.136023365976977e-6
13755,6.136023365976977e-6
13756,4.908818692781582e-5
13757,1.2272046731953955e-5
13758,3.6816140195861865e-5
13759,6.136023365976977e-6
13760,1.2272046731953955e-5
13762,1.8408070097930933e-5
13764,6.136023365976977e-6
13765,1.8408070097930933e-5
13766,9.204035048965467e-5
13769,3.6816140195861865e-5
13771,2.454409346390791e-5
13775,7.976830375770071e-5
13777,1.2272046731953955e-5
13778,1.2272046731953955e-5
13780,9.817637385563164e-5
13781,4.295216356183884e-5
13782,1.8408070097930933e-5
13783,2.454409346390791e-5
13784,9.817637385563164e-5
13786,1.2272046731953955e-5
13789,6.136023365976977e-6
13790,6.136023365976977e-6
13791,6.136023365976977e-6
13792,6.136023365976977e-6
13793,6.136023365976977e-6
13794,3.068011682988489e-5
13795,6.136023365976977e-6
13796,6.136023365976977e-6
13797,6.136023365976977e-6
13799,6.136023365976977e-6
13800,2.454409346390791e-5
13801,3.068011682988489e-5
13804,1.8408070097930933e-5
13805,1.8408070097930933e-5
13806,6.136023365976977e-6
13808,6.136023365976977e-6
13809,6.136023365976977e-6
13810,6.136023365976977e-6
13811,6.749625702574675e-5
13812,6.136023365976977e-6
13813,1.2272046731953955e-5
13815,6.136023365976977e-6
13816,1.2272046731953955e-5
13819,2.454409346390791e-5
13822,5.52242102937928e-5
13823,6.136023365976977e-6
13825,4.908818692781582e-5
13826,6.136023365976977e-6
13828,6.136023365976977e-6
13829,6.136023365976977e-6
13830,6.136023365976977e-6
13831,6.749625702574675e-5
13832,2.454409346390791e-5
13834,1.2272046731953955e-5
13835,2.454409346390791e-5
13836,5.52242102937928e-5
13839,1.2272046731953955e-5
13841,6.136023365976977e-6
13843,0.006866210146528238
13844,1.4726456078344746e-4
13845,6.136023365976978e-5
13846,2.454409346390791e-5
13851,6.136023365976977e-6
13852,1.8408070097930933e-5
13853,2.454409346390791e-5
13854,3.068011682988489e-5
13858,2.3316888790712514e-4
13859,6.136023365976977e-6
13860,8.590432712367768e-5
13861,3.6816140195861865e-5
13862,2.945291215668949e-4
13863,6.136023365976977e-6
13864,2.454409346390791e-5
13865,6.136023365976977e-6
13866,3.068011682988489e-5
13867,4.908818692781582e-5
13873,1.8408070097930933e-5
13874,2.945291215668949e-4
13875,1.2272046731953955e-5
13877,1.8408070097930933e-5
13879,6.136023365976977e-6
13880,6.136023365976977e-6
13881,1.2272046731953955e-5
13884,1.1658444395356257e-4
13885,1.8408070097930933e-5
13886,5.52242102937928e-5
13887,9.817637385563164e-5
13888,1.2272046731953955e-5
13889,1.8408070097930933e-5
13894,1.8408070097930933e-5
13895,1.8408070097930933e-5
13897,1.2272046731953955e-5
13898,1.8408070097930933e-5
13899,0.001061532042314017
13900,1.8408070097930933e-5
13901,4.786098225462043e-4
13904,6.136023365976978e-5
13905,6.136023365976977e-6
13906,2.0862479444321724e-4
13907,1.2272046731953955e-5
13908,3.068011682988489e-5
13909,1.349925140514935e-4
13910,2.454409346390791e-5
13911,6.136023365976977e-6
13912,6.136023365976977e-6
13913,1.104484205875856e-4
13914,1.8408070097930933e-5
13915,1.2272046731953955e-5
13916,1.8408070097930933e-5
13917,1.2272046731953955e-5
13918,1.2272046731953955e-5
13920,1.7180865424735537e-4
13921,1.8408070097930933e-5
13923,4.295216356183884e-5
13924,1.2272046731953955e-5
13925,1.2272046731953955e-5
13926,1.8408070097930933e-5
13927,6.136023365976977e-6
13928,5.52242102937928e-5
13931,5.52242102937928e-5
13932,6.136023365976977e-6
13933,8.590432712367768e-5
13934,1.2885649068551653e-4
13935,6.136023365976977e-6
13936,3.068011682988489e-5
13939,6.136023365976977e-6
13942,6.136023365976977e-6
13943,1.2272046731953955e-5
13944,2.454409346390791e-5
13945,1.8408070097930933e-5
13946,5.52242102937928e-5
13947,4.295216356183884e-5
13949,1.2272046731953955e-5
13950,6.136023365976977e-6
13952,6.136023365976978e-5
13954,6.136023365976977e-6
13956,6.136023365976977e-6
13958,1.2272046731953955e-5
13959,6.136023365976977e-6
13960,3.068011682988489e-5
13963,1.8408070097930933e-5
13964,2.454409346390791e-5
13965,1.8408070097930933e-5
13966,6.136023365976977e-6
13967,0.001098348182509879
13969,6.136023365976977e-6
13970,6.749625702574675e-5
13971,6.136023365976977e-6
13972,6.136023365976977e-6
13973,3.0680116829884886e-4
13974,6.136023365976977e-6
13975,1.2272046731953955e-5
13977,9.204035048965467e-5
13978,3.6816140195861865e-5
13979,1.2272046731953955e-5
13980,6.136023365976977e-6
13981,1.2272046731953955e-5
13982,1.0431239722160862e-4
13983,3.129371916648259e-4
13985,1.2272046731953955e-5
13991,1.349925140514935e-4
13992,6.136023365976978e-5
13994,6.136023365976978e-5
13995,2.454409346390791e-5
13999,2.454409346390791e-5
14000,6.136023365976977e-6
14002,4.908818692781582e-5
14003,6.136023365976977e-6
14004,6.136023365976978e-5
14005,1.2272046731953955e-5
14006,5.52242102937928e-5
14007,5.52242102937928e-4
14008,1.349925140514935e-4
14009,1.0431239722160862e-4
14011,3.068011682988489e-5
14013,1.2272046731953955e-5
14017,1.8408070097930933e-5
14018,4.295216356183884e-5
14019,6.136023365976978e-5
14020,7.363228039172373e-5
14022,9.204035048965467e-5
14023,1.2272046731953955e-5
14024,2.454409346390791e-4
14025,1.2272046731953955e-5
14026,1.8408070097930933e-4
14027,6.136023365976977e-6
14028,1.2272046731953955e-5
14029,1.2885649068551653e-4
14030,7.976830375770071e-5
14031,1.2272046731953955e-5
14037,1.8408070097930933e-5
14038,1.2272046731953955e-5
14041,6.136023365976977e-6
14042,1.8408070097930933e-5
14043,1.2272046731953955e-5
14044,1.8408070097930933e-5
14045,6.136023365976977e-6
14046,6.136023365976977e-6
14051,6.136023365976977e-6
14053,1.2272046731953955e-5
14054,1.2272046731953955e-5
14055,1.8408070097930933e-5
14057,1.2272046731953955e-5
14058,5.52242102937928e-5
14060,1.2272046731953955e-5
14062,4.295216356183884e-5
14063,1.2272046731953955e-5
14065,6.136023365976977e-6
14067,3.068011682988489e-5
14068,6.136023365976977e-6
14069,6.136023365976977e-6
14072,1.8408070097930933e-5
14073,8.590432712367768e-5
14076,1.2272046731953955e-5
14077,2.454409346390791e-5
14081,1.2272046731953955e-5
14082,3.068011682988489e-5
14083,4.295216356183884e-5
14085,1.8408070097930933e-5
14086,1.8408070097930933e-5
14087,1.8408070097930933e-5
14088,2.454409346390791e-5
14089,1.2272046731953955e-5
14091,6.136023365976977e-6
14092,1.2272046731953955e-5
14093,6.136023365976977e-6
14094,1.8408070097930933e-5
14096,1.8408070097930933e-5
14098,1.8408070097930933e-5
14099,3.6816140195861865e-5
14100,6.136023365976977e-6
14101,6.136023365976977e-6
14102,2.515769580050561e-4
14103,1.8408070097930933e-5
14104,6.136023365976977e-6
14105,1.5953660751540143e-4
14107,6.136023365976977e-6
14111,1.2272046731953955e-5
14112,4.295216356183884e-5
14113,3.068011682988489e-5
14114,3.068011682988489e-5
14115,1.2272046731953955e-5
14117,4.295216356183884e-5
14118,6.136023365976977e-6
14119,0.0010738040890459712
14120,7.363228039172373e-5
14121,6.136023365976977e-6
14122,3.068011682988489e-5
14123,3.068011682988489e-5
14124,1.2272046731953955e-5
14125,1.5340058414942443e-4
14126,5.52242102937928e-5
14127,6.136023365976977e-6
14128,8.16091107674938e-4
14130,1.8408070097930933e-4
14131,1.0431239722160862e-4
14133,1.8408070097930933e-5
14134,7.976830375770071e-5
14135,6.136023365976977e-6
14136,6.136023365976977e-6
14138,1.2272046731953955e-5
14139,1.411285374174705e-4
14141,6.136023365976978e-5
14142,1.8408070097930933e-5
14143,6.136023365976977e-6
14144,1.4726456078344746e-4
14145,2.0862479444321724e-4
14146,7.363228039172373e-5
14147,6.136023365976977e-6
14148,1.8408070097930933e-5
14149,6.136023365976977e-6
14151,6.565545001595366e-4
14152,2.454409346390791e-5
14153,3.6816140195861865e-5
14154,1.656726308813784e-4
14155,6.136023365976978e-5
14156,7.976830375770071e-5
14159,1.2272046731953955e-5
14160,1.8408070097930933e-5
14161,2.454409346390791e-5
14162,1.2272046731953955e-5
14163,2.515769580050561e-4
14164,1.349925140514935e-4
14167,4.295216356183884e-5
14168,1.8408070097930933e-5
14170,2.454409346390791e-5
14173,6.136023365976977e-6
14175,6.136023365976977e-6
14176,7.976830375770071e-5
14177,7.363228039172373e-5
14178,1.2272046731953955e-5
14179,6.136023365976977e-6
14180,6.136023365976977e-6
14181,1.8408070097930933e-5
14182,1.2272046731953955e-5
14183,1.2272046731953955e-5
14184,1.2272046731953955e-5
14185,2.0248877107724027e-4
14188,2.454409346390791e-5
14189,1.8408070097930933e-5
14190,1.8408070097930933e-5
14191,6.136023365976977e-6
14192,6.136023365976977e-6
14196,3.068011682988489e-5
14198,3.068011682988489e-5
14202,1.2272046731953955e-5
14204,6.136023365976977e-6
14205,2.454409346390791e-5
14206,6.136023365976977e-6
14208,3.9270549542252655e-4
14209,1.2272046731953955e-5
14211,1.8408070097930933e-5
14215,3.497533318606877e-4
14217,8.590432712367768e-5
14218,1.2272046731953955e-5
14219,6.136023365976977e-6
14220,7.976830375770071e-5
14221,1.8408070097930933e-5
14222,6.136023365976977e-6
14224,1.8408070097930933e-5
14225,6.136023365976977e-6
14226,6.136023365976977e-6
14230,1.2272046731953955e-5
14231,3.068011682988489e-5
14234,1.2272046731953955e-5
14236,1.2272046731953955e-5
14237,1.2272046731953955e-5
14238,6.136023365976977e-6
14240,6.136023365976977e-6
14242,6.136023365976977e-6
14243,6.136023365976977e-6
14244,4.295216356183884e-5
14245,1.8408070097930933e-5
14246,0.0011719804629016027
14248,1.2272046731953955e-5
14249,6.136023365976977e-6
14250,6.749625702574675e-5
14251,6.136023365976977e-6
14252,5.52242102937928e-5
14254,3.068011682988489e-5
14257,1.2272046731953956e-4
14258,4.908818692781582e-5
14260,1.104484205875856e-4
14262,1.2272046731953955e-5
14263,2.454409346390791e-5
14264,8.590432712367768e-5
14265,1.8408070097930933e-4
14266,3.068011682988489e-5
14267,6.136023365976977e-6
14268,1.8408070097930933e-5
14269,6.136023365976977e-6
14270,6.136023365976977e-6
14273,3.068011682988489e-5
14274,2.454409346390791e-5
14275,6.136023365976977e-6
14278,6.136023365976977e-6
14279,6.136023365976977e-6
14281,2.454409346390791e-5
14282,1.2272046731953955e-5
14283,1.2272046731953955e-5
14284,1.2272046731953955e-5
14286,1.2272046731953955e-5
14288,1.411285374174705e-4
14289,6.136023365976977e-6
14291,6.136023365976978e-5
14293,2.82257074834941e-4
14294,1.2272046731953955e-5
14296,1.8408070097930933e-5
14297,2.2703286454114818e-4
14300,5.52242102937928e-5
14303,1.8408070097930933e-5
14304,6.136023365976977e-6
14305,6.136023365976977e-6
14307,1.5953660751540143e-4
14309,1.8408070097930933e-5
14310,6.749625702574675e-5
14311,1.2272046731953955e-5
14313,6.136023365976977e-6
14315,6.136023365976978e-5
14316,6.136023365976977e-6
14317,6.136023365976977e-6
14318,1.902167243452863e-4
14319,3.068011682988489e-5
14320,1.2272046731953955e-5
14321,6.136023365976977e-6
14323,1.2272046731953955e-5
14324,3.6816140195861865e-5
14326,8.590432712367768e-5
14329,6.136023365976977e-6
14333,1.2272046731953955e-5
14334,1.2272046731953955e-5
14337,3.068011682988489e-5
14338,1.2272046731953955e-5
14339,1.2272046731953955e-5
14340,6.136023365976977e-6
14342,6.136023365976977e-6
14343,3.6816140195861865e-5
14344,6.136023365976977e-6
14345,2.147608178091942e-4
14346,1.104484205875856e-4
14347,2.2703286454114818e-4
14348,1.2272046731953955e-5
14350,3.6816140195861865e-5
14353,2.454409346390791e-5
14354,6.136023365976977e-6
14355,1.2272046731953955e-5
14356,6.749625702574675e-5
14357,2.5771298137103305e-4
14358,6.136023365976977e-6
14360,0.001896031220086886
14362,1.8408070097930933e-5
14363,2.454409346390791e-5
14366,3.068011682988489e-5
14367,1.8408070097930933e-5
14368,2.0248877107724027e-4
14369,3.068011682988489e-5
14370,3.6816140195861865e-5
14371,1.2272046731953955e-5
14372,2.454409346390791e-5
14374,7.792749674790762e-4
14375,6.136023365976977e-6
14378,1.8408070097930933e-5
14379,6.136023365976977e-6
14380,5.338340328399971e-4
14382,3.068011682988489e-5
14383,6.136023365976977e-6
14384,6.136023365976977e-6
14385,1.8408070097930933e-4
14386,1.4726456078344746e-4
14387,1.8408070097930933e-5
14388,5.52242102937928e-5
14389,1.2272046731953955e-5
14390,1.2272046731953955e-5
14392,1.2272046731953955e-5
14393,2.454409346390791e-5
14395,6.136023365976977e-6
14396,1.5340058414942443e-4
14397,1.8408070097930933e-5
14399,3.068011682988489e-5
14403,7.363228039172373e-5
14405,6.136023365976977e-6
14406,3.9884151878850357e-4
14409,4.295216356183884e-5
14410,6.136023365976977e-6
14413,6.136023365976977e-6
14414,6.136023365976977e-6
14415,1.2272046731953955e-5
14416,6.136023365976977e-6
14417,1.8408070097930933e-5
14419,3.068011682988489e-5
14421,1.8408070097930933e-5
14422,5.52242102937928e-5
14423,6.136023365976978e-5
14424,8.590432712367768e-5
14426,3.068011682988489e-5
14427,1.8408070097930933e-4
14428,6.136023365976977e-6
14429,4.295216356183884e-5
14430,3.068011682988489e-5
14431,6.136023365976977e-6
14434,1.2272046731953955e-5
14436,1.2272046731953955e-5
14437,1.2272046731953955e-5
14438,1.8408070097930933e-5
14439,6.136023365976977e-6
14441,6.136023365976977e-6
14442,6.136023365976977e-6
14443,1.2272046731953955e-5
14444,6.136023365976977e-6
14445,6.136023365976977e-6
14446,1.2272046731953955e-5
14449,6.136023365976977e-6
14450,1.8408070097930933e-4
14452,1.2272046731953955e-5
14454,1.8408070097930933e-5
14456,6.136023365976977e-6
14458,2.454409346390791e-5
14462,1.8408070097930933e-5
14464,1.8408070097930933e-5
14465,1.8408070097930933e-5
14466,2.454409346390791e-5
14467,6.136023365976977e-6
14468,6.136023365976977e-6
14469,6.136023365976977e-6
14471,1.8408070097930933e-5
14472,1.8408070097930933e-5
14473,6.136023365976977e-6
14474,6.136023365976977e-6
14475,6.136023365976977e-6
14476,3.620253785926417e-4
14477,2.454409346390791e-5
14478,5.890582431337898e-4
14479,1.349925140514935e-4
14480,3.068011682988489e-5
14481,1.2272046731953955e-5
14482,6.749625702574675e-5
14485,1.8408070097930933e-5
14486,5.52242102937928e-5
14489,6.136023365976977e-6
14490,6.136023365976977e-6
14491,6.136023365976977e-6
14492,6.136023365976978e-5
14493,6.136023365976977e-6
14494,7.976830375770071e-5
14496,1.2272046731953955e-5
14497,6.136023365976977e-6
14498,6.136023365976977e-6
14499,6.136023365976977e-6
14500,4.908818692781582e-5
14501,6.136023365976978e-5
14503,1.2272046731953955e-5
14504,6.136023365976977e-6
14505,2.454409346390791e-5
14506,6.136023365976977e-6
14507,1.8408070097930933e-5
14508,1.2272046731953955e-5
14509,9.204035048965467e-5
14510,6.136023365976978e-5
14512,4.295216356183884e-5
14515,1.8408070097930933e-5
14516,1.2272046731953955e-5
14519,3.068011682988489e-5
14520,3.068011682988489e-5
14521,1.8408070097930933e-5
14522,4.908818692781582e-5
14524,5.52242102937928e-5
14525,6.136023365976977e-6
14526,1.8408070097930933e-5
14527,1.2272046731953955e-5
14528,4.295216356183884e-5
14529,1.8408070097930933e-5
14531,1.2272046731953955e-5
14532,6.136023365976977e-6
14534,3.068011682988489e-5
14536,7.363228039172373e-5
14537,6.136023365976977e-6
14538,1.2272046731953955e-5
14539,9.204035048965467e-5
14540,1.8408070097930933e-5
14542,6.136023365976977e-6
14543,6.136023365976977e-6
14544,3.068011682988489e-5
14546,2.454409346390791e-5
14548,6.136023365976977e-6
14549,2.454409346390791e-5
14550,3.068011682988489e-5
14551,6.136023365976977e-6
14552,6.136023365976977e-6
14553,6.136023365976977e-6
14554,0.0020862479444321725
14555,1.2272046731953955e-5
14556,1.0431239722160862e-4
14558,6.136023365976977e-6
14559,1.8408070097930933e-5
14561,1.2272046731953955e-5
14564,3.1907321503080286e-4
14565,4.417936823503424e-4
14566,1.7180865424735537e-4
14567,1.2272046731953955e-5
14568,8.34499177772869e-4
14569,1.4726456078344746e-4
14571,1.2272046731953955e-5
14572,3.865694720565496e-4
14573,4.908818692781582e-5
14575,6.749625702574675e-5
14576,1.2272046731953955e-5
14577,1.2272046731953955e-5
14578,1.2272046731953955e-5
14579,2.454409346390791e-5
14580,3.068011682988489e-5
14581,6.136023365976977e-6
14582,7.976830375770071e-5
14583,5.52242102937928e-5
14587,3.068011682988489e-5
14588,3.6816140195861865e-5
14589,6.136023365976977e-6
14590,6.136023365976977e-6
14591,1.8408070097930933e-5
14592,6.136023365976977e-6
14593,6.136023365976978e-5
14595,3.6816140195861865e-5
14596,3.068011682988489e-5
14597,1.2272046731953955e-5
14598,1.2272046731953955e-5
14600,2.454409346390791e-5
14601,1.8408070097930933e-5
14602,1.0431239722160862e-4
14603,3.068011682988489e-5
14604,1.2272046731953955e-5
14605,2.454409346390791e-5
14607,4.295216356183884e-5
14608,1.2272046731953955e-5
14609,6.749625702574675e-5
14610,1.8408070097930933e-5
14611,1.2272046731953955e-5
14612,6.136023365976977e-6
14614,5.52242102937928e-5
14615,3.865694720565496e-4
14616,1.8408070097930933e-5
14618,1.2272046731953955e-5
14619,1.2272046731953955e-5
14620,1.2272046731953955e-5
14621,3.6816140195861865e-5
14622,2.454409346390791e-5
14623,3.068011682988489e-5
14624,6.136023365976977e-6
14627,6.136023365976977e-6
14628,6.136023365976977e-6
14630,1.2272046731953955e-5
14631,6.136023365976977e-6
14632,3.068011682988489e-5
14633,1.8408070097930933e-5
14634,5.52242102937928e-5
14635,9.204035048965467e-5
14638,1.2272046731953955e-5
14639,4.417936823503424e-4
14640,1.2272046731953955e-5
14641,2.454409346390791e-5
14642,4.908818692781582e-5
14648,8.590432712367768e-5
14649,4.908818692781582e-5
14650,1.2272046731953955e-5
14653,6.136023365976977e-6
14654,1.4726456078344746e-4
14655,1.104484205875856e-4
14656,1.2272046731953955e-5
14657,5.52242102937928e-5
14658,3.6816140195861865e-5
14659,1.656726308813784e-4
14661,2.454409346390791e-5
14662,2.5771298137103305e-4
14664,3.6816140195861865e-5
14665,8.590432712367768e-5
14666,1.2272046731953955e-5
14667,6.136023365976977e-6
14668,6.136023365976977e-6
14669,6.136023365976977e-6
14671,9.204035048965467e-5
14673,7.363228039172373e-5
14674,1.8408070097930933e-5
14675,1.2272046731953955e-5
14676,2.208968411751712e-4
14678,2.454409346390791e-5
14679,6.136023365976977e-6
14680,6.136023365976977e-6
14681,1.2272046731953955e-5
14682,2.454409346390791e-5
14683,7.976830375770071e-5
14684,7.976830375770071e-5
14685,1.2272046731953955e-5
14686,6.136023365976977e-6
14688,6.136023365976977e-6
14689,3.6816140195861865e-5
14692,6.136023365976977e-6
14693,6.136023365976977e-6
14694,6.136023365976977e-6
14695,4.356576589843654e-4
14696,6.136023365976977e-6
14699,6.136023365976977e-6
14700,6.136023365976977e-6
14701,9.204035048965467e-5
14703,6.136023365976977e-6
14704,6.136023365976977e-6
14705,6.136023365976977e-6
14708,2.454409346390791e-5
14709,2.454409346390791e-5
14710,3.068011682988489e-5
14711,1.2272046731953955e-5
14712,3.6816140195861865e-5
14713,7.976830375770071e-5
14714,6.136023365976977e-6
14716,1.8408070097930933e-5
14717,3.068011682988489e-5
14718,4.602017524482733e-4
14720,1.2272046731953955e-5
14722,1.2272046731953955e-5
14725,6.136023365976977e-6
14726,1.8408070097930933e-5
14729,6.136023365976977e-6
14730,8.590432712367768e-5
14731,3.068011682988489e-5
14733,1.9635274771126327e-4
14734,1.1658444395356257e-4
14735,1.349925140514935e-4
14736,7.547308740151683e-4
14738,6.136023365976977e-6
14741,3.068011682988489e-5
14743,4.908818692781582e-5
14744,1.2272046731953955e-5
14746,2.454409346390791e-5
14748,6.136023365976977e-6
14749,6.136023365976977e-6
14750,6.136023365976978e-5
14752,1.2272046731953955e-5
14753,1.2272046731953955e-5
14754,6.136023365976977e-6
14755,3.068011682988489e-5
14756,1.8408070097930933e-5
14757,1.2272046731953955e-5
14761,6.136023365976977e-6
14764,7.363228039172373e-5
14765,2.454409346390791e-5
14766,2.454409346390791e-5
14767,8.590432712367768e-5
14769,2.454409346390791e-5
14770,3.068011682988489e-5
14772,6.136023365976977e-6
14773,1.349925140514935e-4
14775,1.8408070097930933e-5
14776,3.6816140195861865e-5
14777,7.363228039172373e-5
14778,6.136023365976977e-6
14779,2.454409346390791e-5
14780,1.104484205875856e-4
14781,3.068011682988489e-5
14782,6.136023365976977e-6
14785,3.6816140195861865e-5
14786,1.8408070097930933e-5
14787,7.363228039172373e-5
14788,6.136023365976977e-6
14789,3.6816140195861865e-5
14790,6.136023365976977e-6
14791,4.602017524482733e-4
14792,1.656726308813784e-4
14793,1.5953660751540143e-4
14794,8.590432712367768e-5
14795,1.7180865424735537e-4
14797,1.2272046731953955e-5
14798,6.136023365976977e-6
14799,6.136023365976977e-6
14803,5.52242102937928e-5
14807,1.2272046731953956e-4
14808,1.2272046731953955e-5
14809,2.454409346390791e-5
14811,1.2272046731953955e-5
14812,6.136023365976977e-6
14814,6.136023365976977e-6
14816,6.136023365976977e-6
14818,6.136023365976977e-6
14819,1.8408070097930933e-5
14820,1.8408070097930933e-5
14821,6.136023365976977e-6
14822,5.52242102937928e-5
14823,6.749625702574675e-5
14824,3.6816140195861865e-5
14825,1.8408070097930933e-5
14828,1.8408070097930933e-5
14829,2.454409346390791e-5
14830,1.0431239722160862e-4
14831,4.295216356183884e-5
14832,6.136023365976978e-5
14833,1.2272046731953955e-5
14838,4.295216356183884e-5
14841,4.111135655204575e-4
14842,3.4361730849471073e-4
14844,4.8474584591218125e-4
14845,0.0010308519254841322
14849,1.8408070097930933e-5
14850,6.136023365976977e-6
14851,3.068011682988489e-5
14852,6.136023365976977e-6
14853,1.8408070097930933e-5
14855,4.908818692781582e-5
14859,4.7247379918022726e-4
14860,6.136023365976977e-6
14863,6.136023365976977e-6
14864,6.136023365976977e-6
14866,7.976830375770071e-5
14867,1.656726308813784e-4
14868,3.068011682988489e-5
14869,1.2272046731953955e-5
14872,1.2272046731953955e-5
14873,4.295216356183884e-5
14875,6.136023365976977e-6
14876,1.8408070097930933e-5
14878,2.454409346390791e-5
14879,1.2272046731953955e-5
14880,6.136023365976977e-6
14881,3.068011682988489e-5
14883,1.2272046731953955e-5
14884,1.8408070097930933e-5
14885,6.136023365976977e-6
14891,6.136023365976977e-6
14892,6.136023365976977e-6
14893,1.2272046731953955e-5
14894,2.454409346390791e-5
14895,6.136023365976977e-6
14897,6.136023365976977e-6
14898,6.136023365976977e-6
14899,7.363228039172373e-5
14903,5.52242102937928e-5
14904,3.068011682988489e-5
14906,3.313452617627568e-4
14907,1.2885649068551653e-4
14908,6.136023365976977e-6
14909,2.454409346390791e-5
14910,3.068011682988489e-5
14911,6.136023365976977e-6
14912,6.136023365976977e-6
14913,7.363228039172373e-5
14915,6.136023365976977e-6
14918,1.2272046731953955e-5
14919,1.2272046731953956e-4
14921,1.2272046731953955e-5
14922,7.363228039172373e-5
14923,6.136023365976977e-6
14924,7.976830375770071e-5
14926,1.2272046731953955e-5
14927,1.2272046731953955e-5
14928,1.4726456078344746e-4
14929,4.295216356183884e-5
14931,7.363228039172373e-5
14933,6.136023365976977e-6
14934,1.8408070097930933e-5
14937,2.69985028102987e-4
14939,6.136023365976977e-6
14942,2.454409346390791e-5
14943,6.136023365976977e-6
14947,6.136023365976978e-5
14948,4.295216356183884e-5
14949,6.136023365976977e-6
14950,6.136023365976977e-6
14953,3.068011682988489e-5
14954,1.2272046731953955e-5
14957,4.908818692781582e-5
14958,1.2272046731953955e-5
14960,6.136023365976977e-6
14961,4.295216356183884e-5
14965,1.8408070097930933e-5
14966,3.6816140195861865e-5
14967,4.908818692781582e-5
14968,1.2272046731953955e-5
14969,6.136023365976978e-5
14970,6.136023365976977e-6
14971,6.136023365976977e-6
14972,3.9270549542252655e-4
14973,3.6816140195861865e-5
14974,1.8408070097930933e-5
14975,1.2272046731953955e-5
14976,1.902167243452863e-4
14977,1.8408070097930933e-5
14978,1.2272046731953955e-5
14979,1.2272046731953955e-5
14980,6.136023365976977e-6
14981,7.363228039172373e-5
14982,6.136023365976977e-6
14983,6.136023365976977e-6
14984,1.8408070097930933e-5
14985,4.908818692781582e-5
14986,2.454409346390791e-5
14987,1.8408070097930933e-5
14988,1.2272046731953956e-4
14989,2.454409346390791e-5
14990,2.454409346390791e-5
14991,5.52242102937928e-5
14992,6.136023365976977e-6
14993,1.2272046731953955e-5
14994,1.8408070097930933e-5
14995,3.068011682988489e-5
14996,6.136023365976977e-6
14997,0.0014358294676386127
14998,1.2272046731953955e-5
14999,6.136023365976977e-6
15000,1.8408070097930933e-5
15001,3.6816140195861865e-5
15003,0.0013253810470510272
15004,7.976830375770071e-5
15006,1.2272046731953955e-5
15008,2.454409346390791e-5
15009,3.865694720565496e-4
15010,1.8408070097930933e-5
15011,6.136023365976977e-6
15012,1.902167243452863e-4
15014,4.295216356183884e-5
15015,3.865694720565496e-4
15016,4.908818692781582e-5
15018,1.2272046731953955e-5
15020,6.136023365976977e-6
15021,6.136023365976977e-6
15023,1.8408070097930933e-5
15024,4.908818692781582e-5
15025,9.204035048965467e-5
15027,1.2272046731953955e-5
15028,1.8408070097930933e-5
15029,1.8408070097930933e-5
15030,1.2272046731953955e-5
15032,6.136023365976978e-5
15033,7.363228039172373e-5
15034,2.454409346390791e-5
15037,1.8408070097930933e-5
15042,8.590432712367768e-4
15043,1.2272046731953955e-5
15044,1.8408070097930933e-5
15045,1.2272046731953955e-5
15047,1.2885649068551653e-4
15048,1.8408070097930933e-5
15049,2.454409346390791e-5
15050,6.136023365976977e-6
15051,2.454409346390791e-5
15052,1.2272046731953955e-5
15053,6.136023365976978e-5
15054,1.7180865424735537e-4
15055,1.2885649068551653e-4
15057,2.454409346390791e-5
15059,6.136023365976977e-6
15064,1.2272046731953955e-5
15065,1.8408070097930933e-5
15066,4.908818692781582e-5
15072,1.2272046731953955e-5
15074,6.136023365976977e-6
15075,6.136023365976978e-5
15076,1.8408070097930933e-5
15077,6.136023365976977e-6
15079,1.2272046731953955e-5
15080,1.8408070097930933e-5
15081,1.2272046731953955e-5
15082,6.136023365976977e-6
15083,6.136023365976978e-5
15084,1.2272046731953955e-5
15085,2.454409346390791e-5
15086,6.136023365976977e-6
15087,1.2272046731953955e-5
15088,6.136023365976977e-6
15089,1.2272046731953955e-5
15090,1.656726308813784e-4
15091,8.590432712367768e-5
15093,6.136023365976977e-6
15094,1.2272046731953955e-5
15095,1.104484205875856e-4
15096,6.136023365976977e-6
15097,2.0248877107724027e-4
15098,2.454409346390791e-5
15101,1.2272046731953955e-5
15104,1.8408070097930933e-5
15105,3.6816140195861865e-5
15106,1.2272046731953955e-5
15107,3.6816140195861865e-5
15108,1.4726456078344746e-4
15109,1.2272046731953956e-4
15110,1.2272046731953955e-5
15111,2.454409346390791e-5
15112,6.136023365976977e-6
15114,1.2272046731953955e-5
15115,2.454409346390791e-5
15117,1.2272046731953955e-5
15119,1.2272046731953955e-5
15120,1.2272046731953955e-5
15121,4.295216356183884e-5
15122,1.8408070097930933e-5
15123,6.136023365976977e-6
15124,4.908818692781582e-5
15125,6.136023365976977e-6
15126,6.136023365976977e-6
15127,6.136023365976977e-6
15129,4.295216356183884e-5
15131,1.5953660751540143e-4
15133,1.2272046731953955e-5
15134,7.240507571852834e-4
15135,6.749625702574675e-5
15136,2.454409346390791e-5
15137,3.6816140195861865e-5
15138,3.6816140195861865e-5
15139,3.3748128512873376e-4
15140,6.136023365976977e-6
15141,3.6816140195861865e-5
15142,1.8408070097930933e-5
15143,4.908818692781582e-5
15144,1.8408070097930933e-5
15146,1.2272046731953955e-5
15147,2.454409346390791e-5
15148,1.2272046731953955e-5
15149,1.2272046731953955e-5
15150,9.817637385563164e-5
15152,6.136023365976977e-6
15153,2.454409346390791e-5
15154,1.2272046731953955e-5
15156,1.2272046731953955e-5
15157,2.454409346390791e-5
15158,6.136023365976977e-6
15161,6.136023365976977e-6
15163,1.2272046731953955e-5
15165,4.908818692781582e-5
15166,6.136023365976978e-5
15167,1.2272046731953955e-5
15168,6.136023365976977e-6
15169,3.068011682988489e-5
15171,2.208968411751712e-4
15172,6.136023365976978e-5
15173,2.147608178091942e-4
15174,3.6816140195861865e-5
15175,3.068011682988489e-5
15176,1.2272046731953955e-5
15177,1.8408070097930933e-5
15178,6.136023365976977e-6
15182,1.8408070097930933e-5
15185,1.8408070097930933e-5
15186,6.136023365976977e-6
15189,1.8408070097930933e-5
15190,1.8408070097930933e-5
15191,6.136023365976977e-6
15196,3.6816140195861865e-5
15197,2.8839309820091795e-4
15198,6.136023365976977e-6
15199,7.363228039172373e-5
15200,6.136023365976977e-6
15201,6.749625702574675e-5
15202,3.6816140195861865e-5
15203,1.8408070097930933e-5
15205,3.068011682988489e-5
15206,1.2272046731953955e-5
15208,1.8408070097930933e-5
15209,0.001938983383648725
15210,6.749625702574675e-5
15211,1.2272046731953955e-5
15212,2.454409346390791e-5
15213,4.2338561225241145e-4
15214,2.454409346390791e-5
15215,1.8408070097930933e-5
15216,1.9635274771126327e-4
15217,7.976830375770071e-4
15221,6.136023365976977e-6
15222,1.5340058414942443e-4
15223,1.5953660751540143e-4
15225,1.8408070097930933e-5
15226,4.908818692781582e-5
15227,4.295216356183884e-5
15228,6.136023365976977e-6
15229,9.817637385563164e-5
15230,5.52242102937928e-5
15231,1.8408070097930933e-5
15232,6.136023365976977e-6
15234,1.2272046731953955e-5
15235,1.0431239722160862e-4
15236,5.031539160101122e-4
15237,2.454409346390791e-4
15238,6.136023365976977e-6
15239,2.82257074834941e-4
15241,1.2272046731953955e-5
15243,6.136023365976977e-6
15244,3.6816140195861865e-5
15245,6.136023365976977e-6
15248,1.8408070097930933e-5
15251,5.52242102937928e-5
15252,6.136023365976977e-6
15255,7.363228039172373e-5
15257,1.8408070097930933e-5
15258,3.068011682988489e-5
15259,6.136023365976977e-6
15260,8.590432712367768e-5
15261,1.2272046731953955e-5
15262,2.147608178091942e-4
15263,4.2338561225241145e-4
15264,6.136023365976977e-6
15265,2.454409346390791e-5
15266,1.349925140514935e-4
15267,2.76121051468964e-4
15268,0.001129028299339764
15269,4.908818692781582e-5
15270,3.6816140195861865e-5
15274,1.8408070097930933e-5
15275,6.136023365976978e-5
15276,6.136023365976977e-6
15278,6.136023365976978e-5
15279,3.068011682988489e-5
15280,1.2272046731953955e-5
15281,6.136023365976977e-6
15282,6.136023365976977e-6
15283,4.908818692781582e-5
15284,6.136023365976977e-6
15285,1.2272046731953955e-5
15288,6.136023365976977e-6
15289,1.2272046731953955e-5
15290,5.52242102937928e-5
15291,1.8408070097930933e-5
15292,6.136023365976977e-6
15293,1.2272046731953955e-5
15294,5.52242102937928e-5
15296,6.136023365976977e-6
15297,1.8408070097930933e-5
15299,6.136023365976977e-6
15301,0.0010431239722160862
15302,1.8408070097930933e-4
15303,0.0015033257246643596
15304,2.69985028102987e-4
15305,1.2272046731953955e-5
15306,1.8408070097930933e-5
15308,6.136023365976977e-6
15310,1.2272046731953955e-5
15311,1.5953660751540143e-4
15312,6.136023365976978e-5
15313,2.454409346390791e-5
15314,6.749625702574675e-5
15315,1.2272046731953955e-5
15316,6.749625702574675e-5
15317,6.136023365976977e-6
15318,1.2272046731953955e-5
15319,6.136023365976977e-6
15320,2.454409346390791e-5
15321,3.068011682988489e-5
15322,1.8408070097930933e-5
15324,2.454409346390791e-5
15325,6.136023365976977e-6
15326,3.6816140195861865e-5
15327,2.454409346390791e-5
15330,6.136023365976977e-6
15331,3.6816140195861865e-5
15332,3.068011682988489e-5
15333,3.6816140195861865e-5
15334,8.590432712367768e-5
15336,2.454409346390791e-5
15340,1.8408070097930933e-5
15342,1.8408070097930933e-5
15343,1.2272046731953955e-5
15345,3.6816140195861865e-5
15346,1.8408070097930933e-5
15347,1.104484205875856e-4
15348,3.1907321503080286e-4
15353,8.590432712367768e-4
15354,8.713153179687308e-4
15355,3.4361730849471073e-4
15356,6.136023365976977e-6
15358,6.136023365976977e-6
15359,3.6816140195861865e-5
15360,1.9635274771126327e-4
15362,6.136023365976977e-6
15363,6.136023365976977e-6
15366,4.908818692781582e-5
15367,2.454409346390791e-5
15368,9.817637385563164e-5
15369,6.136023365976977e-6
15370,6.136023365976977e-6
15372,1.2272046731953955e-5
15373,1.2885649068551653e-4
15374,1.0431239722160862e-4
15375,6.136023365976977e-6
15376,4.908818692781582e-5
15377,1.411285374174705e-4
15381,1.2272046731953955e-5
15383,6.136023365976977e-6
15386,6.136023365976977e-6
15388,5.52242102937928e-5
15389,1.902167243452863e-4
15390,4.908818692781582e-5
15391,1.2272046731953955e-5
15392,2.454409346390791e-5
15393,1.1658444395356257e-4
15395,4.295216356183884e-5
15396,6.136023365976977e-6
15397,6.136023365976977e-6
15398,1.1658444395356257e-4
15400,6.749625702574675e-5
15401,2.454409346390791e-5
15402,6.136023365976977e-6
15403,6.136023365976977e-6
15405,6.136023365976977e-6
15407,1.8408070097930933e-5
15408,6.136023365976977e-6
15409,1.2272046731953955e-5
15410,1.8408070097930933e-5
15411,1.2272046731953955e-5
15412,6.136023365976977e-6
15413,6.136023365976977e-6
15414,1.8408070097930933e-5
15415,6.136023365976977e-6
15416,1.8408070097930933e-5
15418,6.136023365976977e-6
15419,6.136023365976977e-6
15422,6.136023365976977e-6
15423,1.2885649068551653e-4
15424,1.2272046731953955e-5
15425,2.454409346390791e-5
15426,7.976830375770071e-5
15427,1.2272046731953955e-5
15428,1.8408070097930933e-5
15429,1.2272046731953955e-5
15430,1.8408070097930933e-5
15431,7.363228039172373e-5
15432,9.817637385563164e-5
15433,3.6816140195861865e-5
15434,1.2272046731953955e-5
15435,1.2272046731953955e-5
15436,6.136023365976977e-6
15438,1.8408070097930933e-5
15439,1.8408070097930933e-5
15442,6.136023365976977e-6
15444,6.136023365976977e-6
15445,6.136023365976977e-6
15446,6.136023365976977e-6
15447,9.817637385563164e-5
15448,4.295216356183884e-4
15449,2.454409346390791e-5
15450,1.4726456078344746e-4
15452,1.4726456078344746e-4
15453,1.8408070097930933e-5
15454,6.136023365976977e-6
15456,1.1658444395356257e-4
15457,6.136023365976977e-6
15458,5.52242102937928e-5
15459,4.295216356183884e-5
15460,6.136023365976977e-6
15462,6.136023365976977e-6
15463,3.252092383967798e-4
15464,1.411285374174705e-4
15465,1.8408070097930933e-5
15466,1.2272046731953955e-5
15467,1.2272046731953955e-5
15468,6.136023365976977e-6
15469,1.8408070097930933e-5
15471,2.454409346390791e-5
15472,1.8408070097930933e-5
15473,6.136023365976977e-6
15474,6.136023365976977e-6
15478,6.136023365976977e-6
15479,3.6816140195861865e-5
15480,1.2272046731953955e-5
15481,1.2272046731953955e-5
15486,4.295216356183884e-5
15488,1.8408070097930933e-5
15489,6.136023365976977e-6
15490,6.136023365976977e-6
15491,2.454409346390791e-5
15492,3.252092383967798e-4
15494,3.6816140195861865e-5
15495,6.136023365976977e-6
15496,1.2272046731953955e-5
15497,1.349925140514935e-4
15498,4.908818692781582e-5
15499,4.295216356183884e-5
15500,4.908818692781582e-5
15501,1.2272046731953955e-5
15502,1.2272046731953955e-5
15503,4.295216356183884e-5
15504,4.295216356183884e-5
15505,1.2272046731953955e-5
15506,9.817637385563164e-5
15507,1.0431239722160862e-4
15508,1.2272046731953955e-5
15509,1.2272046731953955e-5
15512,1.4726456078344746e-4
15513,3.068011682988489e-5
15514,1.902167243452863e-4
15515,1.8408070097930933e-5
15516,6.136023365976977e-6
15517,1.2272046731953955e-5
15518,6.136023365976977e-6
15519,6.136023365976978e-5
15520,1.2272046731953955e-5
15522,1.2272046731953955e-5
15523,3.6816140195861865e-5
15524,4.295216356183884e-5
15525,6.136023365976977e-6
15527,5.52242102937928e-5
15528,1.2272046731953955e-5
15529,4.295216356183884e-5
15530,1.2272046731953955e-5
15531,1.8408070097930933e-5
15532,6.136023365976977e-6
15533,5.52242102937928e-5
15534,2.454409346390791e-5
15535,9.817637385563164e-5
15537,1.2272046731953955e-5
15538,5.52242102937928e-5
15539,3.068011682988489e-5
15541,1.2272046731953955e-5
15543,6.136023365976977e-6
15545,1.2272046731953955e-5
15547,1.2272046731953955e-5
15548,5.46106079571951e-4
15549,2.454409346390791e-5
15550,1.2272046731953955e-5
15551,6.136023365976977e-6
15552,1.2272046731953955e-5
15553,1.8408070097930933e-5
15554,3.6816140195861865e-5
15555,4.908818692781582e-5
15556,1.2272046731953955e-5
15557,1.2272046731953955e-5
15558,1.2272046731953955e-5
15561,2.454409346390791e-5
15562,6.136023365976977e-6
15563,6.136023365976977e-6
15564,4.908818692781582e-5
15565,4.908818692781582e-5
15566,5.52242102937928e-5
15568,1.2272046731953955e-5
15569,6.136023365976977e-6
15570,1.5340058414942443e-4
15571,3.1907321503080286e-4
15572,3.068011682988489e-5
15573,6.136023365976977e-6
15575,6.136023365976977e-6
15576,6.136023365976977e-6
15577,6.136023365976977e-6
15578,6.136023365976977e-6
15579,1.8408070097930933e-5
15580,1.2272046731953955e-5
15581,6.136023365976977e-6
15582,4.908818692781582e-5
15583,2.454409346390791e-5
15584,1.8408070097930933e-5
15585,6.136023365976977e-6
15587,6.136023365976977e-6
15588,1.2272046731953955e-5
15589,6.136023365976977e-6
15590,6.136023365976977e-6
15591,1.8408070097930933e-5
15592,6.136023365976977e-6
15593,0.0011781164862675797
15594,4.0497754215448054e-4
15595,3.068011682988489e-5
15596,8.590432712367768e-5
15597,6.136023365976977e-6
15598,5.52242102937928e-5
15599,3.1907321503080286e-4
15600,3.068011682988489e-5
15601,6.136023365976977e-6
15602,2.454409346390791e-5
15603,6.136023365976977e-6
15604,1.8408070097930933e-5
15605,6.136023365976977e-6
15606,6.136023365976978e-5
15609,6.136023365976977e-6
15610,6.136023365976977e-6
15611,1.2272046731953956e-4
15612,6.136023365976977e-6
15613,4.908818692781582e-5
15614,1.2272046731953955e-5
15616,7.363228039172373e-5
15618,3.6816140195861865e-5
15619,6.136023365976977e-6
15620,3.068011682988489e-5
15621,5.52242102937928e-5
15622,2.454409346390791e-5
15623,3.068011682988489e-5
15624,1.2272046731953955e-5
15625,1.2272046731953955e-5
15627,2.454409346390791e-5
15628,8.590432712367768e-5
15629,1.0431239722160862e-4
15630,2.0248877107724027e-4
15631,4.295216356183884e-5
15633,6.136023365976978e-5
15634,6.136023365976977e-6
15636,7.363228039172373e-5
15637,7.363228039172373e-5
15638,1.656726308813784e-4
15639,4.295216356183884e-5
15640,3.620253785926417e-4
15642,8.590432712367768e-5
15643,1.2272046731953955e-5
15644,5.52242102937928e-5
15645,1.5340058414942443e-4
15646,1.2272046731953955e-5
15647,1.2272046731953955e-5
15649,6.136023365976977e-6
15650,1.2272046731953955e-5
15651,6.136023365976977e-6
15653,1.2272046731953955e-5
15654,6.136023365976977e-6
15655,1.2272046731953955e-5
15660,2.454409346390791e-5
15662,6.136023365976977e-6
15665,1.349925140514935e-4
15666,7.363228039172373e-5
15667,6.136023365976977e-6
15668,2.945291215668949e-4
15669,4.295216356183884e-5
15670,1.2272046731953955e-5
15671,7.976830375770071e-5
15672,1.8408070097930933e-4
15673,1.656726308813784e-4
15674,7.363228039172373e-5
15675,1.104484205875856e-4
15676,1.1658444395356257e-4
15677,1.2272046731953955e-5
15678,6.136023365976977e-6
15679,6.136023365976977e-6
15680,1.8408070097930933e-5
15683,4.295216356183884e-5
15686,5.092899393760892e-4
15687,3.068011682988489e-5
15688,2.454409346390791e-5
15690,7.363228039172373e-5
15692,1.2272046731953955e-5
15697,1.2272046731953955e-5
15698,1.2272046731953955e-5
15699,4.295216356183884e-5
15700,4.908818692781582e-5
15701,6.136023365976977e-6
15703,3.6816140195861865e-5
15704,1.8408070097930933e-5
15706,1.8408070097930933e-5
15707,2.454409346390791e-5
15708,6.136023365976977e-6
15709,3.6816140195861865e-5
15710,7.976830375770071e-5
15711,6.136023365976977e-6
15712,1.104484205875856e-4
15713,2.0862479444321724e-4
15714,6.136023365976977e-6
15715,6.136023365976977e-6
15716,1.2272046731953955e-5
15718,1.2272046731953955e-5
15719,6.136023365976977e-6
15721,1.2272046731953955e-5
15722,6.136023365976977e-6
15724,6.136023365976977e-6
15726,1.8408070097930933e-5
15727,2.454409346390791e-5
15728,6.136023365976977e-6
15730,4.295216356183884e-5
15733,3.068011682988489e-5
15734,1.2272046731953956e-4
15735,3.313452617627568e-4
15736,6.136023365976978e-5
15738,1.2272046731953955e-5
15739,4.908818692781582e-5
15742,6.136023365976977e-6
15744,4.295216356183884e-5
15746,1.8408070097930933e-5
15747,1.2272046731953955e-5
15748,7.363228039172373e-5
15749,4.295216356183884e-5
15751,1.8408070097930933e-5
15753,3.252092383967798e-4
15754,1.2272046731953955e-5
15755,9.817637385563164e-5
15756,1.2272046731953955e-5
15757,7.363228039172373e-5
15758,9.204035048965467e-5
15759,1.2272046731953955e-5
15761,3.4361730849471073e-4
15762,6.136023365976977e-6
15763,6.136023365976977e-6
15764,3.804334486905726e-4
15765,5.706501730358589e-4
15771,1.2272046731953955e-5
15772,1.8408070097930933e-5
15773,1.2272046731953955e-5
15774,6.136023365976977e-6
15776,1.2272046731953955e-5
15777,2.454409346390791e-5
15778,6.136023365976977e-6
15779,3.068011682988489e-5
15780,4.111135655204575e-4
15781,1.8408070097930933e-5
15783,6.136023365976977e-6
15784,1.2272046731953955e-5
15785,3.7429742532459564e-4
15786,2.454409346390791e-5
15787,1.2272046731953955e-5
15788,2.515769580050561e-4
15789,8.590432712367768e-5
15791,2.454409346390791e-5
15793,1.7180865424735537e-4
15794,5.52242102937928e-5
15795,3.068011682988489e-5
15796,1.2272046731953955e-5
15797,1.2272046731953955e-5
15800,1.2272046731953955e-5
15802,6.136023365976977e-6
15803,3.6816140195861865e-5
15805,1.2272046731953955e-5
15806,6.136023365976977e-6
15808,1.2272046731953955e-5
15810,1.2272046731953955e-5
15811,6.136023365976977e-6
15812,6.136023365976977e-6
15813,2.454409346390791e-5
15814,2.454409346390791e-5
15815,4.172495888864345e-4
15816,1.1658444395356257e-4
15817,1.0431239722160862e-4
15818,3.6816140195861865e-5
15819,1.8408070097930933e-5
15823,2.454409346390791e-5
15824,3.068011682988489e-5
15828,1.8408070097930933e-5
15829,3.068011682988489e-5
15830,6.136023365976977e-6
15831,2.454409346390791e-5
15832,6.136023365976977e-6
15833,1.8408070097930933e-5
15834,4.908818692781582e-5
15835,6.136023365976977e-6
15836,1.2272046731953955e-5
15837,1.2272046731953955e-5
15839,6.136023365976977e-6
15840,1.7794467761333236e-4
15841,2.454409346390791e-5
15842,6.136023365976977e-6
15844,2.82257074834941e-4
15845,6.136023365976977e-6
15847,1.7180865424735537e-4
15848,6.136023365976977e-6
15849,6.136023365976977e-6
15852,1.2272046731953955e-5
15854,6.136023365976977e-6
15857,1.8408070097930933e-5
15859,4.295216356183884e-5
15860,1.2272046731953955e-5
15865,1.8408070097930933e-5
15866,6.136023365976977e-6
15867,1.8408070097930933e-5
15869,6.136023365976977e-6
15870,6.136023365976977e-6
15873,1.2272046731953955e-5
15874,6.136023365976977e-6
15877,6.136023365976977e-6
15878,1.2272046731953955e-5
15879,1.2272046731953955e-5
15880,4.295216356183884e-5
15881,6.749625702574675e-5
15882,6.136023365976977e-6
15883,6.136023365976977e-6
15884,2.454409346390791e-5
15885,2.454409346390791e-5
15886,2.0248877107724027e-4
15888,1.2885649068551653e-4
15889,1.2272046731953955e-5
15891,3.865694720565496e-4
15893,1.8408070097930933e-5
15894,5.52242102937928e-5
15896,6.136023365976977e-6
15897,6.136023365976977e-6
15898,1.2272046731953956e-4
15899,3.068011682988489e-5
15900,1.9635274771126327e-4
15904,1.2272046731953955e-5
15906,6.136023365976977e-6
15908,1.2272046731953955e-5
15909,1.2272046731953955e-5
15910,3.068011682988489e-5
15911,1.0431239722160862e-4
15913,6.136023365976977e-6
15914,6.136023365976977e-6
15916,1.2885649068551653e-4
15918,1.8408070097930933e-5
15920,3.6816140195861865e-5
15921,2.454409346390791e-5
15922,6.136023365976977e-6
15925,1.8408070097930933e-5
15926,1.2272046731953955e-5
15927,2.454409346390791e-5
15928,5.52242102937928e-5
15929,6.136023365976977e-6
15931,3.6816140195861865e-5
15932,1.8408070097930933e-5
15933,1.8408070097930933e-5
15934,1.2272046731953955e-5
15935,4.908818692781582e-5
15936,1.2272046731953955e-5
15937,1.8408070097930933e-5
15938,3.497533318606877e-4
15939,1.8408070097930933e-5
15940,4.908818692781582e-5
15941,2.454409346390791e-5
15945,1.2272046731953955e-5
15947,1.2272046731953955e-5
15949,1.2272046731953955e-5
15950,1.2272046731953955e-5
15951,1.0431239722160862e-4
15953,2.454409346390791e-5
15954,3.068011682988489e-5
15957,6.136023365976977e-6
15958,6.136023365976977e-6
15959,6.136023365976977e-6
15960,1.8408070097930933e-5
15961,1.104484205875856e-4
15963,6.136023365976977e-6
15964,2.454409346390791e-5
15965,1.8408070097930933e-5
15966,1.2272046731953955e-5
15969,0.0011597084161696488
15970,6.136023365976977e-6
15971,3.6816140195861865e-5
15972,6.136023365976977e-6
15973,2.6384900473701e-4
15974,1.2272046731953955e-5
15975,1.2272046731953955e-5
15976,6.136023365976977e-6
15979,1.2272046731953955e-5
15980,6.136023365976977e-6
15981,2.454409346390791e-5
15982,1.8408070097930933e-5
15984,6.136023365976977e-6
15985,6.136023365976978e-5
15986,6.136023365976977e-6
15989,6.136023365976977e-6
15990,1.2272046731953955e-5
15991,2.454409346390791e-5
15993,6.136023365976977e-6
15994,4.295216356183884e-5
15997,3.068011682988489e-5
15999,1.2272046731953955e-5
16000,6.136023365976977e-6
16007,1.2272046731953955e-5
16008,1.104484205875856e-4
16009,6.749625702574675e-5
16010,6.136023365976977e-6
16011,1.2272046731953955e-5
16013,1.8408070097930933e-5
16014,7.363228039172373e-5
16015,1.2272046731953955e-5
16016,6.136023365976977e-6
16017,3.068011682988489e-5
16025,1.2272046731953955e-5
16026,1.7180865424735537e-4
16027,1.0431239722160862e-4
16029,8.590432712367768e-5
16030,4.295216356183884e-5
16031,6.136023365976977e-6
16034,4.908818692781582e-5
16036,1.8408070097930933e-5
16038,6.136023365976977e-6
16040,1.2272046731953955e-5
16041,1.2272046731953955e-5
16043,4.908818692781582e-5
16045,2.454409346390791e-5
16047,6.136023365976977e-6
16048,1.2272046731953955e-5
16049,7.976830375770071e-5
16051,1.8408070097930933e-5
16052,6.136023365976977e-6
16054,4.295216356183884e-5
16055,4.908818692781582e-5
16056,6.136023365976977e-6
16057,6.136023365976977e-6
16058,1.2272046731953955e-5
16059,3.068011682988489e-5
16060,6.136023365976977e-6
16062,6.136023365976977e-6
16063,6.136023365976977e-6
16064,1.8408070097930933e-5
16065,6.136023365976977e-6
16067,6.136023365976977e-6
16068,4.908818692781582e-5
16070,1.2272046731953955e-5
16075,6.136023365976977e-6
16076,6.136023365976977e-6
16077,2.454409346390791e-5
16078,1.8408070097930933e-5
16079,1.8408070097930933e-5
16081,1.2272046731953955e-5
16082,1.2272046731953955e-5
16083,1.2272046731953955e-5
16086,6.136023365976977e-6
16087,6.136023365976977e-6
16089,1.8408070097930933e-5
16090,1.2272046731953956e-4
16091,1.5953660751540143e-4
16092,2.5771298137103305e-4
16093,3.068011682988489e-5
16096,1.8408070097930933e-5
16100,2.454409346390791e-5
16101,2.454409346390791e-5
16102,1.902167243452863e-4
16104,1.2272046731953955e-5
16105,1.1658444395356257e-4
16106,7.976830375770071e-5
16107,1.2272046731953955e-5
16108,6.136023365976977e-6
16110,1.2272046731953955e-5
16112,1.0431239722160862e-4
16113,1.2272046731953955e-5
16114,1.8408070097930933e-5
16119,1.5340058414942443e-4
16122,6.136023365976977e-6
16123,7.363228039172373e-5
16124,3.068011682988489e-5
16125,6.136023365976977e-6
16130,6.136023365976977e-6
16132,2.454409346390791e-5
16133,1.8408070097930933e-5
16134,6.136023365976977e-6
16136,6.136023365976977e-6
16137,6.136023365976977e-6
16138,1.2272046731953955e-5
16139,5.52242102937928e-5
16141,9.817637385563164e-5
16142,1.8408070097930933e-5
16144,9.204035048965467e-5
16145,6.136023365976977e-6
16147,1.8408070097930933e-5
16148,1.2885649068551653e-4
16149,1.2272046731953955e-5
16150,1.2272046731953955e-5
16151,1.2272046731953955e-5
16152,2.454409346390791e-5
16153,4.908818692781582e-5
16154,1.8408070097930933e-5
16158,1.2885649068551653e-4
16159,1.2272046731953955e-5
16160,0.0012578847900252803
16162,1.8408070097930933e-5
16167,1.2272046731953955e-5
16168,2.454409346390791e-5
16169,7.117787104533295e-4
16171,5.52242102937928e-5
16172,2.454409346390791e-5
16173,6.136023365976977e-6
16174,2.454409346390791e-5
16175,2.454409346390791e-5
16176,5.39970056205974e-4
16177,1.2272046731953955e-5
16178,9.204035048965467e-5
16179,1.8408070097930933e-5
16181,7.363228039172373e-5
16183,1.349925140514935e-4
16186,6.136023365976977e-6
16187,1.8408070097930933e-5
16189,1.2272046731953955e-5
16190,2.454409346390791e-5
16191,3.068011682988489e-5
16192,6.136023365976977e-6
16193,6.136023365976977e-6
16194,1.2272046731953955e-5
16195,6.136023365976977e-6
16199,1.2272046731953955e-5
16200,1.2272046731953955e-5
16201,1.2272046731953955e-5
16202,6.136023365976977e-6
16203,5.52242102937928e-5
16205,2.454409346390791e-5
16206,1.2272046731953955e-5
16208,1.8408070097930933e-5
16211,1.2272046731953955e-5
16213,3.7429742532459564e-4
16214,6.136023365976977e-6
16215,1.8408070097930933e-5
16216,1.8408070097930933e-5
16220,6.136023365976977e-6
16221,3.6816140195861865e-5
16222,2.454409346390791e-5
16223,6.136023365976977e-6
16224,1.8408070097930933e-5
16225,1.411285374174705e-4
16228,1.2272046731953955e-5
16229,8.590432712367768e-5
16230,6.136023365976977e-6
16232,1.2272046731953955e-5
16233,8.835873647006848e-4
16235,6.136023365976978e-5
16236,6.749625702574675e-5
16237,1.2272046731953955e-5
16238,3.5588935522666473e-4
16241,5.52242102937928e-5
16243,6.136023365976977e-6
16244,1.2272046731953955e-5
16245,3.6816140195861865e-5
16247,1.8408070097930933e-5
16249,6.136023365976977e-6
16250,6.136023365976977e-6
16251,3.6816140195861865e-5
16252,1.8408070097930933e-5
16253,6.136023365976977e-6
16254,4.908818692781582e-5
16257,6.136023365976977e-6
16258,2.454409346390791e-5
16259,1.9635274771126327e-4
16260,1.902167243452863e-4
16261,2.2703286454114818e-4
16263,1.2272046731953955e-5
16265,3.068011682988489e-5
16266,6.136023365976977e-6
16267,1.2272046731953955e-5
16268,6.136023365976977e-6
16270,4.295216356183884e-5
16271,1.2272046731953955e-5
16273,2.454409346390791e-5
16274,4.295216356183884e-5
16276,1.8408070097930933e-5
16277,1.2272046731953955e-5
16278,6.136023365976977e-6
16279,6.136023365976977e-6
16281,6.136023365976977e-6
16282,1.349925140514935e-4
16285,7.976830375770071e-5
16286,6.136023365976977e-6
16288,6.136023365976977e-6
16289,4.295216356183884e-5
16291,3.068011682988489e-5
16292,1.2272046731953955e-5
16293,2.454409346390791e-5
16295,6.136023365976977e-6
16298,1.2272046731953955e-5
16300,6.136023365976977e-6
16302,4.908818692781582e-5
16303,1.2272046731953955e-5
16307,6.136023365976977e-6
16310,1.8408070097930933e-5
16312,1.8408070097930933e-5
16313,1.8408070097930933e-5
16314,6.136023365976977e-6
16315,1.8408070097930933e-5
16316,3.6816140195861865e-5
16317,6.136023365976977e-6
16319,1.8408070097930933e-5
16320,2.454409346390791e-5
16322,1.2272046731953955e-5
16326,6.136023365976977e-6
16328,1.2272046731953955e-5
16329,2.454409346390791e-5
16331,1.2272046731953956e-4
16332,6.136023365976977e-6
16333,2.454409346390791e-5
16334,1.8408070097930933e-5
16335,3.068011682988489e-5
16339,4.295216356183884e-5
16340,6.136023365976977e-6
16341,1.8408070097930933e-5
16342,1.2272046731953955e-5
16343,1.2272046731953955e-5
16344,1.2272046731953955e-5
16345,7.240507571852834e-4
16346,6.136023365976977e-6
16347,7.976830375770071e-5
16348,1.2272046731953955e-5
16349,4.295216356183884e-5
16350,6.136023365976977e-6
16351,6.136023365976977e-6
16352,6.136023365976977e-6
16354,1.2272046731953955e-5
16356,3.068011682988489e-5
16357,3.068011682988489e-5
16358,1.2272046731953955e-5
16359,6.136023365976977e-6
16360,2.0862479444321724e-4
16361,7.363228039172373e-5
16362,1.2272046731953955e-5
16364,6.136023365976977e-6
16365,9.204035048965467e-5
16366,9.817637385563164e-5
16367,3.068011682988489e-5
16368,6.136023365976977e-6
16370,1.8408070097930933e-5
16372,6.136023365976977e-6
16373,6.136023365976977e-6
16376,5.52242102937928e-5
16378,1.8408070097930933e-5
16381,1.8408070097930933e-5
16382,1.0431239722160862e-4
16383,3.6816140195861865e-5
16385,3.6816140195861865e-5
16386,1.8408070097930933e-5
16387,1.8408070097930933e-5
16388,6.136023365976978e-5
16389,1.2272046731953955e-5
16393,1.2272046731953955e-5
16394,6.136023365976977e-6
16395,1.2272046731953955e-5
16396,6.136023365976977e-6
16397,1.2272046731953955e-5
16399,1.2272046731953955e-5
16400,2.454409346390791e-5
16401,1.2272046731953955e-5
16402,3.6816140195861865e-5
16403,2.147608178091942e-4
16405,4.295216356183884e-5
16408,1.2272046731953955e-5
16409,6.136023365976977e-6
16411,4.908818692781582e-5
16413,3.068011682988489e-5
16416,3.6816140195861865e-5
16417,5.52242102937928e-5
16419,2.454409346390791e-5
16420,2.3316888790712514e-4
16421,3.6816140195861865e-5
16422,4.295216356183884e-5
16423,5.52242102937928e-5
16424,6.136023365976977e-6
16425,1.2272046731953955e-5
16426,1.2272046731953955e-5
16427,7.363228039172373e-5
16428,1.0431239722160862e-4
16429,3.6816140195861865e-5
16430,1.2272046731953955e-5
16431,4.295216356183884e-5
16434,6.136023365976977e-6
16437,1.8408070097930933e-5
16439,0.0010308519254841322
16440,6.136023365976977e-6
16441,6.136023365976977e-6
16443,2.454409346390791e-5
16444,2.945291215668949e-4
16445,1.2272046731953955e-5
16446,2.3316888790712514e-4
16447,2.454409346390791e-5
16448,2.454409346390791e-5
16449,1.2272046731953955e-5
16450,6.136023365976977e-6
16451,6.136023365976977e-6
16452,6.136023365976977e-6
16453,6.136023365976977e-6
16454,6.136023365976977e-6
16455,6.136023365976977e-6
16456,4.908818692781582e-5
16457,6.136023365976977e-6
16458,2.454409346390791e-5
16459,9.817637385563164e-5
16460,9.204035048965467e-5
16461,1.2272046731953955e-5
16465,2.454409346390791e-5
16466,1.2272046731953955e-5
16467,6.136023365976977e-6
16469,6.136023365976977e-6
16470,7.363228039172373e-5
16472,9.817637385563164e-5
16473,6.136023365976977e-6
16474,1.2272046731953955e-5
16475,6.136023365976977e-6
16476,6.136023365976977e-6
16477,2.454409346390791e-5
16478,6.136023365976977e-6
16479,1.2272046731953955e-5
16482,1.2272046731953955e-5
16484,1.2272046731953955e-5
16487,3.068011682988489e-5
16488,6.136023365976977e-6
16489,6.136023365976977e-6
16491,5.52242102937928e-5
16492,6.136023365976977e-6
16493,6.136023365976977e-6
16494,1.2272046731953955e-5
16495,6.136023365976977e-6
16496,1.2272046731953955e-5
16497,6.136023365976978e-5
16498,6.136023365976977e-6
16500,1.9635274771126327e-4
16502,6.136023365976977e-6
16504,3.6816140195861865e-5
16506,4.908818692781582e-5
16507,3.068011682988489e-5
16509,6.136023365976977e-6
16510,1.2272046731953955e-5
16512,4.295216356183884e-5
16515,1.8408070097930933e-5
16516,6.136023365976977e-6
16518,6.136023365976977e-6
16519,6.136023365976977e-6
16520,1.2272046731953955e-5
16521,6.136023365976977e-6
16523,1.8408070097930933e-5
16524,6.136023365976977e-6
16526,1.2272046731953955e-5
16527,3.068011682988489e-5
16528,1.8408070097930933e-5
16529,6.136023365976977e-6
16530,1.8408070097930933e-5
16532,2.454409346390791e-5
16534,4.295216356183884e-5
16535,1.2272046731953955e-5
16536,3.6816140195861865e-5
16538,5.52242102937928e-5
16539,1.8408070097930933e-5
16540,6.136023365976977e-6
16544,3.068011682988489e-5
16546,6.136023365976977e-6
16548,4.786098225462043e-4
16549,7.976830375770071e-5
16550,3.068011682988489e-5
16551,2.0248877107724027e-4
16554,1.7794467761333236e-4
16555,1.8408070097930933e-5
16556,1.8408070097930933e-5
16558,2.454409346390791e-5
16559,2.454409346390791e-4
16560,1.8408070097930933e-5
16562,6.749625702574675e-5
16563,3.6816140195861865e-5
16565,8.590432712367768e-5
16566,1.411285374174705e-4
16567,1.8408070097930933e-5
16570,6.136023365976977e-6
16571,2.454409346390791e-5
16572,2.454409346390791e-5
16573,1.2272046731953955e-5
16574,1.349925140514935e-4
16577,5.52242102937928e-5
16578,1.2272046731953955e-5
16579,2.454409346390791e-5
16580,1.5953660751540143e-4
16581,9.204035048965467e-5
16582,9.204035048965467e-5
16583,2.454409346390791e-5
16584,1.656726308813784e-4
16586,3.6816140195861865e-5
16587,6.136023365976977e-6
16588,2.454409346390791e-5
16589,1.5953660751540143e-4
16590,1.8408070097930933e-5
16591,1.2272046731953955e-5
16592,1.2272046731953955e-5
16593,1.8408070097930933e-5
16594,6.136023365976977e-6
16595,2.454409346390791e-5
16597,7.363228039172373e-5
16598,2.454409346390791e-5
16599,6.136023365976977e-6
16600,1.2885649068551653e-4
16601,6.136023365976977e-6
16602,1.8408070097930933e-5
16603,5.52242102937928e-5
16605,6.136023365976977e-6
16607,6.136023365976977e-6
16609,6.136023365976977e-6
16610,2.454409346390791e-5
16613,2.454409346390791e-5
16614,3.068011682988489e-5
16615,2.454409346390791e-5
16616,1.2272046731953955e-5
16617,7.976830375770071e-5
16618,6.136023365976977e-6
16619,6.136023365976977e-6
16621,3.6816140195861865e-5
16622,6.136023365976977e-6
16623,1.8408070097930933e-5
16624,4.295216356183884e-4
16626,4.417936823503424e-4
16627,2.454409346390791e-5
16628,6.136023365976977e-6
16629,4.908818692781582e-5
16630,2.76121051468964e-4
16631,8.590432712367768e-5
16633,1.2272046731953955e-5
16634,6.136023365976977e-6
16635,9.817637385563164e-5
16637,3.6816140195861865e-5
16638,1.8408070097930933e-5
16642,2.454409346390791e-5
16643,6.074663132317208e-4
16644,1.104484205875856e-4
16646,6.136023365976977e-6
16647,9.817637385563164e-5
16648,6.136023365976977e-6
16649,1.2272046731953955e-5
16650,3.0680116829884886e-4
16651,1.2272046731953955e-5
16652,1.2272046731953955e-5
16655,6.136023365976977e-6
16656,1.2272046731953955e-5
16657,1.2272046731953955e-5
16659,6.136023365976977e-6
16661,6.136023365976977e-6
16662,1.2272046731953955e-5
16663,6.749625702574675e-5
16664,2.454409346390791e-5
16665,2.454409346390791e-5
16666,8.590432712367768e-5
16667,6.136023365976977e-6
16668,1.2272046731953955e-5
16669,1.8408070097930933e-5
16670,2.454409346390791e-5
16671,2.454409346390791e-5
16672,3.068011682988489e-5
16673,1.2272046731953955e-5
16674,0.0020555678276022874
16677,6.136023365976977e-6
16680,6.136023365976977e-6
16682,3.068011682988489e-5
16683,1.0431239722160862e-4
16684,6.136023365976977e-6
16686,6.136023365976977e-6
16688,7.363228039172373e-5
16689,6.136023365976978e-5
16690,3.6816140195861865e-5
16691,6.136023365976977e-6
16692,3.6816140195861865e-5
16693,0.0014787816312004517
16694,2.454409346390791e-5
16695,8.22227131040915e-4
16696,1.8408070097930933e-5
16697,4.908818692781582e-5
16698,1.8408070097930933e-5
16699,1.8408070097930933e-5
16701,3.6816140195861865e-5
16704,5.52242102937928e-5
16705,6.136023365976978e-5
16706,6.995066637213754e-4
16708,1.2272046731953955e-5
16709,4.295216356183884e-5
16710,2.454409346390791e-5
16711,7.976830375770071e-5
16712,5.52242102937928e-5
16713,6.136023365976977e-6
16714,6.136023365976977e-6
16715,4.295216356183884e-5
16716,7.363228039172373e-5
16718,6.136023365976977e-6
16719,1.5340058414942443e-4
16720,1.8408070097930933e-5
16723,2.454409346390791e-5
16724,1.2272046731953955e-5
16725,1.2272046731953955e-5
16728,1.104484205875856e-4
16729,1.2272046731953955e-5
16730,3.6816140195861865e-5
16731,6.136023365976977e-6
16732,1.2272046731953955e-5
16733,1.2272046731953955e-5
16734,1.8408070097930933e-5
16735,1.8408070097930933e-5
16736,1.8408070097930933e-5
16738,9.204035048965467e-5
16740,2.454409346390791e-5
16742,1.2272046731953955e-5
16743,8.590432712367768e-5
16746,6.136023365976977e-6
16747,6.136023365976977e-6
16749,1.2272046731953955e-5
16750,2.454409346390791e-5
16753,6.136023365976977e-6
16754,4.295216356183884e-5
16756,1.2272046731953955e-5
16757,6.136023365976977e-6
16758,1.104484205875856e-4
16759,6.136023365976977e-6
16760,1.2272046731953955e-5
16761,6.136023365976977e-6
16762,6.136023365976977e-6
16765,3.068011682988489e-5
16768,7.976830375770071e-5
16769,2.454409346390791e-5
16770,1.8408070097930933e-5
16771,6.136023365976977e-6
16772,6.136023365976977e-6
16773,7.363228039172373e-4
16775,6.136023365976977e-6
16776,1.4726456078344746e-4
16777,4.908818692781582e-5
16778,6.136023365976977e-6
16779,4.295216356183884e-5
16781,2.0248877107724027e-4
16782,6.136023365976977e-6
16783,1.2272046731953955e-5
16784,3.068011682988489e-5
16785,6.136023365976977e-6
16788,6.136023365976977e-6
16789,1.2272046731953955e-5
16790,1.2272046731953955e-5
16791,8.590432712367768e-5
16793,6.749625702574675e-5
16795,1.8408070097930933e-5
16797,6.136023365976977e-6
16798,5.52242102937928e-5
16799,6.136023365976978e-5
16800,1.2272046731953955e-5
16801,1.8408070097930933e-5
16802,1.2272046731953955e-5
16803,1.8408070097930933e-5
16805,2.454409346390791e-5
16806,1.2272046731953955e-5
16808,1.2272046731953955e-5
16809,1.8408070097930933e-5
16810,6.136023365976977e-6
16812,5.52242102937928e-5
16813,1.2272046731953955e-5
16814,3.068011682988489e-5
16815,5.52242102937928e-5
16816,1.8408070097930933e-5
16819,2.454409346390791e-5
16820,1.2272046731953955e-5
16822,6.136023365976977e-6
16824,6.136023365976977e-6
16825,2.454409346390791e-5
16827,6.136023365976977e-6
16828,6.136023365976977e-6
16830,1.2272046731953956e-4
16831,6.136023365976977e-6
16833,1.8408070097930933e-5
16834,8.590432712367768e-5
16836,5.52242102937928e-5
16838,1.2272046731953955e-5
16839,3.068011682988489e-5
16841,1.2272046731953956e-4
16843,3.068011682988489e-5
16844,7.976830375770071e-5
16845,1.8408070097930933e-5
16846,5.52242102937928e-5
16848,1.4726456078344746e-4
16849,6.136023365976978e-5
16850,6.136023365976977e-6
16851,8.03819060942984e-4
16854,3.6816140195861865e-5
16856,6.136023365976977e-6
16857,1.2272046731953955e-5
16859,3.068011682988489e-5
16860,1.8408070097930933e-5
16861,6.136023365976977e-6
16864,1.8408070097930933e-4
16865,6.136023365976978e-5
16866,6.136023365976978e-5
16867,1.8408070097930933e-5
16871,6.136023365976977e-6
16872,2.454409346390791e-5
16874,1.8408070097930933e-5
16875,1.7794467761333236e-4
16877,7.363228039172373e-5
16878,6.136023365976977e-6
16879,4.908818692781582e-5
16881,1.8408070097930933e-5
16882,7.056426870873524e-4
16883,6.136023365976977e-6
16887,2.454409346390791e-5
16888,4.417936823503424e-4
16889,6.136023365976977e-4
16890,6.136023365976978e-5
16891,8.590432712367768e-5
16892,6.381464300616057e-4
16893,3.068011682988489e-5
16895,1.2272046731953955e-5
16896,6.136023365976977e-6
16897,6.136023365976977e-6
16901,1.8408070097930933e-5
16904,1.2272046731953955e-5
16905,6.749625702574675e-5
16907,3.6816140195861865e-5
16908,3.0680116829884886e-4
16909,3.068011682988489e-5
16910,3.068011682988489e-5
16912,2.454409346390791e-5
16913,8.590432712367768e-5
16914,3.068011682988489e-5
16915,9.204035048965467e-5
16916,3.6816140195861865e-5
16917,8.590432712367768e-5
16918,6.136023365976977e-6
16919,1.2272046731953955e-5
16920,1.2272046731953955e-5
16924,7.976830375770071e-5
16926,1.2272046731953955e-5
16927,6.136023365976977e-6
16928,1.2272046731953955e-5
16930,1.1658444395356257e-4
16933,3.068011682988489e-5
16934,1.8408070097930933e-5
16935,1.2272046731953955e-5
16936,6.136023365976977e-6
16937,9.204035048965467e-5
16938,6.136023365976977e-6
16939,6.136023365976977e-6
16942,1.2272046731953955e-5
16943,6.136023365976977e-6
16944,6.136023365976977e-6
16945,6.136023365976977e-6
16949,6.136023365976977e-6
16951,2.3930491127310214e-4
16952,5.52242102937928e-5
16953,6.136023365976977e-6
16954,6.136023365976977e-6
16955,1.2272046731953955e-5
16956,1.8408070097930933e-5
16957,2.454409346390791e-5
16959,1.411285374174705e-4
16960,6.136023365976977e-6
16962,4.295216356183884e-5
16965,3.497533318606877e-4
16968,6.136023365976977e-6
16970,4.479297057163194e-4
16972,6.136023365976977e-6
16973,1.8408070097930933e-5
16977,6.136023365976977e-6
16978,6.136023365976977e-6
16980,6.136023365976977e-6
16982,1.2272046731953955e-5
16983,4.908818692781582e-5
16987,3.068011682988489e-5
16988,1.8408070097930933e-5
16989,4.172495888864345e-4
16990,2.454409346390791e-5
16991,6.136023365976978e-5
16994,1.8408070097930933e-5
16995,2.454409346390791e-5
16996,1.2272046731953955e-5
16997,1.902167243452863e-4
16999,1.5340058414942443e-4
17000,4.295216356183884e-5
17001,5.52242102937928e-5
17002,1.2885649068551653e-4
17003,3.068011682988489e-5
17004,6.136023365976977e-6
17005,3.068011682988489e-5
17007,5.52242102937928e-5
17008,1.8408070097930933e-5
17009,6.136023365976977e-6
17010,6.136023365976977e-6
17011,1.2272046731953955e-5
17012,7.976830375770071e-5
17014,7.363228039172373e-5
17016,1.9635274771126327e-4
17017,9.817637385563164e-4
17018,6.136023365976977e-6
17020,1.2272046731953955e-5
17022,1.2272046731953955e-5
17023,2.3930491127310214e-4
17024,6.136023365976977e-6
17025,1.8408070097930933e-5
17027,6.136023365976977e-6
17028,3.129371916648259e-4
17029,6.136023365976977e-6
17031,1.2272046731953955e-5
17032,6.136023365976977e-6
17033,6.136023365976977e-6
17034,1.2272046731953955e-5
17035,1.2272046731953955e-5
17037,3.068011682988489e-5
17038,4.295216356183884e-5
17039,4.908818692781582e-5
17040,6.136023365976977e-6
17041,5.52242102937928e-5
17043,6.136023365976978e-5
17044,4.970178926441351e-4
17045,6.136023365976977e-6
17046,6.136023365976977e-6
17048,6.136023365976977e-6
17049,2.454409346390791e-5
17050,1.2272046731953955e-5
17051,6.136023365976977e-6
17054,6.136023365976977e-6
17056,6.136023365976977e-6
17057,6.136023365976977e-6
17058,1.8408070097930933e-5
17059,5.52242102937928e-5
17060,2.454409346390791e-5
17061,6.136023365976977e-6
17062,4.908818692781582e-5
17063,1.2272046731953955e-5
17064,6.136023365976977e-6
17065,2.515769580050561e-4
17067,2.454409346390791e-5
17068,2.945291215668949e-4
17069,0.0016628623321797609
17070,4.417936823503424e-4
17071,1.8408070097930933e-5
17072,2.454409346390791e-5
17073,1.2272046731953955e-5
17074,2.69985028102987e-4
17075,1.2272046731953955e-5
17076,7.301867805512603e-4
17078,9.817637385563164e-5
17082,6.136023365976977e-6
17084,1.7794467761333236e-4
17085,1.8408070097930933e-5
17086,4.908818692781582e-5
17087,3.068011682988489e-5
17088,6.136023365976977e-6
17090,1.2272046731953955e-5
17093,4.295216356183884e-5
17094,6.136023365976977e-6
17095,6.136023365976977e-6
17097,6.136023365976977e-6
17098,6.136023365976977e-6
17101,1.2272046731953955e-5
17102,6.136023365976977e-6
17105,2.454409346390791e-5
17107,4.295216356183884e-5
17108,1.2272046731953955e-5
17109,1.8408070097930933e-5
17110,5.52242102937928e-5
17111,2.454409346390791e-5
17112,2.76121051468964e-4
17113,6.136023365976977e-6
17114,7.363228039172373e-5
17115,3.068011682988489e-5
17116,6.136023365976977e-6
17117,1.8408070097930933e-5
17118,6.136023365976977e-6
17120,5.52242102937928e-5
17121,1.2272046731953955e-5
17122,1.2272046731953955e-5
17124,1.2272046731953955e-5
17125,6.136023365976977e-6
17126,1.2272046731953955e-5
17128,1.2272046731953955e-5
17129,1.1658444395356257e-4
17130,1.2272046731953955e-5
17131,6.136023365976977e-6
17132,6.136023365976977e-6
17133,1.2272046731953955e-5
17134,6.136023365976977e-6
17135,6.136023365976977e-6
17136,6.136023365976977e-6
17141,6.136023365976977e-6
17142,1.2272046731953955e-5
17143,3.068011682988489e-5
17144,1.8408070097930933e-5
17146,2.454409346390791e-5
17147,6.136023365976977e-6
17148,1.8408070097930933e-5
17150,6.136023365976977e-6
17151,6.136023365976977e-6
17152,6.136023365976977e-6
17153,6.136023365976977e-6
17154,1.2272046731953955e-5
17157,3.068011682988489e-5
17159,2.82257074834941e-4
17160,1.2272046731953955e-5
17161,6.136023365976977e-6
17162,5.52242102937928e-5
17165,1.2272046731953955e-5
17166,1.2272046731953955e-5
17168,3.068011682988489e-5
17169,1.2272046731953955e-5
17171,6.136023365976977e-6
17173,1.8408070097930933e-5
17174,1.2272046731953955e-5
17175,6.136023365976977e-6
17176,3.6816140195861865e-5
17177,3.068011682988489e-5
17178,1.8408070097930933e-5
17179,1.349925140514935e-4
17180,4.295216356183884e-5
17182,1.2272046731953955e-5
17183,6.136023365976977e-6
17184,6.136023365976977e-6
17186,1.2272046731953955e-5
17190,1.2272046731953955e-5
17192,1.8408070097930933e-5
17193,4.295216356183884e-5
17194,1.2272046731953955e-5
17197,1.7794467761333236e-4
17198,6.136023365976977e-6
17199,1.8408070097930933e-5
17200,4.295216356183884e-5
17201,6.749625702574675e-5
17205,6.136023365976977e-6
17206,2.454409346390791e-5
17210,1.2272046731953955e-5
17212,1.2272046731953955e-5
17215,1.2272046731953955e-5
17216,5.52242102937928e-5
17217,6.136023365976977e-6
17219,6.749625702574675e-5
17222,1.8408070097930933e-5
17223,2.454409346390791e-5
17224,1.8408070097930933e-5
17227,8.590432712367768e-5
17228,6.136023365976977e-6
17229,6.136023365976977e-6
17231,2.454409346390791e-5
17232,6.136023365976977e-6
17233,6.136023365976977e-6
17234,4.295216356183884e-5
17235,1.104484205875856e-4
17236,1.2272046731953955e-5
17237,6.136023365976977e-6
17238,3.068011682988489e-5
17239,1.2272046731953955e-5
17240,1.2272046731953955e-5
17241,1.8408070097930933e-5
17243,6.136023365976977e-6
17244,2.147608178091942e-4
17245,6.136023365976977e-6
17247,1.2272046731953955e-5
17248,3.6816140195861865e-5
17249,3.068011682988489e-5
17250,3.068011682988489e-5
17251,6.136023365976977e-6
17252,1.0431239722160862e-4
17255,2.454409346390791e-5
17256,1.2272046731953955e-5
17257,6.136023365976977e-6
17259,7.363228039172373e-5
17263,5.52242102937928e-5
17264,6.136023365976977e-6
17266,1.2272046731953955e-5
17267,1.8408070097930933e-5
17268,6.136023365976977e-6
17269,1.8408070097930933e-5
17270,6.136023365976977e-6
17271,6.136023365976977e-6
17274,6.136023365976977e-6
17276,6.136023365976977e-6
17277,6.136023365976977e-6
17278,1.8408070097930933e-5
17279,3.6816140195861865e-5
17280,6.136023365976977e-6
17282,1.2272046731953955e-5
17283,6.136023365976977e-6
17284,2.454409346390791e-5
17286,1.8408070097930933e-5
17288,1.2272046731953955e-5
17289,6.136023365976977e-6
17291,1.2272046731953955e-5
17292,1.8408070097930933e-5
17293,6.136023365976977e-6
17294,1.2272046731953955e-5
17295,6.136023365976977e-6
17296,6.136023365976977e-6
17297,1.2272046731953955e-5
17299,6.136023365976977e-6
17300,1.2272046731953955e-5
17301,5.52242102937928e-5
17302,2.454409346390791e-5
17303,6.136023365976977e-6
17304,6.136023365976977e-6
17306,1.2272046731953955e-5
17307,1.8408070097930933e-5
17308,2.454409346390791e-5
17309,6.136023365976977e-6
17310,7.363228039172373e-5
17311,6.136023365976977e-6
17312,6.136023365976977e-6
17314,6.136023365976977e-6
17315,6.749625702574675e-5
17317,9.019954347986157e-4
17319,2.454409346390791e-5
17321,2.454409346390791e-5
17322,6.136023365976977e-6
17324,6.136023365976977e-6
17325,5.52242102937928e-5
17326,1.2272046731953955e-5
17328,1.2272046731953955e-5
17329,7.976830375770071e-5
17331,1.2272046731953955e-5
17332,1.2272046731953955e-5
17334,1.2272046731953955e-5
17336,1.2272046731953955e-5
17337,6.136023365976977e-6
17338,1.2272046731953955e-5
17339,7.363228039172373e-5
17340,6.136023365976977e-6
17341,5.52242102937928e-5
17342,1.2272046731953955e-5
17345,1.2272046731953956e-4
17346,6.136023365976977e-6
17347,3.068011682988489e-5
17348,4.295216356183884e-5
17351,5.52242102937928e-5
17352,2.945291215668949e-4
17354,6.136023365976977e-6
17355,6.136023365976977e-6
17357,3.6816140195861865e-5
17358,6.136023365976977e-6
17361,8.590432712367768e-5
17362,1.2272046731953955e-5
17363,6.136023365976977e-6
17365,1.0431239722160862e-4
17366,8.590432712367768e-5
17367,3.068011682988489e-5
17368,8.590432712367768e-5
17369,6.136023365976977e-6
17370,1.8408070097930933e-5
17371,6.136023365976977e-6
17373,1.2272046731953955e-5
17374,4.295216356183884e-5
17375,1.2272046731953955e-5
17376,1.8408070097930933e-5
17377,6.136023365976977e-6
17379,6.136023365976977e-6
17380,6.136023365976977e-6
17381,1.104484205875856e-4
17383,1.5340058414942443e-4
17384,1.2885649068551653e-4
17385,1.8408070097930933e-5
17388,2.454409346390791e-5
17392,3.068011682988489e-5
17393,1.2272046731953955e-5
17394,1.2272046731953955e-5
17395,3.6816140195861865e-5
17396,6.136023365976977e-6
17399,1.2272046731953955e-5
17400,6.136023365976977e-6
17401,1.8408070097930933e-5
17403,6.320104066956287e-4
17404,1.8408070097930933e-5
17405,9.204035048965467e-5
17406,1.8408070097930933e-5
17407,1.7180865424735537e-4
17410,1.104484205875856e-4
17412,1.2272046731953955e-5
17413,2.5771298137103305e-4
17415,1.8408070097930933e-5
17416,3.068011682988489e-5
17417,1.8408070097930933e-5
17418,1.2272046731953955e-5
17419,1.2272046731953955e-5
17420,2.515769580050561e-4
17421,3.6816140195861865e-5
17422,2.454409346390791e-5
17423,3.6816140195861865e-5
17424,2.945291215668949e-4
17426,3.068011682988489e-5
17427,1.902167243452863e-4
17428,2.454409346390791e-5
17430,9.817637385563164e-4
17431,6.136023365976977e-6
17432,6.136023365976977e-6
17433,3.6816140195861865e-5
17435,1.2272046731953955e-5
17437,1.2272046731953955e-5
17438,6.136023365976977e-6
17439,1.411285374174705e-4
17441,4.295216356183884e-5
17442,3.068011682988489e-5
17444,1.8408070097930933e-5
17445,6.136023365976977e-6
17446,1.2272046731953955e-5
17447,3.6816140195861865e-5
17448,1.8408070097930933e-5
17452,3.068011682988489e-5
17454,1.2272046731953955e-5
17455,1.2272046731953955e-5
17456,5.583781263039049e-4
17457,1.2272046731953955e-5
17458,6.749625702574675e-5
17459,2.454409346390791e-5
17461,6.749625702574675e-5
17462,6.136023365976978e-5
17465,2.454409346390791e-5
17466,3.6816140195861865e-5
17469,2.147608178091942e-4
17471,3.6816140195861865e-5
17472,6.136023365976977e-6
17476,3.6816140195861865e-5
17479,6.136023365976977e-6
17480,3.068011682988489e-5
17483,6.136023365976977e-6
17484,2.3930491127310214e-4
17485,3.068011682988489e-5
17486,2.454409346390791e-5
17487,1.2272046731953956e-4
17488,3.6816140195861865e-5
17490,1.2272046731953955e-5
17491,2.69985028102987e-4
17492,6.136023365976977e-6
17493,1.2272046731953955e-5
17494,3.068011682988489e-5
17495,3.068011682988489e-5
17496,6.136023365976977e-6
17497,6.749625702574675e-5
17498,4.908818692781582e-5
17499,6.136023365976977e-6
17500,1.2272046731953955e-5
17501,6.136023365976977e-6
17503,6.136023365976977e-6
17504,1.2272046731953955e-5
17505,6.136023365976977e-6
17506,1.8408070097930933e-5
17507,6.136023365976977e-6
17508,1.2272046731953955e-5
17509,5.2769800947402e-4
17510,3.497533318606877e-4
17511,1.2272046731953955e-5
17512,3.068011682988489e-5
17513,1.2272046731953955e-5
17514,6.136023365976977e-6
17516,1.2272046731953955e-5
17517,1.8408070097930933e-5
17518,6.136023365976977e-6
17520,6.136023365976977e-6
17521,6.136023365976977e-6
17522,1.411285374174705e-4
17523,6.136023365976977e-6
17525,3.6816140195861867e-4
17526,1.0431239722160862e-4
17528,1.2272046731953955e-5
17529,5.52242102937928e-5
17532,1.2272046731953955e-5
17533,1.2272046731953955e-5
17534,1.2272046731953955e-5
17535,1.8408070097930933e-5
17536,4.908818692781582e-5
17538,1.2272046731953955e-5
17539,4.479297057163194e-4
17540,2.0248877107724027e-4
17541,1.2272046731953955e-5
17542,2.82257074834941e-4
17545,4.295216356183884e-5
17547,3.068011682988489e-5
17548,6.136023365976977e-6
17549,1.2272046731953955e-5
17550,6.136023365976977e-6
17551,6.136023365976977e-6
17554,1.2272046731953955e-5
17556,1.2272046731953955e-5
17558,1.8408070097930933e-5
17563,6.136023365976977e-6
17564,5.52242102937928e-5
17565,3.6816140195861865e-5
17567,6.136023365976977e-6
17568,2.454409346390791e-5
17569,3.068011682988489e-5
17570,6.136023365976977e-6
17571,3.068011682988489e-5
17572,3.068011682988489e-5
17574,1.2272046731953955e-5
17575,9.204035048965467e-5
17576,1.2272046731953955e-5
17577,1.8408070097930933e-5
17580,6.136023365976977e-6
17581,6.136023365976977e-6
17582,6.136023365976977e-6
17583,6.136023365976977e-6
17586,7.976830375770071e-5
17587,6.749625702574675e-5
17591,1.8408070097930933e-5
17592,1.2272046731953955e-5
17593,6.136023365976977e-6
17594,6.136023365976977e-6
17595,2.454409346390791e-5
17596,1.8408070097930933e-5
17598,6.136023365976977e-6
17599,6.136023365976977e-6
17600,1.2272046731953955e-5
17601,6.136023365976977e-6
17603,2.3930491127310214e-4
17605,3.6816140195861865e-5
17606,2.0862479444321724e-4
17607,6.136023365976977e-6
17608,3.620253785926417e-4
17609,6.136023365976978e-5
17610,6.136023365976977e-6
17611,6.136023365976977e-6
17612,1.2272046731953955e-5
17613,3.9270549542252655e-4
17615,3.6816140195861865e-5
17616,6.136023365976977e-6
17617,6.136023365976977e-6
17620,2.454409346390791e-5
17622,6.136023365976977e-6
17623,1.4726456078344746e-4
17624,4.295216356183884e-5
17625,1.8408070097930933e-5
17626,6.136023365976977e-6
17629,2.76121051468964e-4
17630,2.454409346390791e-5
17631,6.136023365976977e-6
17632,1.2272046731953955e-5
17633,6.136023365976977e-6
17635,2.454409346390791e-5
17636,6.136023365976977e-6
17637,1.2272046731953955e-5
17638,1.2272046731953955e-5
17640,2.454409346390791e-5
17642,1.2272046731953955e-5
17644,6.136023365976977e-6
17645,1.2272046731953955e-5
17648,6.136023365976977e-6
17649,2.454409346390791e-5
17650,2.0248877107724027e-4
17652,2.454409346390791e-5
17653,6.136023365976977e-6
17656,6.136023365976977e-6
17657,6.136023365976977e-6
17658,4.295216356183884e-5
17659,1.2272046731953955e-5
17661,6.136023365976977e-6
17664,6.136023365976977e-6
17666,6.136023365976977e-6
17667,1.8408070097930933e-5
17669,6.136023365976977e-6
17670,1.8408070097930933e-5
17671,2.454409346390791e-5
17674,8.529072478707999e-4
17675,3.6816140195861865e-5
17676,4.908818692781582e-5
17677,3.6816140195861865e-5
17678,1.2272046731953955e-5
17680,5.52242102937928e-5
17682,5.52242102937928e-5
17683,1.2272046731953955e-5
17684,1.2272046731953955e-5
17686,6.136023365976977e-6
17687,6.749625702574675e-5
17688,3.068011682988489e-5
17689,3.252092383967798e-4
17692,6.136023365976977e-6
17694,6.136023365976977e-6
17696,2.76121051468964e-4
17698,2.454409346390791e-5
17699,1.2272046731953955e-5
17701,6.136023365976977e-6
17702,2.454409346390791e-5
17704,6.136023365976977e-6
17705,6.136023365976977e-6
17706,1.8408070097930933e-5
17710,3.068011682988489e-5
17713,6.136023365976977e-6
17715,6.136023365976977e-6
17717,1.2272046731953955e-5
17718,1.2272046731953955e-5
17719,4.908818692781582e-5
17720,6.136023365976977e-6
17721,1.2272046731953955e-5
17722,3.6816140195861865e-5
17725,3.068011682988489e-5
17726,1.2272046731953955e-5
17729,6.136023365976977e-6
17730,2.5771298137103305e-4
17732,2.82257074834941e-4
17733,3.6816140195861865e-5
17734,6.136023365976977e-6
17735,2.2703286454114818e-4
17737,6.136023365976977e-6
17738,3.068011682988489e-5
17739,1.2272046731953955e-5
17743,3.068011682988489e-5
17744,1.8408070097930933e-5
17745,3.068011682988489e-5
17747,6.136023365976977e-6
17748,1.411285374174705e-4
17749,6.136023365976977e-6
17750,1.2272046731953955e-5
17751,3.068011682988489e-5
17752,6.136023365976977e-6
17753,6.136023365976977e-6
17754,3.6816140195861865e-5
17756,6.136023365976977e-6
17758,1.2272046731953955e-5
17759,0.0012456127432933265
17761,7.670029207471222e-4
17763,1.2272046731953955e-5
17764,4.8474584591218125e-4
17765,6.136023365976977e-6
17767,1.411285374174705e-4
17768,2.454409346390791e-5
17769,2.454409346390791e-5
17770,6.136023365976977e-6
17771,1.2272046731953955e-5
17772,1.2272046731953955e-5
17773,6.136023365976977e-6
17775,1.2272046731953956e-4
17776,7.976830375770071e-5
17777,4.295216356183884e-5
17778,1.8408070097930933e-5
17779,1.2272046731953955e-5
17780,7.363228039172373e-5
17781,0.0012210686498294186
17782,1.8408070097930933e-5
17783,1.2272046731953955e-5
17784,1.8408070097930933e-5
17785,2.208968411751712e-4
17787,1.2272046731953955e-5
17789,3.068011682988489e-5
17790,7.976830375770071e-5
17791,2.454409346390791e-5
17792,6.136023365976977e-6
17793,1.9635274771126327e-4
17794,1.8408070097930933e-5
17795,0.0011106202292418329
17796,7.976830375770071e-5
17797,7.179147338193064e-4
17798,6.136023365976978e-5
17799,1.2272046731953955e-5
17801,6.136023365976977e-6
17802,4.295216356183884e-5
17803,1.8408070097930933e-5
17805,4.295216356183884e-5
17806,4.295216356183884e-5
17808,6.136023365976977e-6
17809,3.068011682988489e-5
17811,6.136023365976977e-6
17813,3.6816140195861865e-5
17814,1.2272046731953955e-5
17815,6.136023365976977e-6
17816,1.2272046731953955e-5
17819,3.068011682988489e-5
17822,6.136023365976977e-6
17823,2.208968411751712e-4
17825,6.136023365976977e-6
17826,1.2272046731953955e-5
17827,1.2272046731953955e-5
17828,2.454409346390791e-5
17829,1.8408070097930933e-5
17830,1.5340058414942443e-4
17832,1.8408070097930933e-5
17833,6.136023365976977e-6
17834,1.2272046731953955e-5
17836,1.8408070097930933e-5
17838,1.2272046731953955e-5
17840,6.136023365976977e-6
17844,6.136023365976977e-6
17848,1.411285374174705e-4
17849,1.2272046731953955e-5
17850,6.136023365976977e-6
17852,2.454409346390791e-5
17853,1.2272046731953955e-5
17854,1.8408070097930933e-5
17855,6.136023365976977e-6
17857,1.8408070097930933e-5
17858,6.136023365976977e-6
17861,6.136023365976977e-6
17862,6.136023365976977e-6
17863,6.136023365976977e-6
17864,1.2272046731953955e-5
17865,6.136023365976977e-6
17866,1.2272046731953955e-5
17867,1.2272046731953955e-5
17868,6.136023365976977e-6
17869,1.8408070097930933e-5
17870,1.2272046731953955e-5
17871,6.136023365976977e-6
17875,1.9635274771126327e-4
17876,2.454409346390791e-5
17877,1.8408070097930933e-5
17880,1.2272046731953955e-5
17881,1.2272046731953955e-5
17882,3.068011682988489e-5
17883,2.454409346390791e-5
17884,1.8408070097930933e-5
17885,6.136023365976977e-6
17886,5.52242102937928e-5
17887,1.5340058414942443e-4
17888,2.454409346390791e-5
17889,6.136023365976977e-6
17890,6.136023365976977e-6
17891,1.8408070097930933e-5
17892,1.2272046731953955e-5
17893,6.136023365976977e-6
17895,6.136023365976977e-6
17896,8.590432712367768e-5
17898,9.204035048965466e-4
17901,2.515769580050561e-4
17903,8.590432712367768e-5
17904,1.349925140514935e-4
17905,4.908818692781582e-5
17906,5.890582431337898e-4
17907,2.454409346390791e-5
17908,3.313452617627568e-4
17909,1.2272046731953955e-5
17910,2.0862479444321724e-4
17911,1.8408070097930933e-5
17912,4.908818692781582e-5
17913,6.136023365976977e-6
17914,3.068011682988489e-5
17916,6.013302898657438e-4
17919,6.136023365976977e-6
17921,1.9635274771126327e-4
17922,2.454409346390791e-5
17923,1.2272046731953955e-5
17929,9.204035048965467e-5
17931,4.295216356183884e-5
17932,1.8408070097930933e-5
17933,9.817637385563164e-5
17936,1.2272046731953955e-5
17939,1.1658444395356257e-4
17941,1.8408070097930933e-5
17942,4.908818692781582e-5
17943,4.295216356183884e-5
17944,4.908818692781582e-5
17945,6.136023365976977e-6
17947,1.2272046731953955e-5
17948,6.136023365976977e-6
17949,1.2272046731953955e-5
17950,1.2272046731953955e-5
17951,6.136023365976977e-6
17953,1.2272046731953955e-5
17954,9.817637385563164e-5
17955,6.136023365976977e-6
17956,6.136023365976977e-6
17957,6.136023365976977e-6
17959,6.749625702574675e-5
17960,1.2272046731953955e-5
17961,3.6816140195861865e-5
17962,0.0012272046731953954
17964,1.7794467761333236e-4
17965,6.136023365976977e-6
17967,1.2272046731953955e-5
17970,6.136023365976977e-6
17972,4.908818692781582e-5
17973,7.976830375770071e-5
17974,1.2272046731953955e-5
17975,3.068011682988489e-5
17976,1.2272046731953955e-5
17977,5.52242102937928e-5
17980,1.2272046731953955e-5
17982,9.204035048965467e-5
17983,6.136023365976977e-6
17984,3.6816140195861865e-5
17985,6.136023365976977e-6
17986,6.749625702574675e-5
17987,4.908818692781582e-5
17988,1.2272046731953955e-5
17989,6.136023365976977e-6
17991,2.454409346390791e-5
17992,8.590432712367768e-5
17993,6.136023365976977e-6
17995,6.136023365976977e-6
17996,6.136023365976977e-6
17998,6.136023365976977e-6
17999,4.908818692781582e-5
18000,1.2272046731953955e-5
18002,1.656726308813784e-4
18003,1.2272046731953955e-5
18004,6.136023365976977e-6
18005,1.2272046731953955e-5
18006,4.295216356183884e-5
18007,6.136023365976977e-6
18008,3.068011682988489e-5
18009,1.2272046731953955e-5
18010,6.749625702574675e-5
18011,3.068011682988489e-5
18012,1.8408070097930933e-5
18013,1.2885649068551653e-4
18014,5.52242102937928e-5
18015,1.2272046731953955e-5
18016,3.620253785926417e-4
18019,1.2272046731953955e-5
18022,3.006651449328719e-4
18023,0.0010063078320202243
18024,4.356576589843654e-4
18025,4.908818692781582e-5
18026,1.0431239722160862e-4
18027,2.0248877107724027e-4
18028,5.52242102937928e-5
18029,6.136023365976977e-6
18030,6.749625702574675e-4
18031,4.295216356183884e-4
18032,0.0013376530937829812
18033,3.6816140195861865e-5
18036,1.8408070097930933e-5
18037,6.136023365976977e-6
18038,1.8408070097930933e-5
18039,6.136023365976977e-6
18040,6.136023365976977e-6
18043,1.2272046731953955e-5
18045,2.945291215668949e-4
18046,6.136023365976977e-6
18047,6.136023365976977e-6
18048,4.295216356183884e-5
18049,3.068011682988489e-5
18050,1.8408070097930933e-5
18051,3.0680116829884886e-4
18052,1.2272046731953955e-5
18053,3.068011682988489e-5
18054,6.136023365976977e-6
18057,6.136023365976977e-6
18060,6.136023365976977e-6
18061,1.2272046731953955e-5
18065,1.411285374174705e-4
18068,6.136023365976978e-5
18069,4.295216356183884e-5
18071,1.2272046731953955e-5
18072,1.2272046731953955e-5
18074,3.068011682988489e-5
18075,6.136023365976977e-6
18076,1.1658444395356257e-4
18077,7.976830375770071e-5
18078,1.8408070097930933e-5
18079,6.995066637213754e-4
18080,2.454409346390791e-5
18081,1.1658444395356257e-4
18086,4.908818692781582e-5
18087,1.2272046731953955e-5
18088,6.136023365976977e-6
18089,6.136023365976977e-6
18091,6.136023365976977e-6
18093,6.136023365976977e-6
18094,2.454409346390791e-5
18098,1.2272046731953955e-5
18100,3.068011682988489e-5
18103,1.2272046731953955e-5
18104,1.2272046731953955e-5
18105,2.76121051468964e-4
18106,4.295216356183884e-5
18108,8.283631544068919e-4
18109,6.136023365976978e-5
18110,1.8408070097930933e-5
18111,1.2272046731953955e-5
18112,6.136023365976977e-6
18113,1.104484205875856e-4
18114,5.52242102937928e-5
18115,3.6816140195861865e-5
18116,6.136023365976977e-6
18118,4.295216356183884e-5
18120,6.136023365976977e-6
18122,1.2272046731953955e-5
18123,7.363228039172373e-5
18124,6.136023365976977e-6
18125,1.8408070097930933e-5
18126,2.454409346390791e-5
18127,7.976830375770071e-5
18128,1.411285374174705e-4
18129,6.136023365976977e-6
18130,6.136023365976978e-5
18131,1.2272046731953955e-5
18133,6.136023365976978e-5
18134,6.136023365976977e-6
18135,1.2272046731953955e-5
18136,1.8408070097930933e-5
18137,4.908818692781582e-5
18139,6.136023365976977e-6
18140,6.749625702574675e-5
18141,1.2272046731953955e-5
18142,3.5588935522666473e-4
18143,2.0862479444321724e-4
18144,1.8408070097930933e-5
18145,6.136023365976978e-5
18146,0.0015278698181282674
18147,1.4726456078344746e-4
18148,1.8408070097930933e-5
18149,1.104484205875856e-4
18151,1.349925140514935e-4
18152,1.2272046731953956e-4
18153,1.8408070097930933e-5
18154,1.8408070097930933e-5
18156,3.6816140195861865e-5
18157,5.52242102937928e-5
18158,5.52242102937928e-5
18159,1.8408070097930933e-5
18160,3.9884151878850357e-4
18162,1.8408070097930933e-5
18164,1.8408070097930933e-5
18165,6.136023365976977e-6
18166,6.136023365976977e-6
18167,6.136023365976977e-6
18170,1.2885649068551653e-4
18171,6.136023365976977e-6
18173,1.8408070097930933e-5
18174,5.46106079571951e-4
18176,4.295216356183884e-5
18178,1.8408070097930933e-5
18180,1.2272046731953955e-5
18182,1.2272046731953955e-5
18183,1.2272046731953955e-5
18184,6.136023365976977e-6
18185,6.136023365976977e-6
18186,1.8408070097930933e-5
18187,6.136023365976977e-6
18189,5.52242102937928e-5
18190,6.136023365976977e-6
18191,6.197383599636747e-4
18192,1.2272046731953955e-5
18193,1.2272046731953955e-5
18194,6.136023365976977e-6
18200,6.136023365976977e-6
18203,1.2272046731953956e-4
18204,9.204035048965467e-5
18206,1.2272046731953955e-5
18208,6.136023365976977e-6
18209,6.136023365976977e-6
18211,3.068011682988489e-5
18213,1.8408070097930933e-5
18214,1.8408070097930933e-5
18215,1.2272046731953955e-5
18216,6.136023365976977e-6
18217,3.6816140195861865e-5
18218,1.2272046731953955e-5
18219,7.363228039172373e-5
18220,1.5340058414942443e-4
18221,1.2272046731953955e-5
18222,7.670029207471222e-4
18223,2.454409346390791e-5
18224,4.908818692781582e-5
18225,1.2272046731953955e-5
18226,3.6816140195861865e-5
18227,6.136023365976977e-6
18228,1.2272046731953955e-5
18229,7.976830375770071e-5
18230,2.147608178091942e-4
18231,3.6816140195861865e-5
18232,6.136023365976977e-6
18234,1.2272046731953955e-5
18236,1.2272046731953955e-5
18238,6.136023365976977e-6
18240,1.7794467761333236e-4
18241,1.2272046731953955e-5
18242,3.6816140195861865e-5
18243,6.136023365976977e-6
18244,3.068011682988489e-5
18245,1.2272046731953955e-5
18247,1.2272046731953955e-5
18248,2.454409346390791e-5
18249,1.8408070097930933e-5
18251,1.2272046731953955e-5
18252,8.590432712367768e-5
18254,3.068011682988489e-5
18255,6.136023365976977e-6
18256,6.136023365976977e-6
18258,1.5340058414942443e-4
18259,1.5340058414942443e-4
18261,1.8408070097930933e-5
18262,3.068011682988489e-5
18265,3.6816140195861865e-5
18266,1.2272046731953955e-5
18267,4.908818692781582e-5
18268,1.656726308813784e-4
18269,1.2272046731953955e-5
18270,2.454409346390791e-5
18271,1.4726456078344746e-4
18272,3.068011682988489e-5
18273,1.7180865424735537e-4
18275,1.2272046731953955e-5
18276,1.2272046731953955e-5
18277,7.363228039172373e-5
18278,7.363228039172373e-5
18279,1.2272046731953955e-5
18280,6.136023365976977e-6
18281,3.068011682988489e-5
18282,1.2272046731953955e-5
18285,6.136023365976977e-6
18286,1.8408070097930933e-5
18287,1.0431239722160862e-4
18288,6.136023365976977e-6
18290,2.454409346390791e-5
18291,1.2272046731953955e-5
18292,2.454409346390791e-5
18293,6.136023365976977e-6
18294,1.8408070097930933e-5
18295,1.2272046731953955e-5
18296,6.136023365976977e-6
18297,3.068011682988489e-5
18299,2.454409346390791e-5
18303,4.295216356183884e-5
18304,6.136023365976977e-6
18305,1.2272046731953955e-5
18306,3.068011682988489e-5
18307,1.8408070097930933e-5
18308,1.2272046731953955e-5
18309,1.8408070097930933e-5
18310,6.136023365976977e-6
18311,3.068011682988489e-5
18314,3.6816140195861865e-5
18315,6.136023365976977e-6
18318,6.136023365976977e-6
18320,2.454409346390791e-5
18323,6.136023365976977e-6
18324,1.8408070097930933e-5
18325,8.590432712367768e-5
18326,6.136023365976977e-6
18327,6.136023365976977e-6
18330,6.136023365976977e-6
18334,3.068011682988489e-5
18335,6.136023365976977e-6
18336,6.136023365976977e-6
18337,1.8408070097930933e-5
18340,1.2272046731953955e-5
18341,1.8408070097930933e-5
18342,1.8408070097930933e-5
18345,6.136023365976977e-6
18346,8.590432712367768e-5
18347,6.136023365976977e-6
18348,6.136023365976977e-6
18349,6.136023365976977e-6
18350,6.136023365976977e-6
18351,6.136023365976977e-6
18352,6.136023365976977e-6
18356,8.590432712367768e-5
18359,8.590432712367768e-5
18360,2.454409346390791e-5
18361,3.6816140195861865e-5
18362,1.2272046731953955e-5
18363,1.8408070097930933e-5
18365,1.2272046731953955e-5
18369,1.2272046731953955e-5
18370,1.7794467761333236e-4
18371,4.908818692781582e-5
18372,1.8408070097930933e-5
18373,6.749625702574675e-5
18374,6.136023365976977e-6
18376,6.136023365976977e-6
18377,6.136023365976977e-6
18379,6.136023365976977e-6
18380,1.2272046731953955e-5
18381,6.136023365976977e-6
18382,6.136023365976977e-6
18383,4.295216356183884e-5
18384,1.8408070097930933e-5
18386,0.005148123604054684
18388,1.2272046731953955e-5
18389,7.363228039172373e-5
18391,3.6816140195861865e-5
18394,6.136023365976977e-6
18395,6.136023365976977e-6
18397,3.068011682988489e-5
18399,1.2272046731953955e-5
18400,6.136023365976977e-6
18402,1.2272046731953955e-5
18404,1.2272046731953955e-5
18406,1.8408070097930933e-5
18407,4.908818692781582e-5
18408,1.2272046731953955e-5
18409,6.136023365976977e-6
18410,1.656726308813784e-4
18413,6.136023365976977e-6
18414,1.2272046731953955e-5
18415,3.068011682988489e-5
18417,6.136023365976977e-6
18419,2.454409346390791e-5
18421,5.154259627420661e-4
18424,1.9635274771126327e-4
18428,2.454409346390791e-5
18429,6.136023365976977e-6
18430,6.136023365976977e-6
18431,1.2272046731953955e-5
18434,6.136023365976977e-6
18435,6.136023365976977e-6
18436,3.6816140195861865e-5
18437,6.136023365976977e-6
18438,6.136023365976977e-6
18439,1.4726456078344746e-4
18440,6.136023365976978e-5
18441,2.454409346390791e-5
18443,3.068011682988489e-5
18445,6.136023365976977e-6
18446,6.136023365976977e-6
18447,1.2272046731953955e-5
18449,6.136023365976977e-6
18450,6.136023365976977e-6
18452,6.136023365976977e-6
18454,2.454409346390791e-5
18455,6.136023365976977e-6
18457,2.454409346390791e-5
18458,1.8408070097930933e-5
18459,1.0431239722160862e-4
18460,6.136023365976977e-6
18461,6.136023365976977e-6
18462,6.749625702574675e-5
18463,6.136023365976977e-6
18464,2.454409346390791e-5
18465,6.136023365976977e-6
18467,2.454409346390791e-5
18468,1.2272046731953955e-5
18469,1.2272046731953955e-5
18470,3.068011682988489e-5
18471,2.454409346390791e-5
18473,1.8408070097930933e-5
18474,1.8408070097930933e-5
18475,9.204035048965467e-5
18476,1.2272046731953955e-5
18477,1.1658444395356257e-4
18478,3.6816140195861865e-5
18480,6.136023365976977e-6
18482,2.82257074834941e-4
18483,7.056426870873524e-4
18484,6.136023365976977e-6
18485,1.8408070097930933e-5
18486,2.454409346390791e-5
18489,6.320104066956287e-4
18491,7.363228039172373e-5
18495,4.8474584591218125e-4
18496,3.068011682988489e-5
18497,6.136023365976977e-6
18498,7.363228039172373e-5
18499,6.136023365976977e-6
18500,1.2272046731953955e-5
18501,6.136023365976977e-6
18502,6.136023365976977e-6
18507,1.8408070097930933e-5
18508,1.2272046731953955e-5
18509,6.136023365976977e-6
18510,6.136023365976977e-6
18511,1.2272046731953955e-5
18514,6.136023365976977e-6
18515,6.749625702574675e-5
18517,1.8408070097930933e-5
18518,1.2272046731953955e-5
18520,6.136023365976977e-6
18521,1.7794467761333236e-4
18522,1.2272046731953955e-5
18523,7.363228039172373e-5
18525,1.2272046731953955e-5
18526,1.2272046731953955e-5
18527,6.136023365976978e-5
18528,1.8408070097930933e-5
18529,6.136023365976977e-6
18530,3.068011682988489e-5
18531,4.908818692781582e-5
18532,1.8408070097930933e-5
18533,1.2272046731953955e-5
18534,1.2272046731953955e-5
18536,1.8408070097930933e-5
18539,3.6816140195861865e-5
18540,1.2272046731953955e-5
18541,1.2272046731953955e-5
18543,2.454409346390791e-5
18545,3.068011682988489e-5
18546,1.2272046731953955e-5
18547,9.817637385563164e-5
18548,1.8408070097930933e-5
18551,1.2272046731953955e-5
18552,8.590432712367768e-5
18553,1.7180865424735537e-4
18555,6.136023365976977e-6
18557,1.8408070097930933e-4
18559,1.8408070097930933e-5
18560,4.908818692781582e-5
18561,4.295216356183884e-5
18563,6.136023365976977e-6
18564,3.129371916648259e-4
18566,6.136023365976977e-6
18567,4.295216356183884e-5
18568,3.620253785926417e-4
18570,6.136023365976977e-6
18571,3.6816140195861865e-5
18573,6.136023365976977e-6
18574,6.136023365976977e-6
18575,1.2272046731953955e-5
18577,1.2272046731953955e-5
18578,6.136023365976977e-6
18581,1.2272046731953955e-5
18582,1.5340058414942443e-4
18584,6.136023365976977e-6
18585,6.136023365976977e-6
18586,6.136023365976977e-6
18587,6.136023365976977e-6
18592,6.136023365976977e-6
18593,2.208968411751712e-4
18594,6.136023365976977e-6
18595,6.136023365976978e-5
18596,9.204035048965467e-5
18597,8.590432712367768e-5
18598,6.136023365976977e-6
18599,9.817637385563164e-5
18600,4.111135655204575e-4
18602,3.6816140195861865e-5
18603,3.068011682988489e-5
18605,3.068011682988489e-5
18607,1.0431239722160862e-4
18608,6.136023365976977e-6
18609,3.068011682988489e-5
18610,7.363228039172373e-5
18611,1.2272046731953955e-5
18612,6.136023365976977e-6
18613,6.136023365976977e-6
18614,2.454409346390791e-5
18615,1.8408070097930933e-5
18616,6.136023365976977e-6
18617,3.068011682988489e-5
18618,1.5953660751540143e-4
18619,6.136023365976977e-6
18620,6.136023365976977e-6
18623,6.136023365976977e-6
18625,4.908818692781582e-5
18626,6.136023365976978e-5
18627,5.52242102937928e-5
18628,3.6816140195861865e-5
18629,6.136023365976977e-6
18631,6.136023365976978e-5
18634,1.2272046731953955e-5
18635,6.136023365976977e-6
18636,6.136023365976977e-6
18638,6.136023365976977e-6
18640,1.8408070097930933e-5
18642,6.136023365976977e-6
18643,2.454409346390791e-5
18644,6.136023365976977e-6
18645,3.6816140195861865e-5
18647,1.656726308813784e-4
18648,9.817637385563164e-5
18650,1.2272046731953955e-5
18651,1.4726456078344746e-4
18652,1.2272046731953955e-5
18653,6.136023365976977e-6
18655,6.136023365976978e-5
18656,1.2272046731953955e-5
18657,6.136023365976977e-6
18658,6.136023365976977e-6
18659,2.454409346390791e-5
18660,6.136023365976977e-6
18661,1.2272046731953955e-5
18662,1.2272046731953956e-4
18663,6.136023365976977e-6
18664,6.136023365976977e-6
18665,1.8408070097930933e-5
18666,2.454409346390791e-5
18667,1.349925140514935e-4
18668,1.2272046731953955e-5
18669,1.411285374174705e-4
18670,1.5340058414942443e-4
18672,9.204035048965467e-5
18673,7.976830375770071e-5
18676,6.136023365976977e-6
18677,6.136023365976977e-6
18679,1.8408070097930933e-5
18680,1.8408070097930933e-5
18681,6.136023365976978e-5
18683,1.2272046731953955e-5
18684,6.136023365976977e-6
18686,6.136023365976977e-6
18687,2.454409346390791e-5
18688,6.136023365976977e-6
18689,2.454409346390791e-5
18694,2.2703286454114818e-4
18695,6.749625702574675e-5
18696,6.136023365976977e-6
18697,6.136023365976977e-6
18698,6.136023365976977e-6
18700,1.2272046731953955e-5
18701,1.2272046731953955e-5
18705,3.4361730849471073e-4
18706,6.136023365976978e-5
18709,6.136023365976977e-6
18710,1.104484205875856e-4
18711,2.454409346390791e-5
18712,6.136023365976977e-6
18713,6.136023365976977e-6
18714,2.454409346390791e-5
18716,3.068011682988489e-5
18718,1.8408070097930933e-5
18719,3.068011682988489e-5
18720,1.2272046731953955e-5
18721,1.8408070097930933e-5
18722,6.136023365976978e-5
18724,1.2272046731953955e-5
18725,1.2272046731953955e-5
18726,8.590432712367768e-5
18727,6.136023365976977e-6
18728,6.136023365976977e-6
18729,1.2272046731953955e-5
18730,4.356576589843654e-4
18732,1.104484205875856e-4
18737,1.656726308813784e-4
18738,1.2272046731953955e-5
18739,4.908818692781582e-5
18740,6.136023365976977e-6
18741,6.136023365976977e-6
18742,1.8408070097930933e-5
18743,4.0497754215448054e-4
18744,1.8408070097930933e-5
18746,6.136023365976977e-6
18748,1.2272046731953955e-5
18749,1.8408070097930933e-5
18750,1.2272046731953955e-5
18751,6.136023365976977e-6
18753,1.7180865424735537e-4
18754,6.136023365976978e-5
18755,6.136023365976978e-5
18760,1.8408070097930933e-5
18761,6.136023365976978e-5
18762,1.2272046731953955e-5
18763,3.068011682988489e-5
18764,1.2272046731953955e-5
18765,1.8408070097930933e-5
18766,3.6816140195861865e-5
18767,3.6816140195861865e-5
18771,6.136023365976977e-6
18772,4.908818692781582e-5
18773,4.908818692781582e-5
18774,4.908818692781582e-5
18776,1.2272046731953955e-5
18777,3.068011682988489e-5
18778,1.8408070097930933e-4
18779,6.136023365976977e-6
18780,6.136023365976977e-6
18783,1.2272046731953955e-5
18785,1.2272046731953955e-5
18786,6.136023365976977e-6
18788,1.8408070097930933e-5
18789,6.136023365976977e-6
18790,1.8408070097930933e-5
18792,4.295216356183884e-5
18793,3.068011682988489e-5
18794,1.2272046731953955e-5
18796,1.2272046731953955e-5
18797,1.8408070097930933e-5
18798,5.52242102937928e-5
18800,3.068011682988489e-5
18802,6.136023365976978e-5
18803,1.8408070097930933e-5
18804,6.136023365976977e-6
18806,6.136023365976977e-6
18807,2.454409346390791e-5
18811,4.908818692781582e-5
18813,1.8408070097930933e-5
18814,1.2272046731953955e-5
18815,8.590432712367768e-5
18816,6.136023365976977e-6
18817,3.6816140195861865e-5
18820,1.2272046731953955e-5
18821,1.2272046731953955e-5
18822,6.136023365976977e-6
18823,1.2272046731953955e-5
18824,5.52242102937928e-5
18825,1.2272046731953955e-5
18826,0.0012333406965613725
18830,6.136023365976977e-6
18832,1.8408070097930933e-5
18833,1.2272046731953955e-5
18835,6.136023365976977e-6
18836,3.6816140195861865e-5
18837,3.6816140195861865e-5
18838,6.136023365976977e-6
18839,6.136023365976977e-6
18840,1.2272046731953955e-5
18841,6.136023365976977e-6
18843,6.136023365976977e-6
18844,6.136023365976977e-6
18845,4.295216356183884e-5
18846,1.2272046731953956e-4
18848,0.0011781164862675797
18851,1.5340058414942443e-4
18852,6.749625702574675e-5
18853,3.068011682988489e-5
18854,3.6816140195861865e-5
18855,9.204035048965467e-5
18856,6.136023365976977e-6
18857,1.2272046731953955e-5
18859,6.136023365976977e-6
18860,6.136023365976977e-6
18861,1.2272046731953955e-5
18862,6.136023365976977e-6
18863,1.2272046731953955e-5
18864,6.136023365976977e-6
18865,6.136023365976977e-6
18868,1.2272046731953955e-5
18869,3.068011682988489e-5
18873,1.2272046731953955e-5
18874,1.7180865424735537e-4
18875,4.908818692781582e-5
18876,8.590432712367768e-5
18877,6.136023365976978e-5
18881,6.136023365976977e-6
18882,1.2272046731953955e-5
18883,1.2272046731953955e-5
18884,6.136023365976977e-6
18885,1.8408070097930933e-5
18887,2.454409346390791e-5
18888,6.136023365976977e-6
18889,1.8408070097930933e-5
18890,2.5771298137103305e-4
18892,6.136023365976977e-6
18893,1.8408070097930933e-5
18896,1.2272046731953955e-5
18897,1.7180865424735537e-4
18898,2.454409346390791e-5
18899,6.136023365976977e-6
18900,5.39970056205974e-4
18901,1.2272046731953955e-5
18902,1.2272046731953955e-5
18905,1.8408070097930933e-5
18906,1.2272046731953955e-5
18907,1.8408070097930933e-5
18908,0.0011842525096335567
18910,1.2272046731953955e-5
18912,6.136023365976977e-6
18913,1.8408070097930933e-5
18914,6.136023365976977e-6
18915,6.136023365976977e-6
18916,1.2272046731953955e-5
18918,1.2272046731953955e-5
18919,1.2272046731953955e-5
18920,3.068011682988489e-5
18921,2.454409346390791e-5
18922,1.2272046731953955e-5
18923,1.2272046731953955e-5
18924,3.068011682988489e-5
18925,6.136023365976978e-5
18926,6.136023365976977e-6
18929,6.136023365976977e-6
18930,4.908818692781582e-5
18931,1.2272046731953955e-5
18933,1.8408070097930933e-5
18934,1.902167243452863e-4
18935,6.136023365976977e-6
18936,6.136023365976977e-6
18937,1.2272046731953955e-5
18938,2.454409346390791e-5
18939,6.136023365976977e-6
18940,0.005804678104214221
18942,3.068011682988489e-5
18944,3.068011682988489e-5
18947,1.2272046731953955e-5
18948,1.2272046731953955e-5
18949,6.136023365976977e-6
18950,0.001104484205875856
18951,3.6816140195861865e-5
18952,1.2272046731953955e-5
18956,4.295216356183884e-5
18957,1.2272046731953955e-5
18958,1.2272046731953955e-5
18959,4.908818692781582e-5
18960,6.136023365976977e-6
18962,1.2272046731953955e-5
18965,1.8408070097930933e-5
18966,6.136023365976977e-6
18967,1.2885649068551653e-4
18968,7.976830375770071e-5
18969,6.136023365976977e-6
18970,3.6816140195861865e-5
18971,7.731389441130992e-4
18972,6.136023365976977e-6
18973,6.136023365976977e-6
18974,6.136023365976977e-6
18975,1.2272046731953956e-4
18980,4.295216356183884e-5
18981,1.2272046731953955e-5
18983,6.136023365976977e-6
18984,3.865694720565496e-4
18985,1.2272046731953955e-5
18986,2.454409346390791e-5
18987,1.2272046731953955e-5
18990,1.8408070097930933e-5
18991,6.136023365976977e-6
18992,9.817637385563164e-5
18993,1.2272046731953955e-5
18994,6.136023365976977e-6
18995,5.52242102937928e-5
18996,5.52242102937928e-5
19000,6.136023365976977e-6
19002,3.6816140195861865e-5
19005,7.976830375770071e-5
19006,1.2272046731953955e-5
19007,6.136023365976977e-6
19008,1.2272046731953955e-5
19009,6.136023365976977e-6
19010,3.068011682988489e-5
19011,1.8408070097930933e-5
19012,1.8408070097930933e-5
19013,6.136023365976977e-6
19014,1.9635274771126327e-4
19016,4.908818692781582e-5
19017,1.2272046731953955e-5
19018,1.8408070097930933e-5
19019,0.001129028299339764
19021,1.8408070097930933e-5
19022,6.136023365976977e-6
19023,6.136023365976977e-6
19024,6.136023365976977e-6
19025,8.590432712367768e-5
19026,1.8408070097930933e-5
19027,1.8408070097930933e-5
19031,6.136023365976977e-6
19033,6.136023365976977e-6
19034,1.2272046731953955e-5
19035,6.872346169894215e-4
19036,6.136023365976977e-6
19038,6.136023365976978e-5
19039,1.7180865424735537e-4
19040,6.136023365976977e-6
19041,6.136023365976977e-6
19042,6.136023365976977e-6
19043,3.6816140195861865e-5
19044,4.5406572908229635e-4
19045,6.136023365976977e-6
19046,6.136023365976977e-6
19048,1.8408070097930933e-5
19049,1.2272046731953955e-5
19050,3.6816140195861865e-5
19051,6.136023365976977e-6
19052,3.6816140195861865e-5
19053,1.8408070097930933e-5
19056,7.976830375770071e-5
19057,6.136023365976977e-6
19058,5.52242102937928e-5
19060,1.2272046731953955e-5
19062,6.136023365976977e-6
19063,2.454409346390791e-5
19065,7.179147338193064e-4
19066,3.313452617627568e-4
19068,1.2272046731953956e-4
19069,1.2272046731953955e-5
19070,1.2272046731953955e-5
19071,6.136023365976977e-6
19072,1.2272046731953955e-5
19073,3.068011682988489e-5
19076,1.2272046731953955e-5
19077,1.2272046731953955e-5
19078,6.136023365976977e-6
19079,6.136023365976977e-6
19080,6.136023365976977e-6
19081,3.068011682988489e-5
19082,1.2272046731953955e-5
19083,1.2272046731953955e-5
19087,1.2272046731953955e-5
19089,1.2272046731953955e-5
19091,1.2272046731953955e-5
19092,1.2272046731953955e-5
19093,2.945291215668949e-4
19094,1.2272046731953955e-5
19095,1.2272046731953955e-5
19096,1.5953660751540143e-4
19098,1.2272046731953955e-5
19099,4.908818692781582e-5
19101,3.804334486905726e-4
19102,6.136023365976978e-5
19103,6.136023365976977e-6
19104,3.6816140195861865e-5
19105,1.104484205875856e-4
19106,6.136023365976977e-6
19107,3.129371916648259e-4
19109,6.136023365976977e-6
19110,2.454409346390791e-5
19111,1.8408070097930933e-5
19112,2.147608178091942e-4
19114,1.349925140514935e-4
19115,2.3316888790712514e-4
19116,4.295216356183884e-5
19117,6.136023365976977e-6
19118,1.5953660751540143e-4
19119,1.8408070097930933e-5
19120,2.454409346390791e-5
19121,2.454409346390791e-5
19122,1.2272046731953955e-5
19123,3.0680116829884886e-4
19124,3.6816140195861865e-5
19126,6.197383599636747e-4
19128,1.2272046731953955e-5
19129,2.454409346390791e-5
19130,1.2272046731953955e-5
19132,7.363228039172373e-5
19133,4.295216356183884e-5
19134,1.8408070097930933e-5
19136,4.295216356183884e-5
19138,3.068011682988489e-5
19139,2.454409346390791e-5
19140,4.295216356183884e-5
19141,1.8408070097930933e-5
19142,1.2272046731953955e-5
19144,3.068011682988489e-5
19145,1.9635274771126327e-4
19146,1.8408070097930933e-5
19147,3.068011682988489e-5
19148,6.136023365976977e-6
19149,2.454409346390791e-5
19150,1.2885649068551653e-4
19154,7.976830375770071e-5
19156,3.068011682988489e-5
19157,1.8408070097930933e-5
19158,6.136023365976977e-6
19161,6.136023365976977e-6
19162,3.068011682988489e-5
19163,4.295216356183884e-5
19164,1.8408070097930933e-5
19165,1.1658444395356257e-4
19168,1.2272046731953955e-5
19169,7.670029207471222e-4
19170,3.4361730849471073e-4
19171,6.136023365976977e-6
19173,6.136023365976977e-6
19174,2.454409346390791e-5
19175,2.454409346390791e-5
19177,7.363228039172373e-5
19178,6.749625702574675e-5
19179,6.136023365976977e-6
19181,6.749625702574675e-5
19182,0.00211079203789608
19183,2.454409346390791e-5
19184,6.136023365976977e-6
19186,3.068011682988489e-5
19187,1.8408070097930933e-5
19188,2.82257074834941e-4
19191,8.897233880666617e-4
19193,5.951942664997669e-4
19195,1.2272046731953955e-5
19197,4.663377758142503e-4
19198,3.6816140195861865e-5
19199,1.8408070097930933e-5
19200,4.295216356183884e-5
19201,3.6816140195861865e-5
19202,3.068011682988489e-5
19204,3.4361730849471073e-4
19205,3.4361730849471073e-4
19206,1.902167243452863e-4
19207,6.136023365976977e-6
19208,4.295216356183884e-5
19209,3.068011682988489e-5
19210,9.204035048965467e-5
19211,1.2272046731953955e-5
19213,1.2272046731953955e-5
19214,6.136023365976977e-6
19215,6.136023365976977e-6
19216,1.104484205875856e-4
19217,3.068011682988489e-5
19218,3.068011682988489e-5
19219,3.068011682988489e-5
19222,1.8408070097930933e-5
19223,6.136023365976977e-6
19224,4.908818692781582e-5
19226,6.136023365976977e-6
19228,6.136023365976977e-6
19229,3.6816140195861865e-5
19232,6.136023365976977e-6
19233,6.933706403553985e-4
19234,1.104484205875856e-4
19236,6.136023365976977e-6
19237,6.136023365976977e-6
19238,6.136023365976977e-6
19240,1.2272046731953955e-5
19241,4.295216356183884e-5
19243,1.8408070097930933e-5
19244,6.136023365976977e-6
19245,9.817637385563164e-5
19246,2.454409346390791e-5
19249,4.908818692781582e-5
19251,6.136023365976977e-6
19252,0.0014665095844684976
19253,3.068011682988489e-5
19255,3.068011682988489e-5
19256,2.454409346390791e-5
19257,1.8408070097930933e-5
19258,2.454409346390791e-4
19259,7.976830375770071e-5
19260,1.2272046731953955e-5
19261,4.295216356183884e-5
19262,3.804334486905726e-4
19263,6.136023365976977e-6
19264,1.8408070097930933e-5
19269,6.136023365976977e-6
19270,1.2272046731953955e-5
19271,1.2272046731953955e-5
19272,1.2272046731953955e-5
19274,1.2272046731953955e-5
19275,8.590432712367768e-5
19276,6.136023365976977e-6
19278,1.2272046731953955e-5
19279,6.136023365976977e-6
19280,1.2272046731953956e-4
19281,7.363228039172373e-5
19282,1.8408070097930933e-5
19283,7.976830375770071e-5
19284,1.2272046731953955e-5
19285,2.454409346390791e-5
19287,1.7794467761333236e-4
19288,6.136023365976978e-5
19289,2.454409346390791e-5
19291,2.454409346390791e-5
19294,3.068011682988489e-5
19295,6.136023365976977e-6
19296,2.454409346390791e-5
19297,1.2272046731953955e-5
19298,1.2272046731953955e-5
19299,6.136023365976977e-6
19301,2.454409346390791e-5
19302,6.136023365976977e-6
19304,6.136023365976977e-6
19305,5.52242102937928e-5
19306,1.1658444395356257e-4
19307,2.454409346390791e-5
19308,6.136023365976977e-6
19309,1.2272046731953955e-5
19310,1.8408070097930933e-5
19312,6.136023365976977e-6
19313,3.6816140195861865e-5
19314,1.2272046731953955e-5
19315,2.454409346390791e-5
19316,1.2272046731953955e-5
19317,4.295216356183884e-5
19318,3.6816140195861865e-5
19320,1.2272046731953955e-5
19321,6.136023365976977e-6
19322,6.136023365976977e-6
19323,3.6816140195861865e-5
19324,6.136023365976977e-6
19325,3.6816140195861865e-5
19328,1.8408070097930933e-5
19330,6.565545001595366e-4
19331,6.749625702574675e-5
19332,1.2272046731953955e-5
19333,6.136023365976977e-6
19334,6.136023365976977e-6
19335,6.136023365976977e-6
19337,1.5953660751540143e-4
19338,1.2272046731953955e-5
19339,1.2272046731953955e-5
19340,6.136023365976977e-6
19341,1.2272046731953955e-5
19343,5.52242102937928e-5
19345,6.136023365976978e-5
19346,1.8408070097930933e-5
19347,6.136023365976977e-6
19351,6.136023365976977e-6
19353,6.136023365976977e-6
19354,2.0862479444321724e-4
19355,6.136023365976977e-6
19356,1.2272046731953955e-5
19359,6.136023365976977e-6
19360,1.2272046731953955e-5
19361,6.136023365976977e-6
19362,1.2272046731953955e-5
19363,6.136023365976977e-6
19366,1.8408070097930933e-5
19367,1.349925140514935e-4
19368,6.136023365976977e-6
19369,6.749625702574675e-5
19370,2.454409346390791e-4
19371,6.136023365976977e-6
19372,1.8408070097930933e-5
19373,1.8408070097930933e-5
19374,6.136023365976977e-6
19375,6.136023365976977e-6
19377,6.136023365976977e-6
19378,1.2272046731953956e-4
19379,2.454409346390791e-5
19380,6.136023365976977e-6
19381,1.2272046731953955e-5
19382,1.8408070097930933e-5
19383,6.136023365976977e-6
19384,6.749625702574675e-5
19386,6.136023365976977e-6
19387,2.454409346390791e-5
19390,6.136023365976977e-6
19393,1.8408070097930933e-5
19394,4.602017524482733e-4
19395,2.454409346390791e-5
19396,6.136023365976977e-6
19400,6.136023365976977e-6
19401,1.2272046731953955e-5
19402,6.136023365976977e-6
19403,1.902167243452863e-4
19404,1.2272046731953955e-5
19405,6.136023365976977e-6
19407,6.136023365976977e-6
19409,1.8408070097930933e-5
19411,2.454409346390791e-5
19414,2.454409346390791e-5
19415,4.295216356183884e-5
19416,6.136023365976977e-6
19417,6.136023365976977e-6
19418,1.2272046731953955e-5
19420,1.104484205875856e-4
19421,7.976830375770071e-5
19422,1.2272046731953955e-5
19424,6.136023365976977e-6
19425,1.2272046731953955e-5
19426,4.908818692781582e-5
19427,1.8408070097930933e-5
19429,2.454409346390791e-5
19430,2.454409346390791e-5
19432,1.2272046731953955e-5
19433,6.136023365976977e-6
19435,6.136023365976977e-6
19437,1.2272046731953955e-5
19438,1.8408070097930933e-5
19440,1.8408070097930933e-5
19441,4.295216356183884e-5
19443,2.76121051468964e-4
19444,6.136023365976977e-6
19445,6.136023365976977e-6
19447,6.136023365976977e-6
19448,3.068011682988489e-5
19449,1.8408070097930933e-5
19450,1.2272046731953955e-5
19451,3.6816140195861865e-5
19452,1.8408070097930933e-5
19454,3.068011682988489e-5
19455,6.136023365976977e-6
19456,6.136023365976977e-6
19457,1.2272046731953955e-5
19459,6.136023365976977e-6
19461,0.0014296934442726357
19462,0.0015524139115921753
19463,1.902167243452863e-4
19465,3.068011682988489e-5
19468,6.136023365976977e-6
19469,4.663377758142503e-4
19471,1.5953660751540143e-4
19472,1.2272046731953956e-4
19473,5.52242102937928e-5
19474,6.136023365976977e-6
19475,6.136023365976977e-6
19476,6.136023365976977e-6
19477,6.136023365976977e-6
19478,6.136023365976977e-6
19479,6.136023365976977e-6
19480,2.454409346390791e-5
19483,6.136023365976977e-6
19484,6.136023365976977e-6
19486,3.5588935522666473e-4
19488,1.8408070097930933e-5
19490,1.8408070097930933e-5
19493,3.068011682988489e-5
19494,4.295216356183884e-5
19499,6.136023365976977e-6
19501,6.136023365976977e-6
19502,7.976830375770071e-5
19503,1.2272046731953955e-5
19505,6.136023365976977e-6
19507,9.633556684583855e-4
19508,4.295216356183884e-5
19509,6.136023365976978e-5
19512,6.136023365976977e-6
19513,5.52242102937928e-5
19514,6.136023365976977e-6
19515,5.52242102937928e-5
19516,6.749625702574675e-5
19517,1.2272046731953955e-5
19519,2.454409346390791e-5
19520,2.454409346390791e-5
19521,3.068011682988489e-5
19522,6.136023365976977e-6
19523,1.2272046731953955e-5
19524,2.454409346390791e-5
19526,6.136023365976977e-6
19527,1.2885649068551653e-4
19528,2.454409346390791e-5
19529,6.136023365976977e-6
19531,6.136023365976977e-6
19532,6.136023365976977e-6
19533,1.8408070097930933e-5
19534,1.8408070097930933e-5
19535,6.136023365976977e-6
19536,3.068011682988489e-5
19537,6.136023365976977e-6
19539,1.8408070097930933e-5
19540,6.136023365976977e-6
19541,1.2272046731953955e-5
19543,3.6816140195861865e-5
19544,6.136023365976977e-6
19545,1.8408070097930933e-5
19546,6.136023365976977e-6
19548,1.8408070097930933e-5
19549,4.295216356183884e-5
19550,3.068011682988489e-5
19551,1.0431239722160862e-4
19553,1.2272046731953955e-5
19554,1.8408070097930933e-5
19557,1.2272046731953955e-5
19558,6.136023365976977e-6
19560,1.2272046731953955e-5
19561,6.136023365976977e-6
19563,6.136023365976977e-6
19564,6.136023365976977e-6
19569,1.2272046731953955e-5
19571,3.068011682988489e-5
19572,3.068011682988489e-5
19573,1.9635274771126327e-4
19574,6.749625702574675e-5
19575,1.2272046731953955e-5
19577,6.136023365976977e-6
19578,4.908818692781582e-5
19579,2.454409346390791e-5
19581,3.6816140195861865e-5
19583,6.136023365976977e-6
19585,8.16091107674938e-4
19586,6.136023365976977e-6
19587,1.8408070097930933e-5
19588,1.8408070097930933e-4
19589,6.136023365976977e-6
19591,2.454409346390791e-5
19594,3.068011682988489e-5
19599,6.136023365976977e-6
19600,1.2272046731953955e-5
19603,1.2272046731953955e-5
19605,1.2272046731953955e-5
19607,8.590432712367768e-5
19608,2.454409346390791e-5
19609,1.2272046731953955e-5
19611,3.068011682988489e-5
19613,2.454409346390791e-5
19615,3.068011682988489e-5
19618,6.136023365976977e-6
19619,1.2272046731953955e-5
19620,1.8408070097930933e-5
19622,6.136023365976977e-6
19624,1.2272046731953955e-5
19626,6.136023365976977e-6
19627,6.136023365976977e-6
19630,8.529072478707999e-4
19633,1.8408070097930933e-5
19636,3.6816140195861865e-5
19640,1.8408070097930933e-5
19641,6.136023365976977e-6
19642,1.2272046731953955e-5
19643,6.136023365976978e-5
19644,6.136023365976977e-6
19646,1.5953660751540143e-4
19647,6.136023365976977e-6
19648,9.204035048965467e-5
19649,1.2272046731953955e-5
19650,3.6816140195861867e-4
19652,3.6816140195861865e-5
19654,6.136023365976977e-6
19655,6.136023365976977e-6
19656,1.411285374174705e-4
19657,2.454409346390791e-5
19658,3.6816140195861865e-5
19659,6.136023365976977e-6
19660,6.136023365976977e-6
19661,1.2885649068551653e-4
19662,7.854109908450531e-4
19663,6.136023365976977e-6
19665,7.363228039172373e-5
19667,6.136023365976977e-6
19668,6.136023365976977e-6
19669,1.2272046731953955e-5
19670,5.52242102937928e-5
19671,5.52242102937928e-5
19672,1.2272046731953955e-5
19675,3.6816140195861865e-5
19676,6.136023365976977e-6
19677,3.068011682988489e-5
19678,2.454409346390791e-5
19683,5.52242102937928e-5
19684,6.136023365976977e-6
19685,6.136023365976977e-6
19687,6.136023365976977e-6
19689,4.908818692781582e-5
19690,1.2272046731953955e-5
19692,2.454409346390791e-5
19694,6.136023365976977e-6
19699,3.068011682988489e-5
19700,4.908818692781582e-5
19701,6.136023365976977e-6
19702,7.363228039172373e-5
19703,6.136023365976977e-6
19704,2.454409346390791e-5
19708,6.136023365976977e-6
19709,6.136023365976978e-5
19711,1.2272046731953955e-5
19716,1.8408070097930933e-5
19718,1.2272046731953955e-5
19719,6.136023365976977e-6
19721,1.411285374174705e-4
19724,6.136023365976977e-6
19725,3.068011682988489e-5
19727,6.136023365976977e-6
19728,2.454409346390791e-5
19729,1.2272046731953955e-5
19731,1.8408070097930933e-5
19732,3.068011682988489e-5
19733,7.976830375770071e-5
19734,6.136023365976977e-6
19735,8.590432712367768e-5
19736,3.068011682988489e-5
19738,1.2272046731953955e-5
19739,1.2272046731953955e-5
19740,6.136023365976977e-6
19741,1.2272046731953955e-5
19744,6.136023365976977e-6
19746,6.136023365976977e-6
19748,1.8408070097930933e-5
19750,1.2885649068551653e-4
19751,1.5953660751540143e-4
19752,9.817637385563164e-5
19753,3.9884151878850357e-4
19754,1.8408070097930933e-5
19755,4.908818692781582e-5
19756,4.908818692781582e-5
19757,4.908818692781582e-5
19758,6.136023365976977e-6
19759,1.8408070097930933e-5
19760,1.8408070097930933e-5
19764,6.136023365976977e-6
19765,3.6816140195861865e-5
19767,1.2272046731953955e-5
19768,6.136023365976977e-6
19769,7.363228039172373e-5
19773,5.52242102937928e-5
19776,4.908818692781582e-5
19777,6.136023365976977e-6
19778,6.749625702574675e-5
19779,6.136023365976977e-6
19780,1.2272046731953955e-5
19781,1.8408070097930933e-5
19783,6.136023365976977e-6
19784,4.908818692781582e-5
19787,6.136023365976977e-6
19788,1.2272046731953955e-5
19790,6.136023365976977e-6
19793,3.6816140195861865e-5
19794,5.52242102937928e-5
19795,6.136023365976977e-6
19796,3.068011682988489e-5
19797,1.2272046731953955e-5
19798,6.136023365976977e-6
19799,4.295216356183884e-5
19800,2.454409346390791e-5
19802,1.8408070097930933e-5
19804,6.136023365976977e-6
19805,2.454409346390791e-5
19806,1.2272046731953955e-5
19807,7.976830375770071e-5
19809,6.749625702574675e-5
19810,1.8408070097930933e-5
19811,6.136023365976977e-6
19812,4.908818692781582e-5
19813,5.706501730358589e-4
19814,1.2272046731953955e-5
19815,1.8408070097930933e-5
19816,2.3930491127310214e-4
19817,6.749625702574675e-5
19818,2.515769580050561e-4
19819,4.908818692781582e-5
19820,3.068011682988489e-5
19821,3.6816140195861865e-5
19823,1.8408070097930933e-5
19826,6.136023365976977e-6
19829,4.295216356183884e-5
19830,4.908818692781582e-5
19832,9.204035048965467e-5
19833,1.0431239722160862e-4
19834,2.454409346390791e-5
19835,1.7180865424735537e-4
19836,1.8408070097930933e-5
19838,6.136023365976977e-6
19839,1.9635274771126327e-4
19841,1.8408070097930933e-5
19842,1.8408070097930933e-5
19847,5.52242102937928e-5
19849,6.136023365976977e-6
19850,1.2272046731953955e-5
19851,1.8408070097930933e-5
19852,1.2272046731953955e-5
19855,6.136023365976977e-6
19857,1.8408070097930933e-5
19858,1.8408070097930933e-5
19861,8.590432712367768e-5
19862,1.2272046731953955e-5
19863,1.2272046731953955e-5
19864,6.136023365976977e-6
19865,1.2272046731953955e-5
19866,1.2272046731953955e-5
19867,1.2272046731953955e-5
19868,6.136023365976977e-6
19870,6.136023365976977e-6
19873,1.0431239722160862e-4
19874,1.8408070097930933e-5
19875,6.136023365976977e-6
19876,9.817637385563164e-5
19878,6.136023365976977e-6
19879,2.454409346390791e-5
19880,7.363228039172373e-5
19882,6.136023365976977e-6
19886,1.2272046731953955e-5
19887,1.5340058414942443e-4
19888,4.908818692781582e-5
19889,6.136023365976977e-6
19890,1.2272046731953955e-5
19892,1.2272046731953955e-5
19894,3.068011682988489e-5
19895,6.136023365976977e-6
19899,1.9635274771126327e-4
19900,1.8408070097930933e-5
19901,6.136023365976977e-6
19903,2.454409346390791e-5
19904,6.136023365976977e-6
19905,1.2272046731953955e-5
19906,3.6816140195861865e-5
19908,6.136023365976977e-6
19909,1.2272046731953955e-5
19911,4.295216356183884e-5
19912,1.2272046731953955e-5
19914,1.2272046731953955e-5
19915,3.068011682988489e-5
19916,1.2272046731953955e-5
19917,1.8408070097930933e-5
19918,6.136023365976977e-6
19919,6.136023365976977e-6
19920,1.7794467761333236e-4
19921,3.068011682988489e-5
19922,3.068011682988489e-5
19924,3.068011682988489e-5
19925,1.2272046731953955e-5
19926,3.6816140195861865e-5
19927,2.454409346390791e-5
19928,6.136023365976977e-6
19929,1.8408070097930933e-5
19931,6.136023365976977e-6
19934,6.136023365976977e-6
19936,2.454409346390791e-5
19937,4.295216356183884e-5
19938,3.068011682988489e-5
19940,6.136023365976977e-6
19941,6.136023365976977e-6
19942,4.908818692781582e-5
19943,9.817637385563164e-5
19944,6.136023365976977e-6
19945,1.8408070097930933e-5
19947,3.068011682988489e-5
19948,3.068011682988489e-5
19949,4.295216356183884e-5
19951,6.136023365976977e-6
19952,3.6816140195861865e-5
19953,6.136023365976977e-6
19954,3.129371916648259e-4
19955,1.2272046731953956e-4
19956,1.2272046731953955e-5
19960,6.136023365976977e-6
19963,4.908818692781582e-5
19967,1.2272046731953955e-5
19968,6.136023365976977e-6
19969,1.2272046731953955e-5
19971,3.068011682988489e-5
19972,1.2272046731953955e-5
19974,1.8408070097930933e-4
19975,1.656726308813784e-4
19977,1.8408070097930933e-5
19978,3.068011682988489e-5
19981,6.136023365976977e-6
19982,1.8408070097930933e-5
19984,1.8408070097930933e-5
19987,6.136023365976977e-6
19989,1.8408070097930933e-5
19993,7.976830375770071e-5
19995,1.8408070097930933e-5
19996,1.2272046731953955e-5
19997,6.136023365976977e-6
20001,1.2272046731953955e-5
20003,4.908818692781582e-5
20006,6.136023365976977e-6
20007,1.2272046731953955e-5
20009,6.136023365976977e-6
20010,6.136023365976977e-6
20011,6.136023365976977e-6
20012,6.136023365976978e-5
20015,1.7180865424735537e-4
20016,5.52242102937928e-5
20017,6.136023365976977e-6
20018,1.2272046731953955e-5
20020,6.136023365976977e-6
20021,6.136023365976977e-6
20022,3.9884151878850357e-4
20023,4.295216356183884e-5
20025,2.454409346390791e-5
20026,6.136023365976977e-6
20028,4.172495888864345e-4
20029,6.136023365976978e-5
20030,3.068011682988489e-5
20031,3.6816140195861865e-5
20032,0.00065041847679355965
20033,1.8408070097930933e-5
20034,1.5953660751540143e-4
20035,1.8408070097930933e-5
20036,4.908818692781582e-5
20038,6.136023365976977e-6
20039,6.136023365976977e-6
20041,4.295216356183884e-4
20045,1.2885649068551653e-4
20046,1.2272046731953955e-5
20049,6.136023365976977e-6
20050,3.068011682988489e-5
20051,5.52242102937928e-5
20052,4.8474584591218125e-4
20053,3.068011682988489e-5
20056,3.6816140195861865e-5
20057,7.363228039172373e-5
20058,7.363228039172373e-5
20061,1.2885649068551653e-4
20066,1.2272046731953955e-5
20068,6.136023365976977e-6
20069,2.454409346390791e-5
20070,1.8408070097930933e-5
20072,1.2272046731953955e-5
20074,6.136023365976977e-6
20075,6.136023365976977e-6
20077,6.136023365976977e-6
20079,1.8408070097930933e-5
20082,6.136023365976977e-6
20083,4.295216356183884e-5
20084,1.8408070097930933e-5
20085,1.2272046731953955e-5
20086,6.136023365976977e-6
20089,1.2272046731953955e-5
20090,6.136023365976977e-6
20091,4.908818692781582e-5
20092,2.454409346390791e-5
20094,6.136023365976977e-6
20095,6.136023365976977e-6
20096,2.454409346390791e-5
20097,4.295216356183884e-5
20099,6.136023365976977e-6
20100,9.204035048965467e-5
20101,1.2272046731953955e-5
20102,6.136023365976977e-6
20103,3.620253785926417e-4
20105,6.136023365976977e-6
20106,2.454409346390791e-5
20107,2.8839309820091795e-4
20108,6.136023365976977e-6
20109,2.454409346390791e-5
20110,4.908818692781582e-5
20111,1.2272046731953955e-5
20112,4.295216356183884e-5
20113,0.0014112853741747049
20115,1.9635274771126327e-4
20116,7.363228039172373e-4
20117,7.363228039172373e-5
20118,4.295216356183884e-5
20119,4.908818692781582e-5
20120,6.136023365976977e-6
20121,4.295216356183884e-5
20122,1.2272046731953955e-5
20124,1.2272046731953955e-5
20128,2.454409346390791e-5
20130,6.136023365976977e-6
20133,3.620253785926417e-4
20134,6.136023365976977e-6
20135,1.2272046731953955e-5
20136,1.2272046731953955e-5
20141,1.2272046731953955e-5
20142,6.136023365976977e-6
20143,6.749625702574675e-5
20146,1.2272046731953955e-5
20148,2.76121051468964e-4
20150,1.8408070097930933e-5
20151,3.6816140195861865e-5
20152,1.2272046731953955e-5
20154,6.136023365976977e-6
20155,6.749625702574675e-5
20157,1.8408070097930933e-5
20158,6.136023365976977e-6
20159,6.136023365976978e-5
20160,7.363228039172373e-5
20162,9.817637385563164e-5
20163,7.363228039172373e-5
20165,6.136023365976977e-6
20167,3.6816140195861865e-5
20168,3.068011682988489e-5
20169,1.104484205875856e-4
20170,3.068011682988489e-5
20171,1.8408070097930933e-5
20172,1.2272046731953955e-5
20173,3.6816140195861865e-5
20174,4.295216356183884e-5
20175,6.136023365976977e-6
20176,3.068011682988489e-5
20177,3.6816140195861865e-5
20179,6.136023365976977e-6
20180,1.2272046731953955e-5
20181,6.136023365976977e-6
20183,6.136023365976977e-6
20185,1.411285374174705e-4
20187,3.068011682988489e-5
20190,4.295216356183884e-5
20191,6.136023365976977e-6
20194,1.2272046731953955e-5
20195,1.2272046731953955e-5
20199,6.749625702574675e-5
20201,3.6816140195861865e-5
20203,2.454409346390791e-5
20204,1.8408070097930933e-5
20207,6.136023365976977e-6
20209,5.767861964018359e-4
20210,3.068011682988489e-5
20211,1.2272046731953955e-5
20213,3.497533318606877e-4
20214,1.2272046731953955e-5
20215,1.2272046731953955e-5
20217,4.295216356183884e-5
20218,1.2272046731953955e-5
20220,6.136023365976977e-6
20221,1.0431239722160862e-4
20223,1.8408070097930933e-5
20224,4.295216356183884e-5
20225,6.136023365976978e-5
20226,7.854109908450531e-4
20227,1.2272046731953955e-5
20228,6.136023365976977e-6
20229,2.147608178091942e-4
20230,1.2272046731953955e-5
20231,3.6816140195861865e-5
20234,6.136023365976977e-4
20235,1.902167243452863e-4
20236,1.2272046731953955e-5
20237,6.136023365976977e-6
20238,1.8408070097930933e-4
20239,6.136023365976977e-6
20242,6.136023365976977e-6
20243,2.208968411751712e-4
20244,1.2272046731953955e-5
20245,9.204035048965467e-5
20248,6.136023365976977e-6
20250,1.8408070097930933e-5
20251,6.136023365976977e-6
20253,6.136023365976977e-6
20256,2.454409346390791e-5
20260,4.908818692781582e-5
20262,3.068011682988489e-5
20263,6.136023365976977e-6
20264,1.2272046731953955e-5
20265,2.945291215668949e-4
20266,6.136023365976977e-6
20270,6.136023365976977e-6
20271,1.5953660751540143e-4
20272,6.136023365976977e-6
20273,3.6816140195861865e-5
20274,1.2272046731953955e-5
20275,1.8408070097930933e-5
20277,1.2272046731953955e-5
20279,6.136023365976977e-6
20280,4.908818692781582e-5
20281,6.136023365976977e-6
20283,1.2272046731953955e-5
20285,1.349925140514935e-4
20286,2.454409346390791e-5
20287,1.8408070097930933e-5
20288,6.136023365976977e-6
20289,6.136023365976977e-6
20290,3.6816140195861865e-5
20292,1.8408070097930933e-5
20293,1.7794467761333236e-4
20294,6.136023365976977e-6
20298,3.068011682988489e-5
20301,2.454409346390791e-5
20302,2.454409346390791e-5
20303,1.2272046731953955e-5
20304,1.2272046731953955e-5
20305,6.136023365976977e-6
20307,6.136023365976977e-6
20308,1.2272046731953955e-5
20309,1.2272046731953955e-5
20311,1.2272046731953955e-5
20312,3.068011682988489e-5
20313,1.2272046731953956e-4
20315,6.136023365976977e-6
20316,6.136023365976977e-6
20318,6.749625702574675e-5
20319,1.8408070097930933e-5
20320,3.068011682988489e-5
20321,3.620253785926417e-4
20322,6.136023365976978e-5
20325,1.2272046731953955e-5
20326,4.295216356183884e-5
20327,6.197383599636747e-4
20328,1.2272046731953955e-5
20329,6.136023365976978e-5
20331,2.2703286454114818e-4
20332,6.626905235255136e-4
20333,1.2272046731953955e-5
20337,6.136023365976977e-6
20339,1.8408070097930933e-5
20340,1.1658444395356257e-4
20341,6.136023365976977e-6
20342,1.2272046731953955e-5
20344,1.2272046731953955e-5
20346,1.2272046731953955e-5
20347,6.136023365976977e-6
20348,6.136023365976977e-6
20350,6.136023365976977e-6
20353,3.6816140195861865e-5
20354,4.908818692781582e-5
20355,6.136023365976978e-5
20356,1.2272046731953955e-5
20357,4.908818692781582e-5
20359,6.136023365976977e-6
20360,1.8408070097930933e-5
20361,1.2272046731953955e-5
20362,6.136023365976977e-6
20364,3.068011682988489e-5
20366,1.2272046731953955e-5
20369,6.136023365976977e-6
20372,3.6816140195861865e-5
20374,6.136023365976977e-6
20375,1.2272046731953955e-5
20376,6.136023365976977e-6
20377,1.8408070097930933e-5
20378,2.454409346390791e-5
20380,2.2703286454114818e-4
20381,2.0862479444321724e-4
20382,6.136023365976977e-6
20383,1.2272046731953955e-5
20384,6.136023365976977e-6
20385,3.804334486905726e-4
20387,6.136023365976977e-6
20390,6.136023365976977e-6
20391,6.136023365976977e-6
20392,1.5340058414942443e-4
20394,2.454409346390791e-5
20395,1.8408070097930933e-5
20396,3.1907321503080286e-4
20397,6.136023365976977e-6
20398,1.2272046731953955e-5
20400,8.774513413347078e-4
20402,3.313452617627568e-4
20404,1.8408070097930933e-5
20405,1.7180865424735537e-4
20406,3.6816140195861865e-5
20407,1.656726308813784e-4
20408,3.068011682988489e-5
20409,6.136023365976977e-6
20410,3.6816140195861865e-5
20412,6.749625702574675e-5
20413,6.136023365976977e-6
20414,0.002693714257663893
20415,1.2272046731953955e-5
20416,6.136023365976978e-5
20417,3.6816140195861865e-5
20418,9.694916918243625e-4
20421,2.0862479444321724e-4
20422,2.5771298137103305e-4
20424,6.136023365976977e-6
20425,0.0012701568367572344
20427,6.136023365976977e-6
20429,6.136023365976977e-6
20430,6.136023365976977e-6
20431,9.204035048965467e-5
20434,3.6816140195861865e-5
20435,3.497533318606877e-4
20436,1.2272046731953955e-5
20438,1.8408070097930933e-5
20439,1.2272046731953955e-5
20440,6.136023365976977e-6
20441,3.068011682988489e-5
20442,3.068011682988489e-5
20444,3.068011682988489e-5
20446,4.295216356183884e-5
20447,1.2272046731953955e-5
20448,2.454409346390791e-5
20450,3.068011682988489e-5
20457,2.454409346390791e-5
20458,8.467712245048229e-4
20459,6.136023365976977e-6
20461,1.8408070097930933e-5
20462,1.8408070097930933e-5
20463,3.252092383967798e-4
20464,5.52242102937928e-5
20465,6.136023365976977e-6
20467,6.136023365976977e-6
20468,3.6816140195861865e-5
20469,6.136023365976977e-6
20471,1.0431239722160862e-4
20474,6.136023365976977e-6
20475,6.136023365976977e-6
20476,6.136023365976977e-6
20478,4.908818692781582e-5
20481,1.2272046731953955e-5
20482,6.136023365976977e-6
20483,1.349925140514935e-4
20484,6.136023365976977e-6
20485,1.2272046731953955e-5
20486,1.2272046731953955e-5
20487,4.5406572908229635e-4
20489,4.295216356183884e-5
20490,6.136023365976978e-5
20491,7.363228039172373e-5
20492,1.8408070097930933e-5
20494,1.2272046731953955e-5
20495,4.908818692781582e-5
20496,3.6816140195861865e-5
20497,6.136023365976977e-6
20499,6.136023365976977e-6
20500,1.2272046731953955e-5
20501,4.295216356183884e-5
20502,1.2272046731953955e-5
20506,6.136023365976977e-6
20507,2.6384900473701e-4
20509,6.136023365976977e-6
20510,6.136023365976977e-6
20512,6.136023365976977e-6
20513,1.2272046731953955e-5
20514,6.136023365976977e-6
20515,6.136023365976977e-6
20516,6.136023365976977e-6
20518,1.8408070097930933e-5
20519,2.454409346390791e-5
20520,1.2272046731953955e-5
20523,6.136023365976977e-6
20525,4.172495888864345e-4
20526,7.363228039172373e-5
20529,1.8408070097930933e-5
20531,1.8408070097930933e-5
20533,3.068011682988489e-5
20536,1.8408070097930933e-5
20538,6.136023365976977e-6
20543,6.136023365976977e-6
20544,1.8408070097930933e-5
20547,1.2272046731953955e-5
20549,6.136023365976977e-6
20550,6.136023365976977e-6
20554,1.902167243452863e-4
20555,1.8408070097930933e-5
20558,3.068011682988489e-5
20559,7.363228039172373e-5
20560,3.252092383967798e-4
20561,6.136023365976977e-6
20562,4.356576589843654e-4
20563,2.454409346390791e-5
20566,1.7180865424735537e-4
20567,1.2272046731953955e-5
20568,6.136023365976977e-6
20569,1.2272046731953955e-5
20570,0.003344132734457453
20572,1.104484205875856e-4
20573,1.2272046731953955e-5
20576,3.6816140195861865e-5
20577,1.2272046731953955e-5
20579,3.068011682988489e-5
20580,3.6816140195861865e-5
20581,2.454409346390791e-5
20582,2.454409346390791e-5
20583,6.136023365976977e-6
20584,6.136023365976977e-6
20589,1.2272046731953955e-5
20590,1.2272046731953955e-5
20592,3.068011682988489e-5
20593,1.2885649068551653e-4
20594,1.2272046731953955e-5
20595,3.068011682988489e-5
20596,2.454409346390791e-5
20597,6.136023365976977e-6
20598,2.69985028102987e-4
20599,7.363228039172373e-5
20601,6.749625702574675e-5
20602,1.2272046731953955e-5
20604,4.908818692781582e-5
20605,2.454409346390791e-5
20606,1.9635274771126327e-4
20607,2.454409346390791e-5
20608,3.068011682988489e-5
20609,6.136023365976977e-6
20610,4.908818692781582e-5
20611,5.52242102937928e-5
20615,1.8408070097930933e-5
20616,1.8408070097930933e-5
20617,6.136023365976977e-6
20618,2.0248877107724027e-4
20619,6.136023365976977e-6
20620,6.136023365976977e-6
20621,1.2272046731953955e-5
20622,6.136023365976977e-6
20624,2.454409346390791e-5
20625,1.2272046731953955e-5
20626,1.2272046731953955e-5
20628,4.295216356183884e-5
20629,6.136023365976977e-6
20630,6.136023365976977e-6
20631,6.136023365976977e-6
20632,5.52242102937928e-5
20633,1.1658444395356257e-4
20634,6.136023365976977e-6
20635,6.136023365976977e-6
20636,6.136023365976977e-6
20637,6.136023365976977e-6
20639,1.2272046731953955e-5
20641,6.136023365976977e-6
20642,1.2272046731953955e-5
20643,2.454409346390791e-5
20644,3.068011682988489e-5
20646,1.8408070097930933e-5
20647,1.2272046731953955e-5
20649,6.136023365976977e-6
20650,6.136023365976977e-6
20655,6.136023365976977e-6
20656,4.295216356183884e-5
20657,3.6816140195861865e-5
20658,3.068011682988489e-5
20660,1.8408070097930933e-5
20661,6.136023365976977e-6
20663,1.8408070097930933e-5
20664,2.454409346390791e-5
20665,1.2272046731953955e-5
20666,1.2272046731953955e-5
20668,6.136023365976977e-6
20672,2.454409346390791e-5
20673,1.2272046731953955e-5
20675,2.454409346390791e-5
20676,6.136023365976977e-6
20678,6.136023365976977e-6
20679,6.136023365976977e-6
20682,2.2703286454114818e-4
20683,1.8408070097930933e-5
20684,6.136023365976977e-6
20685,2.0248877107724027e-4
20686,6.749625702574675e-5
20688,3.068011682988489e-5
20689,1.2272046731953956e-4
20690,1.349925140514935e-4
20692,0.0026262180006381463
20693,1.2272046731953955e-5
20694,1.8408070097930933e-5
20695,3.068011682988489e-5
20699,1.7794467761333236e-4
20700,1.2272046731953955e-5
20701,1.8408070097930933e-5
20702,1.2272046731953955e-5
20705,2.454409346390791e-5
20706,1.8408070097930933e-5
20707,1.8408070097930933e-5
20708,6.136023365976977e-6
20709,6.136023365976977e-6
20710,6.136023365976977e-6
20711,6.136023365976978e-5
20712,6.136023365976977e-6
20713,2.454409346390791e-5
20714,1.8408070097930933e-5
20715,4.908818692781582e-5
20716,6.136023365976977e-6
20717,6.136023365976977e-6
20718,4.908818692781582e-5
20719,2.0248877107724027e-4
20721,1.8408070097930933e-5
20723,1.0431239722160862e-4
20724,6.136023365976977e-6
20727,1.7180865424735537e-4
20728,2.3930491127310214e-4
20729,1.2272046731953955e-5
20730,6.749625702574675e-5
20731,1.2272046731953955e-5
20732,6.136023365976977e-6
20733,4.908818692781582e-5
20735,9.817637385563164e-5
20736,6.136023365976977e-6
20738,1.2885649068551653e-4
20739,4.295216356183884e-5
20741,6.136023365976977e-6
20742,8.467712245048229e-4
20743,6.136023365976977e-6
20745,1.2272046731953955e-5
20746,4.295216356183884e-5
20747,2.454409346390791e-5
20748,2.454409346390791e-5
20749,3.4361730849471073e-4
20750,3.6816140195861865e-5
20751,1.7794467761333236e-4
20752,4.295216356183884e-5
20753,2.3930491127310214e-4
20754,6.136023365976977e-6
20755,1.2272046731953955e-5
20756,6.136023365976977e-6
20757,1.2272046731953955e-5
20758,2.147608178091942e-4
20759,9.081314581645927e-4
20760,6.136023365976977e-6
20761,1.1658444395356257e-4
20762,6.136023365976978e-5
20763,5.52242102937928e-5
20764,1.2272046731953955e-5
20766,1.2272046731953955e-5
20767,6.136023365976977e-6
20768,3.6816140195861865e-5
20770,3.6816140195861865e-5
20771,6.136023365976977e-6
20774,4.908818692781582e-5
20775,4.295216356183884e-5
20776,1.8408070097930933e-5
20777,1.8408070097930933e-5
20778,6.136023365976977e-6
20779,1.2272046731953955e-5
20780,3.068011682988489e-5
20784,1.2272046731953955e-5
20785,1.2272046731953955e-5
20787,1.349925140514935e-4
20788,2.454409346390791e-5
20789,3.6816140195861865e-5
20790,6.136023365976977e-6
20791,2.3930491127310214e-4
20792,2.3316888790712514e-4
20793,4.8474584591218125e-4
20794,6.136023365976977e-6
20795,4.908818692781582e-5
20796,1.2272046731953955e-5
20797,8.590432712367768e-5
20798,1.8408070097930933e-5
20799,1.2272046731953955e-5
20800,3.068011682988489e-5
20801,6.136023365976977e-6
20802,1.8408070097930933e-5
20804,6.136023365976977e-6
20805,5.52242102937928e-5
20806,1.2272046731953956e-4
20809,1.8408070097930933e-5
20811,6.136023365976977e-6
20816,1.2272046731953955e-5
20817,6.136023365976977e-6
20819,3.6816140195861865e-5
20820,1.2272046731953955e-5
20823,1.2272046731953955e-5
20826,1.2272046731953955e-5
20830,1.2272046731953955e-5
20832,2.454409346390791e-5
20833,6.136023365976977e-6
20834,3.068011682988489e-5
20835,6.136023365976977e-6
20836,2.454409346390791e-5
20837,1.2272046731953955e-5
20838,6.136023365976977e-6
20839,1.2272046731953955e-5
20840,6.136023365976977e-6
20841,6.136023365976977e-6
20846,3.068011682988489e-5
20851,1.2272046731953955e-5
20852,6.136023365976977e-6
20856,2.454409346390791e-5
20857,6.136023365976977e-6
20858,1.2272046731953955e-5
20859,1.2272046731953955e-5
20860,6.136023365976977e-6
20861,1.656726308813784e-4
20862,6.136023365976977e-6
20864,6.136023365976977e-6
20866,6.136023365976977e-6
20869,3.068011682988489e-5
20870,4.908818692781582e-5
20871,4.295216356183884e-5
20872,3.129371916648259e-4
20873,2.454409346390791e-5
20874,9.142674815305696e-4
20877,1.2272046731953955e-5
20879,6.136023365976977e-6
20882,1.2272046731953955e-5
20886,1.8408070097930933e-5
20890,6.136023365976977e-6
20891,9.204035048965467e-5
20892,2.454409346390791e-5
20893,3.068011682988489e-5
20896,6.136023365976977e-6
20898,6.136023365976977e-6
20899,6.136023365976977e-6
20900,1.2272046731953955e-5
20901,7.976830375770071e-5
20902,3.068011682988489e-5
20903,1.104484205875856e-4
20904,2.454409346390791e-5
20905,6.136023365976977e-6
20906,7.363228039172373e-5
20909,1.2272046731953955e-5
20911,6.136023365976977e-6
20913,6.136023365976977e-6
20914,9.204035048965467e-5
20916,2.454409346390791e-5
20918,2.454409346390791e-5
20919,3.068011682988489e-5
20920,2.454409346390791e-5
20923,2.454409346390791e-5
20929,5.52242102937928e-5
20932,6.136023365976977e-6
20933,2.454409346390791e-5
20937,1.2272046731953955e-5
20938,2.454409346390791e-5
20939,1.2272046731953955e-5
20940,5.52242102937928e-5
20942,1.8408070097930933e-5
20943,1.2272046731953955e-5
20944,3.6816140195861865e-5
20945,4.295216356183884e-5
20947,3.6816140195861867e-4
20949,1.2272046731953955e-5
20953,1.2272046731953955e-5
20954,1.8408070097930933e-5
20959,1.2272046731953955e-5
20961,5.52242102937928e-5
20962,2.454409346390791e-5
20963,1.8408070097930933e-5
20965,3.6816140195861865e-5
20966,6.136023365976977e-6
20968,1.2272046731953955e-5
20971,6.749625702574675e-5
20972,1.2272046731953955e-5
20974,1.2272046731953955e-5
20976,6.136023365976977e-6
20977,1.8408070097930933e-5
20978,2.454409346390791e-5
20979,1.8408070097930933e-5
20981,1.2272046731953955e-5
20983,1.2272046731953955e-5
20985,6.136023365976977e-6
20987,6.136023365976977e-6
20990,1.2272046731953955e-5
20991,1.8408070097930933e-5
20992,3.9270549542252655e-4
20993,6.136023365976977e-6
20995,3.068011682988489e-5
20997,6.136023365976977e-6
20998,2.454409346390791e-5
21001,1.2272046731953955e-5
21003,6.136023365976977e-6
21004,1.2272046731953955e-5
21008,2.454409346390791e-5
21009,6.136023365976977e-6
21010,2.454409346390791e-5
21012,6.136023365976977e-6
21016,1.8408070097930933e-5
21017,2.454409346390791e-5
21018,1.2272046731953955e-5
21019,6.136023365976977e-6
21020,1.8408070097930933e-5
21022,6.136023365976978e-5
21024,1.2272046731953955e-5
21025,1.2272046731953955e-5
21027,2.454409346390791e-5
21030,3.068011682988489e-5
21031,3.068011682988489e-5
21035,4.295216356183884e-5
21037,1.2272046731953955e-5
21038,6.136023365976977e-6
21039,1.8408070097930933e-5
21043,1.2272046731953955e-5
21044,6.136023365976977e-6
21045,3.068011682988489e-5
21046,6.136023365976977e-6
21047,7.363228039172373e-5
21048,1.2272046731953955e-5
21049,1.2272046731953955e-5
21054,6.136023365976977e-6
21055,6.749625702574675e-5
21056,1.8408070097930933e-5
21058,1.2272046731953955e-5
21059,1.2272046731953955e-5
21063,6.136023365976977e-6
21064,5.52242102937928e-5
21065,1.2272046731953955e-5
21068,1.8408070097930933e-5
21070,2.454409346390791e-5
21074,1.2272046731953955e-5
21076,6.136023365976977e-6
21077,5.52242102937928e-5
21079,1.8408070097930933e-5
21080,3.4361730849471073e-4
21085,2.454409346390791e-5
21087,1.2272046731953955e-5
21091,2.0248877107724027e-4
21092,1.2272046731953955e-5
21093,1.8408070097930933e-5
21095,1.2272046731953955e-5
21096,3.4361730849471073e-4
21097,6.136023365976977e-6
21099,1.8408070097930933e-5
21103,7.363228039172373e-5
21104,1.2272046731953955e-5
21107,3.1907321503080286e-4
21108,6.136023365976977e-6
21109,7.363228039172373e-5
21110,6.136023365976977e-6
21111,6.136023365976978e-5
21113,6.136023365976977e-6
21114,6.136023365976977e-6
21117,3.6816140195861865e-5
21118,6.136023365976977e-6
21121,6.136023365976977e-6
21122,1.2272046731953955e-5
21123,6.136023365976977e-6
21124,6.136023365976977e-6
21125,6.136023365976977e-6
21126,5.52242102937928e-5
21127,6.136023365976977e-6
21129,1.2272046731953955e-5
21130,6.136023365976977e-6
21131,1.2272046731953955e-5
21133,1.2272046731953955e-5
21134,5.52242102937928e-5
21135,1.8408070097930933e-5
21136,6.136023365976977e-6
21137,1.8408070097930933e-5
21138,1.0431239722160862e-4
21139,6.136023365976977e-6
21141,6.136023365976977e-6
21142,7.363228039172373e-5
21143,3.068011682988489e-5
21145,2.454409346390791e-5
21147,6.136023365976977e-6
21148,4.295216356183884e-5
21150,1.8408070097930933e-5
21151,6.136023365976977e-6
21152,6.136023365976977e-6
21153,6.749625702574675e-5
21156,4.786098225462043e-4
21157,3.4361730849471073e-4
21158,3.620253785926417e-4
21159,1.2272046731953955e-5
21160,6.136023365976977e-6
21161,3.068011682988489e-5
21162,6.136023365976977e-6
21163,1.2272046731953955e-5
21164,2.208968411751712e-4
21165,2.454409346390791e-5
21166,3.068011682988489e-5
21167,6.136023365976977e-6
21169,1.8408070097930933e-5
21170,1.2272046731953955e-5
21171,1.8408070097930933e-5
21172,4.908818692781582e-5
21173,1.104484205875856e-4
21176,1.2272046731953955e-5
21177,5.52242102937928e-5
21178,4.8474584591218125e-4
21179,1.2272046731953955e-5
21183,6.136023365976977e-6
21185,1.2272046731953955e-5
21189,4.295216356183884e-5
21190,2.454409346390791e-5
21193,6.136023365976978e-5
21194,1.2272046731953955e-5
21195,6.136023365976977e-6
21198,1.2272046731953955e-5
21201,1.2272046731953955e-5
21204,6.136023365976977e-6
21205,6.136023365976977e-6
21206,9.204035048965467e-5
21207,1.8408070097930933e-5
21208,1.4726456078344746e-4
21209,1.2272046731953956e-4
21210,6.136023365976977e-6
21211,1.2272046731953955e-5
21213,4.295216356183884e-5
21214,1.8408070097930933e-5
21216,7.363228039172373e-5
21217,2.454409346390791e-5
21220,6.136023365976977e-6
21221,6.136023365976977e-6
21224,4.295216356183884e-5
21228,1.8408070097930933e-5
21229,6.136023365976977e-6
21231,1.2272046731953955e-5
21232,1.2272046731953955e-5
21234,6.136023365976977e-6
21236,1.2272046731953955e-5
21238,1.8408070097930933e-5
21240,1.2272046731953955e-5
21241,3.068011682988489e-5
21243,3.9884151878850357e-4
21246,1.411285374174705e-4
21247,6.136023365976977e-6
21248,7.363228039172373e-5
21249,1.0431239722160862e-4
21251,6.136023365976977e-6
21252,6.136023365976977e-6
21253,1.2272046731953955e-5
21254,6.136023365976977e-6
21256,1.2272046731953955e-5
21261,4.295216356183884e-4
21268,6.136023365976977e-6
